3149.1925150468514	300.0	2000.0	135.4295226956226	0	0.0	3149.1925150468514	1	0	1	-1.1247501125659638
5200.0	3000.0	849.2000000000002	0.0	0	74.36391310937324	1049.1999999999998	1	0	2	0.6429578462144699
6200.0	2000.0	2949.2000000000007	0.0	0	84.9178364573545	3149.2000000000003	1	0	0	1.728413834339125
11499.624957223854	6000.0	200.0	1709.4431390420345	0	0.0	2699.624957223854	1	0	2	-7.695659858379479
12200.0	300.0	429.5874529462412	0.0	0	562.2383411796418	629.5874529462399	1	0	2	-3.262326331095036
13200.0	500.0	2529.5874529462412	0.0	0	814.5057372902957	2729.5874529462417	1	0	0	-0.41354593341162854
16602.750976511557	3000.0	200.0	194.03511019679345	0	0.0	802.7509765115574	1	0	2	-0.1836472330062917
17200.0	300.0	2662.4758788603963	0.0	0	366.35369349408575	2862.475878860396	1	0	0	-2.98579521614767
20800.27304642653	3000.0	200.0	270.7495201898079	0	0.0	1000.2730464265296	1	0	2	-1.1636119385652208
21200.0	300.0	2840.2457417838727	0.0	0	138.1673066961048	3040.245741783867	1	0	0	-3.0047493370350042
25778.64670309424	3000.0	200.0	1087.5142105634427	0	0.0	1978.6467030942367	1	0	2	-6.1460519306441785
26139.902595423584	500.0	838.7441076706588	0.0	0	0.0	1978.6467030942404	1	0	1	-1.4233857038884927
27070.27756769647	1000.0	815.3316381704875	0.0	0	0.0	1885.6092058669565	1	0	2	0.5219266597518483
27711.555686064457	500.0	1109.9257079656993	0.0	0	0.0	1821.4813940301574	1	0	2	-0.31065761163957906
28536.49614884375	1000.0	1202.4911989084749	0.0	0	0.0	1738.987347752227	1	0	2	0.7371034092089839
29200.0	1000.0	1472.636962636603	0.0	0	152.87393117644024	1672.6369626366031	1	0	2	1.436329320308453
30200.0	1000.0	1472.6369626366018	0.0	0	406.0772275838972	1672.6369626366031	1	0	1	1.438695510225244
31200.0	1000.0	1472.6369626366024	0.0	0	335.1021530331709	1672.6369626366031	1	0	1	1.638695510225244
32463.43865673011	1000.0	1209.1983059064935	0.0	0	0.0	1672.6369626366031	1	0	1	1.638695510225244
33384.54399976229	1000.0	1288.0929628743115	0.0	0	0.0	1672.6369626365995	1	0	1	1.638695510225244
34381.581453544306	1000.0	1291.0555090922971	0.0	0	0.0	1672.6369626365995	1	0	1	1.6386955102252443
35200.0	1000.0	1472.6369626365963	0.0	0	107.69234612347645	1672.6369626365995	1	0	1	1.6386955102252443
36200.0	1000.0	1472.6369626365959	0.0	0	498.80189273790893	1672.6369626365995	1	0	1	1.6386955102252443
37200.0	1000.0	1472.6369626366045	0.0	0	388.1184193285808	1672.6369626365995	1	0	1	1.6386955102252443
38200.0	1000.0	1472.636962636605	0.0	0	446.05725363917736	1672.6369626365995	1	0	1	1.6386955102252443
39200.0	1000.0	1472.6369626366059	0.0	0	402.5789173229423	1672.6369626365995	1	0	1	1.6386955102252443
40200.0	1000.0	1472.6369626366095	0.0	0	155.63968185874546	1672.6369626365995	1	0	1	1.6386955102252443
41681.47687627221	2000.0	991.1600863644023	0.0	0	0.0	1672.6369626365995	1	0	1	1.9852691005052172
42384.24153707645	1000.0	1288.395425560152	0.0	0	0.0	1672.6369626366068	1	0	1	0.9455483296652986
43200.0	1000.0	1472.636962636609	0.0	0	120.45373716524773	1672.6369626366213	1	0	1	1.6386955102252425
44200.0	1000.0	1472.6369626366136	0.0	0	463.1418716275948	1672.6369626366213	1	0	1	1.638695510225242
45200.0	1000.0	1472.6369626366163	0.0	0	453.4062588685556	1672.6369626366213	1	0	1	1.638695510225242
46200.0	1000.0	1472.6369626366113	0.0	0	369.5800460778046	1672.6369626366213	1	0	1	1.638695510225242
47200.0	1000.0	1472.6369626366074	0.0	0	123.93563647802512	1672.636962636614	1	0	1	1.638695510225243
48200.0	1000.0	1472.6369626366004	0.0	0	376.46177866296057	1672.6369626366068	1	0	1	1.6386955102252436
49200.0	2000.0	1472.636962636605	0.0	0	114.09255485860194	1672.6369626366068	1	0	1	1.985269100505216
50465.135630921686	2000.0	1207.5013317149164	0.0	0	0.0	1672.6369626366068	1	0	1	2.6784162810651613
51200.0	1000.0	1472.636962636601	0.0	0	331.2976725164699	1672.636962636614	1	0	1	0.9455483296652978
52200.0	1000.0	1472.636962636597	0.0	0	545.2566071087494	1672.636962636614	1	0	1	1.638695510225243
53200.0	1000.0	1472.6369626365947	0.0	0	452.048650507626	1672.636962636614	1	0	1	1.638695510225243
54742.2563512795	2000.0	930.3806113570938	0.0	0	0.0	1672.636962636614	1	0	1	1.9852691005052154
55530.34085931402	1000.0	1142.2961033225758	0.0	0	0.0	1672.6369626366068	1	0	1	0.9455483296652986
56200.0	1000.0	1472.636962636599	0.0	0	101.98614891393663	1672.6369626366068	1	0	1	1.6386955102252436
57698.06131691379	2000.0	974.5756457228129	0.0	0	0.0	1672.636962636614	1	0	1	1.9852691005052154
58271.881847546836	1000.0	1400.7551150897673	0.0	0	0.0	1672.636962636614	1	0	1	0.9455483296652978
59200.0	1000.0	1472.6369626366015	0.0	0	121.1824787551086	1672.636962636614	1	0	1	1.638695510225243
60911.5630892381	2000.0	761.0738733985081	0.0	0	0.0	1672.636962636614	1	0	1	1.9852691005052154
61748.15059880972	1000.0	924.4863638268896	0.0	0	0.0	1672.636962636614	1	0	1	0.9455483296652978
62283.770549916415	1000.0	1388.8664127201962	0.0	0	0.0	1672.636962636614	1	0	1	1.638695510225243
63200.0	1000.0	1472.6369626366052	0.0	0	293.68968656311336	1672.6369626366068	1	0	1	1.6386955102252436
64200.0	1000.0	1472.636962636608	0.0	0	644.0201987084001	1672.636962636614	1	0	1	1.638695510225243
65200.0	2000.0	1472.636962636601	0.0	0	297.4427908893049	1672.636962636614	1	0	1	1.9852691005052154
66254.61473726032	2000.0	1418.0222253762704	0.0	0	0.0	1672.6369626366068	1	0	1	2.678416281065161
68024.22918821685	2000.0	648.407774419743	0.0	0	0.0	1672.6369626366213	1	0	1	2.678416281065161
68858.74701601856	500.0	813.8899466180285	0.0	0	0.0	1672.6369626366213	1	0	1	-0.7873196217345666
69416.15862273259	500.0	1256.4783399039984	0.0	0	0.0	1672.6369626366213	1	0	1	0.5989747393853241
70200.0	500.0	1472.6369626365822	0.0	0	185.95547221036395	1672.6369626366213	1	0	1	0.5989747393853241
71200.0	500.0	1472.636962636575	0.0	0	199.2931969712663	1672.6369626366213	1	0	1	0.5989747393853241
72200.0	500.0	1472.6369626365836	0.0	0	609.3054601686599	1672.6369626366213	1	0	1	0.5989747393853241
73200.0	1000.0	1472.6369626365663	0.0	0	539.471356440321	1672.6369626366213	1	0	1	0.9455483296652967
74200.0	1000.0	1472.6369626365574	0.0	0	471.7411888157221	1672.6369626366213	1	0	1	1.638695510225242
75200.0	1000.0	1472.6369626365504	0.0	0	237.62101246468956	1672.6369626366068	1	0	1	1.6386955102252436
76305.85059965271	1000.0	1366.7863629838423	0.0	0	0.0	1672.6369626366068	1	0	1	1.6386955102252436
77422.26344820125	1000.0	1250.3735144353022	0.0	0	0.0	1672.6369626366068	1	0	1	1.6386955102252436
78200.0	1000.0	1472.6369626365563	0.0	0	5.115066898317309	1672.6369626366068	1	0	1	1.6386955102252436
79200.0	1000.0	1472.6369626365483	0.0	0	491.4075547088869	1672.6369626366068	1	0	1	1.6386955102252436
80200.0	1000.0	1472.6369626365456	0.0	0	518.6762734400982	1672.6369626366213	1	0	1	1.638695510225242
81200.0	1000.0	1472.63696263654	0.0	0	482.0180434494687	1672.6369626366068	1	0	1	1.6386955102252436
82200.0	1000.0	1472.6369626365522	0.0	0	494.35718864839873	1672.6369626366068	1	0	1	1.6386955102252436
83200.0	1000.0	1472.6369626365536	0.0	0	533.3576145632833	1672.6369626366068	1	0	1	1.6386955102252436
84200.0	2000.0	1472.6369626365627	0.0	0	210.508906859337	1672.6369626366213	1	0	1	1.985269100505215
85639.42664380508	2000.0	1033.2103188314818	0.0	0	0.0	1672.6369626366213	1	0	1	2.67841628106516
86351.93954621025	1000.0	1320.697416426305	0.0	0	0.0	1672.6369626366213	1	0	1	0.9455483296652969
87200.0	1000.0	1472.6369626365536	0.0	0	235.2154853555985	1672.6369626366213	1	0	1	1.638695510225242
89376.94243565958	2000.0	295.69452697698796	0.0	0	0.0	1672.6369626366213	1	0	1	1.985269100505215
89603.58426843003	300.0	1069.0526942065312	0.0	0	0.0	1672.6369626366068	1	0	1	-2.064383681149542
90276.45477576306	1000.0	1396.1821868735046	0.0	0	0.0	1672.6369626366068	1	0	1	0.4347227058993075
91230.9747668141	1000.0	1441.662195822461	0.0	0	0.0	1672.6369626366068	1	0	1	1.6386955102252436
92200.0	1000.0	1472.6369626365495	0.0	0	86.07728012240841	1672.6369626366068	1	0	1	1.6386955102252436
93200.0	1000.0	1472.6369626365686	0.0	0	338.5685013857874	1672.6369626366068	1	0	1	1.6386955102252436
94200.0	1000.0	1472.6369626365633	0.0	0	444.9150139289268	1672.6369626366068	1	0	1	1.6386955102252436
95200.0	1000.0	1472.6369626365763	0.0	0	254.09891073033214	1672.6369626366068	1	0	1	1.6386955102252436
96892.48554672732	2000.0	780.151415909259	0.0	0	0.0	1672.6369626366213	1	0	1	1.985269100505215
97271.55023819343	1000.0	1401.0867244431374	0.0	0	0.0	1672.6369626366213	1	0	1	0.9455483296652969
98200.0	1000.0	1472.6369626365629	0.0	0	495.02252823988965	1672.6369626366213	1	0	1	1.638695510225242
99200.0	1000.0	1472.6369626365665	0.0	0	522.4600876656623	1672.6369626366213	1	0	1	1.638695510225242
100200.0	2000.0	1472.6369626365545	0.0	0	31.448507417109795	1672.6369626366213	1	0	1	1.985269100505215
101200.0	2000.0	1472.6369626365613	0.0	0	51.16232848318759	1672.6369626366213	1	0	1	2.67841628106516
102200.0	2000.0	1472.6369626365681	0.0	0	297.2631805065612	1672.6369626366213	1	0	1	2.67841628106516
103359.28846155803	3000.0	1313.3485010785432	0.0	0	0.0	1672.6369626366359	1	0	1	2.881148835119241
104516.97161999751	2000.0	1155.6653426390471	0.0	0	0.0	1672.6369626366504	1	0	1	2.2729511729569922
106594.60840507592	2000.0	200.0	121.9714424393751	0	0.0	1794.608405076011	1	0	1	1.941387893750871
106792.43931260915	300.0	982.3860017134773	0.0	0	0.0	1774.8253143227048	1	0	2	-2.4750505407371253
107528.86604305376	1000.0	1172.3165982244097	0.0	0	0.0	1701.1826412782393	1	0	2	0.22989521714691125
108492.86661311239	1000.0	1208.316028165777	0.0	0	0.0	1701.1826412782393	1	0	1	1.43584094236108
109314.60054684685	1000.0	1386.5820944313198	0.0	0	0.0	1701.1826412782248	1	0	1	1.6358409423610818
110200.0	1000.0	1501.1826412781752	0.0	0	92.50207998800033	1701.1826412782248	1	0	1	1.6358409423610818
111200.0	1000.0	1501.182641278167	0.0	0	394.8425297959475	1701.1826412782248	1	0	1	1.6358409423610818
112200.0	1000.0	1501.1826412781575	0.0	0	238.33507224607456	1701.1826412782248	1	0	1	1.6358409423610818
113200.0	1000.0	1501.1826412781702	0.0	0	309.8000635087519	1701.1826412782102	1	0	1	1.6358409423610831
114294.41819844874	1000.0	1406.7644428294423	0.0	0	0.0	1701.1826412782102	1	0	1	1.6358409423610831
115218.12178666388	1000.0	1483.0608546143014	0.0	0	0.0	1701.1826412782102	1	0	1	1.6358409423610831
116200.0	1000.0	1501.1826412781795	0.0	0	45.48919616729836	1701.1826412782102	1	0	1	1.6358409423610831
117225.60474103545	1000.0	1475.5779002427198	0.0	0	0.0	1701.1826412782102	1	0	1	1.6358409423610831
118200.0	1000.0	1501.1826412781734	0.0	0	175.72139487763343	1701.1826412782102	1	0	1	1.6358409423610831
119200.0	1000.0	1501.1826412781609	0.0	0	388.22127271919453	1701.1826412782102	1	0	1	1.6358409423610831
120200.0	1000.0	1501.1826412781686	0.0	0	488.0012521377648	1701.1826412782102	1	0	1	1.6358409423610831
121200.0	1000.0	1501.182641278178	0.0	0	420.68007396342	1701.1826412782102	1	0	1	1.6358409423610831
124030.70200074482	2000.0	200.0	529.519359466626	0	0.0	2230.7020007448446	1	0	1	-1.2282451979530893
124220.90686730128	300.0	1009.795133443535	0.0	0	0.0	2230.702000744859	1	0	1	-2.1201901849603675
126200.0	1000.0	234.5169204101577	276.2016245151158	0	409.25805928211776	434.51692041015485	1	0	2	-1.5024668243861785
127200.0	300.0	2334.516920410154	0.0	0	807.4892057420948	2534.5169204101403	1	0	0	-1.853424496366951
130597.11142247396	2000.0	236.29520836161902	398.72804788437793	0	0.0	833.4066308355832	1	0	2	-2.130632228760152
131200.0	500.0	2693.6954885881696	0.0	0	346.73456651630113	2893.695488588186	1	0	0	-1.3064096797149773
135085.6187521975	3000.0	200.0	527.7137625719121	0	0.0	1285.618752197508	1	0	2	-2.2229630772176483
135237.97139918647	300.0	1047.6473530110818	0.0	0	0.0	1285.618752197508	1	0	1	-2.6311469682137965
136200.0	1000.0	1085.6187521975303	0.0	0	444.52898000439745	1285.618752197508	1	0	1	0.4734245269432172
137200.0	1000.0	1085.6187521975314	0.0	0	243.3007167635369	1285.618752197508	1	0	1	1.6773973312691535
138200.0	1000.0	1085.6187521975476	0.0	0	290.03424765882664	1285.618752197508	1	0	1	1.6773973312691535
139200.0	1000.0	1085.618752197544	0.0	0	274.0021254918247	1285.618752197508	1	0	1	1.6773973312691535
140200.0	1000.0	1085.6187521975469	0.0	0	238.4880315667251	1285.618752197508	1	0	1	1.6773973312691535
141200.0	1000.0	1085.6187521975341	0.0	0	247.3415749698761	1285.618752197508	1	0	1	1.6773973312691535
142200.0	1000.0	1085.6187521975617	0.0	0	307.9503824154963	1285.618752197508	1	0	1	1.6773973312691535
143200.0	1000.0	1085.6187521975858	0.0	0	179.28020724005182	1285.618752197537	1	0	1	1.6773973312691506
144200.0	1000.0	1085.6187521975703	0.0	0	387.43694804023835	1285.618752197508	1	0	1	1.6773973312691535
145200.0	1000.0	1085.6187521975664	0.0	0	336.74992295520497	1285.618752197508	1	0	1	1.6773973312691535
146200.0	1000.0	1085.6187521975248	0.0	0	432.0812552271527	1285.618752197508	1	0	1	1.6773973312691535
147200.0	1000.0	1085.6187521975194	0.0	0	507.71408276137663	1285.618752197479	1	0	1	1.6773973312691566
148200.0	1000.0	1085.6187521975453	0.0	0	200.59963777690427	1285.618752197479	1	0	1	1.6773973312691566
149200.0	1000.0	1085.6187521975635	0.0	0	274.3089767075144	1285.618752197479	1	0	1	1.6773973312691566
150200.0	1000.0	1085.6187521975223	0.0	0	72.5025894640421	1285.618752197479	1	0	1	1.6773973312691566
151200.0	1000.0	1085.6187521975382	0.0	0	310.84059729406727	1285.618752197479	1	0	1	1.6773973312691566
152479.96913488134	1000.0	805.6496173162337	0.0	0	0.0	1285.618752197479	1	0	1	1.6773973312691566
153200.0	500.0	1085.618752197571	0.0	0	197.3258041642839	1285.618752197479	1	0	1	-0.05547062013070714
154200.0	1000.0	1085.6187521975614	0.0	0	341.3262913021608	1285.618752197479	1	0	1	0.9842501507092111
155200.0	1000.0	1085.6187521975608	0.0	0	493.99385805713246	1285.618752197508	1	0	1	1.6773973312691535
156200.0	1000.0	1085.6187521975708	0.0	0	613.1250040421437	1285.618752197508	1	0	1	1.6773973312691535
157200.0	1000.0	1085.6187521975598	0.0	0	642.436704742373	1285.618752197537	1	0	1	1.6773973312691506
158200.0	1000.0	1085.618752197546	0.0	0	622.7008551442123	1285.618752197508	1	0	1	1.6773973312691535
159200.0	1000.0	1085.618752197546	0.0	0	445.12072449948755	1285.618752197479	1	0	1	1.6773973312691566
160200.0	1000.0	1085.6187521975407	0.0	0	453.33033872468513	1285.618752197479	1	0	1	1.6773973312691566
161200.0	1000.0	1085.618752197532	0.0	0	440.499263126374	1285.618752197479	1	0	1	1.6773973312691566
162200.0	1000.0	1085.6187521975596	0.0	0	100.57383120176382	1285.6187521974498	1	0	1	1.6773973312691592
163200.0	1000.0	1085.6187521975617	0.0	0	29.358375957410317	1285.6187521974498	1	0	1	1.6773973312691592
164200.0	1000.0	1085.618752197553	0.0	0	355.04238597353105	1285.6187521974498	1	0	1	1.6773973312691592
165200.0	1000.0	1085.6187521975462	0.0	0	93.6842772019445	1285.6187521974207	1	0	1	1.6773973312691624
166200.0	1000.0	1085.6187521975737	0.0	0	589.9980949195451	1285.6187521974207	1	0	1	1.6773973312691624
167200.0	1000.0	1085.6187521975612	0.0	0	547.3469104943506	1285.6187521974207	1	0	1	1.6773973312691624
168200.0	1000.0	1085.6187521976028	0.0	0	548.0268481965177	1285.6187521974207	1	0	1	1.6773973312691624
169200.0	1000.0	1085.6187521976044	0.0	0	321.6222876700631	1285.6187521974498	1	0	1	1.6773973312691592
170200.0	1000.0	1085.6187521976217	0.0	0	522.3044834076136	1285.618752197479	1	0	1	1.6773973312691566
171200.0	1000.0	1085.6187521976017	0.0	0	549.6928031354619	1285.618752197479	1	0	1	1.6773973312691566
172200.0	2000.0	1085.618752197604	0.0	0	23.99799426548998	1285.618752197479	1	0	1	2.023970921549129
173200.0	2000.0	1085.6187521976035	0.0	0	368.56162421163754	1285.618752197479	1	0	1	2.7171181021090742
174200.0	2000.0	1085.618752197588	0.0	0	250.49350083991885	1285.618752197479	1	0	1	2.7171181021090742
175200.0	2000.0	1085.6187521976203	0.0	0	63.5561999642232	1285.618752197479	1	0	1	2.7171181021090742
176200.0	2000.0	1085.6187521975946	0.0	0	80.62719922082033	1285.618752197479	1	0	1	2.7171181021090742
177774.42071228576	2000.0	511.19803991182414	0.0	0	0.0	1285.6187521974207	1	0	1	2.717118102109079
178338.14251033452	500.0	947.4762418630435	0.0	0	0.0	1285.6187521974207	1	0	1	-0.7486178006906463
179309.4819793657	1000.0	976.1367728318957	0.0	0	0.0	1285.6187521974207	1	0	1	0.984250150709217
180200.0	1000.0	1085.6187521975837	0.0	0	342.98889645031886	1285.6187521974207	1	0	1	1.6773973312691624
181385.59098509548	1000.0	900.0277671020636	0.0	0	0.0	1285.6187521974207	1	0	1	1.6773973312691624
182200.0	500.0	1085.6187521975676	0.0	0	228.45886215791688	1285.6187521974207	1	0	1	-0.055470620130701254
183200.0	1000.0	1085.6187521975698	0.0	0	475.8169206577004	1285.6187521974207	1	0	1	0.984250150709217
184200.0	1000.0	1085.6187521975364	0.0	0	582.0700993698556	1285.6187521974207	1	0	1	1.6773973312691624
185200.0	1000.0	1085.6187521975432	0.0	0	167.33720715585514	1285.6187521974207	1	0	1	1.6773973312691624
186200.0	1000.0	1085.6187521975485	0.0	0	17.972775423666462	1285.6187521974207	1	0	1	1.6773973312691624
187200.0	1000.0	1085.618752197555	0.0	0	183.06321265158476	1285.6187521974207	1	0	1	1.6773973312691624
188268.2975616285	1000.0	1017.3211905690245	0.0	0	0.0	1285.6187521974207	1	0	1	1.6773973312691624
189200.0	1000.0	1085.6187521975255	0.0	0	90.33301955051138	1285.6187521974207	1	0	1	1.6773973312691624
190200.0	1000.0	1085.6187521975462	0.0	0	395.99250175151974	1285.6187521974207	1	0	1	1.6773973312691624
191200.0	1000.0	1085.6187521975087	0.0	0	555.1603881327901	1285.6187521974207	1	0	1	1.6773973312691624
192200.0	1000.0	1085.618752197477	0.0	0	535.9548755874566	1285.6187521974207	1	0	1	1.6773973312691624
193200.0	1000.0	1085.6187521975098	0.0	0	156.88255024637328	1285.6187521974207	1	0	1	1.6773973312691624
194200.0	1000.0	1085.6187521975075	0.0	0	181.11460504774004	1285.6187521974207	1	0	1	1.6773973312691624
195200.0	1000.0	1085.6187521975157	0.0	0	163.39236204168992	1285.6187521974207	1	0	1	1.6773973312691624
196200.0	1000.0	1085.6187521974778	0.0	0	486.71933329402236	1285.6187521973916	1	0	1	1.677397331269165
197200.0	1000.0	1085.6187521974848	0.0	0	450.9730554520502	1285.6187521974207	1	0	1	1.6773973312691624
198200.0	1000.0	1085.618752197488	0.0	0	285.6773590344528	1285.6187521974207	1	0	1	1.6773973312691624
199200.0	1000.0	1085.618752197497	0.0	0	231.6951515895489	1285.6187521974207	1	0	1	1.6773973312691624
200200.0	1000.0	1085.618752197489	0.0	0	264.4415572146536	1285.6187521974207	1	0	1	1.6773973312691624
201200.0	1000.0	1085.6187521974668	0.0	0	235.50976753165014	1285.6187521973916	1	0	1	1.677397331269165
202200.0	1000.0	1085.6187521974962	0.0	0	443.29653303907253	1285.6187521973916	1	0	1	1.677397331269165
203200.0	1000.0	1085.6187521975212	0.0	0	347.76304265260114	1285.6187521973916	1	0	1	1.677397331269165
204200.0	1000.0	1085.6187521974912	0.0	0	329.13610910013085	1285.6187521973916	1	0	1	1.677397331269165
205200.0	1000.0	1085.6187521974864	0.0	0	555.7972634150647	1285.6187521973916	1	0	1	1.677397331269165
206200.0	1000.0	1085.6187521974734	0.0	0	620.5481593336735	1285.6187521973916	1	0	1	1.677397331269165
207200.0	1000.0	1085.6187521974425	0.0	0	490.273475610069	1285.6187521973916	1	0	1	1.677397331269165
208200.0	1000.0	1085.6187521974468	0.0	0	239.22760973632103	1285.6187521974207	1	0	1	1.6773973312691624
209200.0	1000.0	1085.6187521974425	0.0	0	368.6825758997293	1285.6187521974498	1	0	1	1.6773973312691592
210200.0	1000.0	1085.6187521974693	0.0	0	290.5970186969498	1285.6187521974498	1	0	1	1.6773973312691592
211200.0	1000.0	1085.6187521974866	0.0	0	196.89704536710633	1285.6187521974498	1	0	1	1.6773973312691592
212200.0	1000.0	1085.6187521975282	0.0	0	418.5931644521188	1285.6187521974498	1	0	1	1.6773973312691592
213200.0	1000.0	1085.618752197553	0.0	0	271.259938968753	1285.618752197479	1	0	1	1.6773973312691566
214200.0	1000.0	1085.6187521975346	0.0	0	424.31333410119987	1285.6187521974498	1	0	1	1.6773973312691592
215200.0	1000.0	1085.6187521975312	0.0	0	402.38683219303493	1285.6187521974498	1	0	1	1.6773973312691592
216200.0	1000.0	1085.6187521975376	0.0	0	219.06243407272268	1285.6187521974498	1	0	1	1.6773973312691592
217200.0	1000.0	1085.6187521975567	0.0	0	595.0702106319368	1285.6187521974498	1	0	1	1.6773973312691592
218200.0	1000.0	1085.6187521975626	0.0	0	672.9047804656439	1285.6187521974498	1	0	1	1.6773973312691592
219200.0	1000.0	1085.6187521975708	0.0	0	609.9026318509132	1285.618752197479	1	0	1	1.6773973312691566
220200.0	1000.0	1085.6187521976042	0.0	0	298.16555003722897	1285.618752197479	1	0	1	1.6773973312691566
221200.0	1000.0	1085.6187521976026	0.0	0	28.19839649714413	1285.618752197479	1	0	1	1.6773973312691566
222200.0	1000.0	1085.6187521976185	0.0	0	62.07443010705174	1285.618752197479	1	0	1	1.6773973312691566
224030.38087623258	1000.0	255.2378759650278	0.0	0	0.0	1285.6187521974498	1	0	1	1.677397331269157
224524.11408873057	300.0	761.5046634670538	0.0	0	0.0	1285.6187521974498	1	0	1	-1.332534679545681
225207.07488380294	500.0	1078.543868394689	0.0	0	0.0	1285.618752197479	1	0	1	0.1268509366632482
226200.0	500.0	1085.6187521976374	0.0	0	529.6924140889023	1285.618752197479	1	0	1	0.6376765604292384
227200.0	500.0	1085.6187521976228	0.0	0	691.4853480466991	1285.618752197479	1	0	1	0.6376765604292384
228200.0	500.0	1085.6187521976385	0.0	0	713.8101852699183	1285.618752197479	1	0	1	0.6376765604292384
229200.0	1000.0	1085.6187521976726	0.0	0	160.9344595663133	1285.618752197479	1	0	1	0.9842501507092111
230200.0	1000.0	1085.6187521976585	0.0	0	250.16584963625064	1285.618752197479	1	0	1	1.6773973312691566
231200.0	1000.0	1085.6187521976588	0.0	0	228.04742720609647	1285.618752197508	1	0	1	1.6773973312691535
232200.0	1000.0	1085.6187521976337	0.0	0	435.3255875535542	1285.618752197479	1	0	1	1.6773973312691566
233200.0	1000.0	1085.6187521976392	0.0	0	557.9057076732861	1285.6187521974498	1	0	1	1.6773973312691592
234200.0	1000.0	1085.6187521976399	0.0	0	591.3523829156184	1285.6187521974498	1	0	1	1.6773973312691592
235200.0	1000.0	1085.6187521976371	0.0	0	349.58468333396013	1285.6187521974498	1	0	1	1.6773973312691592
236200.0	1000.0	1085.618752197588	0.0	0	608.0007078499184	1285.6187521974207	1	0	1	1.6773973312691624
237200.0	1000.0	1085.6187521976194	0.0	0	476.33689633061294	1285.6187521974207	1	0	1	1.6773973312691624
238200.0	1000.0	1085.6187521976071	0.0	0	551.874173001037	1285.6187521974498	1	0	1	1.6773973312691592
239200.0	1000.0	1085.6187521975994	0.0	0	161.62642902802327	1285.6187521974498	1	0	1	1.6773973312691592
240259.45779415395	1000.0	1026.160958043678	0.0	0	0.0	1285.6187521974207	1	0	1	1.6773973312691612
241200.0	1000.0	1085.618752197599	0.0	0	363.3665857856977	1285.6187521973916	1	0	1	1.677397331269165
242200.0	1000.0	1085.6187521975896	0.0	0	331.8434321087261	1285.6187521973916	1	0	1	1.677397331269165
243200.0	1000.0	1085.6187521975407	0.0	0	6.759366424463224	1285.6187521973625	1	0	1	1.6773973312691681
244200.0	1000.0	1085.6187521975555	0.0	0	98.83537807982066	1285.6187521973916	1	0	1	1.6773973312691668
245200.0	1000.0	1085.6187521975653	0.0	0	231.4638362985279	1285.6187521973916	1	0	1	1.677397331269165
246200.0	1000.0	1085.6187521975621	0.0	0	128.19542016787454	1285.6187521973625	1	0	1	1.6773973312691663
247200.0	1000.0	1085.6187521975828	0.0	0	443.7848487899464	1285.6187521973625	1	0	1	1.6773973312691681
248200.0	1000.0	1085.6187521975662	0.0	0	566.8510066408489	1285.6187521973625	1	0	1	1.6773973312691681
249200.0	1000.0	1085.6187521975446	0.0	0	517.2823134400533	1285.6187521973334	1	0	1	1.6773973312691708
250200.0	1000.0	1085.61875219754	0.0	0	368.03807587898336	1285.6187521973334	1	0	1	1.6773973312691708
251200.0	1000.0	1085.6187521975255	0.0	0	259.93136722638155	1285.6187521973334	1	0	1	1.6773973312691708
252200.0	1000.0	1085.6187521975219	0.0	0	510.4345149595174	1285.6187521973334	1	0	1	1.6773973312691708
253200.0	1000.0	1085.6187521975235	0.0	0	509.788112038892	1285.6187521973334	1	0	1	1.6773973312691708
254200.0	1000.0	1085.618752197523	0.0	0	576.7509022344311	1285.6187521973334	1	0	1	1.6773973312691708
255200.0	1000.0	1085.6187521975216	0.0	0	444.7968551380036	1285.6187521973334	1	0	1	1.6773973312691708
256200.0	1000.0	1085.6187521975276	0.0	0	502.1314153105195	1285.6187521973043	1	0	1	1.677397331269174
257411.18888675416	2000.0	874.4298654433842	0.0	0	0.0	1285.6187521973043	1	0	1	2.0239709215491466
258200.0	1000.0	1085.6187521975253	0.0	0	35.247407122544246	1285.6187521973043	1	0	1	0.9842501507092287
259200.0	1000.0	1085.618752197549	0.0	0	80.84137398286839	1285.6187521973043	1	0	1	1.677397331269174
260212.49644602078	1000.0	1073.1223061767619	0.0	0	0.0	1285.6187521973043	1	0	1	1.677397331269174
261200.0	1000.0	1085.6187521975698	0.0	0	134.59577756136423	1285.6187521973043	1	0	1	1.677397331269174
262200.0	1000.0	1085.618752197568	0.0	0	455.25637178242323	1285.6187521973043	1	0	1	1.677397331269174
263265.87094022706	1000.0	1019.7478119704713	0.0	0	0.0	1285.618752197217	1	0	1	1.6773973312691808
264338.29885873	1000.0	947.3198934675155	0.0	0	0.0	1285.618752197246	1	0	1	1.6773973312691797
265200.0	1000.0	1085.6187521974784	0.0	0	288.95531902840594	1285.6187521971879	1	0	1	1.6773973312691857
266200.0	1000.0	1085.6187521974525	0.0	0	434.99020954198204	1285.6187521971297	1	0	1	1.6773973312691914
267200.0	1000.0	1085.6187521974848	0.0	0	217.36820805678144	1285.6187521971297	1	0	1	1.6773973312691914
268200.8457713453	1000.0	1084.772980852188	0.0	0	0.0	1285.6187521970714	1	0	1	1.6773973312691972
269474.7332607775	1000.0	810.8854914200286	0.0	0	0.0	1285.6187521971297	1	0	1	1.6773973312691925
270200.0	500.0	1085.618752197517	0.0	0	83.77093318023253	1285.6187521971297	1	0	1	-0.05547062013067222
271200.0	1000.0	1085.6187521974794	0.0	0	229.46713615197223	1285.6187521971297	1	0	1	0.984250150709246
272200.0	500.0	1085.6187521974828	0.0	0	722.6007394358166	1285.6187521971297	1	0	1	-0.05547062013067222
273200.0	1000.0	1085.6187521974439	0.0	0	602.8446242426871	1285.6187521971297	1	0	1	0.984250150709246
274200.0	1000.0	1085.6187521974782	0.0	0	589.1662671156228	1285.6187521971879	1	0	1	1.6773973312691857
275200.0	1000.0	1085.6187521975344	0.0	0	332.3144931262359	1285.6187521971879	1	0	1	1.6773973312691857
277037.13740122726	1000.0	248.48135097028648	0.0	0	0.0	1285.618752197246	1	0	1	1.6773973312691846
277454.7357033928	300.0	830.883048804778	0.0	0	0.0	1285.618752197246	1	0	1	-1.332534679545661
278200.0	500.0	1085.6187521975253	0.0	0	201.80299483414274	1285.6187521971879	1	0	1	0.1268509366632768
279200.0	500.0	1085.6187521975057	0.0	0	733.8775629956508	1285.6187521971879	1	0	1	0.6376765604292676
280200.0	500.0	1085.6187521975282	0.0	0	672.5527994930162	1285.6187521971879	1	0	1	0.6376765604292676
281200.0	500.0	1085.6187521975703	0.0	0	591.0104691216839	1285.6187521971879	1	0	1	0.6376765604292676
282200.0	1000.0	1085.6187521975198	0.0	0	409.3545545169618	1285.6187521971879	1	0	1	0.9842501507092403
283200.0	1000.0	1085.61875219752	0.0	0	384.1283769007423	1285.6187521971879	1	0	1	1.6773973312691857
284200.0	1000.0	1085.618752197518	0.0	0	404.9916371713625	1285.6187521971879	1	0	1	1.6773973312691857
285200.0	1000.0	1085.6187521974728	0.0	0	394.18991716601886	1285.6187521971297	1	0	1	1.6773973312691914
286200.0	1000.0	1085.6187521974703	0.0	0	421.65620640746783	1285.6187521971297	1	0	1	1.6773973312691914
287200.0	1000.0	1085.618752197529	0.0	0	140.54445683053927	1285.6187521971297	1	0	1	1.6773973312691914
288200.0	1000.0	1085.6187521975198	0.0	0	140.66726906050462	1285.6187521970714	1	0	1	1.6773973312691972
289200.0	1000.0	1085.6187521975564	0.0	0	477.2715694283834	1285.6187521970132	1	0	1	1.6773973312692032
290200.0	1000.0	1085.6187521975455	0.0	0	224.4230937564862	1285.6187521970714	1	0	1	1.6773973312691972
291200.0	1000.0	1085.618752197513	0.0	0	503.3190515881288	1285.6187521970714	1	0	1	1.6773973312691972
292200.0	1000.0	1085.6187521975323	0.0	0	472.43278731789906	1285.6187521970714	1	0	1	1.6773973312691972
293200.0	1000.0	1085.6187521975398	0.0	0	407.3224509601714	1285.6187521970714	1	0	1	1.6773973312691972
294200.0	1000.0	1085.6187521975528	0.0	0	603.5786321914056	1285.6187521970714	1	0	1	1.6773973312691972
295200.0	1000.0	1085.6187521975385	0.0	0	621.9552755002514	1285.6187521970714	1	0	1	1.6773973312691972
296200.0	1000.0	1085.6187521975567	0.0	0	408.8365586651489	1285.6187521970714	1	0	1	1.6773973312691972
297200.0	1000.0	1085.618752197615	0.0	0	75.08814740617527	1285.6187521971297	1	0	1	1.677397331269195
298200.0	1000.0	1085.6187521975553	0.0	0	230.48154485592386	1285.6187521971297	1	0	1	1.6773973312691914
299200.0	1000.0	1085.618752197519	0.0	0	326.0215146004339	1285.6187521971297	1	0	1	1.6773973312691914
300200.0	1000.0	1085.6187521974948	0.0	0	189.6802269369946	1285.6187521971297	1	0	1	1.6773973312691914
301200.0	1000.0	1085.618752197557	0.0	0	123.86628534714691	1285.618752197246	1	0	1	1.6773973312691832
302200.0	1000.0	1085.6187521975721	0.0	0	58.66351284383563	1285.618752197246	1	0	1	1.6773973312691761
303200.0	1000.0	1085.6187521975926	0.0	0	323.56502900162013	1285.6187521971879	1	0	1	1.6773973312691857
304200.0	1000.0	1085.6187521975562	0.0	0	399.1792092520045	1285.6187521971879	1	0	1	1.6773973312691857
305200.0	1000.0	1085.6187521975994	0.0	0	599.7294637501473	1285.6187521971879	1	0	1	1.6773973312691857
306200.0	1000.0	1085.6187521975835	0.0	0	561.4601340095396	1285.618752197246	1	0	1	1.6773973312691797
307200.0	1000.0	1085.6187521975917	0.0	0	451.18030573491706	1285.618752197246	1	0	1	1.6773973312691797
308200.0	1000.0	1085.6187521975858	0.0	0	403.8333487538039	1285.6187521973043	1	0	1	1.677397331269174
309200.0	1000.0	1085.6187521976517	0.0	0	295.66068823379464	1285.6187521973043	1	0	1	1.677397331269174
310200.0	1000.0	1085.6187521976676	0.0	0	297.0769931752002	1285.6187521973625	1	0	1	1.6773973312691681
311200.0	1000.0	1085.6187521976685	0.0	0	77.62531666678842	1285.6187521974207	1	0	1	1.6773973312691624
312317.9263701375	1000.0	967.6923820601922	0.0	0	0.0	1285.618752197479	1	0	1	1.6773973312691588
313317.7776304715	1000.0	967.841121726193	0.0	0	0.0	1285.6187521974207	1	0	1	1.6773973312691624
314200.0	1000.0	1085.6187521977072	0.0	0	287.8396452741581	1285.6187521974207	1	0	1	1.6773973312691624
315200.0	1000.0	1085.6187521977806	0.0	0	385.95014548377367	1285.6187521974207	1	0	1	1.6773973312691624
316200.0	1000.0	1085.6187521977986	0.0	0	587.0142315620324	1285.6187521974207	1	0	1	1.6773973312691624
317200.0	1000.0	1085.6187521977913	0.0	0	341.5878374456661	1285.6187521974207	1	0	1	1.6773973312691624
318200.0	1000.0	1085.6187521978004	0.0	0	445.56447926844703	1285.6187521974207	1	0	1	1.6773973312691624
3.31	1.93	1.92	2.17	2.84	2.59	2.95	2.56	1.97	2.43	1.7	1.22	1.18	1.56	1.11	1.0	1.54	2.2	1.59	1.17	0.92	1.15	1.54	1.75	1.91	2.47	1.71	1.03	1.11	1.52	1.96	1.64	1.76	1.6	1.53	1.46	1.71	1.63	1.95	2.31	1.89	1.68	1.26	1.45	1.66	1.54	1.75	1.32	1.56	1.64	2.1	2.73	3.27	1.75	1.14	0.93	0.66	0.74	0.78	1.24	1.75	1.78	1.19	1.23	0.95	1.39	1.85	2.27	1.68	2.02	2.36	2.27	1.55	1.11	1.38	1.25	1.15	1.46	1.17	1.44	2.09	1.91	1.56	1.42	1.7	2.28	2.22	2.59	2.28	2.75	2.41	1.98	1.23	1.19	1.41	1.47	1.26	0.89	1.85	1.55	1.42	1.19	0.95	1.0	1.02	1.48	1.97	1.97	1.74	1.0	0.49	0.95	1.54	2.24	1.58	1.76	2.0	2.11	2.04	1.49	1.45	1.46	1.58	1.61	1.66	1.49	1.8	2.17	2.29	2.22	1.47	1.52	1.27	1.2	0.82	1.26	1.42	1.9	2.14	2.51	2.36	2.15	1.98	1.55	1.14	1.2	1.24	1.39	1.95	3.01	3.31	1.93	1.92	2.17	2.84	2.59	2.95	2.56	1.97	2.43	1.7	1.22	1.18	1.56	1.11	1.0	1.54	2.2	1.59	1.17	0.92	1.15	1.54	1.75	1.91	2.47	1.71	1.03	1.11	1.52	1.96	1.64	1.76	1.6	1.53	1.46	1.71	1.63	1.95	2.31	1.89	1.68	1.26	1.45	1.66	1.54	1.75	1.32	1.56	1.64	2.1	2.73	3.27	1.75	1.14	0.93	0.66	0.74	0.78	1.24	1.75	1.78	1.19	1.23	0.95	1.39	1.85	2.27	1.68	2.02	2.36	2.27	1.55	1.11	1.38	1.25	1.15	1.46	1.17	1.44	2.09	1.91	1.56	1.42	1.7	2.28	2.22	2.59	2.28	2.75	2.41	1.98	1.23	1.19	1.41	1.47	1.26	0.89	1.85	1.55	1.42	1.19	0.95	1.0	1.02	1.48	1.97	1.97	1.74	1.0	0.49	0.95	1.54	2.24	1.58	1.76	2.0	2.11	2.04	1.49	1.45	1.46	1.58	1.61	1.66	1.49	1.8	2.17	2.29	2.22	1.47	1.52	1.27	1.2	0.82	1.26	1.42	1.9	2.14	2.51	2.36	2.15	1.98	1.55	1.14	1.2	1.24	1.39	1.95	3.01	3.31	1.93	1.92	2.17	2.84	2.59	2.95	2.56	1.97	2.43	1.7	1.22	1.18	1.56	1.11	1.0	1.54	2.2	1.59
1.0	2.0	3.0	4.0	5.0	6.0	7.0	8.0	9.0	10.0	11.0	12.0	13.0	14.0	15.0	16.0	17.0	18.0	19.0	20.0	21.0	22.0	23.0	24.0	25.0	26.0	27.0	28.0	29.0	30.0	31.0	32.0	33.0	34.0	35.0	36.0	37.0	38.0	39.0	40.0	41.0	42.0	43.0	44.0	45.0	46.0	47.0	48.0	49.0	50.0	51.0	52.0	53.0	54.0	55.0	56.0	57.0	58.0	59.0	60.0	61.0	62.0	63.0	64.0	65.0	66.0	67.0	68.0	69.0	70.0	71.0	72.0	73.0	74.0	75.0	76.0	77.0	78.0	79.0	80.0	81.0	82.0	83.0	84.0	85.0	86.0	87.0	88.0	89.0	90.0	91.0	92.0	93.0	94.0	95.0	96.0	97.0	98.0	99.0	100.0	101.0	102.0	103.0	104.0	105.0	106.0	107.0	108.0	109.0	110.0	111.0	112.0	113.0	114.0	115.0	116.0	117.0	118.0	119.0	120.0	121.0	122.0	123.0	124.0	125.0	126.0	127.0	128.0	129.0	130.0	131.0	132.0	133.0	134.0	135.0	136.0	137.0	138.0	139.0	140.0	141.0	142.0	143.0	144.0	145.0	146.0	147.0	148.0	149.0	149.0	150.0	151.0	152.0	153.0	154.0	155.0	156.0	157.0	158.0	159.0	160.0	161.0	162.0	163.0	164.0	165.0	166.0	167.0	168.0	169.0	170.0	171.0	172.0	173.0	174.0	175.0	176.0	177.0	178.0	179.0	180.0	181.0	182.0	183.0	184.0	185.0	186.0	187.0	188.0	189.0	190.0	191.0	192.0	193.0	194.0	195.0	196.0	197.0	198.0	199.0	200.0	201.0	202.0	203.0	204.0	205.0	206.0	207.0	208.0	209.0	210.0	211.0	212.0	213.0	214.0	215.0	216.0	217.0	218.0	219.0	220.0	221.0	222.0	223.0	224.0	225.0	226.0	227.0	228.0	229.0	230.0	231.0	232.0	233.0	234.0	235.0	236.0	237.0	238.0	239.0	240.0	241.0	242.0	243.0	244.0	245.0	246.0	247.0	248.0	249.0	250.0	251.0	252.0	253.0	254.0	255.0	256.0	257.0	258.0	259.0	260.0	261.0	262.0	263.0	264.0	265.0	266.0	267.0	268.0	269.0	270.0	271.0	272.0	273.0	274.0	275.0	276.0	277.0	278.0	279.0	280.0	281.0	282.0	283.0	284.0	285.0	286.0	287.0	288.0	289.0	290.0	291.0	292.0	293.0	294.0	295.0	296.0	297.0	298.0	298.0	299.0	300.0	301.0	302.0	303.0	304.0	305.0	306.0	307.0	308.0	309.0	310.0	311.0	312.0	313.0	314.0	315.0	316.0	317.0
2905.9729815293226
