4787.8105742077105	300.0	2000.0	1245.040088237535	0	0.0	4787.8105742077105	1	0	1	-7.911511111926052
5455.339183395679	300.0	2265.718529893234	0.0	0	0.0	2721.0577132889134	1	0	2	-0.6737832211078468
8200.0	500.0	421.8959664670424	0.7976696125533209	0	82.79987488004735	621.895966467042	1	0	2	-0.014421174850911267
9200.0	300.0	2521.895966467041	0.0	0	618.3149099445509	2721.895966467041	1	0	0	-1.1790386035998148
12286.207436757268	1000.0	361.6905691390026	31.475257368139893	0	0.0	647.8980058962679	1	0	2	-0.2545529171644933
13200.0	300.0	2539.277262220543	0.0	0	376.13978724207846	2739.277262220541	1	0	0	-1.874212349159468
16280.118767337413	1000.0	434.54220699647124	75.81417167916855	0	0.0	714.6609743338813	1	0	2	-0.5269201711299272
17200.0	300.0	2606.649097600142	0.0	0	517.9199356054596	2806.6490976001405	1	0	0	-1.8808323613931026
20200.0	1000.0	506.64909760014626	0.0	0	171.17055357558274	706.6490976001442	1	0	2	-0.07207988333423943
21200.0	300.0	2606.649097600146	0.0	0	665.0393420818436	2806.649097600148	1	0	0	-1.8806377140859512
24429.049283870332	1000.0	254.6948853427816	0.0	0	0.0	683.7441692131142	1	0	2	-0.07023738152599118
25200.0	300.0	2560.8392408260816	0.0	0	190.85841527989032	2760.839240826077	1	0	0	-1.8770535107105721
28771.44948499417	1000.0	211.4996223755893	344.7771045846302	0	0.0	982.9491073697536	1	0	2	-2.1672319624802703
29200.0	300.0	2825.8041588703404	0.0	0	37.1863901960096	3025.804158870331	1	0	0	-1.9053369047957427
32868.82002132824	1000.0	215.22227513574663	204.65467247860988	0	0.0	1084.0422964639802	1	0	2	-1.3334550361091808
33200.0	300.0	884.0422964639884	0.0	0	37.98433191119693	1084.0422964639874	1	0	1	-1.5123770339723346
34200.0	500.0	2984.0422964639843	0.0	0	325.36579428274854	3184.0422964639874	1	0	0	-0.2593275232947093
37324.47080611916	1000.0	747.1244097329022	0.0	0	0.0	1071.5952158520668	1	0	2	0.40269477527823366
38200.0	500.0	2959.1481352401465	0.0	0	306.23812260683917	3159.1481352401534	1	0	0	-0.6394815481254568
41200.0	1000.0	859.1481352401443	0.0	0	203.07368958148436	1059.148135240146	1	0	2	0.40336198034765997
42200.0	500.0	2959.148135240138	0.0	0	410.4643809328991	3159.1481352401242	1	0	0	-0.6389779045066826
45729.33731705581	2000.0	276.87708647874655	0.0	0	0.0	1006.2144035345482	1	0	2	0.7551169260307182
46200.0	300.0	2853.280671828971	0.0	0	212.10520636876754	3053.280671828965	1	0	0	-2.600205841138444
49246.351357454834	2000.0	702.2941786286507	0.0	0	0.0	948.6455360834807	1	0	2	0.25107176947885557
50200.0	500.0	2844.0104003379993	0.0	0	640.0634525767309	3044.010400338004	1	0	0	-1.3204806674044023
53803.27827441281	2000.0	200.0	108.72336501463204	0	0.0	1003.2782744128053	1	0	2	0.11097691132825627
54386.9314221344	300.0	2674.712167050567	0.0	0	0.0	3061.6435891849687	1	0	0	-2.6018278624413944
57774.68191705144	2000.0	200.0	64.12540155092131	0	0.0	974.68191705145	1	0	2	-0.13233171385146575
58306.43242736463	500.0	729.3672139899517	61.117724303132405	0	0.0	1035.7996413545843	1	0	1	-1.2903422354251577
59200.0	500.0	2925.1563986181245	0.0	0	329.93431919098657	3125.156398618128	1	0	0	0.25718954596010896
63255.26143338215	2000.0	200.0	486.9374346384055	0	0.0	1455.2614333821475	1	0	2	-2.193803633458457
63657.52996076683	300.0	814.2565431363948	16.52507052108035	0	0.0	1471.7865039032258	1	0	1	-2.3434490584026864
64248.89870229484	500.0	1222.8878016083866	0.0	0	0.0	1471.7865039032258	1	0	1	0.10823416149267287
65200.0	500.0	1271.786503903229	0.0	0	324.7595206782498	1471.7865039032258	1	0	1	0.6190597852586637
66200.0	500.0	1271.7865039032288	0.0	0	520.5168442117647	1471.7865039032258	1	0	1	0.6190597852586638
67200.0	500.0	1271.786503903231	0.0	0	556.1147233518568	1471.7865039032185	1	0	1	0.6190597852586641
68555.90993244362	1000.0	915.8765714596051	0.0	0	0.0	1471.786503903204	1	0	1	0.9656333755386384
69521.7916340463	500.0	949.9948698569164	0.0	0	0.0	1471.786503903204	1	0	1	-0.07408739530127971
70200.0	500.0	1271.786503903219	0.0	0	12.86386537954968	1471.786503903204	1	0	1	0.6190597852586658
71200.0	500.0	1271.7865039032295	0.0	0	363.98550565454934	1471.786503903204	1	0	1	0.6190597852586658
72200.0	500.0	1271.7865039032263	0.0	0	402.22929564000515	1471.7865039031894	1	0	1	0.6190597852586672
73200.0	500.0	1271.7865039032304	0.0	0	390.845941700798	1471.7865039031894	1	0	1	0.6190597852586672
74200.0	500.0	1271.7865039032345	0.0	0	610.3817440727435	1471.7865039031894	1	0	1	0.6190597852586672
75200.0	500.0	1271.7865039032429	0.0	0	443.23680273426	1471.7865039031894	1	0	1	0.6190597852586672
76200.0	500.0	1271.7865039032279	0.0	0	564.6821564581915	1471.786503903175	1	0	1	0.6190597852586688
77200.0	500.0	1271.7865039032317	0.0	0	383.8218167849118	1471.7865039031894	1	0	1	0.6190597852586672
78200.0	500.0	1271.7865039032222	0.0	0	397.46128686802695	1471.786503903175	1	0	1	0.6190597852586688
79200.0	500.0	1271.7865039032183	0.0	0	573.7011081632081	1471.7865039031603	1	0	1	0.6190597852586701
80200.0	500.0	1271.7865039032351	0.0	0	610.3488142243732	1471.7865039031603	1	0	1	0.6190597852586701
81200.0	500.0	1271.7865039032372	0.0	0	433.1805519416812	1471.7865039031603	1	0	1	0.6190597852586701
82200.0	500.0	1271.7865039032215	0.0	0	269.15218221955	1471.7865039031603	1	0	1	0.6190597852586701
83200.0	500.0	1271.7865039032176	0.0	0	389.0608585252776	1471.7865039031603	1	0	1	0.6190597852586701
84200.0	500.0	1271.7865039032033	0.0	0	580.3758701182378	1471.7865039031603	1	0	1	0.6190597852586701
85200.0	1000.0	1271.786503903219	0.0	0	190.81019198817376	1471.7865039031603	1	0	1	0.9656333755386428
86283.78970607705	1000.0	1187.9967978261625	0.0	0	0.0	1471.7865039031458	1	0	1	1.6587805560985895
87883.80265964515	1000.0	587.9838442580699	0.0	0	0.0	1471.7865039031312	1	0	1	1.6587805560985913
88425.18942518216	500.0	1046.5970787210472	0.0	0	0.0	1471.7865039031312	1	0	1	-0.07408739530127234
89200.0	500.0	1271.7865039032092	0.0	0	379.3048021513532	1471.7865039031312	1	0	1	0.6190597852586731
90200.0	1000.0	1271.786503903207	0.0	0	44.307120244411635	1471.7865039031312	1	0	1	0.9656333755386459
91200.0	500.0	1271.786503903194	0.0	0	363.537721051267	1471.7865039031312	1	0	1	-0.07408739530127234
92200.0	500.0	1271.7865039031967	0.0	0	70.08839519323374	1471.7865039031458	1	0	1	0.6190597852586717
93200.0	500.0	1271.7865039031872	0.0	0	223.17328343194094	1471.7865039031603	1	0	1	0.6190597852586701
94200.0	500.0	1271.7865039031979	0.0	0	390.7139375431725	1471.7865039031603	1	0	1	0.6190597852586701
95200.0	500.0	1271.7865039031883	0.0	0	451.4634972445929	1471.7865039031603	1	0	1	0.6190597852586701
96200.0	500.0	1271.786503903186	0.0	0	168.49979466640798	1471.7865039031458	1	0	1	0.6190597852586717
97200.0	500.0	1271.7865039031853	0.0	0	562.8582980888023	1471.7865039031603	1	0	1	0.6190597852586701
98200.0	500.0	1271.7865039031904	0.0	0	239.54602161714865	1471.7865039031603	1	0	1	0.6190597852586701
99200.0	500.0	1271.786503903182	0.0	0	495.73601245977625	1471.7865039031603	1	0	1	0.6190597852586701
100200.0	500.0	1271.7865039031844	0.0	0	405.2380075971014	1471.7865039031603	1	0	1	0.6190597852586701
101200.0	500.0	1271.7865039031788	0.0	0	649.9566835865407	1471.7865039031603	1	0	1	0.6190597852586701
102200.0	1000.0	1271.7865039031733	0.0	0	246.14576524746371	1471.7865039031603	1	0	1	0.9656333755386428
103200.0	1000.0	1271.7865039031649	0.0	0	116.03036394508672	1471.7865039031603	1	0	1	1.6587805560985882
105023.82851011644	1000.0	447.9579937867444	0.0	0	0.0	1471.786503903175	1	0	1	1.6587805560985869
105736.4997253662	300.0	735.2867785369984	0.0	0	0.0	1471.7865039031894	1	0	1	-1.3511514547162555
106640.58730684766	500.0	831.1991970555334	0.0	0	0.0	1471.7865039031894	1	0	1	0.10823416149267659
107616.31647949471	500.0	855.4700244084884	0.0	0	0.0	1471.7865039031894	1	0	1	0.6190597852586672
108200.0	300.0	1271.7865039031888	0.0	0	328.4768433443096	1471.7865039031894	1	0	1	-0.6580042741563096
109200.0	500.0	1271.7865039031856	0.0	0	508.0754074430297	1471.7865039031894	1	0	1	0.10823416149267659
110200.0	500.0	1271.786503903168	0.0	0	346.8652717199002	1471.7865039031894	1	0	1	0.6190597852586672
111200.0	500.0	1271.786503903177	0.0	0	426.9845650829229	1471.7865039031894	1	0	1	0.6190597852586672
112200.0	500.0	1271.7865039031515	0.0	0	354.09778033521434	1471.7865039031894	1	0	1	0.6190597852586672
113200.0	500.0	1271.786503903162	0.0	0	514.2862288741017	1471.7865039031894	1	0	1	0.6190597852586672
114200.0	500.0	1271.7865039031783	0.0	0	197.24750953604234	1471.7865039031894	1	0	1	0.6190597852586672
115881.86965664187	500.0	589.9168472613111	0.0	0	0.0	1471.7865039031894	1	0	1	0.6190597852586672
116435.03208752093	300.0	1036.7544163822497	0.0	0	0.0	1471.7865039031894	1	0	1	-0.6580042741563096
117200.0	500.0	1271.7865039031901	0.0	0	25.884707729826914	1471.7865039031894	1	0	1	0.10823416149267659
118327.23329413071	500.0	1144.5532097724786	0.0	0	0.0	1471.7865039031894	1	0	1	0.6190597852586672
119200.0	300.0	1271.7865039031906	0.0	0	203.74870145671593	1471.7865039031894	1	0	1	-0.6580042741563096
120200.0	300.0	1271.7865039031885	0.0	0	314.3636802366236	1471.7865039031894	1	0	1	-0.14717865039031897
121200.0	500.0	1271.786503903184	0.0	0	19.59829862837796	1471.7865039031894	1	0	1	0.10823416149267659
122200.0	500.0	1271.786503903194	0.0	0	239.09462735432317	1471.7865039031894	1	0	1	0.6190597852586672
123382.66596094625	500.0	1089.1205429569436	0.0	0	0.0	1471.7865039031894	1	0	1	0.6190597852586672
124200.0	500.0	1271.7865039032176	0.0	0	69.60259465988202	1471.7865039031894	1	0	1	0.6190597852586672
125200.0	500.0	1271.786503903204	0.0	0	453.5738156403968	1471.7865039031894	1	0	1	0.6190597852586672
126200.0	500.0	1271.7865039032167	0.0	0	511.4741477389034	1471.7865039031894	1	0	1	0.6190597852586672
127200.0	500.0	1271.7865039032313	0.0	0	474.8807953522046	1471.786503903175	1	0	1	0.6190597852586688
128200.0	500.0	1271.7865039032306	0.0	0	541.8990544171829	1471.7865039031603	1	0	1	0.6190597852586701
129200.0	500.0	1271.7865039032304	0.0	0	514.6112882537709	1471.7865039031603	1	0	1	0.6190597852586701
130278.44393297053	1000.0	1193.342570932695	0.0	0	0.0	1471.786503903175	1	0	1	0.9656333755386415
131643.66380257902	1000.0	828.1227013242086	0.0	0	0.0	1471.786503903175	1	0	1	1.6587805560985869
132200.0	500.0	1271.7865039032156	0.0	0	41.69578438761528	1471.7865039031458	1	0	1	-0.0740873953012756
133200.0	500.0	1271.7865039032213	0.0	0	449.67928081023274	1471.7865039031603	1	0	1	0.6190597852586701
134200.0	500.0	1271.7865039032379	0.0	0	213.83032756324974	1471.7865039031603	1	0	1	0.6190597852586701
135200.0	500.0	1271.7865039032492	0.0	0	243.69206353119807	1471.7865039031603	1	0	1	0.6190597852586701
136200.0	500.0	1271.7865039032336	0.0	0	653.1083376559545	1471.7865039031603	1	0	1	0.6190597852586701
137200.0	1000.0	1271.7865039032317	0.0	0	307.99293244761066	1471.7865039031312	1	0	1	0.9656333755386459
138378.21619348103	1000.0	1093.5703104222016	0.0	0	0.0	1471.7865039031021	1	0	1	1.6587805560985918
139200.0	500.0	1271.7865039032567	0.0	0	336.98364392193616	1471.7865039031021	1	0	1	-0.07408739530126951
140200.0	1000.0	1271.786503903236	0.0	0	19.41412220534403	1471.786503903073	1	0	1	0.9656333755386515
141200.0	1000.0	1271.7865039032458	0.0	0	116.10668583252118	1471.786503903073	1	0	1	1.6587805560985969
142200.0	500.0	1271.7865039032802	0.0	0	127.81483624494285	1471.786503903073	1	0	1	-0.07408739530126657
143200.0	500.0	1271.7865039032679	0.0	0	383.1821208394249	1471.786503903073	1	0	1	0.6190597852586789
144200.0	500.0	1271.7865039032788	0.0	0	500.7962089604407	1471.786503903073	1	0	1	0.6190597852586789
145200.0	500.0	1271.7865039032613	0.0	0	331.96479929142515	1471.7865039031021	1	0	1	0.619059785258676
146200.0	500.0	1271.786503903255	0.0	0	415.44082847132813	1471.7865039031021	1	0	1	0.619059785258676
147200.0	500.0	1271.7865039032647	0.0	0	659.831126238947	1471.7865039031312	1	0	1	0.6190597852586731
148200.0	1000.0	1271.7865039032438	0.0	0	157.24625965909217	1471.7865039031312	1	0	1	0.9656333755386459
149778.7949943574	1000.0	692.9915095458657	0.0	0	0.0	1471.7865039031021	1	0	1	1.658780556098594
150528.34361921667	500.0	943.4428846866034	0.0	0	0.0	1471.7865039031312	1	0	1	-0.07408739530127234
151601.4192139014	500.0	870.3672900018566	0.0	0	0.0	1471.7865039031312	1	0	1	0.6190597852586731
152440.5014377127	500.0	1031.2850661905577	0.0	0	0.0	1471.7865039031603	1	0	1	0.6190597852586701
153200.0	500.0	1271.7865039032445	0.0	0	171.4833777708991	1471.7865039031312	1	0	1	0.6190597852586731
154200.0	500.0	1271.786503903234	0.0	0	441.03571758585167	1471.7865039031312	1	0	1	0.6190597852586731
155200.0	500.0	1271.7865039031938	0.0	0	516.8776420867944	1471.7865039031312	1	0	1	0.6190597852586731
156200.0	500.0	1271.7865039031751	0.0	0	239.1779404358531	1471.7865039031021	1	0	1	0.619059785258676
157200.0	500.0	1271.7865039031992	0.0	0	316.8086145829293	1471.786503903073	1	0	1	0.6190597852586789
158200.0	500.0	1271.7865039031942	0.0	0	315.77402261897805	1471.786503903073	1	0	1	0.6190597852586789
159200.0	500.0	1271.7865039031894	0.0	0	367.4082998246013	1471.786503903044	1	0	1	0.6190597852586819
160200.0	500.0	1271.7865039031772	0.0	0	170.56275367658236	1471.786503903044	1	0	1	0.6190597852586819
161200.0	500.0	1271.7865039031772	0.0	0	335.0206116094487	1471.786503903044	1	0	1	0.6190597852586819
162200.0	500.0	1271.7865039031421	0.0	0	221.29259281192208	1471.786503903044	1	0	1	0.6190597852586819
163200.0	500.0	1271.7865039031358	0.0	0	360.83075085585006	1471.786503903073	1	0	1	0.6190597852586789
164200.0	500.0	1271.7865039031044	0.0	0	379.7001034771092	1471.786503903073	1	0	1	0.6190597852586789
165200.0	500.0	1271.7865039030726	0.0	0	481.996078427881	1471.786503903073	1	0	1	0.6190597852586789
166200.0	500.0	1271.7865039030503	0.0	0	450.64218338028877	1471.786503903073	1	0	1	0.6190597852586789
167200.0	500.0	1271.786503903044	0.0	0	458.49669347066083	1471.786503903073	1	0	1	0.6190597852586789
168200.0	500.0	1271.7865039030503	0.0	0	121.72578895351035	1471.786503903073	1	0	1	0.6190597852586789
169200.0	500.0	1271.7865039030335	0.0	0	414.54113252312527	1471.786503903073	1	0	1	0.6190597852586789
170200.0	500.0	1271.7865039030048	0.0	0	633.3488465906412	1471.786503903073	1	0	1	0.6190597852586789
171200.0	500.0	1271.7865039029746	0.0	0	509.17115940974327	1471.786503903073	1	0	1	0.6190597852586789
172200.0	500.0	1271.7865039029982	0.0	0	661.3705691680079	1471.7865039031021	1	0	1	0.619059785258676
173200.0	1000.0	1271.7865039030032	0.0	0	83.63337567343842	1471.7865039031021	1	0	1	0.9656333755386487
174633.30982673055	1000.0	838.4766771724501	0.0	0	0.0	1471.7865039031021	1	0	1	1.658780556098594
175413.41231413523	500.0	1058.3741897677835	0.0	0	0.0	1471.7865039031021	1	0	1	-0.07408739530126951
176200.0	500.0	1271.7865039030146	0.0	0	367.9228822681471	1471.7865039031021	1	0	1	0.619059785258676
177200.0	500.0	1271.786503903006	0.0	0	590.7089630058035	1471.7865039031021	1	0	1	0.619059785258676
178200.0	500.0	1271.7865039030157	0.0	0	725.7956796201179	1471.7865039031021	1	0	1	0.619059785258676
179350.95931572677	1000.0	1120.8271881762407	0.0	0	0.0	1471.7865039031021	1	0	1	0.9656333755386487
181814.75622711683	1000.0	200.0	542.9697232138465	0	0.0	2014.7562271169154	1	0	1	-1.6325318429812057
182239.4516172191	300.0	787.0724547746338	11.76784487692288	0	0.0	2026.5240719938301	1	0	1	-1.4772322807868563
183183.78205119065	500.0	748.3089774059492	0.0	0	0.0	1932.0910285967402	1	0	2	-0.34012834290793253
183557.88439489342	300.0	1336.7963993329163	0.0	0	0.0	1894.6807942265004	1	0	2	-0.9011353960824401
184351.74069269258	500.0	1463.554471753843	0.0	0	0.0	1815.2951644466084	1	0	2	-0.12830603755453837
185228.0146102724	500.0	1499.6531624160364	0.0	0	0.0	1727.66777268867	1	0	2	0.3913146462444118
186214.83164444368	500.0	1414.1544248276666	0.0	0	0.0	1628.986069271632	1	0	2	0.40071005918372204
187200.0	500.0	1428.9860692713462	0.0	0	326.4468637474929	1628.986069271661	1	0	1	0.40333982872181995
188200.0	500.0	1428.9860692713614	0.0	0	470.96990770238335	1628.9860692716902	1	0	1	0.6033398287218172
189200.0	500.0	1428.9860692713967	0.0	0	393.8150702631101	1628.986069271661	1	0	1	0.6033398287218201
190200.0	500.0	1428.9860692713992	0.0	0	483.24523162737023	1628.986069271632	1	0	1	0.603339828721823
191200.0	500.0	1428.9860692714005	0.0	0	541.87478992049	1628.986069271632	1	0	1	0.603339828721823
192347.77817425583	500.0	1281.2078950155326	0.0	0	0.0	1628.986069271603	1	0	1	0.6033398287218259
193228.89586554025	500.0	1400.0902037311275	0.0	0	0.0	1628.986069271603	1	0	1	0.6033398287218259
194200.0	500.0	1428.9860692713423	0.0	0	363.5815336047963	1628.9860692715738	1	0	1	0.6033398287218288
195200.0	500.0	1428.9860692713673	0.0	0	134.51400688537979	1628.9860692715738	1	0	1	0.6033398287218288
196200.0	500.0	1428.9860692713542	0.0	0	296.34803752522566	1628.9860692715738	1	0	1	0.6033398287218288
197200.0	500.0	1428.986069271369	0.0	0	341.44038252180326	1628.9860692715738	1	0	1	0.6033398287218288
198200.0	500.0	1428.9860692713814	0.0	0	430.8268653539126	1628.986069271603	1	0	1	0.6033398287218259
199200.0	500.0	1428.9860692713698	0.0	0	530.8079940216267	1628.986069271632	1	0	1	0.603339828721823
200200.0	500.0	1428.9860692713828	0.0	0	387.8428580861073	1628.986069271603	1	0	1	0.6033398287218259
201200.0	500.0	1428.986069271369	0.0	0	515.1645681042573	1628.986069271603	1	0	1	0.6033398287218259
202322.0497886567	1000.0	1306.9362806146644	0.0	0	0.0	1628.986069271603	1	0	1	0.9499134190017986
203200.0	500.0	1428.98606927137	0.0	0	407.17761448488454	1628.986069271632	1	0	1	-0.0898073518381224
204200.0	1000.0	1428.9860692713842	0.0	0	168.8329305635125	1628.986069271661	1	0	1	0.9499134190017927
205200.0	1000.0	1428.986069271389	0.0	0	391.1945118215808	1628.986069271661	1	0	1	1.6430605995617382
206200.0	1000.0	1428.9860692713717	0.0	0	85.26664978390909	1628.986069271661	1	0	1	1.6430605995617382
207722.91174642433	1000.0	906.0743228470773	0.0	0	0.0	1628.9860692716902	1	0	1	1.6430605995617353
208440.81776462152	1000.0	1188.1683046499236	0.0	0	0.0	1628.9860692716902	1	0	1	1.6430605995617353
209290.33595455874	1000.0	1338.650114712708	0.0	0	0.0	1628.9860692716902	1	0	1	1.6430605995617353
210264.54157473324	1000.0	1364.4444945382104	0.0	0	0.0	1628.9860692716902	1	0	1	1.6430605995617353
211304.243564289	1000.0	1324.7425049824726	0.0	0	0.0	1628.9860692717193	1	0	1	1.6430605995617322
212691.6681460215	1000.0	937.3179232499791	0.0	0	0.0	1628.9860692717193	1	0	1	1.6430605995617322
213382.86083156805	500.0	1246.1252377034496	0.0	0	0.0	1628.9860692717193	1	0	1	-0.0898073518381311
214200.0	500.0	1428.9860692714922	0.0	0	409.2895674747997	1628.9860692717193	1	0	1	0.6033398287218144
215200.0	500.0	1428.9860692715163	0.0	0	655.5476896929613	1628.9860692717193	1	0	1	0.6033398287218144
216200.0	1000.0	1428.9860692714954	0.0	0	370.9185470022785	1628.9860692717193	1	0	1	0.9499134190017868
217550.4114281704	1000.0	1078.5746411010596	0.0	0	0.0	1628.9860692717193	1	0	1	1.64306059956173
218311.14706388014	500.0	1317.8390053913367	0.0	0	0.0	1628.9860692717193	1	0	1	-0.0898073518381311
219200.0	500.0	1428.9860692715001	0.0	0	81.36687315627933	1628.9860692717193	1	0	1	0.6033398287218144
220200.0	500.0	1428.9860692714988	0.0	0	148.86191325561958	1628.9860692717193	1	0	1	0.6033398287218144
221200.0	500.0	1428.9860692714838	0.0	0	327.08405493508326	1628.9860692716902	1	0	1	0.6033398287218172
222200.0	500.0	1428.9860692715026	0.0	0	550.4527897925291	1628.9860692716902	1	0	1	0.6033398287218172
223200.0	500.0	1428.9860692715324	0.0	0	462.42014924355317	1628.9860692716902	1	0	1	0.6033398287218172
224200.0	500.0	1428.986069271545	0.0	0	501.48072668438544	1628.9860692716902	1	0	1	0.6033398287218172
225200.0	500.0	1428.9860692715201	0.0	0	569.7220273742278	1628.986069271661	1	0	1	0.6033398287218201
226828.71600886752	1000.0	800.2700604039965	0.0	0	0.0	1628.9860692717193	1	0	1	0.9499134190017882
227600.77373997297	500.0	1028.2123292985775	0.0	0	0.0	1628.9860692717484	1	0	1	-0.08980735183813404
228200.0	500.0	1428.986069271542	0.0	0	31.856973243848188	1628.9860692717484	1	0	1	0.6033398287218115
229200.0	500.0	1428.9860692715774	0.0	0	594.542101280851	1628.9860692717484	1	0	1	0.6033398287218115
230642.9063977452	1000.0	986.0796715263934	0.0	0	0.0	1628.9860692717484	1	0	1	0.9499134190017842
231228.7616590619	500.0	1400.2244102097095	0.0	0	0.0	1628.9860692717775	1	0	1	-0.08980735183813698
232200.0	1000.0	1428.986069271616	0.0	0	213.86426095155184	1628.9860692718066	1	0	1	0.9499134190017783
233200.0	1000.0	1428.9860692716013	0.0	0	338.18209428997943	1628.9860692718066	1	0	1	1.6430605995617236
234200.0	1000.0	1428.9860692715802	0.0	0	291.1581888291403	1628.9860692718066	1	0	1	1.6430605995617236
235200.0	1000.0	1428.9860692715677	0.0	0	155.76988881916623	1628.9860692718066	1	0	1	1.6430605995617236
236276.17608388176	1000.0	1352.8099853898152	0.0	0	0.0	1628.9860692718066	1	0	1	1.6430605995617236
237467.95101880626	1000.0	1161.0350504653475	0.0	0	0.0	1628.9860692718066	1	0	1	1.6430605995617236
238200.0	500.0	1428.9860692716086	0.0	0	395.13158270998974	1628.9860692718066	1	0	1	-0.08980735183813993
239610.27511231793	1000.0	1018.710956953658	0.0	0	0.0	1628.9860692718066	1	0	1	0.9499134190017783
240270.3099626374	500.0	1358.6761066341476	0.0	0	0.0	1628.9860692718066	1	0	1	-0.08980735183813993
241200.0	500.0	1428.9860692715383	0.0	0	61.31983658578247	1628.9860692718066	1	0	1	0.6033398287218056
242200.0	500.0	1428.986069271536	0.0	0	258.9157194677682	1628.9860692718066	1	0	1	0.6033398287218056
243517.72717556474	1000.0	1111.2588937067594	0.0	0	0.0	1628.9860692718066	1	0	1	0.9499134190017783
244200.0	500.0	1428.986069271488	0.0	0	108.39485428651096	1628.9860692718066	1	0	1	-0.08980735183813993
245200.0	500.0	1428.9860692714662	0.0	0	249.02170238440158	1628.9860692718066	1	0	1	0.6033398287218056
246200.0	500.0	1428.986069271472	0.0	0	573.604205139447	1628.9860692718066	1	0	1	0.6033398287218056
247205.326206524	1000.0	1423.659862747459	0.0	0	0.0	1628.9860692718066	1	0	1	0.9499134190017783
248200.0	500.0	1428.9860692714617	0.0	0	433.3924660725752	1628.9860692717775	1	0	1	-0.08980735183813698
249200.0	500.0	1428.98606927148	0.0	0	460.16496852145065	1628.9860692718066	1	0	1	0.6033398287218056
250200.0	500.0	1428.9860692714517	0.0	0	554.7056541879429	1628.9860692718066	1	0	1	0.6033398287218056
251200.0	1000.0	1428.9860692714378	0.0	0	246.31028896808857	1628.9860692718066	1	0	1	0.9499134190017783
252200.0	1000.0	1428.9860692714547	0.0	0	154.63160482872627	1628.9860692718066	1	0	1	1.6430605995617236
253200.0	1000.0	1428.9860692714622	0.0	0	41.80208014961681	1628.9860692718066	1	0	1	1.6430605995617236
255043.24632579266	1000.0	585.7397434788379	0.0	0	0.0	1628.9860692718357	1	0	1	1.643060599561722
255772.17665070825	300.0	856.8094185632259	0.0	0	0.0	1628.9860692718066	1	0	1	-1.366871411253117
256614.5164428468	500.0	1014.46962642468	0.0	0	0.0	1628.9860692717775	1	0	1	0.09251420495581716
257200.0	500.0	1428.986069271519	0.0	0	169.65967653828557	1628.9860692717775	1	0	1	0.6033398287218085
258200.0	500.0	1428.9860692715254	0.0	0	272.0209211584297	1628.9860692717775	1	0	1	0.6033398287218085
259200.0	500.0	1428.9860692715404	0.0	0	405.25950455249404	1628.9860692717775	1	0	1	0.6033398287218085
260200.0	500.0	1428.9860692714888	0.0	0	477.9320368579647	1628.9860692717775	1	0	1	0.6033398287218085
261200.0	500.0	1428.986069271475	0.0	0	344.4453467791318	1628.9860692717484	1	0	1	0.6033398287218115
262200.0	500.0	1428.9860692714497	0.0	0	584.6515028728172	1628.9860692717193	1	0	1	0.6033398287218144
263200.0	500.0	1428.9860692714446	0.0	0	245.84871488413773	1628.9860692717484	1	0	1	0.6033398287218126
265917.10714090924	1000.0	200.0	488.1210716377433	0	0.0	2117.1071409095894	1	0	1	-2.009776124439553
266494.2760925296	300.0	707.1166237211198	84.28557534149965	0	0.0	2201.392716251081	1	0	1	-1.9298255280000423
268200.0	300.0	197.83905693312795	269.47493928363804	0	470.39052599464776	397.8390569330659	1	0	2	-2.0604920158370787
269200.0	300.0	2297.839056933171	0.0	0	313.3438263957505	2497.8390569330077	1	0	0	-0.6461814493276192
272548.8628186815	1000.0	298.84090208368843	440.68267790925734	0	0.0	847.7037207650719	1	0	2	-2.729966792076987
273200.0	300.0	2712.81743889699	0.0	0	146.4263477497152	2912.817438896862	1	0	0	-1.8927824271867772
276469.717699153	1000.0	316.1279698287625	0.0	0	0.0	785.8456689816667	1	0	2	-0.080467559681969
277200.0	300.0	2658.8738990664974	0.0	0	116.57646731549175	2858.8738990664715	1	0	0	-1.8873201996906415
280336.57487951056	1000.0	431.46273820278395	20.746551452599647	0	0.0	768.0376177133876	1	0	2	-0.20161533625622952
281200.0	300.0	2654.380129762243	0.0	0	471.6838945631753	2854.380129762285	1	0	0	-1.8856807809138831
284200.0	1000.0	554.3801297622201	0.0	0	342.2435083081946	754.3801297623431	1	0	2	-0.077201666599377
285200.0	300.0	2654.3801297622044	0.0	0	622.5065678899409	2854.380129762285	1	0	0	-1.8854180574512875
288314.4851180493	1000.0	428.44649990797586	0.0	0	0.0	742.9316179573652	1	0	2	-0.0751974288991556
289200.0	300.0	2631.4831061523614	0.0	0	544.0130971490289	2831.4831061523873	1	0	0	-1.8833105569521558
293736.6094333989	2000.0	200.0	1235.2611550785784	0	0.0	1936.609433398873	1	0	2	-7.2338807237763705
293975.67746188125	300.0	960.9319715175852	0.0	0	0.0	1936.609433398873	1	0	1	-2.29078092822577
294472.6737735971	500.0	1414.236028630138	0.0	0	0.0	1886.9098022272228	1	0	2	-0.3345007639157774
295644.00253382354	1000.0	1125.7743923809894	0.0	0	0.0	1769.7769262045622	1	0	2	0.7319920497044843
296303.8954474083	500.0	1399.892187437741	0.0	0	0.0	1703.7876348460559	1	0	2	-0.2988073063377412
297384.12907792465	1000.0	1319.6585569214092	0.0	0	0.0	1703.787634846114	1	0	1	0.7424332624443475
298200.0	1000.0	1503.7876348460582	0.0	0	121.6553352678311	1703.787634846114	1	0	1	1.635580443004293
299200.0	1000.0	1503.7876348460693	0.0	0	84.55567459395388	1703.787634846114	1	0	1	1.635580443004293
300680.72254436644	1000.0	1023.065090479572	0.0	0	0.0	1703.787634846114	1	0	1	1.635580443004293
301605.97231649875	1000.0	1097.8153183472405	0.0	0	0.0	1703.7876348461723	1	0	1	1.635580443004287
303033.68478854187	1000.0	670.1028463041814	0.0	0	0.0	1703.7876348462305	1	0	1	1.6355804430042813
303884.2492313884	500.0	819.5384034576398	0.0	0	0.0	1703.7876348462887	1	0	1	-0.09728750839558814
304562.33224103064	500.0	1141.455393815315	0.0	0	0.0	1703.7876348462305	1	0	1	0.5958596721643632
305200.0	500.0	1503.7876348459126	0.0	0	187.7993902534945	1703.7876348462305	1	0	1	0.5958596721643632
306727.92867060466	1000.0	975.8589642413115	0.0	0	0.0	1703.7876348462887	1	0	1	0.9424332624443299
307323.13703003933	500.0	1380.6506048065949	0.0	0	0.0	1703.7876348462887	1	0	1	-0.09728750839558814
308200.0	1000.0	1503.7876348459608	0.0	0	40.252514063438866	1703.7876348462887	1	0	1	0.9424332624443255
309200.0	1000.0	1503.7876348459522	0.0	0	208.2033874890767	1703.7876348462887	1	0	1	1.6355804430042802
310200.0	1000.0	1503.7876348459854	0.0	0	285.81701998371864	1703.7876348462887	1	0	1	1.6355804430042753
311817.6887917825	1000.0	886.0988430635318	0.0	0	0.0	1703.787634846347	1	0	1	1.6355804430042697
312753.6951623887	500.0	950.0924724572815	0.0	0	0.0	1703.787634846347	1	0	1	-0.09728750839559391
313552.888349978	500.0	1150.8992848680252	0.0	0	0.0	1703.787634846347	1	0	1	0.5958596721643515
314328.68060434144	500.0	1375.1070305045791	0.0	0	0.0	1703.787634846347	1	0	1	0.5958596721643515
315200.0	500.0	1503.7876348460034	0.0	0	183.19782203593059	1703.787634846347	1	0	1	0.5958596721643515
316200.0	500.0	1503.787634845941	0.0	0	353.1054033062537	1703.787634846347	1	0	1	0.5958596721643515
317200.0	500.0	1503.7876348459156	0.0	0	456.0010203581187	1703.7876348462887	1	0	1	0.5958596721643573
318200.0	500.0	1503.7876348459274	0.0	0	304.2902271011262	1703.7876348462887	1	0	1	0.5958596721643573
319200.0	500.0	1503.787634845926	0.0	0	362.17134913173504	1703.7876348462305	1	0	1	0.5958596721643632
320200.0	500.0	1503.7876348459467	0.0	0	42.209423239168245	1703.7876348462305	1	0	1	0.5958596721643632
321200.0	500.0	1503.7876348460024	0.0	0	415.01120578404516	1703.7876348462887	1	0	1	0.5958596721643573
322541.5187171877	1000.0	1162.2689176582703	0.0	0	0.0	1703.7876348461723	1	0	1	0.9424332624443393
323200.0	500.0	1503.7876348459426	0.0	0	141.50412370148115	1703.787634846114	1	0	1	-0.0972875083955706
324232.5613928688	1000.0	1471.2262419771318	0.0	0	0.0	1703.7876348461723	1	0	1	0.9424332624443452
325200.0	500.0	1503.7876348458988	0.0	0	360.1913636884419	1703.7876348461723	1	0	1	-0.09728750839557648
326200.0	1000.0	1503.7876348458599	0.0	0	6.772040742624085	1703.7876348461723	1	0	1	0.9424332624443416
327200.0	500.0	1503.7876348457996	0.0	0	490.0249327591155	1703.7876348461723	1	0	1	-0.09728750839557648
328200.0	500.0	1503.7876348458512	0.0	0	406.5904932632111	1703.7876348461723	1	0	1	0.595859672164369
329760.8791194727	1000.0	942.9085153731779	0.0	0	0.0	1703.7876348462305	1	0	1	0.9424332624443371
330521.6488041	500.0	1182.1388307458294	0.0	0	0.0	1703.7876348462305	1	0	1	-0.09728750839558226
331200.0	500.0	1503.7876348458624	0.0	0	108.438281731389	1703.7876348462305	1	0	1	0.5958596721643632
332200.0	1000.0	1503.7876348458574	0.0	0	58.040130200621206	1703.7876348462305	1	0	1	0.942433262444336
333200.0	1000.0	1503.7876348459	0.0	0	34.13715225784108	1703.7876348462305	1	0	1	1.6355804430042813
334200.0	1000.0	1503.7876348459126	0.0	0	102.53686098079197	1703.7876348462305	1	0	1	1.6355804430042813
335537.9920815073	1000.0	1165.7955533385948	0.0	0	0.0	1703.7876348462305	1	0	1	1.6355804430042813
336322.42601308704	500.0	1381.3616217588337	0.0	0	0.0	1703.7876348462305	1	0	1	-0.09728750839558226
337338.63715878164	1000.0	1365.1504760642283	0.0	0	0.0	1703.7876348461723	1	0	1	0.9424332624443393
338200.0	500.0	1503.7876348458667	0.0	0	362.6613548588357	1703.7876348461723	1	0	1	-0.09728750839557648
339200.0	500.0	1503.7876348458856	0.0	0	617.6719441314926	1703.7876348461723	1	0	1	0.595859672164369
340200.0	1000.0	1503.787634845902	0.0	0	189.03633277059998	1703.7876348462305	1	0	1	0.9424332624443404
341200.0	1000.0	1503.7876348458865	0.0	0	193.65923405310605	1703.7876348462305	1	0	1	1.6355804430042857
343822.83696976036	1000.0	200.0	319.0493349145801	0	0.0	2022.836969760654	1	0	1	-0.2932771538307877
344442.0223358283	300.0	671.1954941296613	90.3808601975693	0	0.0	2113.2178299579537	1	0	1	-1.9575797485071478
344826.1136910202	300.0	1248.6950034185945	0.0	0	0.0	2074.808694438776	1	0	2	-0.608397783300239
0.56	0.28	0.61	0.67	0.75	0.66	0.65	0.78	1.09	1.02	1.16	0.75	0.56	0.7	0.74	0.64	0.89	0.91	0.87	1.01	1.04	1.05	1.02	1.4	1.38	1.68	1.23	0.54	1.66	1.08	1.03	0.73	0.82	1.01	1.04	1.51	1.47	0.72	0.6	0.86	0.68	0.95	0.94	1.37	0.89	1.02	0.66	0.83	1.11	1.27	0.87	0.87	1.08	1.24	1.56	0.96	0.73	1.04	1.22	0.76	0.96	0.68	0.67	0.9	0.73	0.83	1.26	0.82	0.75	1.22	1.73	1.64	1.29	0.74	0.56	0.43	0.58	1.01	0.76	0.81	1.04	0.98	1.0	0.53	0.34	0.45	0.56	0.59	0.51	0.56	0.7	0.76	0.5	0.64	1.11	1.63	1.16	1.02	1.22	0.83	0.73	1.03	1.24	0.76	0.98	1.61	1.42	0.64	1.29	1.1	0.86	0.82	1.03	0.75	1.0	1.31	1.63	1.29	0.67	0.57	0.54	0.63	0.94	0.98	1.01	0.63	1.01	0.75	0.7	0.76	0.81	0.69	0.94	0.83	1.09	1.14	0.74	0.75	1.03	1.26	1.37	1.15	0.83	0.65	0.85	1.05	1.81	1.48	1.05	1.1	0.56	0.28	0.61	0.67	0.75	0.66	0.65	0.78	1.09	1.02	1.16	0.75	0.56	0.7	0.74	0.64	0.89	0.91	0.87	1.01	1.04	1.05	1.02	1.4	1.38	1.68	1.23	0.54	1.66	1.08	1.03	0.73	0.82	1.01	1.04	1.51	1.47	0.72	0.6	0.86	0.68	0.95	0.94	1.37	0.89	1.02	0.66	0.83	1.11	1.27	0.87	0.87	1.08	1.24	1.56	0.96	0.73	1.04	1.22	0.76	0.96	0.68	0.67	0.9	0.73	0.83	1.26	0.82	0.75	1.22	1.73	1.64	1.29	0.74	0.56	0.43	0.58	1.01	0.76	0.81	1.04	0.98	1.0	0.53	0.34	0.45	0.56	0.59	0.51	0.56	0.7	0.76	0.5	0.64	1.11	1.63	1.16	1.02	1.22	0.83	0.73	1.03	1.24	0.76	0.98	1.61	1.42	0.64	1.29	1.1	0.86	0.82	1.03	0.75	1.0	1.31	1.63	1.29	0.67	0.57	0.54	0.63	0.94	0.98	1.01	0.63	1.01	0.75	0.7	0.76	0.81	0.69	0.94	0.83	1.09	1.14	0.74	0.75	1.03	1.26	1.37	1.15	0.83	0.65	0.85	1.05	1.81	1.48	1.05	1.1	0.56	0.28	0.61	0.67	0.75	0.66	0.65	0.78	1.09	1.02	1.16	0.75	0.56	0.7	0.74	0.64	0.89	0.91	0.87	1.01	1.04	1.05	1.02	1.4	1.38	1.68	1.23	0.54	1.66	1.08	1.03	0.73	0.82	1.01	1.04	1.51	1.47	0.72	0.6	0.86	0.68	0.95	0.94	1.37	0.89	1.02
1.0	2.0	3.0	4.0	5.0	6.0	7.0	8.0	9.0	10.0	11.0	12.0	13.0	14.0	15.0	16.0	17.0	18.0	19.0	20.0	21.0	22.0	23.0	24.0	25.0	26.0	27.0	28.0	29.0	30.0	31.0	32.0	33.0	34.0	35.0	36.0	37.0	38.0	39.0	40.0	41.0	42.0	43.0	44.0	45.0	46.0	47.0	48.0	49.0	50.0	51.0	52.0	53.0	54.0	55.0	56.0	57.0	58.0	59.0	60.0	61.0	62.0	63.0	64.0	65.0	66.0	67.0	68.0	69.0	70.0	71.0	72.0	73.0	74.0	75.0	76.0	77.0	78.0	79.0	80.0	81.0	82.0	83.0	84.0	85.0	86.0	87.0	88.0	89.0	90.0	91.0	92.0	93.0	94.0	95.0	96.0	97.0	98.0	99.0	100.0	101.0	102.0	103.0	104.0	105.0	106.0	107.0	108.0	109.0	110.0	111.0	112.0	113.0	114.0	115.0	116.0	117.0	118.0	119.0	120.0	121.0	122.0	123.0	124.0	125.0	126.0	127.0	128.0	129.0	130.0	131.0	132.0	133.0	134.0	135.0	136.0	137.0	138.0	139.0	140.0	141.0	142.0	143.0	144.0	145.0	146.0	147.0	148.0	149.0	149.0	150.0	151.0	152.0	153.0	154.0	155.0	156.0	157.0	158.0	159.0	160.0	161.0	162.0	163.0	164.0	165.0	166.0	167.0	168.0	169.0	170.0	171.0	172.0	173.0	174.0	175.0	176.0	177.0	178.0	179.0	180.0	181.0	182.0	183.0	184.0	185.0	186.0	187.0	188.0	189.0	190.0	191.0	192.0	193.0	194.0	195.0	196.0	197.0	198.0	199.0	200.0	201.0	202.0	203.0	204.0	205.0	206.0	207.0	208.0	209.0	210.0	211.0	212.0	213.0	214.0	215.0	216.0	217.0	218.0	219.0	220.0	221.0	222.0	223.0	224.0	225.0	226.0	227.0	228.0	229.0	230.0	231.0	232.0	233.0	234.0	235.0	236.0	237.0	238.0	239.0	240.0	241.0	242.0	243.0	244.0	245.0	246.0	247.0	248.0	249.0	250.0	251.0	252.0	253.0	254.0	255.0	256.0	257.0	258.0	259.0	260.0	261.0	262.0	263.0	264.0	265.0	266.0	267.0	268.0	269.0	270.0	271.0	272.0	273.0	274.0	275.0	276.0	277.0	278.0	279.0	280.0	281.0	282.0	283.0	284.0	285.0	286.0	287.0	288.0	289.0	290.0	291.0	292.0	293.0	294.0	295.0	296.0	297.0	298.0	298.0	299.0	300.0	301.0	302.0	303.0	304.0	305.0	306.0	307.0	308.0	309.0	310.0	311.0	312.0	313.0	314.0	315.0	316.0	317.0	318.0	319.0	320.0	321.0	322.0	323.0	324.0	325.0	326.0	327.0	328.0	329.0	330.0	331.0	332.0	333.0	334.0	335.0	336.0	337.0	338.0	339.0	340.0	341.0	342.0	343.0	344.0
2818.8201278420806
