3426.730068068888	300.0	2000.0	448.22223500399224	0	0.0	3426.730068068888	1	0	1	-3.021525517791411
5200.0	500.0	1126.7	0.0	0	269.3110487518443	1326.6999999999998	1	0	2	-0.2808785236015358
6200.0	500.0	1126.6999999999998	0.0	0	134.07185021014902	1326.6999999999998	1	0	1	0.43356843564898606
7200.0	500.0	1126.7000000000007	0.0	0	108.44566027260953	1326.6999999999998	1	0	1	0.6335684356489862
8200.0	500.0	1126.700000000001	0.0	0	452.1488766371376	1326.7000000000007	1	0	1	0.6335684356489861
9200.0	500.0	1126.7	0.0	0	230.9004945984816	1326.6999999999998	1	0	1	0.6335684356489861
10200.0	500.0	1126.6999999999996	0.0	0	559.7775191143028	1326.7000000000007	1	0	1	0.6335684356489862
11200.0	500.0	1126.7	0.0	0	408.5256265996177	1326.7000000000007	1	0	1	0.6335684356489861
12200.0	500.0	1126.7000000000003	0.0	0	491.813343351645	1326.7000000000007	1	0	1	0.6335684356489861
13200.0	500.0	1126.7000000000014	0.0	0	429.9515712394441	1326.7000000000007	1	0	1	0.6335684356489861
14200.0	500.0	1126.6999999999996	0.0	0	573.1567185607746	1326.7000000000007	1	0	1	0.6335684356489861
15200.0	500.0	1126.6999999999998	0.0	0	323.43494166117125	1326.7000000000007	1	0	1	0.6335684356489861
16200.0	500.0	1126.7000000000003	0.0	0	440.27586448176226	1326.7000000000007	1	0	1	0.6335684356489861
17200.0	500.0	1126.6999999999985	0.0	0	463.6873298095161	1326.699999999999	1	0	1	0.6335684356489864
18200.0	500.0	1126.6999999999982	0.0	0	533.2448898879302	1326.7000000000044	1	0	1	0.6335684356489859
19200.0	500.0	1126.6999999999964	0.0	0	534.397397454959	1326.7000000000007	1	0	1	0.6335684356489861
20200.0	500.0	1126.699999999995	0.0	0	491.09545035901465	1326.7000000000007	1	0	1	0.6335684356489861
21200.0	500.0	1126.6999999999928	0.0	0	677.104312354797	1326.7000000000007	1	0	1	0.6335684356489861
22200.0	500.0	1126.6999999999898	0.0	0	615.7913189059182	1326.7000000000007	1	0	1	0.6335684356489861
23200.0	500.0	1126.6999999999914	0.0	0	322.8442595942215	1326.699999999997	1	0	1	0.6335684356489866
24200.0	500.0	1126.699999999992	0.0	0	509.8608606748494	1326.6999999999935	1	0	1	0.6335684356489868
25200.0	1000.0	1126.69999999999	0.0	0	81.46179283173478	1326.6999999999898	1	0	1	0.98014202592896
26427.91756492615	1000.0	898.7824350738414	0.0	0	0.0	1326.6999999999862	1	0	1	1.6732892064889058
27200.0	500.0	1126.6999999999875	0.0	0	92.91367544349123	1326.6999999999862	1	0	1	-0.059578744910957826
28200.0	500.0	1126.6999999999891	0.0	0	524.9365825392051	1326.6999999999862	1	0	1	0.6335684356489877
29200.0	500.0	1126.6999999999857	0.0	0	752.4552097124069	1326.6999999999862	1	0	1	0.6335684356489877
30200.0	1000.0	1126.699999999983	0.0	0	575.5367587754772	1326.6999999999862	1	0	1	0.9801420259289604
31200.0	1000.0	1126.6999999999812	0.0	0	633.1635425953464	1326.6999999999898	1	0	1	1.6732892064889056
32200.0	1000.0	1126.6999999999787	0.0	0	134.94953702717248	1326.6999999999898	1	0	1	1.6732892064889056
33200.0	1000.0	1126.699999999978	0.0	0	220.49389229994995	1326.6999999999898	1	0	1	1.6732892064889056
34212.9304475043	1000.0	1113.769552495672	0.0	0	0.0	1326.6999999999898	1	0	1	1.6732892064889056
35200.0	1000.0	1126.6999999999803	0.0	0	137.24714115758252	1326.6999999999898	1	0	1	1.6732892064889056
36200.0	1000.0	1126.6999999999803	0.0	0	145.08083801632165	1326.6999999999898	1	0	1	1.6732892064889056
37307.05805759962	1000.0	1019.6419424003607	0.0	0	0.0	1326.6999999999898	1	0	1	1.6732892064889056
38200.0	500.0	1126.6999999999853	0.0	0	192.24718850825593	1326.699999999997	1	0	1	-0.05957874491095835
39200.0	500.0	1126.6999999999741	0.0	0	509.6294746487474	1326.699999999997	1	0	1	0.6335684356489866
40200.0	500.0	1126.6999999999741	0.0	0	334.2302225318854	1326.699999999997	1	0	1	0.6335684356489866
41200.0	500.0	1126.6999999999744	0.0	0	397.0265441181182	1326.699999999997	1	0	1	0.6335684356489866
42200.0	500.0	1126.6999999999698	0.0	0	49.23265385429113	1326.699999999997	1	0	1	0.6335684356489866
43200.0	500.0	1126.699999999972	0.0	0	272.49207403984474	1326.7000000000044	1	0	1	0.6335684356489858
44200.0	500.0	1126.6999999999794	0.0	0	546.627719045071	1326.699999999997	1	0	1	0.6335684356489866
45200.0	500.0	1126.6999999999846	0.0	0	256.96245068864664	1326.699999999997	1	0	1	0.6335684356489866
46200.0	500.0	1126.699999999987	0.0	0	419.7881771626344	1326.699999999997	1	0	1	0.6335684356489866
47200.0	500.0	1126.699999999992	0.0	0	434.44300414617464	1326.699999999997	1	0	1	0.6335684356489866
48200.0	500.0	1126.6999999999991	0.0	0	273.27720281035	1326.699999999997	1	0	1	0.6335684356489866
49200.0	500.0	1126.7000000000073	0.0	0	362.0988240213628	1326.699999999997	1	0	1	0.6335684356489866
50200.0	500.0	1126.7000000000066	0.0	0	478.2479185389675	1326.699999999997	1	0	1	0.6335684356489866
51200.0	500.0	1126.7	0.0	0	245.67264240191435	1326.6999999999898	1	0	1	0.6335684356489872
52200.0	500.0	1126.6999999999944	0.0	0	319.49281358076405	1326.6999999999898	1	0	1	0.6335684356489872
53200.0	500.0	1126.699999999996	0.0	0	509.5316425837227	1326.699999999997	1	0	1	0.6335684356489866
54200.0	500.0	1126.7000000000005	0.0	0	447.90103680006723	1326.7000000000044	1	0	1	0.6335684356489858
55200.0	500.0	1126.7000000000025	0.0	0	114.86695919066551	1326.7000000000044	1	0	1	0.6335684356489858
56200.0	500.0	1126.7000000000012	0.0	0	523.0629345347479	1326.699999999997	1	0	1	0.6335684356489866
57200.0	500.0	1126.7000000000012	0.0	0	390.0088096137988	1326.699999999997	1	0	1	0.6335684356489866
58200.0	500.0	1126.7000000000066	0.0	0	369.61987452748144	1326.7000000000044	1	0	1	0.6335684356489858
59200.0	500.0	1126.7000000000116	0.0	0	420.9513754323707	1326.7000000000116	1	0	1	0.6335684356489851
60200.0	500.0	1126.7000000000057	0.0	0	429.49857308061473	1326.7000000000116	1	0	1	0.6335684356489851
61200.0	500.0	1126.6999999999996	0.0	0	669.9511017622644	1326.7000000000116	1	0	1	0.6335684356489851
62200.0	500.0	1126.6999999999957	0.0	0	600.7433588266067	1326.7000000000116	1	0	1	0.6335684356489851
63200.0	500.0	1126.6999999999923	0.0	0	414.8090343578733	1326.7000000000044	1	0	1	0.6335684356489858
64200.0	500.0	1126.6999999999935	0.0	0	530.0364741602971	1326.7000000000044	1	0	1	0.6335684356489858
65200.0	500.0	1126.6999999999882	0.0	0	641.7726649620527	1326.7000000000044	1	0	1	0.6335684356489858
66200.0	500.0	1126.6999999999887	0.0	0	626.0111848720917	1326.7000000000116	1	0	1	0.6335684356489854
67200.0	500.0	1126.699999999978	0.0	0	459.46368214060203	1326.7000000000116	1	0	1	0.6335684356489852
68200.0	500.0	1126.6999999999755	0.0	0	590.8527460496261	1326.7000000000116	1	0	1	0.6335684356489851
69244.08968768109	1000.0	1082.6103123188736	0.0	0	0.0	1326.7000000000116	1	0	1	0.9801420259289578
70200.0	1000.0	1126.6999999999698	0.0	0	76.43161818936642	1326.7000000000116	1	0	1	1.6732892064889033
71595.89148337881	1000.0	730.8085166211509	0.0	0	0.0	1326.7000000000262	1	0	1	1.6732892064889016
72377.99368951678	500.0	948.7063104831718	0.0	0	0.0	1326.7000000000116	1	0	1	-0.05957874491096038
73200.0	500.0	1126.6999999999564	0.0	0	214.52855114305567	1326.7000000000116	1	0	1	0.6335684356489851
74200.0	500.0	1126.6999999999568	0.0	0	425.0561420678714	1326.7000000000116	1	0	1	0.6335684356489851
75200.0	500.0	1126.6999999999575	0.0	0	697.9327845318621	1326.7000000000116	1	0	1	0.6335684356489851
76200.0	500.0	1126.6999999999714	0.0	0	765.4912297094852	1326.7000000000116	1	0	1	0.6335684356489851
77200.0	1000.0	1126.6999999999548	0.0	0	19.995167888584547	1326.7000000000116	1	0	1	0.9801420259289578
78200.0	1000.0	1126.6999999999457	0.0	0	108.06468500373012	1326.7000000000116	1	0	1	1.6732892064889033
79501.87886378312	1000.0	824.8211362168538	0.0	0	0.0	1326.7000000000116	1	0	1	1.6732892064889033
80204.2543429798	500.0	1122.4456570201676	0.0	0	0.0	1326.7000000000116	1	0	1	-0.05957874491096038
81200.0	1000.0	1126.6999999999598	0.0	0	72.6456294938398	1326.7000000000116	1	0	1	0.9801420259289578
82200.0	500.0	1126.699999999953	0.0	0	339.9754555547406	1326.7000000000116	1	0	1	-0.05957874491096038
83200.0	500.0	1126.6999999999462	0.0	0	586.2194459660968	1326.7000000000116	1	0	1	0.6335684356489851
84200.0	500.0	1126.699999999948	0.0	0	492.3481099920318	1326.699999999997	1	0	1	0.6335684356489866
85200.0	500.0	1126.699999999962	0.0	0	31.11267430782027	1326.699999999997	1	0	1	0.6335684356489866
86200.0	500.0	1126.699999999969	0.0	0	264.18999705364695	1326.699999999997	1	0	1	0.6335684356489866
87200.0	500.0	1126.6999999999698	0.0	0	481.5445142890967	1326.699999999997	1	0	1	0.6335684356489866
88200.0	500.0	1126.6999999999755	0.0	0	403.86025242660253	1326.699999999997	1	0	1	0.6335684356489866
89239.47532138557	500.0	1087.2246786144137	0.0	0	0.0	1326.699999999997	1	0	1	0.6335684356489866
90207.00934093741	500.0	1119.690659062585	0.0	0	0.0	1326.7000000000116	1	0	1	0.6335684356489851
91200.0	500.0	1126.6999999999869	0.0	0	204.21911737060873	1326.7000000000116	1	0	1	0.6335684356489851
92200.0	500.0	1126.6999999999994	0.0	0	480.38453473037225	1326.7000000000262	1	0	1	0.6335684356489836
93200.0	500.0	1126.6999999999914	0.0	0	585.7318058681994	1326.7000000000116	1	0	1	0.6335684356489851
94200.0	500.0	1126.699999999996	0.0	0	615.936121601233	1326.7000000000116	1	0	1	0.6335684356489851
95200.0	500.0	1126.6999999999819	0.0	0	529.9005671047053	1326.7000000000116	1	0	1	0.6335684356489851
96200.0	500.0	1126.699999999984	0.0	0	29.393446112866513	1326.7000000000116	1	0	1	0.6335684356489851
97200.0	500.0	1126.6999999999762	0.0	0	485.1046204969607	1326.7000000000116	1	0	1	0.6335684356489851
98200.0	500.0	1126.6999999999773	0.0	0	252.99959937730455	1326.7000000000262	1	0	1	0.6335684356489836
99200.0	500.0	1126.6999999999848	0.0	0	471.3738913788693	1326.7000000000262	1	0	1	0.6335684356489836
100200.0	500.0	1126.699999999992	0.0	0	289.4973905101506	1326.7000000000262	1	0	1	0.6335684356489836
101200.0	500.0	1126.6999999999757	0.0	0	323.53063744091196	1326.7000000000262	1	0	1	0.6335684356489836
102200.0	500.0	1126.6999999999812	0.0	0	473.523128477711	1326.7000000000262	1	0	1	0.6335684356489836
103200.0	500.0	1126.6999999999962	0.0	0	349.94291031300963	1326.7000000000262	1	0	1	0.6335684356489836
104200.0	500.0	1126.7000000000057	0.0	0	449.3496724879951	1326.7000000000262	1	0	1	0.6335684356489836
105200.0	500.0	1126.6999999999957	0.0	0	490.025522459895	1326.7000000000262	1	0	1	0.6335684356489836
106200.0	500.0	1126.7000000000107	0.0	0	398.09345000842586	1326.7000000000262	1	0	1	0.6335684356489836
107200.0	500.0	1126.700000000008	0.0	0	210.94102054598625	1326.7000000000262	1	0	1	0.6335684356489836
108200.0	500.0	1126.7000000000023	0.0	0	251.20753806552966	1326.7000000000407	1	0	1	0.6335684356489821
109200.0	500.0	1126.7000000000012	0.0	0	562.8832422414707	1326.7000000000553	1	0	1	0.6335684356489807
110200.0	500.0	1126.6999999999848	0.0	0	441.62595462365425	1326.7000000000553	1	0	1	0.6335684356489807
111200.0	500.0	1126.6999999999744	0.0	0	376.55555787593767	1326.7000000000553	1	0	1	0.6335684356489807
112200.0	500.0	1126.6999999999882	0.0	0	552.0315492681984	1326.7000000000553	1	0	1	0.6335684356489807
113200.0	500.0	1126.6999999999994	0.0	0	445.36265937253484	1326.7000000000698	1	0	1	0.6335684356489792
114200.0	500.0	1126.6999999999978	0.0	0	377.7452856129821	1326.7000000000698	1	0	1	0.6335684356489792
115408.5138140222	500.0	918.1861859778044	0.0	0	0.0	1326.7000000000698	1	0	1	0.6335684356489792
116214.91098059941	500.0	1111.7890194005859	0.0	0	0.0	1326.7000000000553	1	0	1	0.6335684356489807
117200.0	500.0	1126.6999999999903	0.0	0	402.347904211696	1326.7000000000407	1	0	1	0.6335684356489821
118200.0	500.0	1126.6999999999935	0.0	0	396.2168526841124	1326.7000000000407	1	0	1	0.6335684356489821
119200.0	500.0	1126.699999999987	0.0	0	582.6670605328109	1326.7000000000262	1	0	1	0.6335684356489836
120200.0	500.0	1126.6999999999825	0.0	0	547.1155824178422	1326.7000000000262	1	0	1	0.6335684356489836
121200.0	500.0	1126.699999999969	0.0	0	80.81286956867552	1326.7000000000262	1	0	1	0.6335684356489836
122286.37290987092	500.0	1040.3270901290352	0.0	0	0.0	1326.7000000000262	1	0	1	0.6335684356489836
123200.0	500.0	1126.6999999999498	0.0	0	159.97593981334649	1326.7000000000262	1	0	1	0.6335684356489836
124200.0	500.0	1126.699999999951	0.0	0	246.5740192783851	1326.7000000000262	1	0	1	0.6335684356489836
125200.0	500.0	1126.6999999999346	0.0	0	667.8458597816207	1326.7000000000407	1	0	1	0.6335684356489821
126200.0	500.0	1126.6999999999393	0.0	0	629.1699922100379	1326.7000000000407	1	0	1	0.6335684356489821
127200.0	500.0	1126.6999999999466	0.0	0	578.1804189305694	1326.7000000000407	1	0	1	0.6335684356489821
128200.0	500.0	1126.699999999946	0.0	0	605.5218902077759	1326.7000000000262	1	0	1	0.6335684356489836
129200.0	1000.0	1126.69999999996	0.0	0	120.14962750996347	1326.7000000000262	1	0	1	0.9801420259289562
130233.75107873992	1000.0	1092.9489212600292	0.0	0	0.0	1326.7000000000262	1	0	1	1.6732892064889016
131200.0	1000.0	1126.6999999999634	0.0	0	42.60877172878827	1326.7000000000262	1	0	1	1.6732892064889016
132356.10074826982	1000.0	970.5992517301424	0.0	0	0.0	1326.7000000000262	1	0	1	1.6732892064889024
133200.0	500.0	1126.699999999957	0.0	0	74.8829059205309	1326.7000000000407	1	0	1	-0.05957874491096338
134200.0	500.0	1126.6999999999443	0.0	0	528.1592285842344	1326.7000000000407	1	0	1	0.6335684356489821
135200.0	500.0	1126.699999999928	0.0	0	420.91928362759063	1326.7000000000407	1	0	1	0.6335684356489821
136200.0	500.0	1126.699999999914	0.0	0	369.44916561449645	1326.7000000000116	1	0	1	0.6335684356489851
137200.0	500.0	1126.6999999998952	0.0	0	549.860868058895	1326.7000000000116	1	0	1	0.6335684356489851
138200.0	500.0	1126.6999999999068	0.0	0	481.96647065269644	1326.7000000000116	1	0	1	0.6335684356489851
139200.0	500.0	1126.6999999998925	0.0	0	560.1294051062141	1326.6999999999825	1	0	1	0.6335684356489879
140200.0	500.0	1126.6999999998586	0.0	0	547.8054567289946	1326.6999999999825	1	0	1	0.6335684356489879
141200.0	500.0	1126.6999999998272	0.0	0	359.0887236658309	1326.6999999999825	1	0	1	0.6335684356489879
142431.83894323063	1000.0	894.8610567691807	0.0	0	0.0	1326.6999999999825	1	0	1	0.9801420259289606
143200.0	500.0	1126.6999999998097	0.0	0	212.2785550909466	1326.6999999999825	1	0	1	-0.05957874491095749
144200.0	500.0	1126.6999999998266	0.0	0	548.8674929533445	1326.6999999999825	1	0	1	0.6335684356489879
145200.0	500.0	1126.6999999998204	0.0	0	323.86531534744427	1326.6999999999825	1	0	1	0.6335684356489879
146200.0	500.0	1126.699999999813	0.0	0	34.882137485954445	1326.6999999999825	1	0	1	0.6335684356489879
147200.0	500.0	1126.6999999998402	0.0	0	5.5137184068444185	1326.6999999999825	1	0	1	0.6335684356489879
148200.0	500.0	1126.699999999866	0.0	0	410.6042963375221	1326.6999999999825	1	0	1	0.6335684356489879
149200.0	500.0	1126.6999999998384	0.0	0	111.59270326542901	1326.6999999999825	1	0	1	0.6335684356489879
150200.0	500.0	1126.6999999998204	0.0	0	179.25413586382638	1326.6999999999825	1	0	1	0.6335684356489879
151200.0	500.0	1126.6999999998018	0.0	0	383.0326050744625	1326.6999999999825	1	0	1	0.6335684356489879
152200.0	500.0	1126.6999999998193	0.0	0	395.7620033924468	1326.6999999999825	1	0	1	0.6335684356489879
153294.91389578625	500.0	1031.7861042135564	0.0	0	0.0	1326.6999999999825	1	0	1	0.6335684356489879
154200.0	500.0	1126.6999999998138	0.0	0	227.28102849962306	1326.6999999999825	1	0	1	0.6335684356489879
155200.0	500.0	1126.6999999998177	0.0	0	91.19136019665166	1326.6999999999825	1	0	1	0.6335684356489879
156200.0	500.0	1126.699999999819	0.0	0	178.25292250717757	1326.6999999999534	1	0	1	0.633568435648991
157200.0	500.0	1126.6999999998066	0.0	0	102.08007978225942	1326.6999999999534	1	0	1	0.633568435648991
158200.0	500.0	1126.6999999998438	0.0	0	250.61127649625996	1326.6999999999534	1	0	1	0.633568435648991
159200.0	500.0	1126.6999999998266	0.0	0	438.4114903668524	1326.6999999999534	1	0	1	0.633568435648991
160200.0	500.0	1126.6999999998259	0.0	0	353.6199526382261	1326.6999999999534	1	0	1	0.633568435648991
161200.0	500.0	1126.699999999837	0.0	0	548.3711234323855	1326.6999999999534	1	0	1	0.633568435648991
162200.0	500.0	1126.6999999998263	0.0	0	392.72536576364655	1326.6999999999243	1	0	1	0.6335684356489937
163200.0	500.0	1126.699999999817	0.0	0	638.2605751531955	1326.6999999999243	1	0	1	0.6335684356489937
164200.0	500.0	1126.6999999998093	0.0	0	206.60498575659585	1326.6999999999243	1	0	1	0.6335684356489937
165200.0	500.0	1126.699999999826	0.0	0	620.4261936660041	1326.6999999999243	1	0	1	0.6335684356489937
166200.0	500.0	1126.699999999808	0.0	0	449.4762155211065	1326.6999999999243	1	0	1	0.6335684356489937
167200.0	500.0	1126.6999999998245	0.0	0	530.1418287730194	1326.6999999999243	1	0	1	0.6335684356489937
168200.0	500.0	1126.6999999998332	0.0	0	396.6306098488567	1326.6999999999243	1	0	1	0.6335684356489937
169200.0	500.0	1126.699999999835	0.0	0	572.7527269680868	1326.6999999999243	1	0	1	0.6335684356489937
170200.0	500.0	1126.699999999822	0.0	0	489.76858238942805	1326.6999999999243	1	0	1	0.6335684356489937
171200.0	500.0	1126.6999999998216	0.0	0	478.81007143933675	1326.6999999999534	1	0	1	0.633568435648991
172200.0	500.0	1126.6999999998197	0.0	0	314.08399640137213	1326.6999999999534	1	0	1	0.633568435648991
173200.0	500.0	1126.6999999998284	0.0	0	585.2361269607791	1326.6999999999534	1	0	1	0.633568435648991
174200.0	1000.0	1126.6999999998402	0.0	0	77.8944732255186	1326.6999999999534	1	0	1	0.9801420259289637
175337.08763459587	1000.0	989.612365403975	0.0	0	0.0	1326.6999999999534	1	0	1	1.673289206488909
176200.0	500.0	1126.6999999998818	0.0	0	263.6569785270258	1326.6999999999825	1	0	1	-0.05957874491095749
177200.0	500.0	1126.6999999998707	0.0	0	553.1977006282832	1326.6999999999825	1	0	1	0.6335684356489879
178200.0	500.0	1126.6999999998902	0.0	0	692.7030181028822	1326.6999999999825	1	0	1	0.6335684356489879
179200.0	1000.0	1126.6999999999023	0.0	0	522.5692427509639	1326.6999999999825	1	0	1	0.9801420259289606
180200.0	1000.0	1126.6999999998875	0.0	0	447.2268781567982	1326.6999999999825	1	0	1	1.673289206488906
181200.0	1000.0	1126.699999999892	0.0	0	354.71711319871247	1326.7000000000116	1	0	1	1.6732892064889033
182200.0	1000.0	1126.699999999883	0.0	0	224.67481574841077	1326.7000000000116	1	0	1	1.6732892064889033
183266.3471984883	1000.0	1060.352801511584	0.0	0	0.0	1326.7000000000407	1	0	1	1.6732892064889002
184409.43888186396	1000.0	917.2611181359384	0.0	0	0.0	1326.7000000000116	1	0	1	1.6732892064889033
185779.3585888938	1000.0	547.3414111060919	0.0	0	0.0	1326.7000000000116	1	0	1	1.6732892064889033
186504.5961273374	500.0	822.1038726625101	0.0	0	0.0	1326.7000000000116	1	0	1	-0.05957874491096038
187200.0	500.0	1126.6999999998893	0.0	0	49.31347640280728	1326.7000000000116	1	0	1	0.6335684356489851
188200.0	500.0	1126.6999999998902	0.0	0	552.35277560947	1326.7000000000116	1	0	1	0.6335684356489851
189200.0	500.0	1126.6999999998745	0.0	0	493.21112981269835	1326.7000000000116	1	0	1	0.6335684356489851
190200.0	500.0	1126.6999999998413	0.0	0	622.23031809245	1326.7000000000116	1	0	1	0.6335684356489851
191200.0	500.0	1126.699999999857	0.0	0	305.8578252046136	1326.7000000000116	1	0	1	0.6335684356489851
192200.0	500.0	1126.6999999998345	0.0	0	220.4596770160424	1326.7000000000116	1	0	1	0.6335684356489851
193200.0	500.0	1126.6999999998343	0.0	0	295.32326448650565	1326.7000000000116	1	0	1	0.6335684356489851
194200.0	500.0	1126.699999999848	0.0	0	177.87458313268144	1326.7000000000116	1	0	1	0.6335684356489851
195200.0	500.0	1126.699999999849	0.0	0	271.7312301781203	1326.7000000000116	1	0	1	0.6335684356489851
196200.0	500.0	1126.699999999845	0.0	0	434.80195118673146	1326.7000000000116	1	0	1	0.6335684356489851
197200.0	500.0	1126.699999999863	0.0	0	332.12817730088136	1326.7000000000116	1	0	1	0.6335684356489851
198200.0	500.0	1126.6999999998372	0.0	0	427.0603571437532	1326.7000000000116	1	0	1	0.6335684356489851
199200.0	500.0	1126.6999999998243	0.0	0	125.09276380890515	1326.7000000000116	1	0	1	0.6335684356489851
200200.0	500.0	1126.6999999998347	0.0	0	519.4706518667808	1326.7000000000116	1	0	1	0.6335684356489851
201200.0	500.0	1126.699999999832	0.0	0	492.90602967338054	1326.7000000000116	1	0	1	0.6335684356489851
202200.0	500.0	1126.6999999998777	0.0	0	332.18679967624485	1326.7000000000116	1	0	1	0.6335684356489851
203200.0	500.0	1126.6999999998839	0.0	0	501.8151474269689	1326.7000000000116	1	0	1	0.6335684356489851
204200.0	500.0	1126.6999999999196	0.0	0	348.45351261485484	1326.7000000000116	1	0	1	0.6335684356489851
205200.0	500.0	1126.6999999999096	0.0	0	583.9724901482696	1326.7000000000116	1	0	1	0.6335684356489851
206200.0	500.0	1126.6999999999307	0.0	0	322.5704536160338	1326.7000000000407	1	0	1	0.6335684356489821
207200.0	500.0	1126.6999999999503	0.0	0	496.14472027044394	1326.7000000000407	1	0	1	0.6335684356489821
208200.0	500.0	1126.699999999938	0.0	0	605.0207790807763	1326.7000000000407	1	0	1	0.6335684356489821
209200.0	500.0	1126.699999999938	0.0	0	391.8399293872353	1326.7000000000698	1	0	1	0.6335684356489792
210200.0	500.0	1126.6999999999164	0.0	0	533.4480487516266	1326.7000000000407	1	0	1	0.6335684356489821
211200.0	500.0	1126.6999999998843	0.0	0	595.7126077729336	1326.7000000000407	1	0	1	0.6335684356489821
212364.8172635828	1000.0	961.8827364170833	0.0	0	0.0	1326.7000000000116	1	0	1	0.980142025928956
213200.0	500.0	1126.6999999998873	0.0	0	269.0647904710204	1326.7000000000116	1	0	1	-0.05957874491096038
214200.0	500.0	1126.699999999901	0.0	0	516.5562988523452	1326.7000000000116	1	0	1	0.6335684356489851
215200.0	500.0	1126.69999999991	0.0	0	657.7005005213141	1326.7000000000116	1	0	1	0.6335684356489851
216200.0	500.0	1126.6999999999293	0.0	0	364.98859805980464	1326.7000000000116	1	0	1	0.6335684356489851
217200.0	500.0	1126.6999999999555	0.0	0	590.287654468324	1326.7000000000116	1	0	1	0.6335684356489851
218203.55034567992	1000.0	1123.1496543199773	0.0	0	0.0	1326.7000000000116	1	0	1	0.9801420259289578
219200.0	1000.0	1126.699999999885	0.0	0	73.86838711152086	1326.7000000000407	1	0	1	1.6732892064889002
220654.34004468287	1000.0	672.3599553170159	0.0	0	0.0	1326.7000000000116	1	0	1	1.6732892064889033
221200.0	500.0	1126.6999999998957	0.0	0	54.631409804162104	1326.7000000000407	1	0	1	-0.05957874491096338
222200.0	500.0	1126.6999999998905	0.0	0	423.76798566940124	1326.7000000000407	1	0	1	0.6335684356489821
223200.0	500.0	1126.6999999998761	0.0	0	610.9572809113306	1326.7000000000698	1	0	1	0.6335684356489792
224200.0	500.0	1126.6999999998777	0.0	0	700.053844267648	1326.7000000000698	1	0	1	0.6335684356489792
225200.0	500.0	1126.699999999893	0.0	0	771.6150791350228	1326.7000000000698	1	0	1	0.6335684356489792
226200.0	1000.0	1126.699999999922	0.0	0	152.5017480799288	1326.7000000000698	1	0	1	0.9801420259289519
227200.0	1000.0	1126.699999999893	0.0	0	97.97084790965891	1326.7000000000698	1	0	1	1.6732892064888973
228212.02570785943	1000.0	1114.674292140459	0.0	0	0.0	1326.7000000000407	1	0	1	1.6732892064889002
229200.0	1000.0	1126.6999999999136	0.0	0	27.553855617996305	1326.7000000000698	1	0	1	1.6732892064888973
230230.22897842634	1000.0	1096.4710215735693	0.0	0	0.0	1326.700000000099	1	0	1	1.6732892064888967
231200.0	500.0	1126.699999999883	0.0	0	217.71899919162388	1326.700000000099	1	0	1	-0.05957874491096915
232200.0	500.0	1126.699999999925	0.0	0	369.53432435833383	1326.700000000099	1	0	1	0.6335684356489762
233200.0	500.0	1126.699999999907	0.0	0	347.91154678122257	1326.700000000099	1	0	1	0.6335684356489762
234388.07306602784	500.0	938.6269339720353	0.0	0	0.0	1326.700000000099	1	0	1	0.6335684356489762
235200.0	500.0	1126.6999999998623	0.0	0	50.096867385320365	1326.700000000099	1	0	1	0.6335684356489762
236200.0	500.0	1126.6999999998698	0.0	0	274.7930253719969	1326.700000000099	1	0	1	0.6335684356489762
237200.0	500.0	1126.6999999998586	0.0	0	426.3089761690935	1326.700000000099	1	0	1	0.6335684356489762
238200.0	500.0	1126.6999999998638	0.0	0	66.10477519407868	1326.700000000128	1	0	1	0.6335684356489735
239285.4522874665	500.0	1041.2477125333662	0.0	0	0.0	1326.7000000001572	1	0	1	0.6335684356489706
240200.0	500.0	1126.6999999999027	0.0	0	417.4119940952223	1326.7000000001572	1	0	1	0.6335684356489706
241200.0	500.0	1126.6999999998877	0.0	0	415.1686435964075	1326.700000000128	1	0	1	0.6335684356489735
242200.0	500.0	1126.6999999998911	0.0	0	682.9960858405393	1326.7000000001572	1	0	1	0.6335684356489706
243200.0	500.0	1126.6999999999284	0.0	0	498.53263701003743	1326.7000000001572	1	0	1	0.6335684356489706
244200.0	500.0	1126.6999999999462	0.0	0	460.4820841762994	1326.7000000001572	1	0	1	0.6335684356489706
245200.0	500.0	1126.6999999999925	0.0	0	36.78097893454833	1326.7000000001572	1	0	1	0.6335684356489706
246200.0	500.0	1126.6999999999634	0.0	0	47.68032864446286	1326.700000000128	1	0	1	0.6335684356489735
247200.0	500.0	1126.6999999999227	0.0	0	280.599378228304	1326.700000000099	1	0	1	0.6335684356489762
248200.0	500.0	1126.6999999998934	0.0	0	326.14653983784956	1326.700000000099	1	0	1	0.6335684356489762
249200.0	500.0	1126.6999999999093	0.0	0	329.327468085743	1326.700000000099	1	0	1	0.6335684356489762
250200.0	500.0	1126.6999999999118	0.0	0	461.82601702812826	1326.700000000099	1	0	1	0.6335684356489762
251200.0	500.0	1126.6999999999346	0.0	0	397.05528301908635	1326.700000000099	1	0	1	0.6335684356489762
252200.0	500.0	1126.6999999999787	0.0	0	358.86824029972195	1326.700000000128	1	0	1	0.6335684356489735
253200.0	500.0	1126.6999999999864	0.0	0	373.0673239961907	1326.7000000001572	1	0	1	0.6335684356489706
254200.0	500.0	1126.6999999999705	0.0	0	479.7913827194425	1326.700000000128	1	0	1	0.6335684356489735
255200.0	500.0	1126.6999999999525	0.0	0	497.5218416333082	1326.700000000128	1	0	1	0.6335684356489735
256200.0	500.0	1126.6999999999516	0.0	0	377.6004362953536	1326.700000000128	1	0	1	0.6335684356489735
257200.0	500.0	1126.6999999999389	0.0	0	197.85008455082425	1326.700000000128	1	0	1	0.6335684356489735
258200.0	500.0	1126.699999999969	0.0	0	237.2022336810187	1326.7000000001572	1	0	1	0.6335684356489706
259200.0	500.0	1126.699999999952	0.0	0	303.6533770202659	1326.7000000001572	1	0	1	0.6335684356489706
260200.0	500.0	1126.6999999999853	0.0	0	468.3366787635605	1326.7000000001863	1	0	1	0.6335684356489677
261200.0	500.0	1126.6999999999825	0.0	0	353.53788051358424	1326.7000000001863	1	0	1	0.6335684356489677
262200.0	500.0	1126.6999999999837	0.0	0	446.5968596934399	1326.7000000001572	1	0	1	0.6335684356489706
263359.7139731014	500.0	966.9860268985266	0.0	0	0.0	1326.7000000000698	1	0	1	0.6335684356489739
264449.0572445816	500.0	877.6427554183763	0.0	0	0.0	1326.7000000000698	1	0	1	0.6335684356489792
265200.0	500.0	1126.7000000000012	0.0	0	146.95896511722822	1326.7000000000698	1	0	1	0.6335684356489792
266200.0	500.0	1126.700000000006	0.0	0	493.0207920864341	1326.7000000000698	1	0	1	0.6335684356489792
267200.0	500.0	1126.7000000000771	0.0	0	504.5478124723886	1326.7000000000116	1	0	1	0.6335684356489851
268200.0	500.0	1126.7000000000867	0.0	0	533.2712692260393	1326.7000000000698	1	0	1	0.6335684356489792
269200.0	500.0	1126.7000000001726	0.0	0	373.71433180751046	1326.7000000000698	1	0	1	0.6335684356489792
270266.1372905393	500.0	1060.5627094609154	0.0	0	0.0	1326.700000000128	1	0	1	0.6335684356489781
271328.1654731035	500.0	998.5345268966354	0.0	0	0.0	1326.7000000000698	1	0	1	0.6335684356489757
272200.0	500.0	1126.700000000148	0.0	0	167.97374985093484	1326.7000000000698	1	0	1	0.6335684356489792
273200.0	500.0	1126.7000000001494	0.0	0	435.3830279529211	1326.700000000128	1	0	1	0.6335684356489735
274200.0	500.0	1126.7000000001556	0.0	0	609.7989888740121	1326.700000000128	1	0	1	0.6335684356489735
275200.0	500.0	1126.7000000001678	0.0	0	562.9358726375503	1326.700000000128	1	0	1	0.6335684356489735
276200.0	500.0	1126.700000000111	0.0	0	558.6985609341064	1326.700000000128	1	0	1	0.6335684356489735
277200.0	500.0	1126.7000000000908	0.0	0	698.1136458503315	1326.7000000000698	1	0	1	0.6335684356489792
278200.0	1000.0	1126.7000000001058	0.0	0	171.5256902683759	1326.7000000000698	1	0	1	0.9801420259289519
279200.0	1000.0	1126.7000000000305	0.0	0	208.1773917710525	1326.7000000000698	1	0	1	1.6732892064888973
280548.29671732645	1000.0	778.4032826735612	0.0	0	0.0	1326.700000000128	1	0	1	1.6732892064888951
281200.0	500.0	1126.6999999999666	0.0	0	73.3041027932777	1326.700000000128	1	0	1	-0.05957874491097204
282200.0	1000.0	1126.6999999999903	0.0	0	72.85097372333985	1326.700000000128	1	0	1	0.9801420259289462
283200.0	500.0	1126.7000000000423	0.0	0	654.6888430748368	1326.700000000128	1	0	1	-0.05957874491097204
284200.0	500.0	1126.7000000000482	0.0	0	527.1569989860873	1326.700000000128	1	0	1	0.6335684356489735
285200.0	500.0	1126.7000000001112	0.0	0	422.87944345833967	1326.700000000128	1	0	1	0.6335684356489735
286200.0	500.0	1126.7000000001692	0.0	0	639.8182619445142	1326.700000000128	1	0	1	0.6335684356489735
287200.0	500.0	1126.7000000001808	0.0	0	498.4268726473674	1326.700000000128	1	0	1	0.6335684356489735
288200.0	500.0	1126.7000000001465	0.0	0	402.5588012620574	1326.700000000128	1	0	1	0.6335684356489735
289200.0	500.0	1126.7000000001294	0.0	0	552.2955470906454	1326.700000000128	1	0	1	0.6335684356489735
290200.0	500.0	1126.7000000001062	0.0	0	308.26099279435584	1326.700000000128	1	0	1	0.6335684356489735
291368.0511346398	1000.0	958.6488653602905	0.0	0	0.0	1326.700000000128	1	0	1	0.9801420259289497
292200.0	500.0	1126.7000000000899	0.0	0	93.97487184725469	1326.700000000128	1	0	1	-0.05957874491097204
293200.0	500.0	1126.7000000000705	0.0	0	519.597778609721	1326.700000000128	1	0	1	0.6335684356489735
294200.0	500.0	1126.7000000000176	0.0	0	162.09358160709962	1326.700000000128	1	0	1	0.6335684356489735
295200.0	500.0	1126.700000000008	0.0	0	227.47931220335886	1326.7000000000698	1	0	1	0.6335684356489792
296200.0	500.0	1126.6999999999525	0.0	0	44.59767553413985	1326.7000000000698	1	0	1	0.6335684356489792
297200.0	500.0	1126.7000000000119	0.0	0	252.2894763366785	1326.7000000000698	1	0	1	0.6335684356489792
298200.0	500.0	1126.6999999999994	0.0	0	155.16367147298297	1326.7000000000698	1	0	1	0.6335684356489792
299262.5810181082	500.0	1064.1189818918629	0.0	0	0.0	1326.7000000000698	1	0	1	0.6335684356489792
300200.0	500.0	1126.700000000008	0.0	0	232.95057894056663	1326.7000000000698	1	0	1	0.6335684356489792
301200.0	500.0	1126.7000000000203	0.0	0	463.7778754554456	1326.7000000000698	1	0	1	0.6335684356489792
302200.0	500.0	1126.7000000000182	0.0	0	201.37855784449494	1326.7000000000698	1	0	1	0.6335684356489792
0.58	0.87	0.63	0.67	0.76	0.81	1.03	0.88	1.32	1.09	1.11	0.81	1.14	0.86	0.9	1.07	1.11	1.24	1.24	0.85	1.24	1.18	0.8	1.01	1.26	1.74	2.19	2.21	1.41	1.1	1.3	1.08	0.88	0.87	0.82	1.07	0.95	1.09	0.57	0.9	0.92	0.71	0.9	1.2	0.58	0.74	0.78	0.88	0.95	1.03	1.0	0.63	0.94	0.96	1.12	1.05	1.08	1.29	1.03	1.03	1.0	1.16	1.26	0.89	1.61	1.14	1.2	0.81	0.86	0.87	1.21	1.52	2.05	1.34	1.12	0.81	0.96	1.22	0.92	1.11	0.8	0.52	0.78	0.85	0.68	0.65	0.5	0.81	0.76	1.7	1.32	1.18	0.66	0.73	0.85	0.93	0.86	0.78	1.01	1.0	1.03	0.93	0.8	0.69	0.7	0.89	0.86	0.87	0.95	0.9	0.61	0.37	0.72	1.24	1.19	1.33	1.12	0.66	0.59	0.9	0.74	1.27	1.29	1.51	1.81	1.51	0.98	1.04	1.03	0.9	1.2	0.97	0.8	1.12	1.2	1.05	1.24	0.97	0.8	0.92	1.0	0.57	0.66	0.56	0.72	0.6	0.64	0.64	0.75	0.75	0.58	0.87	0.63	0.67	0.76	0.81	1.03	0.88	1.32	1.09	1.11	0.81	1.14	0.86	0.9	1.07	1.11	1.24	1.24	0.85	1.24	1.18	0.8	1.01	1.26	1.74	2.19	2.21	1.41	1.1	1.3	1.08	0.88	0.87	0.82	1.07	0.95	1.09	0.57	0.9	0.92	0.71	0.9	1.2	0.58	0.74	0.78	0.88	0.95	1.03	1.0	0.63	0.94	0.96	1.12	1.05	1.08	1.29	1.03	1.03	1.0	1.16	1.26	0.89	1.61	1.14	1.2	0.81	0.86	0.87	1.21	1.52	2.05	1.34	1.12	0.81	0.96	1.22	0.92	1.11	0.8	0.52	0.78	0.85	0.68	0.65	0.5	0.81	0.76	1.7	1.32	1.18	0.66	0.73	0.85	0.93	0.86	0.78	1.01	1.0	1.03	0.93	0.8	0.69	0.7	0.89	0.86	0.87	0.95	0.9	0.61	0.37	0.72	1.24	1.19	1.33	1.12	0.66	0.59	0.9	0.74	1.27	1.29	1.51	1.81	1.51	0.98	1.04	1.03	0.9	1.2	0.97	0.8	1.12	1.2	1.05	1.24	0.97	0.8	0.92	1.0	0.57	0.66	0.56	0.72	0.6	0.64	0.64	0.75	0.75	0.58	0.87	0.63
1.0	2.0	3.0	4.0	5.0	6.0	7.0	8.0	9.0	10.0	11.0	12.0	13.0	14.0	15.0	16.0	17.0	18.0	19.0	20.0	21.0	22.0	23.0	24.0	25.0	26.0	27.0	28.0	29.0	30.0	31.0	32.0	33.0	34.0	35.0	36.0	37.0	38.0	39.0	40.0	41.0	42.0	43.0	44.0	45.0	46.0	47.0	48.0	49.0	50.0	51.0	52.0	53.0	54.0	55.0	56.0	57.0	58.0	59.0	60.0	61.0	62.0	63.0	64.0	65.0	66.0	67.0	68.0	69.0	70.0	71.0	72.0	73.0	74.0	75.0	76.0	77.0	78.0	79.0	80.0	81.0	82.0	83.0	84.0	85.0	86.0	87.0	88.0	89.0	90.0	91.0	92.0	93.0	94.0	95.0	96.0	97.0	98.0	99.0	100.0	101.0	102.0	103.0	104.0	105.0	106.0	107.0	108.0	109.0	110.0	111.0	112.0	113.0	114.0	115.0	116.0	117.0	118.0	119.0	120.0	121.0	122.0	123.0	124.0	125.0	126.0	127.0	128.0	129.0	130.0	131.0	132.0	133.0	134.0	135.0	136.0	137.0	138.0	139.0	140.0	141.0	142.0	143.0	144.0	145.0	146.0	147.0	148.0	149.0	149.0	150.0	151.0	152.0	153.0	154.0	155.0	156.0	157.0	158.0	159.0	160.0	161.0	162.0	163.0	164.0	165.0	166.0	167.0	168.0	169.0	170.0	171.0	172.0	173.0	174.0	175.0	176.0	177.0	178.0	179.0	180.0	181.0	182.0	183.0	184.0	185.0	186.0	187.0	188.0	189.0	190.0	191.0	192.0	193.0	194.0	195.0	196.0	197.0	198.0	199.0	200.0	201.0	202.0	203.0	204.0	205.0	206.0	207.0	208.0	209.0	210.0	211.0	212.0	213.0	214.0	215.0	216.0	217.0	218.0	219.0	220.0	221.0	222.0	223.0	224.0	225.0	226.0	227.0	228.0	229.0	230.0	231.0	232.0	233.0	234.0	235.0	236.0	237.0	238.0	239.0	240.0	241.0	242.0	243.0	244.0	245.0	246.0	247.0	248.0	249.0	250.0	251.0	252.0	253.0	254.0	255.0	256.0	257.0	258.0	259.0	260.0	261.0	262.0	263.0	264.0	265.0	266.0	267.0	268.0	269.0	270.0	271.0	272.0	273.0	274.0	275.0	276.0	277.0	278.0	279.0	280.0	281.0	282.0	283.0	284.0	285.0	286.0	287.0	288.0	289.0	290.0	291.0	292.0	293.0	294.0	295.0	296.0	297.0	298.0	298.0	299.0	300.0	301.0
2404.614283128649
