2540.343778051029	300.0	2000.0	132.30302138683953	0	0.0	2540.343778051029	1	0	1	-1.0453740873522914
5412.9395321094635	3000.0	264.1970386894832	234.66411273626738	0	0.0	677.1365707989462	1	0	2	-0.7278273405545785
6200.0	500.0	2555.842617588002	0.0	0	495.1050951534271	2755.8426175880018	1	0	0	-1.6974663239123693
9281.546275182072	3000.0	422.98329525058386	51.67416396623662	0	0.0	704.5295704326563	1	0	2	0.6790413850822278
10200.0	500.0	2596.374942914449	0.0	0	656.6532742807758	2796.374942914449	1	0	0	-1.701186364242504
13595.201902404431	3000.0	276.8541579434109	195.63755243075835	0	0.0	872.0560603478425	1	0	2	-0.2021935081339562
14200.0	500.0	2732.535870107398	0.0	0	352.54530900543796	2932.5358701074	1	0	0	-1.7157445242110851
17200.0	3000.0	632.5358701073982	0.0	0	108.09655178660614	832.5358701074019	1	0	2	0.9754938899467228
18200.0	1000.0	2732.5358701073965	0.0	0	497.7445187275953	2932.5358701074	1	0	0	0.018016484782223008
21200.0	3000.0	632.5358701073978	0.0	0	89.59413251258957	832.5358701074001	1	0	2	1.669174399972274
22200.0	1000.0	2732.535870107396	0.0	0	634.9916456988794	2932.5358701073965	1	0	0	0.018093330810054653
25200.0	3000.0	632.5358701073939	0.0	0	29.841268385484	832.5358701073928	1	0	2	1.6695114919445022
26200.0	1000.0	2732.5358701073933	0.0	0	674.1476377181716	2932.535870107393	1	0	0	0.018093330810054986
29790.626949337977	6000.0	200.0	197.41252196761852	0	0.0	990.6269493379768	1	0	2	0.8195669773186763
30200.0	500.0	2831.5642544041807	0.0	0	254.59851335934582	3031.5642544041802	1	0	0	-2.4195941942392336
33634.63420808029	6000.0	253.46662551586766	0.0	0	0.0	888.100833596156	1	0	2	1.3162168915988461
34200.0	500.0	2744.637412788129	0.0	0	447.3006420178499	2944.637412788128	1	0	0	-2.409993637022885
37408.47049315286	6000.0	415.3198703199852	0.0	0	0.0	823.79036347285	1	0	2	1.323343270733735
38200.0	1000.0	2702.943314157557	0.0	0	579.9623002242224	2902.943314157572	1	0	0	-0.6723334863210073
41818.50989843668	6000.0	200.0	252.19779465707614	0	0.0	1018.509898436685	1	0	2	0.4986929918616396
42200.0	500.0	2856.6589085930036	0.0	0	201.03933533770032	3056.65890859301	1	0	0	-2.422366001430598
47704.42052445691	6000.0	200.0	1998.3669711905422	0	0.0	2904.4205244569166	1	0	2	-10.81971061406274
48200.0	500.0	654.8625769026045	0.0	0	280.1734209932911	854.8625769026112	1	0	2	-2.006636460027499
49200.0	1000.0	2754.8625769026057	0.0	0	514.4602824367976	2954.862576902611	1	0	0	0.421230703344565
53195.42050144654	3000.0	200.0	581.9090678987186	0	0.0	1395.4205014465406	1	0	2	-1.8561423537494455
53507.77319538109	300.0	887.6473060654488	0.0	0	0.0	1395.4205014465333	1	0	1	-2.6421271431387003
54339.525083482964	1000.0	1055.8954179635848	0.0	0	0.0	1395.4205014465333	1	0	1	0.4624443520183148
55200.0	1000.0	1195.4205014465479	0.0	0	126.67128218915605	1395.4205014465479	1	0	1	1.66641715634425
56200.0	1000.0	1195.4205014465508	0.0	0	313.6440086511575	1395.4205014465406	1	0	1	1.6664171563442505
57200.0	1000.0	1195.4205014465479	0.0	0	290.2913507807825	1395.4205014465406	1	0	1	1.6664171563442505
58200.0	1000.0	1195.4205014465504	0.0	0	290.9791954055472	1395.4205014465406	1	0	1	1.6664171563442505
59200.0	1000.0	1195.420501446549	0.0	0	565.4507550898343	1395.4205014465479	1	0	1	1.6664171563442496
60200.0	1000.0	1195.4205014465554	0.0	0	679.7213009856496	1395.4205014465551	1	0	1	1.6664171563442487
61200.0	1000.0	1195.4205014465558	0.0	0	668.3439893160685	1395.4205014465551	1	0	1	1.6664171563442487
62200.0	1000.0	1195.4205014465617	0.0	0	651.4523428458197	1395.4205014465551	1	0	1	1.6664171563442487
63389.88293131629	2000.0	1005.5375701302752	0.0	0	0.0	1395.4205014465551	1	0	1	2.0129907466242214
64200.0	2000.0	1195.420501446562	0.0	0	51.0944519922341	1395.4205014465551	1	0	1	2.706137927184167
65373.59569581966	2000.0	1021.8248056269073	0.0	0	0.0	1395.4205014465551	1	0	1	2.706137927184167
66200.0	2000.0	1195.4205014465647	0.0	0	15.449228627898265	1395.4205014465479	1	0	1	2.706137927184167
67200.0	2000.0	1195.420501446549	0.0	0	462.75598461175105	1395.420501446526	1	0	1	2.7061379271841686
68200.0	2000.0	1195.4205014465526	0.0	0	504.89066519687185	1395.4205014465115	1	0	1	2.7061379271841712
69200.0	2000.0	1195.4205014465542	0.0	0	289.4203972226969	1395.420501446526	1	0	1	2.7061379271841695
70200.0	2000.0	1195.4205014465579	0.0	0	319.74012477503857	1395.420501446526	1	0	1	2.7061379271841695
71488.64987216383	2000.0	906.7706292827129	0.0	0	0.0	1395.4205014465406	1	0	1	2.7061379271841677
72200.0	1000.0	1195.4205014465547	0.0	0	22.938223390025087	1395.4205014465697	1	0	1	0.9732699757843026
73200.0	2000.0	1195.4205014465524	0.0	0	199.43204271391733	1395.4205014465551	1	0	1	2.0129907466242214
74200.0	2000.0	1195.4205014465704	0.0	0	170.51574647707457	1395.4205014465551	1	0	1	2.706137927184167
75200.0	1000.0	1195.4205014465615	0.0	0	645.9164770944626	1395.4205014465551	1	0	1	0.9732699757843035
76200.0	1000.0	1195.4205014465808	0.0	0	510.6557467960374	1395.4205014465551	1	0	1	1.6664171563442487
77479.02530911072	2000.0	916.3951923358557	0.0	0	0.0	1395.4205014465551	1	0	1	2.0129907466242214
78200.0	1000.0	1195.4205014465597	0.0	0	156.39303460709925	1395.4205014465551	1	0	1	0.9732699757843035
79200.0	1000.0	1195.4205014465601	0.0	0	483.009877349803	1395.4205014465406	1	0	1	1.6664171563442505
80200.0	1000.0	1195.4205014465597	0.0	0	551.0114187498402	1395.4205014465406	1	0	1	1.6664171563442505
81200.0	1000.0	1195.4205014465417	0.0	0	561.2499314667366	1395.420501446526	1	0	1	1.6664171563442518
82200.0	1000.0	1195.4205014465322	0.0	0	675.0078913428588	1395.420501446526	1	0	1	1.6664171563442518
83200.0	1000.0	1195.420501446555	0.0	0	469.00208479198045	1395.4205014465406	1	0	1	1.6664171563442505
84231.45701428632	2000.0	1163.9634871602398	0.0	0	0.0	1395.4205014465406	1	0	1	2.0129907466242223
85200.0	2000.0	1195.4205014465595	0.0	0	314.4795501576009	1395.4205014465406	1	0	1	2.7061379271841677
86200.0	2000.0	1195.4205014465638	0.0	0	293.74226979576633	1395.4205014465406	1	0	1	2.7061379271841677
87200.0	2000.0	1195.4205014465679	0.0	0	455.4403372990346	1395.4205014465406	1	0	1	2.7061379271841677
88200.0	2000.0	1195.4205014465676	0.0	0	623.7520993221115	1395.4205014465406	1	0	1	2.7061379271841677
89200.0	3000.0	1195.4205014465629	0.0	0	513.139353158127	1395.4205014465406	1	0	1	2.9088704812382504
90200.0	3000.0	1195.4205014465715	0.0	0	301.65712813335995	1395.4205014465406	1	0	1	3.314335589346415
91709.46144165636	3000.0	685.9590597902086	0.0	0	0.0	1395.4205014465406	1	0	1	3.314335589346415
92408.15755951837	2000.0	987.2629419281923	0.0	0	0.0	1395.4205014465406	1	0	1	2.300672819076003
93582.45255466396	2000.0	812.967946782607	0.0	0	0.0	1395.4205014465406	1	0	1	2.7061379271841677
94508.51128982814	2000.0	886.9092116184338	0.0	0	0.0	1395.4205014465406	1	0	1	2.7061379271841677
95200.0	1000.0	1195.420501446574	0.0	0	211.3287512537354	1395.4205014465551	1	0	1	0.9732699757843035
96200.0	2000.0	1195.4205014465783	0.0	0	393.6001940527349	1395.4205014465551	1	0	1	2.0129907466242214
97200.0	2000.0	1195.4205014465747	0.0	0	379.01512554955843	1395.4205014465551	1	0	1	2.706137927184167
98200.0	2000.0	1195.4205014465533	0.0	0	523.7643830188172	1395.4205014465551	1	0	1	2.706137927184167
99200.0	2000.0	1195.4205014465567	0.0	0	279.79009007870627	1395.4205014465551	1	0	1	2.706137927184167
100200.0	3000.0	1195.4205014465592	0.0	0	153.09228266085847	1395.4205014465551	1	0	1	2.908870481238249
101200.0	3000.0	1195.4205014465635	0.0	0	472.3331535763864	1395.4205014465551	1	0	1	3.3143355893464137
102379.180161479	3000.0	1016.2403399675561	0.0	0	0.0	1395.4205014465551	1	0	1	3.3143355893464137
103952.96827425242	3000.0	442.4522271941513	0.0	0	0.0	1395.4205014465551	1	0	1	3.3143355893464137
104389.9876779733	1000.0	1005.4328234732678	0.0	0	0.0	1395.4205014465406	1	0	1	0.5678048676761405
105200.0	2000.0	1195.4205014465738	0.0	0	175.79117788388976	1395.4205014465406	1	0	1	2.0129907466242227
106200.0	2000.0	1195.4205014465736	0.0	0	239.7578904489783	1395.4205014465406	1	0	1	2.7061379271841677
107200.0	2000.0	1195.4205014465583	0.0	0	371.6632246014633	1395.4205014465406	1	0	1	2.7061379271841677
108200.0	2000.0	1195.4205014465617	0.0	0	199.9054940486967	1395.4205014465406	1	0	1	2.7061379271841677
109200.0	2000.0	1195.4205014465754	0.0	0	206.68029990851937	1395.420501446526	1	0	1	2.7061379271841695
110200.0	2000.0	1195.4205014465983	0.0	0	413.70802088944765	1395.420501446526	1	0	1	2.7061379271841695
111200.0	2000.0	1195.420501446604	0.0	0	494.76116195150826	1395.420501446526	1	0	1	2.7061379271841695
112743.5146170883	2000.0	651.9058843583267	0.0	0	0.0	1395.420501446526	1	0	1	2.7061379271841695
113476.70731342098	1000.0	918.7131880256428	0.0	0	0.0	1395.4205014465115	1	0	1	0.973269975784308
114200.0	1000.0	1195.4205014466258	0.0	0	149.97874322191637	1395.4205014465115	1	0	1	1.6664171563442531
115200.0	2000.0	1195.4205014466356	0.0	0	202.41789670608705	1395.4205014465115	1	0	1	2.012990746624226
116200.0	2000.0	1195.420501446629	0.0	0	258.9715102449409	1395.4205014465115	1	0	1	2.7061379271841712
117200.0	2000.0	1195.4205014466181	0.0	0	518.095416425509	1395.4205014465115	1	0	1	2.7061379271841712
118200.0	2000.0	1195.4205014466177	0.0	0	569.0025666041765	1395.4205014465115	1	0	1	2.7061379271841712
119200.0	2000.0	1195.4205014466113	0.0	0	574.0294575743756	1395.420501446526	1	0	1	2.7061379271841695
120516.18420467763	3000.0	879.2362967689755	0.0	0	0.0	1395.4205014465115	1	0	1	2.9088704812382535
121941.89502668803	3000.0	453.5254747585716	0.0	0	0.0	1395.4205014465115	1	0	1	3.314335589346418
122666.07356128245	1000.0	729.3469401641481	0.0	0	0.0	1395.4205014465115	1	0	1	0.5678048676761434
123354.96498146879	1000.0	1040.4555199777958	0.0	0	0.0	1395.420501446497	1	0	1	1.6664171563442545
124459.06557260263	1000.0	936.3549288439692	0.0	0	0.0	1395.420501446497	1	0	1	1.6664171563442545
125428.1364859772	1000.0	967.2840154694002	0.0	0	0.0	1395.4205014465115	1	0	1	1.6664171563442531
126917.7946985011	1000.0	477.62580294548053	0.0	0	0.0	1395.4205014465115	1	0	1	1.6664171563442531
127332.84116853398	300.0	1062.5793329125852	0.0	0	0.0	1395.420501446526	1	0	1	-1.3435148544705893
128200.0	500.0	1195.4205014465638	0.0	0	291.42371236717736	1395.420501446526	1	0	1	0.11587076173834293
129200.0	500.0	1195.420501446575	0.0	0	560.5128420358669	1395.420501446526	1	0	1	0.6266963855043337
130200.0	500.0	1195.4205014465663	0.0	0	653.5376584987243	1395.420501446526	1	0	1	0.6266963855043337
131200.0	1000.0	1195.420501446558	0.0	0	588.8724064447306	1395.4205014465115	1	0	1	0.9732699757843077
132200.0	1000.0	1195.4205014465483	0.0	0	497.50291159769404	1395.420501446497	1	0	1	1.6664171563442522
133200.0	1000.0	1195.4205014465306	0.0	0	115.87144519397407	1395.420501446497	1	0	1	1.6664171563442545
134200.0	1000.0	1195.4205014465263	0.0	0	392.3169385274232	1395.420501446497	1	0	1	1.6664171563442545
135200.0	1000.0	1195.4205014465017	0.0	0	542.9399097835994	1395.420501446497	1	0	1	1.6664171563442545
136200.0	1000.0	1195.4205014465108	0.0	0	545.9234450318327	1395.4205014464678	1	0	1	1.6664171563442576
137200.0	1000.0	1195.4205014464862	0.0	0	652.701720726036	1395.4205014464678	1	0	1	1.6664171563442576
138862.18350224057	2000.0	533.2369992059092	0.0	0	0.0	1395.4205014464678	1	0	1	2.0129907466242303
139200.0	500.0	1195.420501446502	0.0	0	73.04206026461907	1395.4205014464678	1	0	1	-0.7595979756155511
140200.0	1000.0	1195.4205014465315	0.0	0	553.3083750143996	1395.4205014464678	1	0	1	0.9732699757843122
141200.0	1000.0	1195.4205014465247	0.0	0	318.0334811251669	1395.4205014464678	1	0	1	1.6664171563442576
142200.0	1000.0	1195.4205014465406	0.0	0	341.1373200097587	1395.4205014464678	1	0	1	1.6664171563442576
143200.0	1000.0	1195.4205014465583	0.0	0	652.834549247782	1395.4205014464678	1	0	1	1.6664171563442576
144200.0	1000.0	1195.4205014465508	0.0	0	722.5792577074608	1395.4205014464387	1	0	1	1.6664171563442602
145200.0	1000.0	1195.4205014465729	0.0	0	499.88225507864263	1395.4205014464387	1	0	1	1.6664171563442602
146218.7905372801	2000.0	1176.6299641664898	0.0	0	0.0	1395.4205014464096	1	0	1	2.0129907466242347
147200.0	2000.0	1195.4205014465997	0.0	0	55.70548410434276	1395.4205014464096	1	0	1	2.706137927184181
148200.0	2000.0	1195.420501446601	0.0	0	13.702633576845983	1395.4205014464096	1	0	1	2.706137927184181
149268.83165972604	2000.0	1126.5888417205294	0.0	0	0.0	1395.4205014464096	1	0	1	2.706137927184181
150200.0	1000.0	1195.4205014465733	0.0	0	503.6728839057614	1395.4205014464096	1	0	1	0.9732699757843182
151200.0	1000.0	1195.4205014465554	0.0	0	629.1735342180182	1395.4205014464096	1	0	1	1.6664171563442634
152200.0	2000.0	1195.4205014465263	0.0	0	137.85673228188534	1395.4205014464096	1	0	1	2.012990746624236
153200.0	2000.0	1195.420501446529	0.0	0	351.4439356980729	1395.4205014464096	1	0	1	2.706137927184181
154200.0	2000.0	1195.4205014465222	0.0	0	462.04244329826906	1395.4205014464096	1	0	1	2.706137927184181
155200.0	2000.0	1195.4205014465379	0.0	0	594.3126249881461	1395.4205014464096	1	0	1	2.706137927184181
156200.0	3000.0	1195.4205014465572	0.0	0	326.4294798039773	1395.4205014464096	1	0	1	2.9088704812382637
157200.0	3000.0	1195.4205014465972	0.0	0	288.64201528648846	1395.4205014464096	1	0	1	3.3143355893464284
158200.0	3000.0	1195.4205014466102	0.0	0	237.4905365773884	1395.4205014463805	1	0	1	3.314335589346431
159740.23671257062	3000.0	655.1837888759853	0.0	0	0.0	1395.4205014463805	1	0	1	3.314335589346431
160200.0	1000.0	1195.4205014466365	0.0	0	31.541500374063617	1395.4205014464096	1	0	1	0.5678048676761536
161404.8069582236	2000.0	990.6135432230232	0.0	0	0.0	1395.4205014464387	1	0	1	2.0129907466242334
162207.98051811152	2000.0	1187.4399833350806	0.0	0	0.0	1395.4205014464387	1	0	1	2.7061379271841783
163200.0	2000.0	1195.4205014466195	0.0	0	134.246643385879	1395.4205014464096	1	0	1	2.706137927184181
164200.0	2000.0	1195.4205014466477	0.0	0	317.8898990358575	1395.4205014464096	1	0	1	2.706137927184181
165416.09503379685	2000.0	979.3254676497857	0.0	0	0.0	1395.4205014463805	1	0	1	2.706137927184184
166200.0	1000.0	1195.4205014466286	0.0	0	81.86680083969259	1395.4205014463514	1	0	1	0.9732699757843241
167200.0	2000.0	1195.4205014466327	0.0	0	51.22330049847369	1395.4205014463514	1	0	1	2.012990746624242
168200.0	1000.0	1195.4205014466254	0.0	0	344.6543496758095	1395.4205014463514	1	0	1	0.9732699757843241
169200.0	1000.0	1195.4205014466313	0.0	0	573.6740847877809	1395.4205014463805	1	0	1	1.6664171563442662
170200.0	1000.0	1195.4205014466768	0.0	0	515.6739109718474	1395.4205014464096	1	0	1	1.6664171563442634
171200.0	1000.0	1195.4205014466625	0.0	0	615.380297381751	1395.4205014464387	1	0	1	1.6664171563442602
172200.0	2000.0	1195.420501446649	0.0	0	409.38650945122936	1395.4205014464387	1	0	1	2.0129907466242334
173200.0	2000.0	1195.4205014466443	0.0	0	400.51619036504417	1395.4205014464387	1	0	1	2.7061379271841783
174200.0	2000.0	1195.4205014466534	0.0	0	236.80582026889897	1395.4205014464387	1	0	1	2.7061379271841783
175200.0	2000.0	1195.42050144663	0.0	0	60.56632549627102	1395.4205014464387	1	0	1	2.7061379271841783
176200.0	2000.0	1195.4205014466331	0.0	0	233.7650741446705	1395.4205014464678	1	0	1	2.7061379271841752
177349.08109201162	2000.0	1046.3394094350201	0.0	0	0.0	1395.420501446497	1	0	1	2.706137927184172
178547.1590173725	2000.0	848.2614840741264	0.0	0	0.0	1395.420501446497	1	0	1	2.706137927184172
179200.0	1000.0	1195.4205014466381	0.0	0	280.47032338380814	1395.420501446497	1	0	1	0.9732699757843093
180200.0	2000.0	1195.4205014466265	0.0	0	202.87171691143885	1395.4205014464678	1	0	1	2.0129907466242303
181200.0	2000.0	1195.420501446652	0.0	0	354.0192148576316	1395.4205014464678	1	0	1	2.7061379271841752
182200.0	2000.0	1195.4205014466595	0.0	0	278.8338287571096	1395.4205014464678	1	0	1	2.7061379271841752
183200.0	2000.0	1195.4205014466772	0.0	0	340.6389523341495	1395.4205014464678	1	0	1	2.7061379271841752
184200.0	2000.0	1195.420501446647	0.0	0	128.70719165887567	1395.4205014464096	1	0	1	2.7061379271841792
185200.0	2000.0	1195.420501446662	0.0	0	371.900988779671	1395.4205014464096	1	0	1	2.706137927184181
186200.0	2000.0	1195.4205014466484	0.0	0	420.6307373029995	1395.4205014464096	1	0	1	2.706137927184181
187200.0	2000.0	1195.4205014466659	0.0	0	534.31362316577	1395.4205014464096	1	0	1	2.706137927184181
188200.0	2000.0	1195.4205014466659	0.0	0	425.06115959212184	1395.4205014464387	1	0	1	2.7061379271841783
189200.0	3000.0	1195.4205014466415	0.0	0	363.6970813074731	1395.4205014464387	1	0	1	2.908870481238261
190200.0	3000.0	1195.4205014466422	0.0	0	394.5869438915979	1395.4205014464387	1	0	1	3.3143355893464257
191200.0	3000.0	1195.4205014466481	0.0	0	240.46682356696692	1395.4205014464387	1	0	1	3.3143355893464257
192200.0	3000.0	1195.4205014466718	0.0	0	259.2078964285902	1395.4205014464387	1	0	1	3.3143355893464257
193200.0	3000.0	1195.420501446678	0.0	0	411.26407415099675	1395.4205014464387	1	0	1	3.3143355893464257
194200.0	3000.0	1195.420501446689	0.0	0	132.5411496250017	1395.4205014464096	1	0	1	3.3143355893464284
195200.0	3000.0	1195.4205014466838	0.0	0	168.53777057965635	1395.4205014464096	1	0	1	3.3143355893464284
196239.04026697128	3000.0	1156.3802344753806	0.0	0	0.0	1395.4205014463805	1	0	1	3.314335589346431
197880.43409574413	3000.0	514.9864057025338	0.0	0	0.0	1395.4205014463805	1	0	1	3.314335589346431
198379.3333288303	1000.0	1016.0871726163441	0.0	0	0.0	1395.4205014463805	1	0	1	0.5678048676761563
199200.0	2000.0	1195.4205014466954	0.0	0	91.97355904377764	1395.4205014463805	1	0	1	2.0129907466242387
200325.23612664378	2000.0	1070.1843748029528	0.0	0	0.0	1395.4205014463514	1	0	1	2.7061379271841868
201200.0	1000.0	1195.4205014467434	0.0	0	126.65464302609325	1395.4205014463223	1	0	1	0.9732699757843268
202200.0	1000.0	1195.4205014467213	0.0	0	202.84778177947737	1395.4205014463223	1	0	1	1.666417156344272
203200.0	1000.0	1195.420501446737	0.0	0	190.1262634312734	1395.4205014463223	1	0	1	1.666417156344272
204200.0	1000.0	1195.420501446734	0.0	0	507.3051484701573	1395.4205014463223	1	0	1	1.666417156344272
205200.0	1000.0	1195.4205014467052	0.0	0	271.7386175469728	1395.4205014463223	1	0	1	1.666417156344272
206200.0	1000.0	1195.420501446708	0.0	0	433.4835233822232	1395.4205014463223	1	0	1	1.666417156344272
207200.0	1000.0	1195.4205014467316	0.0	0	460.13451190662454	1395.4205014462932	1	0	1	1.6664171563442727
208200.0	1000.0	1195.4205014467516	0.0	0	466.0670201150351	1395.4205014462932	1	0	1	1.6664171563442751
209200.0	1000.0	1195.4205014467336	0.0	0	601.9389205897169	1395.4205014462932	1	0	1	1.6664171563442751
210200.0	1000.0	1195.4205014466963	0.0	0	544.9606269943761	1395.4205014462932	1	0	1	1.6664171563442751
211200.0	1000.0	1195.4205014466925	0.0	0	547.0684533579042	1395.4205014462932	1	0	1	1.6664171563442751
212523.49716463714	2000.0	871.9233368095454	0.0	0	0.0	1395.4205014462932	1	0	1	2.0129907466242476
213200.0	1000.0	1195.4205014466477	0.0	0	145.74949600343825	1395.4205014463223	1	0	1	0.9732699757843281
214200.0	2000.0	1195.4205014466527	0.0	0	104.47344205004629	1395.4205014462932	1	0	1	2.0129907466242476
215200.0	2000.0	1195.4205014466056	0.0	0	166.67986865821877	1395.420501446264	1	0	1	2.706137927184194
216200.0	2000.0	1195.4205014466204	0.0	0	315.09057871764526	1395.420501446264	1	0	1	2.7061379271841957
217200.0	2000.0	1195.4205014466397	0.0	0	270.96365487773437	1395.420501446264	1	0	1	2.7061379271841957
218200.0	2000.0	1195.4205014466077	0.0	0	80.554089087178	1395.420501446264	1	0	1	2.7061379271841957
219200.0	2000.0	1195.4205014465779	0.0	0	95.3682789830491	1395.420501446264	1	0	1	2.7061379271841957
220317.3603085874	2000.0	1078.06019285919	0.0	0	0.0	1395.4205014463223	1	0	1	2.7061379271841908
221712.84962284254	2000.0	682.5708786040822	0.0	0	0.0	1395.4205014463514	1	0	1	2.7061379271841868
222261.14796954498	1000.0	1134.2725319016427	0.0	0	0.0	1395.4205014463223	1	0	1	0.9732699757843268
223200.0	1000.0	1195.4205014466377	0.0	0	569.1406354374776	1395.4205014463223	1	0	1	1.666417156344272
224269.07404652773	2000.0	1126.3464549188557	0.0	0	0.0	1395.420501446264	1	0	1	2.0129907466242494
225200.0	1000.0	1195.4205014466015	0.0	0	361.243970962154	1395.4205014462932	1	0	1	0.9732699757843299
226252.50802053633	2000.0	1142.9124809102898	0.0	0	0.0	1395.4205014462932	1	0	1	2.0129907466242476
227826.4425818183	2000.0	568.9779196283492	0.0	0	0.0	1395.4205014462932	1	0	1	2.706137927184193
228452.73007750197	1000.0	942.6904239446555	0.0	0	0.0	1395.4205014462932	1	0	1	0.9732699757843299
229200.0	1000.0	1195.4205014466568	0.0	0	386.22974542240263	1395.4205014462932	1	0	1	1.6664171563442751
230200.0	1000.0	1195.4205014466675	0.0	0	614.813496029703	1395.4205014462932	1	0	1	1.6664171563442751
231200.0	1000.0	1195.4205014466688	0.0	0	687.761316416203	1395.4205014462932	1	0	1	1.6664171563442751
232575.14731705512	2000.0	820.2731843915379	0.0	0	0.0	1395.4205014462932	1	0	1	2.0129907466242476
233200.0	1000.0	1195.4205014466586	0.0	0	130.64589158818126	1395.4205014463223	1	0	1	0.9732699757843268
234200.0	2000.0	1195.4205014466527	0.0	0	336.2430046806112	1395.4205014463223	1	0	1	2.012990746624245
235200.0	2000.0	1195.4205014466684	0.0	0	532.340506762208	1395.4205014462932	1	0	1	2.706137927184193
236200.0	2000.0	1195.4205014466622	0.0	0	380.127513255371	1395.4205014462932	1	0	1	2.706137927184193
237200.0	2000.0	1195.420501446652	0.0	0	582.097075221769	1395.4205014462932	1	0	1	2.706137927184193
238200.0	3000.0	1195.4205014466406	0.0	0	544.2926291436597	1395.420501446264	1	0	1	2.908870481238278
239200.0	3000.0	1195.420501446626	0.0	0	478.133442823746	1395.420501446264	1	0	1	3.3143355893464426
240878.8348838958	3000.0	516.5856175508277	0.0	0	0.0	1395.420501446264	1	0	1	3.3143355893464426
241403.8386565932	1000.0	991.5818448534158	0.0	0	0.0	1395.420501446264	1	0	1	0.567804867676168
242523.40826736903	2000.0	872.0122340775545	0.0	0	0.0	1395.420501446264	1	0	1	2.0129907466242507
243482.1128133627	2000.0	913.3076880838714	0.0	0	0.0	1395.420501446264	1	0	1	2.7061379271841957
244200.49531855978	2000.0	1194.9251828867787	0.0	0	0.0	1395.4205014462932	1	0	1	2.706137927184194
245200.0	2000.0	1195.420501446602	0.0	0	352.30228352406994	1395.4205014462932	1	0	1	2.706137927184193
246200.0	2000.0	1195.42050144658	0.0	0	270.3946763834683	1395.4205014463223	1	0	1	2.70613792718419
247200.0	2000.0	1195.420501446562	0.0	0	486.1278465637588	1395.4205014463223	1	0	1	2.70613792718419
248200.0	2000.0	1195.4205014465567	0.0	0	292.3107916629524	1395.4205014463223	1	0	1	2.70613792718419
249200.0	3000.0	1195.4205014465645	0.0	0	77.72057369927643	1395.4205014463514	1	0	1	2.908870481238269
250200.0	3000.0	1195.4205014465606	0.0	0	187.5122398774256	1395.4205014463514	1	0	1	3.3143355893464337
251200.0	3000.0	1195.4205014465433	0.0	0	92.04003469261806	1395.4205014463223	1	0	1	3.3143355893464372
252579.6234556913	3000.0	815.7970457552635	0.0	0	0.0	1395.4205014462932	1	0	1	3.314335589346439
253528.8533350591	2000.0	866.5671663874546	0.0	0	0.0	1395.4205014462932	1	0	1	2.3006728190760284
254373.69861197818	2000.0	1021.7218894683963	0.0	0	0.0	1395.4205014463223	1	0	1	2.70613792718419
255200.0	2000.0	1195.420501446573	0.0	0	78.86680244587478	1395.420501446264	1	0	1	2.706137927184194
256200.0	2000.0	1195.4205014465376	0.0	0	63.80550246895291	1395.420501446264	1	0	1	2.7061379271841957
257200.0	2000.0	1195.4205014465163	0.0	0	117.34449789582868	1395.420501446264	1	0	1	2.7061379271841957
258200.0	2000.0	1195.4205014465106	0.0	0	394.3663310224074	1395.420501446235	1	0	1	2.7061379271841983
259200.0	2000.0	1195.4205014464999	0.0	0	460.7070753086009	1395.420501446235	1	0	1	2.7061379271841983
260200.0	2000.0	1195.4205014465	0.0	0	219.0109848108841	1395.420501446235	1	0	1	2.7061379271841983
261642.0954770656	2000.0	753.3250243808919	0.0	0	0.0	1395.420501446235	1	0	1	2.7061379271841983
262203.0790672993	1000.0	1192.3414341471637	0.0	0	0.0	1395.420501446235	1	0	1	0.9732699757843357
263200.0	2000.0	1195.4205014465704	0.0	0	124.84128987870645	1395.4205014463223	1	0	1	2.012990746624248
264200.0	2000.0	1195.4205014465806	0.0	0	408.41266593756154	1395.4205014463514	1	0	1	2.7061379271841868
265200.0	2000.0	1195.4205014465804	0.0	0	231.7423853505752	1395.4205014462932	1	0	1	2.706137927184193
266200.0	2000.0	1195.4205014465867	0.0	0	438.73133282957133	1395.4205014462932	1	0	1	2.706137927184193
267200.0	2000.0	1195.4205014465983	0.0	0	660.0522245888715	1395.4205014462932	1	0	1	2.706137927184193
268200.0	2000.0	1195.4205014465547	0.0	0	673.825083986274	1395.4205014462932	1	0	1	2.706137927184193
269210.60403529287	3000.0	1184.816466153697	0.0	0	112.12520366092212	1395.4205014462932	1	0	1	2.9088704812382753
270617.7590809303	3000.0	777.6614205162359	0.0	0	0.0	1395.4205014462932	1	0	1	3.31433558934644
271872.4091751596	2000.0	523.0113262869852	0.0	0	0.0	1395.4205014462932	1	0	1	2.3006728190760284
272654.1343210286	1000.0	741.2861804179088	0.0	0	0.0	1395.4205014462932	1	0	1	0.9732699757843299
274057.8855440411	1000.0	337.5349574053525	0.0	0	0.0	1395.420501446235	1	0	1	1.6664171563442762
274496.3201162115	300.0	899.1003852349528	0.0	0	0.0	1395.420501446235	1	0	1	-1.3435148544705593
275438.26253663126	500.0	957.1579648151404	0.0	0	0.0	1395.420501446235	1	0	1	0.11587076173837199
276200.0	500.0	1195.4205014464376	0.0	0	12.473815062548965	1395.420501446235	1	0	1	0.6266963855043639
277200.0	500.0	1195.4205014465006	0.0	0	618.3755539726117	1395.420501446235	1	0	1	0.6266963855043627
278200.0	500.0	1195.4205014464474	0.0	0	604.9541350148502	1395.420501446235	1	0	1	0.6266963855043627
279200.0	500.0	1195.4205014464126	0.0	0	729.7357371209073	1395.420501446235	1	0	1	0.6266963855043627
280200.0	1000.0	1195.4205014464608	0.0	0	675.6782186430064	1395.420501446235	1	0	1	0.9732699757843355
281200.0	1000.0	1195.4205014464371	0.0	0	325.1301355199539	1395.420501446235	1	0	1	1.666417156344281
282200.0	1000.0	1195.4205014464744	0.0	0	257.4460700437194	1395.420501446235	1	0	1	1.666417156344281
283200.0	1000.0	1195.4205014464562	0.0	0	325.1061484030797	1395.420501446235	1	0	1	1.666417156344281
284200.0	1000.0	1195.4205014464048	0.0	0	460.44103675475344	1395.420501446235	1	0	1	1.666417156344281
285200.0	1000.0	1195.4205014463785	0.0	0	511.0767743549659	1395.420501446235	1	0	1	1.666417156344281
286200.0	1000.0	1195.4205014463466	0.0	0	592.380599008	1395.4205014461768	1	0	1	1.6664171563442867
287200.0	1000.0	1195.4205014462907	0.0	0	238.6848711532657	1395.4205014461768	1	0	1	1.6664171563442867
288832.55847915617	2000.0	562.8620222901139	0.0	0	0.0	1395.4205014461768	1	0	1	2.0129907466242596
289522.71848692565	1000.0	872.7020145206382	0.0	0	0.0	1395.420501446235	1	0	1	0.9732699757843357
290389.44358821725	1000.0	1005.9769132290014	0.0	0	0.0	1395.420501446235	1	0	1	1.666417156344281
291200.0	1000.0	1195.4205014462825	0.0	0	258.49324917647755	1395.4205014462932	1	0	1	1.6664171563442751
292200.0	1000.0	1195.4205014462843	0.0	0	643.6368283009506	1395.4205014462932	1	0	1	1.6664171563442751
293200.0	1000.0	1195.4205014463305	0.0	0	702.0584270490217	1395.4205014462932	1	0	1	1.6664171563442751
294200.0	1000.0	1195.4205014463173	0.0	0	638.1397427621414	1395.4205014462932	1	0	1	1.6664171563442751
295244.9027604335	2000.0	1150.5177410128126	0.0	0	0.0	1395.4205014462932	1	0	1	2.0129907466242476
296200.0	2000.0	1195.4205014463168	0.0	0	228.01560202793917	1395.4205014463514	1	0	1	2.7061379271841868
297424.9234767917	2000.0	970.4970246545597	0.0	0	0.0	1395.4205014463514	1	0	1	2.7061379271841868
298200.0	1000.0	1195.4205014462325	0.0	0	412.4949322208995	1395.4205014463514	1	0	1	0.9732699757843241
299200.0	2000.0	1195.4205014462377	0.0	0	290.6732297470444	1395.4205014463514	1	0	1	2.012990746624242
300200.0	2000.0	1195.4205014463487	0.0	0	200.79079941561213	1395.4205014463514	1	0	1	2.7061379271841868
301200.0	2000.0	1195.4205014464026	0.0	0	336.13087093573995	1395.4205014463514	1	0	1	2.7061379271841868
302200.0	2000.0	1195.4205014464692	0.0	0	308.5646744488622	1395.4205014463514	1	0	1	2.7061379271841868
303200.0	2000.0	1195.4205014464862	0.0	0	382.8100723091047	1395.4205014463514	1	0	1	2.7061379271841868
304200.0	2000.0	1195.4205014464983	0.0	0	355.47846387524623	1395.4205014463514	1	0	1	2.7061379271841868
305200.0	3000.0	1195.4205014465117	0.0	0	445.9608270559693	1395.4205014463514	1	0	1	2.908870481238269
306200.0	3000.0	1195.4205014464892	0.0	0	248.31636983528733	1395.4205014462932	1	0	1	3.31433558934644
307304.6506922536	3000.0	1090.769809192842	0.0	0	0.0	1395.420501446235	1	0	1	3.3143355893464435
308297.1386364054	3000.0	1098.281865041052	0.0	0	0.0	1395.4205014462932	1	0	1	3.314335589346442
310444.7858957405	3000.0	200.0	249.3653942940763	0	0.0	1644.7858957403805	1	0	1	1.808401586501109
310673.32056220755	500.0	971.4653335330188	0.0	0	0.0	1644.7858957403805	1	0	1	-1.189999623153107
311481.16721601656	2000.0	1163.6186797240598	0.0	0	0.0	1644.7858957403805	1	0	1	1.2949070266348937
312330.8923074098	2000.0	1313.8935883308409	0.0	0	0.0	1644.7858957403805	1	0	1	2.681201387754784
313403.53537428903	2000.0	1241.2505214516132	0.0	0	0.0	1644.7858957403805	1	0	1	2.681201387754784
314487.29158367397	2000.0	1157.4943120667062	0.0	0	0.0	1644.7858957403805	1	0	1	2.681201387754784
315200.0	1000.0	1444.7858957407018	0.0	0	39.6519203838543	1644.7858957404387	1	0	1	0.9483334363549153
316200.0	2000.0	1444.7858957406816	0.0	0	60.29865255882032	1644.785895740497	1	0	1	1.9880542071948273
317578.8325886681	2000.0	1065.953307072572	0.0	0	0.0	1644.785895740497	1	0	1	2.6812013877547725
318200.0	1000.0	1444.7858957406715	0.0	0	141.38994638167787	1644.7858957405551	1	0	1	0.948333436354906
319289.3389008835	2000.0	1355.4469948571582	0.0	0	0.0	1644.7858957405551	1	0	1	1.9880542071948213
320200.0	2000.0	1444.7858957406565	0.0	0	26.552536870003678	1644.7858957405551	1	0	1	2.6812013877547662
321200.0	2000.0	1444.785895740674	0.0	0	365.77676779049216	1644.7858957405551	1	0	1	2.6812013877547662
322265.684149394	3000.0	1379.1017463466942	0.0	0	0.0	1644.785895740497	1	0	1	2.883933941808852
323200.0	2000.0	1444.7858957406447	0.0	0	177.08135996118654	1644.785895740497	1	0	1	2.275736279646608
324200.0	3000.0	1444.7858957407154	0.0	0	101.37912406492978	1644.785895740497	1	0	1	2.8839339418088548
325200.0	3000.0	1444.7858957406847	0.0	0	91.1303310628864	1644.785895740497	1	0	1	3.2893990499170194
326926.89967540535	3000.0	717.8862203353999	0.0	0	0.0	1644.785895740497	1	0	1	3.2893990499170194
2.98	2.57	2.07	2.5	2.24	2.83	3.24	2.31	2.22	2.95	3.28	4.24	3.83	4.24	4.58	4.73	4.43	5.11	4.29	2.73	2.78	2.25	2.06	2.2	2.24	1.59	1.56	0.87	1.75	1.64	1.41	1.62	2.06	2.71	3.13	3.15	1.76	1.98	2.32	2.37	2.84	3.43	2.72	2.54	1.48	2.0	1.91	2.34	2.57	2.39	2.06	1.38	1.8	2.24	2.12	2.8	1.98	2.07	2.7	3.26	3.89	4.51	5.19	6.32	2.18	2.51	2.27	2.12	2.27	2.92	3.45	4.07	3.73	4.15	4.6	3.6	2.91	1.68	3.33	2.66	2.39	2.5	2.85	3.46	3.58	1.92	1.41	1.92	2.59	3.21	3.81	4.48	6.56	4.0	1.78	2.04	1.48	1.51	0.86	0.74	0.71	1.03	1.51	2.05	2.92	1.92	1.37	1.88	2.39	2.85	2.59	1.71	1.42	1.84	1.37	1.8	2.39	2.97	3.08	1.63	2.15	1.84	2.33	2.27	2.42	3.06	3.7	4.24	3.89	4.4	4.03	3.41	3.06	2.06	1.84	1.99	2.27	2.64	1.85	1.95	1.62	1.85	2.13	2.63	2.43	3.04	3.17	3.1	2.75	2.37	2.98	2.57	2.07	2.5	2.24	2.83	3.24	2.31	2.22	2.95	3.28	4.24	3.83	4.24	4.58	4.73	4.43	5.11	4.29	2.73	2.78	2.25	2.06	2.2	2.24	1.59	1.56	0.87	1.75	1.64	1.41	1.62	2.06	2.71	3.13	3.15	1.76	1.98	2.32	2.37	2.84	3.43	2.72	2.54	1.48	2.0	1.91	2.34	2.57	2.39	2.06	1.38	1.8	2.24	2.12	2.8	1.98	2.07	2.7	3.26	3.89	4.51	5.19	6.32	2.18	2.51	2.27	2.12	2.27	2.92	3.45	4.07	3.73	4.15	4.6	3.6	2.91	1.68	3.33	2.66	2.39	2.5	2.85	3.46	3.58	1.92	1.41	1.92	2.59	3.21	3.81	4.48	6.56	4.0	1.78	2.04	1.48	1.51	0.86	0.74	0.71	1.03	1.51	2.05	2.92	1.92	1.37	1.88	2.39	2.85	2.59	1.71	1.42	1.84	1.37	1.8	2.39	2.97	3.08	1.63	2.15	1.84	2.33	2.27	2.42	3.06	3.7	4.24	3.89	4.4	4.03	3.41	3.06	2.06	1.84	1.99	2.27	2.64	1.85	1.95	1.62	1.85	2.13	2.63	2.43	3.04	3.17	3.1	2.75	2.37	2.98	2.57	2.07	2.5	2.24	2.83	3.24	2.31	2.22	2.95	3.28	4.24	3.83	4.24	4.58	4.73	4.43	5.11	4.29	2.73	2.78	2.25	2.06	2.2	2.24	1.59	1.56	0.87
1.0	2.0	3.0	4.0	5.0	6.0	7.0	8.0	9.0	10.0	11.0	12.0	13.0	14.0	15.0	16.0	17.0	18.0	19.0	20.0	21.0	22.0	23.0	24.0	25.0	26.0	27.0	28.0	29.0	30.0	31.0	32.0	33.0	34.0	35.0	36.0	37.0	38.0	39.0	40.0	41.0	42.0	43.0	44.0	45.0	46.0	47.0	48.0	49.0	50.0	51.0	52.0	53.0	54.0	55.0	56.0	57.0	58.0	59.0	60.0	61.0	62.0	63.0	64.0	65.0	66.0	67.0	68.0	69.0	70.0	71.0	72.0	73.0	74.0	75.0	76.0	77.0	78.0	79.0	80.0	81.0	82.0	83.0	84.0	85.0	86.0	87.0	88.0	89.0	90.0	91.0	92.0	93.0	94.0	95.0	96.0	97.0	98.0	99.0	100.0	101.0	102.0	103.0	104.0	105.0	106.0	107.0	108.0	109.0	110.0	111.0	112.0	113.0	114.0	115.0	116.0	117.0	118.0	119.0	120.0	121.0	122.0	123.0	124.0	125.0	126.0	127.0	128.0	129.0	130.0	131.0	132.0	133.0	134.0	135.0	136.0	137.0	138.0	139.0	140.0	141.0	142.0	143.0	144.0	145.0	146.0	147.0	148.0	149.0	149.0	150.0	151.0	152.0	153.0	154.0	155.0	156.0	157.0	158.0	159.0	160.0	161.0	162.0	163.0	164.0	165.0	166.0	167.0	168.0	169.0	170.0	171.0	172.0	173.0	174.0	175.0	176.0	177.0	178.0	179.0	180.0	181.0	182.0	183.0	184.0	185.0	186.0	187.0	188.0	189.0	190.0	191.0	192.0	193.0	194.0	195.0	196.0	197.0	198.0	199.0	200.0	201.0	202.0	203.0	204.0	205.0	206.0	207.0	208.0	209.0	210.0	211.0	212.0	213.0	214.0	215.0	216.0	217.0	218.0	219.0	220.0	221.0	222.0	223.0	224.0	225.0	226.0	227.0	228.0	229.0	230.0	231.0	232.0	233.0	234.0	235.0	236.0	237.0	238.0	239.0	240.0	241.0	242.0	243.0	244.0	245.0	246.0	247.0	248.0	249.0	250.0	251.0	252.0	253.0	254.0	255.0	256.0	257.0	258.0	259.0	260.0	261.0	262.0	263.0	264.0	265.0	266.0	267.0	268.0	269.0	270.0	271.0	272.0	273.0	274.0	275.0	276.0	277.0	278.0	279.0	280.0	281.0	282.0	283.0	284.0	285.0	286.0	287.0	288.0	289.0	290.0	291.0	292.0	293.0	294.0	295.0	296.0	297.0	298.0	298.0	299.0	300.0	301.0	302.0	303.0	304.0	305.0	306.0	307.0	308.0	309.0	310.0	311.0	312.0	313.0	314.0	315.0	316.0	317.0	318.0	319.0	320.0	321.0	322.0	323.0	324.0	325.0	326.0
2274.0481394783314
