2789.2774017596953	300.0	2000.0	141.02304835103493	0	0.0	2789.2774017596953	1	0	1	-1.1222469326573545
5200.0	2000.0	489.2999999999998	0.0	0	185.51967734209575	689.3000000000002	1	0	2	0.47646495359088936
6200.0	500.0	2589.2999999999997	0.0	0	771.4452240115061	2789.3	1	0	0	-1.2949859254709046
9323.812593802159	3000.0	353.1061468176221	0.0	0	0.0	676.9187406197816	1	0	2	0.9910187271746942
10200.0	500.0	2564.537481239563	0.0	0	510.3244394188423	2764.537481239564	1	0	0	-1.6981663253648898
14427.60573202659	3000.0	200.0	987.1171127178974	0	0.0	1627.60573202659	1	0	2	-5.010040735319474
14593.721693935799	300.0	1033.884038090794	0.0	0	0.0	1627.60573202659	1	0	1	-2.6653456661967043
15309.75082634638	1000.0	1317.854905680212	0.0	0	0.0	1627.60573202659	1	0	1	0.43922582896030915
16200.0	1000.0	1427.6057320265897	0.0	0	432.86908443173706	1627.60573202659	1	0	1	1.6431986332862452
17200.0	1000.0	1427.6057320265902	0.0	0	357.7376083243871	1627.6057320265918	1	0	1	1.6431986332862452
18200.0	1000.0	1427.605732026588	0.0	0	440.962442907512	1627.60573202659	1	0	1	1.6431986332862452
19200.0	1000.0	1427.6057320265877	0.0	0	76.36909316473975	1627.6057320265863	1	0	1	1.6431986332862456
20200.0	1000.0	1427.6057320265877	0.0	0	142.20190930524768	1627.6057320265863	1	0	1	1.6431986332862458
21603.33159929094	2000.0	1024.2741327356468	0.0	0	0.0	1627.60573202659	1	0	1	1.9897722235662179
22200.0	1000.0	1427.6057320265902	0.0	0	133.73199715374722	1627.60573202659	1	0	1	0.9500514527263001
23200.0	1000.0	1427.6057320265877	0.0	0	405.6540498448521	1627.6057320265863	1	0	1	1.6431986332862454
24291.141466457877	1000.0	1336.464265568709	0.0	0	0.0	1627.6057320265827	1	0	1	1.643198633286246
25440.905037906345	1000.0	1186.7006941202399	0.0	0	0.0	1627.6057320265827	1	0	1	1.643198633286246
26575.491711160943	1000.0	1052.1140208656414	0.0	0	0.0	1627.6057320265827	1	0	1	1.643198633286246
27463.61303309639	1000.0	1163.9926989301925	0.0	0	0.0	1627.605732026579	1	0	1	1.6431986332862465
28200.0	1000.0	1427.6057320265809	0.0	0	31.440562958159717	1627.6057320265827	1	0	1	1.643198633286246
29200.0	1000.0	1427.6057320265802	0.0	0	343.30591489300787	1627.6057320265827	1	0	1	1.643198633286246
30200.0	1000.0	1427.605732026581	0.0	0	430.6891376400454	1627.6057320265827	1	0	1	1.643198633286246
31200.0	1000.0	1427.6057320265847	0.0	0	373.2201702177081	1627.6057320265863	1	0	1	1.6431986332862458
32200.0	1000.0	1427.6057320265834	0.0	0	425.8186435492862	1627.6057320265863	1	0	1	1.6431986332862458
33200.0	1000.0	1427.6057320265875	0.0	0	422.9511289764923	1627.6057320265863	1	0	1	1.6431986332862458
34200.0	1000.0	1427.6057320265897	0.0	0	350.3314774748942	1627.6057320265863	1	0	1	1.6431986332862458
35200.0	1000.0	1427.6057320265918	0.0	0	394.11351308324083	1627.6057320265827	1	0	1	1.643198633286246
36961.21479491817	2000.0	666.3909371084326	0.0	0	0.0	1627.60573202659	1	0	1	1.9897722235662187
37531.34884550282	500.0	1096.2568865237804	0.0	0	0.0	1627.60573202659	1	0	1	-0.7828164986735635
38200.0	1000.0	1427.605732026606	0.0	0	47.119397466674855	1627.6057320265827	1	0	1	0.9500514527263006
39200.0	1000.0	1427.6057320266095	0.0	0	461.87991654152574	1627.6057320265754	1	0	1	1.6431986332862465
40200.0	1000.0	1427.605732026612	0.0	0	432.03664018850395	1627.6057320265681	1	0	1	1.643198633286247
41200.0	1000.0	1427.605732026609	0.0	0	357.3722950837546	1627.6057320265681	1	0	1	1.6431986332862474
42200.0	1000.0	1427.6057320266189	0.0	0	237.50970839293586	1627.6057320265681	1	0	1	1.6431986332862474
43200.0	1000.0	1427.6057320266104	0.0	0	456.7755311762812	1627.6057320265681	1	0	1	1.6431986332862474
44201.08603509424	1000.0	1426.519696932372	0.0	0	0.0	1627.6057320265681	1	0	1	1.6431986332862474
45200.0	1000.0	1427.6057320266073	0.0	0	202.0126599376017	1627.6057320265609	1	0	1	1.6431986332862483
46200.0	1000.0	1427.6057320266011	0.0	0	572.8249725358546	1627.6057320265681	1	0	1	1.6431986332862474
47200.0	1000.0	1427.605732026593	0.0	0	479.7346966390105	1627.6057320265681	1	0	1	1.6431986332862474
48200.0	1000.0	1427.6057320265961	0.0	0	553.9006644606852	1627.6057320265681	1	0	1	1.6431986332862474
49200.0	1000.0	1427.605732026596	0.0	0	586.2246026766734	1627.6057320265681	1	0	1	1.6431986332862474
51481.86425597791	2000.0	200.0	54.258523951314544	0	0.0	1681.8642559778818	1	0	1	1.6631359093793063
51897.70743591488	300.0	824.9687547965282	40.81193473350163	0	0.0	1722.6761907113832	1	0	1	-2.3142592123580292
52523.119305710636	1000.0	1137.0156980211955	0.0	0	0.0	1660.1350037318043	1	0	2	0.034455816287758845
53200.0	1000.0	1460.1350037318248	0.0	0	156.27798264332523	1660.1350037318043	1	0	1	1.4399457061157237
54200.0	1000.0	1460.1350037318214	0.0	0	562.8691391259927	1660.1350037318043	1	0	1	1.6399457061157239
55200.0	1000.0	1460.1350037318268	0.0	0	463.1162190811592	1660.1350037318043	1	0	1	1.6399457061157239
56200.0	1000.0	1460.1350037318275	0.0	0	231.2564064709004	1660.1350037318043	1	0	1	1.6399457061157239
57200.0	1000.0	1460.1350037318327	0.0	0	379.2655473045452	1660.1350037318043	1	0	1	1.6399457061157239
58200.0	1000.0	1460.135003731824	0.0	0	244.8785918904323	1660.1350037318043	1	0	1	1.6399457061157239
59327.59827016183	1000.0	1332.5367335699962	0.0	0	0.0	1660.1350037318043	1	0	1	1.6399457061157239
60239.25647588692	1000.0	1420.878527844902	0.0	0	0.0	1660.1350037318043	1	0	1	1.6399457061157239
61200.0	1000.0	1460.1350037318211	0.0	0	391.7532405343736	1660.135003731797	1	0	1	1.6399457061157245
62200.0	1000.0	1460.135003731824	0.0	0	154.84321096658095	1660.135003731797	1	0	1	1.6399457061157245
63200.0	1000.0	1460.1350037318216	0.0	0	423.6381466813109	1660.135003731797	1	0	1	1.6399457061157245
64200.0	1000.0	1460.1350037318157	0.0	0	392.19533998064435	1660.135003731797	1	0	1	1.6399457061157245
65245.17013058747	2000.0	1414.9648731443453	0.0	0	0.0	1660.135003731797	1	0	1	1.986519296395697
66200.0	1000.0	1460.1350037318275	0.0	0	197.01989665825386	1660.1350037318043	1	0	1	0.9467985255557789
67200.0	1000.0	1460.1350037318218	0.0	0	367.6913084169064	1660.1350037317898	1	0	1	1.639945706115725
68276.29418968636	2000.0	1383.8408140454665	0.0	0	0.0	1660.1350037317898	1	0	1	1.9865192963956981
69200.0	1000.0	1460.1350037318355	0.0	0	289.7576914212841	1660.1350037318043	1	0	1	0.9467985255557796
70200.0	1000.0	1460.1350037318266	0.0	0	424.958169486461	1660.1350037317898	1	0	1	1.6399457061157243
71239.0863596887	2000.0	1421.0486440431248	0.0	0	0.0	1660.1350037318043	1	0	1	1.9865192963956972
72200.0	1000.0	1460.1350037318475	0.0	0	388.82953271521546	1660.1350037318043	1	0	1	0.9467985255557787
73200.0	1000.0	1460.1350037318475	0.0	0	305.13519562581496	1660.1350037318043	1	0	1	1.6399457061157239
74200.0	1000.0	1460.135003731861	0.0	0	493.01118760660756	1660.1350037317898	1	0	1	1.6399457061157252
75200.0	1000.0	1460.1350037318616	0.0	0	452.8749230184185	1660.1350037317898	1	0	1	1.6399457061157252
76200.0	1000.0	1460.1350037318716	0.0	0	581.3134371178458	1660.1350037317898	1	0	1	1.6399457061157252
77200.0	1000.0	1460.1350037318691	0.0	0	381.1914221939369	1660.1350037317898	1	0	1	1.6399457061157252
78719.48136518552	2000.0	940.6536385463284	0.0	0	0.0	1660.1350037317898	1	0	1	1.9865192963956981
79427.00191953663	1000.0	1233.1330841952142	0.0	0	0.0	1660.1350037317898	1	0	1	0.94679852555578
80200.0	1000.0	1460.1350037318402	0.0	0	65.11445912491763	1660.1350037317898	1	0	1	1.6399457061157252
81200.0	1000.0	1460.1350037318325	0.0	0	534.6892402029043	1660.1350037317898	1	0	1	1.6399457061157252
82200.0	2000.0	1460.1350037318462	0.0	0	258.5346157699387	1660.1350037317898	1	0	1	1.9865192963956981
83200.0	1000.0	1460.135003731852	0.0	0	617.1812327327934	1660.1350037317752	1	0	1	0.9467985255557817
84200.0	1000.0	1460.135003731849	0.0	0	651.6924232523888	1660.1350037317752	1	0	1	1.6399457061157268
85200.0	2000.0	1460.1350037318402	0.0	0	381.37822883593617	1660.1350037317752	1	0	1	1.9865192963956992
86200.0	2000.0	1460.1350037318273	0.0	0	88.16216856715619	1660.1350037317752	1	0	1	2.6796664769556444
87826.40895597296	2000.0	833.7260477588759	0.0	0	0.0	1660.1350037317752	1	0	1	2.6796664769556444
88707.39137243062	1000.0	952.7436313012178	0.0	0	0.0	1660.1350037317752	1	0	1	0.9467985255557817
89672.3774165235	1000.0	987.7575872083295	0.0	0	0.0	1660.1350037317898	1	0	1	1.6399457061157252
91043.48989391541	1000.0	616.6451098164085	0.0	0	0.0	1660.1350037317752	1	0	1	1.6399457061157268
91394.49353688334	500.0	1265.6414668484563	0.0	0	0.0	1660.1350037317752	1	0	1	-0.09292224528413678
92200.0	1000.0	1460.1350037318105	0.0	0	100.5518873478286	1660.1350037317752	1	0	1	0.9467985255557815
93200.0	1000.0	1460.1350037318061	0.0	0	517.0674405162717	1660.1350037317752	1	0	1	1.6399457061157268
94200.0	1000.0	1460.135003731794	0.0	0	536.064156876746	1660.1350037317752	1	0	1	1.6399457061157268
95466.15176654993	1000.0	1193.9832371818766	0.0	0	0.0	1660.1350037317752	1	0	1	1.6399457061157268
97461.3748689932	1000.0	200.0	1.239865261397199	0	0.0	1661.3748689931672	1	0	1	1.6324817172421158
97798.71342207928	300.0	862.6614469139089	0.0	0	0.0	1661.3748689931672	1	0	1	-1.3701102912252532
98391.71033854075	500.0	1269.6645304524232	0.0	0	0.0	1661.3748689931672	1	0	1	0.08927532498367874
99200.0	500.0	1461.3748689931763	0.0	0	181.6987719608005	1661.3748689931672	1	0	1	0.6001009487496695
100200.0	500.0	1461.3748689931685	0.0	0	465.87972480629105	1661.3748689931672	1	0	1	0.6001009487496695
101200.0	500.0	1461.374868993174	0.0	0	699.66456493648	1661.3748689931672	1	0	1	0.6001009487496695
102200.0	1000.0	1461.3748689931592	0.0	0	159.36836936343752	1661.3748689931526	1	0	1	0.9466745390296436
103200.0	1000.0	1461.374868993149	0.0	0	307.216942197585	1661.3748689931526	1	0	1	1.639821719589589
104200.0	1000.0	1461.3748689931435	0.0	0	337.13088225403044	1661.3748689931526	1	0	1	1.639821719589589
105200.0	1000.0	1461.3748689931247	0.0	0	313.13222236189176	1661.3748689931526	1	0	1	1.639821719589589
106200.0	1000.0	1461.3748689931408	0.0	0	425.7131469066371	1661.3748689931672	1	0	1	1.6398217195895874
107200.0	1000.0	1461.3748689931497	0.0	0	266.8190561178635	1661.3748689931672	1	0	1	1.6398217195895874
108200.0	1000.0	1461.374868993146	0.0	0	168.02458738743735	1661.3748689931817	1	0	1	1.6398217195895861
109200.0	1000.0	1461.3748689931394	0.0	0	331.79466576318373	1661.3748689931817	1	0	1	1.6398217195895861
110200.0	1000.0	1461.3748689931342	0.0	0	114.8244922857848	1661.3748689931817	1	0	1	1.6398217195895861
111203.45855498948	1000.0	1457.916314003658	0.0	0	0.0	1661.3748689931817	1	0	1	1.6398217195895861
112200.0	1000.0	1461.3748689931415	0.0	0	168.49293449017568	1661.3748689931963	1	0	1	1.6398217195895848
113200.0	1000.0	1461.374868993133	0.0	0	253.92711318362853	1661.3748689931963	1	0	1	1.6398217195895848
114218.18329071558	1000.0	1443.191578277555	0.0	0	0.0	1661.3748689931963	1	0	1	1.6398217195895848
115200.0	1000.0	1461.3748689931263	0.0	0	470.8301407181716	1661.3748689931963	1	0	1	1.6398217195895848
116200.0	1000.0	1461.3748689931203	0.0	0	156.88270822528284	1661.3748689931817	1	0	1	1.6398217195895861
117200.0	1000.0	1461.3748689931103	0.0	0	235.55366088170558	1661.3748689931817	1	0	1	1.6398217195895861
118200.0	1000.0	1461.3748689931122	0.0	0	204.2150504114834	1661.3748689931817	1	0	1	1.6398217195895861
119200.0	1000.0	1461.3748689931165	0.0	0	409.8350339753233	1661.3748689931817	1	0	1	1.6398217195895861
120200.0	1000.0	1461.3748689931156	0.0	0	306.1884779200482	1661.3748689931963	1	0	1	1.6398217195895848
121200.0	1000.0	1461.3748689931033	0.0	0	127.14881259412505	1661.3748689932108	1	0	1	1.639821719589583
122200.0	1000.0	1461.3748689931117	0.0	0	339.6803449355939	1661.3748689932108	1	0	1	1.639821719589583
123347.3538189883	2000.0	1314.0210500048047	0.0	0	0.0	1661.3748689932108	1	0	1	1.9863953098695561
124200.0	1000.0	1461.374868993117	0.0	0	322.25280059926445	1661.3748689931963	1	0	1	0.9466745390296396
125200.0	1000.0	1461.3748689931074	0.0	0	497.68494621824357	1661.3748689931963	1	0	1	1.6398217195895848
126200.0	2000.0	1461.3748689930928	0.0	0	315.4478111966455	1661.3748689931963	1	0	1	1.986395309869557
127912.97881111212	2000.0	748.3960578809753	0.0	0	0.0	1661.3748689932108	1	0	1	2.679542490429501
128811.88572517518	1000.0	849.4891438179046	0.0	0	0.0	1661.3748689932108	1	0	1	0.9466745390296379
129556.45034142477	1000.0	1104.9245275682924	0.0	0	0.0	1661.3748689932108	1	0	1	1.639821719589583
130200.0	1000.0	1461.374868993076	0.0	0	99.01352457042958	1661.3748689932108	1	0	1	1.639821719589583
131200.0	1000.0	1461.374868993073	0.0	0	426.8233939358761	1661.3748689932108	1	0	1	1.639821719589583
132200.0	1000.0	1461.374868993074	0.0	0	300.18654762324877	1661.3748689932254	1	0	1	1.639821719589582
133200.0	1000.0	1461.3748689931026	0.0	0	338.41925602030824	1661.37486899324	1	0	1	1.6398217195895803
134200.0	1000.0	1461.37486899309	0.0	0	214.01230335314176	1661.37486899324	1	0	1	1.6398217195895803
135200.0	1000.0	1461.3748689930935	0.0	0	28.213978300482268	1661.3748689932108	1	0	1	1.6398217195895826
136200.0	1000.0	1461.3748689930862	0.0	0	295.3239987482666	1661.3748689932108	1	0	1	1.639821719589583
137235.9048707039	1000.0	1425.4699982891639	0.0	0	23.995931185549125	1661.3748689932108	1	0	1	1.639821719589583
138513.16188980994	1000.0	1148.2129791831399	0.0	0	0.0	1661.37486899324	1	0	1	1.6398217195895803
139288.56535867104	500.0	1372.809510322029	0.0	0	0.0	1661.3748689932108	1	0	1	-0.09304623181028032
140200.0	500.0	1461.3748689930774	0.0	0	22.427677319734357	1661.3748689932108	1	0	1	0.6001009487496651
141200.0	500.0	1461.3748689930785	0.0	0	189.8690371704579	1661.3748689932108	1	0	1	0.6001009487496651
142200.0	500.0	1461.3748689930783	0.0	0	529.8256296952022	1661.3748689932108	1	0	1	0.6001009487496651
143200.0	500.0	1461.374868993101	0.0	0	430.3296161197359	1661.3748689932108	1	0	1	0.6001009487496651
144200.0	500.0	1461.3748689931374	0.0	0	549.7853549596912	1661.37486899324	1	0	1	0.6001009487496622
145200.0	500.0	1461.3748689931206	0.0	0	573.4429727462993	1661.3748689932108	1	0	1	0.6001009487496651
146200.0	1000.0	1461.3748689930906	0.0	0	114.65306032908848	1661.3748689931817	1	0	1	0.9466745390296407
147200.0	1000.0	1461.3748689930835	0.0	0	293.7195418809424	1661.3748689931817	1	0	1	1.6398217195895861
148200.0	1000.0	1461.3748689930737	0.0	0	307.20628517025034	1661.3748689931817	1	0	1	1.6398217195895861
149200.0	1000.0	1461.3748689930526	0.0	0	34.137398107064655	1661.3748689931817	1	0	1	1.6398217195895861
150231.2744407973	1000.0	1430.1004281957669	0.0	0	0.0	1661.3748689932108	1	0	1	1.639821719589583
151200.0	1000.0	1461.3748689930599	0.0	0	62.67947811851627	1661.3748689931817	1	0	1	1.6398217195895861
152200.0	1000.0	1461.3748689930565	0.0	0	88.2550687197363	1661.3748689931817	1	0	1	1.6398217195895861
153200.0	1000.0	1461.3748689930414	0.0	0	284.61419896315783	1661.3748689931817	1	0	1	1.6398217195895861
154200.0	1000.0	1461.374868993063	0.0	0	344.8992674674664	1661.3748689931817	1	0	1	1.6398217195895861
155200.0	1000.0	1461.374868993082	0.0	0	545.017238732311	1661.3748689931817	1	0	1	1.6398217195895861
156200.0	1000.0	1461.374868993072	0.0	0	501.9337262713816	1661.3748689931526	1	0	1	1.639821719589589
157200.0	1000.0	1461.3748689930935	0.0	0	359.18140782555565	1661.3748689931526	1	0	1	1.639821719589589
158200.0	1000.0	1461.3748689931099	0.0	0	475.99615149080637	1661.3748689931526	1	0	1	1.639821719589589
159250.23615604945	2000.0	1411.1387129436828	0.0	0	0.0	1661.3748689931526	1	0	1	1.9863953098695615
160200.0	2000.0	1461.3748689931322	0.0	0	87.13774606832885	1661.3748689931817	1	0	1	2.6795424904295038
161693.67788794864	2000.0	967.6969810444836	0.0	0	0.0	1661.3748689931817	1	0	1	2.6795424904295038
162200.0	1000.0	1461.3748689930876	0.0	0	21.6901238883147	1661.3748689931817	1	0	1	0.9466745390296409
163298.35809341382	2000.0	1363.0167755792233	0.0	0	0.0	1661.3748689931817	1	0	1	1.9863953098695588
164200.0	1000.0	1461.3748689930474	0.0	0	290.66891715460224	1661.3748689932108	1	0	1	0.9466745390296397
165200.0	1000.0	1461.3748689930528	0.0	0	328.54491829779	1661.3748689932108	1	0	1	1.639821719589583
166200.0	1000.0	1461.3748689930617	0.0	0	426.8966603782319	1661.3748689931817	1	0	1	1.6398217195895861
167200.0	1000.0	1461.374868993041	0.0	0	404.58413207062404	1661.3748689932108	1	0	1	1.6398217195895848
169005.04947281515	2000.0	656.3253961779238	0.0	0	0.0	1661.3748689932108	1	0	1	1.9863953098695561
169894.86511882686	1000.0	766.5097501662066	0.0	0	0.0	1661.3748689931526	1	0	1	0.9466745390296416
170621.61410667194	1000.0	1039.760762321133	0.0	0	0.0	1661.3748689931526	1	0	1	1.639821719589589
171200.0	1000.0	1461.3748689930922	0.0	0	4.6708107667800505	1661.3748689931526	1	0	1	1.639821719589589
172200.0	1000.0	1461.3748689930878	0.0	0	366.52017062771483	1661.3748689931526	1	0	1	1.639821719589589
173200.0	1000.0	1461.3748689930633	0.0	0	204.37175668796408	1661.3748689931526	1	0	1	1.639821719589589
174200.0	1000.0	1461.3748689930521	0.0	0	119.73153801151784	1661.3748689931817	1	0	1	1.6398217195895877
175239.22914785845	1000.0	1422.145721134588	0.0	0	0.0	1661.3748689931817	1	0	1	1.6398217195895861
176200.0	1000.0	1461.3748689930371	0.0	0	55.73555242171278	1661.3748689931526	1	0	1	1.6398217195895886
177200.0	1000.0	1461.374868993004	0.0	0	166.35605297391885	1661.3748689931526	1	0	1	1.639821719589589
178200.0	1000.0	1461.3748689929848	0.0	0	493.82725215592654	1661.3748689931817	1	0	1	1.6398217195895861
179200.0	1000.0	1461.3748689929457	0.0	0	626.6639247069252	1661.3748689931817	1	0	1	1.6398217195895861
180200.0	1000.0	1461.374868992913	0.0	0	548.5885035594401	1661.3748689931817	1	0	1	1.6398217195895861
181200.0	1000.0	1461.3748689929319	0.0	0	328.7024356648617	1661.3748689931817	1	0	1	1.6398217195895861
182200.0	1000.0	1461.3748689929005	0.0	0	278.65904710412724	1661.3748689931526	1	0	1	1.6398217195895874
183200.0	1000.0	1461.3748689929278	0.0	0	532.3406915084342	1661.3748689931817	1	0	1	1.6398217195895861
184200.0	1000.0	1461.374868992888	0.0	0	355.162892011489	1661.3748689931817	1	0	1	1.6398217195895861
185200.0	1000.0	1461.3748689928973	0.0	0	3.813337755796965	1661.3748689931817	1	0	1	1.6398217195895861
186200.0	1000.0	1461.37486899288	0.0	0	357.47313099965686	1661.3748689931817	1	0	1	1.6398217195895861
187200.0	1000.0	1461.3748689928775	0.0	0	24.348719403671566	1661.3748689931526	1	0	1	1.639821719589589
188200.0	1000.0	1461.3748689929084	0.0	0	386.75323151773773	1661.3748689931817	1	0	1	1.6398217195895861
189200.0	1000.0	1461.3748689929052	0.0	0	170.1165420623438	1661.3748689931817	1	0	1	1.6398217195895861
190200.0	1000.0	1461.3748689929077	0.0	0	32.79752025750349	1661.3748689931817	1	0	1	1.6398217195895861
191200.0	1000.0	1461.3748689929191	0.0	0	155.74162187904585	1661.3748689931817	1	0	1	1.6398217195895861
192200.0	1000.0	1461.374868992916	0.0	0	490.41808554608724	1661.3748689931817	1	0	1	1.6398217195895861
193200.0	1000.0	1461.374868992897	0.0	0	330.5470024322567	1661.3748689931817	1	0	1	1.6398217195895861
194200.0	1000.0	1461.3748689928834	0.0	0	241.6282100204553	1661.3748689931817	1	0	1	1.6398217195895861
195200.0	1000.0	1461.3748689928732	0.0	0	525.6317873913795	1661.3748689931817	1	0	1	1.6398217195895861
196200.0	1000.0	1461.3748689928732	0.0	0	545.4360405967745	1661.3748689931526	1	0	1	1.639821719589589
197200.0	2000.0	1461.3748689929046	0.0	0	326.49295345059363	1661.3748689931526	1	0	1	1.9863953098695615
198200.0	1000.0	1461.3748689929075	0.0	0	541.3872166224755	1661.3748689931526	1	0	1	0.9466745390296438
200143.32484153606	2000.0	518.0500274568519	0.0	0	0.0	1661.3748689931235	1	0	1	1.9863953098695621
200865.02238810525	500.0	796.3524808876676	0.0	0	0.0	1661.3748689930944	1	0	1	-0.7861934123702162
201200.0	500.0	1461.3748689929287	0.0	0	36.43455796642229	1661.3748689930653	1	0	1	0.6001009487496797
202200.0	1000.0	1461.3748689928818	0.0	0	454.3920637462288	1661.3748689930653	1	0	1	0.9466745390296525
203200.0	1000.0	1461.3748689929255	0.0	0	535.5733453231223	1661.3748689931526	1	0	1	1.6398217195895914
204200.0	1000.0	1461.374868992924	0.0	0	598.0520176021964	1661.3748689931526	1	0	1	1.639821719589589
205200.0	1000.0	1461.3748689929103	0.0	0	394.61909401160665	1661.3748689931526	1	0	1	1.639821719589589
206200.0	1000.0	1461.3748689929141	0.0	0	343.7423362109985	1661.3748689931526	1	0	1	1.639821719589589
207200.0	1000.0	1461.3748689928818	0.0	0	334.4905513084959	1661.3748689931526	1	0	1	1.639821719589589
208438.06024029537	1000.0	1223.3146286975368	0.0	0	0.0	1661.3748689931817	1	0	1	1.6398217195895861
209289.24718260393	1000.0	1372.127686388985	0.0	0	0.0	1661.3748689931526	1	0	1	1.639821719589589
210200.0	1000.0	1461.3748689929012	0.0	0	259.08853817664203	1661.3748689931526	1	0	1	1.639821719589589
211200.0	1000.0	1461.3748689928955	0.0	0	187.63539783842862	1661.3748689931235	1	0	1	1.63982171958959
212200.0	1000.0	1461.3748689928805	0.0	0	269.3582956138125	1661.3748689931235	1	0	1	1.6398217195895919
213200.0	1000.0	1461.3748689928902	0.0	0	454.71287752577337	1661.3748689931235	1	0	1	1.6398217195895919
214200.0	2000.0	1461.3748689928586	0.0	0	73.86451261342154	1661.3748689930653	1	0	1	1.9863953098695695
215200.0	1000.0	1461.374868992879	0.0	0	413.42528055026196	1661.3748689930653	1	0	1	0.9466745390296527
216200.0	1000.0	1461.3748689928861	0.0	0	194.5111128243152	1661.3748689930653	1	0	1	1.6398217195895979
217386.25448230162	2000.0	1275.1203866912533	0.0	0	0.0	1661.3748689930653	1	0	1	1.9863953098695704
218200.0	1000.0	1461.3748689928534	0.0	0	292.5159782478004	1661.374868993007	1	0	1	0.9466745390296567
219200.0	2000.0	1461.3748689928486	0.0	0	81.35647374519613	1661.374868992978	1	0	1	1.9863953098695784
220492.66683428883	2000.0	1168.7080347040255	0.0	0	0.0	1661.374868992978	1	0	1	2.6795424904295246
221200.0	1000.0	1461.3748689928743	0.0	0	199.52285587135702	1661.374868993007	1	0	1	0.9466745390296585
222200.0	1000.0	1461.3748689929066	0.0	0	333.02090384901385	1661.374868993007	1	0	1	1.6398217195896037
223200.0	1000.0	1461.3748689929164	0.0	0	428.2010038411827	1661.374868993007	1	0	1	1.6398217195896037
224200.0	1000.0	1461.3748689929168	0.0	0	592.7356312989141	1661.374868992978	1	0	1	1.6398217195896065
225200.0	1000.0	1461.3748689929105	0.0	0	542.1600904059596	1661.374868992978	1	0	1	1.6398217195896065
226200.0	1000.0	1461.3748689929344	0.0	0	249.38097640677006	1661.374868993007	1	0	1	1.6398217195896054
227200.0	1000.0	1461.3748689929284	0.0	0	47.21613797231112	1661.374868993007	1	0	1	1.6398217195896037
228200.0	1000.0	1461.3748689929132	0.0	0	513.8652096609585	1661.374868992978	1	0	1	1.6398217195896065
229200.0	1000.0	1461.3748689929005	0.0	0	481.1881331243785	1661.374868992949	1	0	1	1.6398217195896077
230200.0	2000.0	1461.374868992905	0.0	0	105.75580132217146	1661.374868992978	1	0	1	1.9863953098695806
231362.84042034912	2000.0	1298.5344486437589	0.0	0	0.0	1661.374868992978	1	0	1	2.6795424904295246
232200.0	1000.0	1461.3748689928852	0.0	0	427.27377664714004	1661.374868992978	1	0	1	0.9466745390296613
233219.26165195534	2000.0	1442.1132170375395	0.0	0	0.0	1661.374868993007	1	0	1	1.9863953098695766
234200.0	2000.0	1461.3748689928887	0.0	0	140.41786252515158	1661.374868993007	1	0	1	2.679542490429521
235403.8312771045	2000.0	1257.543591888385	0.0	0	0.0	1661.374868993007	1	0	1	2.679542490429521
236560.56282878687	2000.0	1100.8120402060313	0.0	0	0.0	1661.374868993007	1	0	1	2.679542490429521
237497.76347728702	1000.0	1163.6113917058958	0.0	0	0.0	1661.374868993007	1	0	1	0.9466745390296585
238917.32531243065	1000.0	744.04955656228	0.0	0	0.0	1661.3748689930362	1	0	1	1.639821719589603
239368.32317740732	500.0	1293.0516915856288	0.0	0	0.0	1661.3748689930362	1	0	1	-0.09304623181026293
240560.62658536248	1000.0	1100.7482836304498	0.0	0	0.0	1661.3748689930362	1	0	1	0.9466745390296551
241200.0	500.0	1461.3748689929414	0.0	0	285.0197205703589	1661.3748689930362	1	0	1	-0.09304623181026293
242200.0	1000.0	1461.374868992955	0.0	0	341.5801656283147	1661.3748689930362	1	0	1	0.9466745390296551
243200.0	1000.0	1461.374868992982	0.0	0	439.5348185878538	1661.3748689930362	1	0	1	1.6398217195896005
244350.98053199713	1000.0	1310.39433699584	0.0	0	0.0	1661.3748689930362	1	0	1	1.6398217195896005
245630.08887349325	1000.0	1031.2859954997	0.0	0	0.0	1661.3748689930362	1	0	1	1.6398217195896005
246651.2350041554	1000.0	1010.1398648375416	0.0	0	0.0	1661.3748689930362	1	0	1	1.6398217195896005
247307.08269114015	500.0	1354.292177852783	0.0	0	0.0	1661.374868993007	1	0	1	-0.09304623181025995
248200.0	500.0	1461.3748689929223	0.0	0	287.60276481189067	1661.374868993007	1	0	1	0.6001009487496856
249200.0	500.0	1461.3748689929432	0.0	0	416.7950751828321	1661.3748689930362	1	0	1	0.6001009487496843
250200.0	500.0	1461.3748689929675	0.0	0	642.5655590305105	1661.3748689930653	1	0	1	0.6001009487496797
251200.0	1000.0	1461.374868992959	0.0	0	271.959404342575	1661.3748689930653	1	0	1	0.9466745390296525
252200.0	1000.0	1461.3748689929798	0.0	0	84.55263756006025	1661.3748689930944	1	0	1	1.6398217195895948
253200.0	1000.0	1461.3748689929455	0.0	0	143.73232888730126	1661.3748689930944	1	0	1	1.6398217195895948
254200.0	1000.0	1461.37486899297	0.0	0	357.9600989311293	1661.3748689930944	1	0	1	1.6398217195895948
255200.0	1000.0	1461.374868992947	0.0	0	328.2495484597166	1661.3748689930653	1	0	1	1.6398217195895979
256200.0	1000.0	1461.3748689929432	0.0	0	201.354187530349	1661.3748689930653	1	0	1	1.6398217195895979
257200.0	1000.0	1461.3748689929366	0.0	0	322.3896848849836	1661.3748689930944	1	0	1	1.6398217195895965
258301.94704840347	1000.0	1359.4278205894946	0.0	0	0.0	1661.3748689931235	1	0	1	1.6398217195895932
259787.2758941308	1000.0	874.0989748621442	0.0	0	0.0	1661.3748689931235	1	0	1	1.6398217195895919
260200.0	500.0	1461.3748689929798	0.0	0	8.93378512916388	1661.3748689930944	1	0	1	-0.09304623181026866
261200.0	1000.0	1461.3748689929403	0.0	0	224.73526927598868	1661.3748689930944	1	0	1	0.9466745390296494
262200.0	1000.0	1461.374868992916	0.0	0	138.63010627985932	1661.3748689930944	1	0	1	1.6398217195895948
263200.0	1000.0	1461.374868992924	0.0	0	195.3028245671303	1661.3748689931235	1	0	1	1.639821719589591
264200.0	1000.0	1461.3748689929357	0.0	0	518.5393479852937	1661.3748689931235	1	0	1	1.6398217195895932
265200.0	1000.0	1461.3748689928764	0.0	0	160.45430000743363	1661.3748689931235	1	0	1	1.6398217195895919
266200.0	1000.0	1461.374868992888	0.0	0	52.77446052344749	1661.3748689931235	1	0	1	1.6398217195895919
267200.0	1000.0	1461.3748689928418	0.0	0	217.17576466628816	1661.3748689930653	1	0	1	1.6398217195895943
268200.0	1000.0	1461.3748689929012	0.0	0	229.41556067048805	1661.3748689930653	1	0	1	1.6398217195895979
269200.0	1000.0	1461.3748689928766	0.0	0	468.7675282166456	1661.3748689930653	1	0	1	1.6398217195895979
270200.0	1000.0	1461.3748689929196	0.0	0	400.07700936013134	1661.3748689931235	1	0	1	1.6398217195895919
271200.0	1000.0	1461.3748689929823	0.0	0	512.806989804667	1661.3748689931817	1	0	1	1.6398217195895861
272515.1113854464	2000.0	1146.2634835465342	0.0	0	0.0	1661.3748689931817	1	0	1	1.9863953098695588
273200.0	1000.0	1461.3748689928468	0.0	0	294.3234572351794	1661.3748689931235	1	0	1	0.9466745390296468
274200.0	1000.0	1461.3748689928434	0.0	0	681.3179107795586	1661.3748689931235	1	0	1	1.6398217195895919
275231.98943611106	2000.0	1429.3854328818147	0.0	0	0.0	1661.3748689931817	1	0	1	1.986395309869561
276200.0	2000.0	1461.374868992866	0.0	0	34.29832771193469	1661.3748689931817	1	0	1	2.6795424904295038
277752.96162131906	2000.0	908.4132476737974	0.0	0	0.0	1661.3748689931817	1	0	1	2.6795424904295038
278337.1304720252	1000.0	1324.2443969676149	0.0	0	0.0	1661.3748689931817	1	0	1	0.9466745390296409
279200.0	1000.0	1461.3748689927772	0.0	0	264.6358166660066	1661.3748689931817	1	0	1	1.6398217195895861
280200.0	1000.0	1461.3748689927752	0.0	0	475.42062256182544	1661.3748689931817	1	0	1	1.6398217195895861
281200.0	1000.0	1461.374868992764	0.0	0	574.6900422615581	1661.37486899324	1	0	1	1.639821719589584
282200.0	1000.0	1461.37486899284	0.0	0	575.3272889801883	1661.37486899324	1	0	1	1.6398217195895803
283200.0	1000.0	1461.3748689928188	0.0	0	103.94279369630385	1661.3748689932982	1	0	1	1.6398217195895746
284262.11666860164	1000.0	1399.2582003912016	0.0	0	0.0	1661.3748689932982	1	0	1	1.6398217195895746
286404.4681050974	2000.0	256.90676389547826	0.0	0	0.0	1661.3748689933564	1	0	1	1.986395309869541
286976.0567544735	300.0	701.8793839021829	16.561269382769837	0	0.0	1677.936138376128	1	0	1	-2.1642812150201127
287815.9242978305	500.0	862.011840545188	0.0	0	0.0	1677.936138376128	1	0	1	0.08761919804538268
288547.07703975565	500.0	1130.8590986201311	0.0	0	0.0	1677.936138376128	1	0	1	0.5984448218113735
289364.6961874423	500.0	1313.2399509335069	0.0	0	0.0	1677.936138376128	1	0	1	0.5984448218113735
290200.0	500.0	1477.936138375834	0.0	0	147.1519849106553	1677.936138376128	1	0	1	0.5984448218113735
291200.0	500.0	1477.9361383758542	0.0	0	424.21598794008605	1677.936138376128	1	0	1	0.5984448218113735
292200.0	500.0	1477.9361383758153	0.0	0	483.50676974473754	1677.936138376128	1	0	1	0.5984448218113735
293200.0	500.0	1477.9361383759058	0.0	0	563.19186015171	1677.9361383762443	1	0	1	0.5984448218113654
294200.0	500.0	1477.936138375877	0.0	0	545.9775788033148	1677.9361383761861	1	0	1	0.5984448218113676
295200.0	1000.0	1477.9361383758478	0.0	0	391.51322254439583	1677.9361383762443	1	0	1	0.945018412091338
296200.0	1000.0	1477.9361383759144	0.0	0	538.2495075629558	1677.9361383762443	1	0	1	1.63816559265128
297200.0	1000.0	1477.9361383759183	0.0	0	102.11115546902874	1677.9361383763026	1	0	1	1.638165592651274
298607.3489428589	1000.0	1070.5871955169944	0.0	0	0.0	1677.9361383763026	1	0	1	1.638165592651274
299647.7170432756	1000.0	1030.219095100392	0.0	0	0.0	1677.9361383763026	1	0	1	1.638165592651274
300207.06273676956	1000.0	1470.8734016064745	0.0	0	0.0	1677.9361383763026	1	0	1	1.638165592651274
301200.0	1000.0	1477.936138376044	0.0	0	332.48155020346167	1677.9361383763026	1	0	1	1.638165592651274
302200.0	1000.0	1477.936138376068	0.0	0	306.84791478398256	1677.9361383763608	1	0	1	1.6381655926512684
303200.0	1000.0	1477.9361383760622	0.0	0	343.35573375981767	1677.9361383763608	1	0	1	1.6381655926512684
304200.0	1000.0	1477.9361383760559	0.0	0	571.6433109711506	1677.9361383763608	1	0	1	1.6381655926512684
305200.0	1000.0	1477.9361383760502	0.0	0	414.84040249872487	1677.9361383763026	1	0	1	1.6381655926512706
306200.0	1000.0	1477.9361383760051	0.0	0	297.9315182280843	1677.9361383763026	1	0	1	1.638165592651274
2.17	2.49	2.41	1.69	1.44	1.7	1.86	1.9	1.9	2.28	1.38	1.33	1.09	1.48	1.95	1.34	1.16	1.07	0.79	1.39	1.88	2.49	2.18	1.59	1.48	1.93	1.56	1.2	1.59	1.15	1.84	1.73	1.17	1.41	1.66	1.16	1.33	1.93	2.54	2.99	2.24	1.08	1.17	0.71	2.0	1.74	2.09	1.49	1.87	2.15	1.0	1.03	1.53	1.48	1.75	2.02	1.56	1.73	1.3	1.3	1.78	2.06	2.0	2.07	1.33	1.52	2.07	2.33	1.45	1.34	1.67	1.62	1.69	2.06	2.44	2.32	2.97	2.24	1.63	1.73	1.2	0.76	0.88	1.33	2.09	2.15	1.22	0.65	0.6	0.8	1.03	1.15	1.33	1.69	1.17	1.56	1.48	1.81	1.37	1.26	1.36	0.86	0.9	1.45	1.31	1.1	1.77	1.3	1.33	1.56	1.75	1.82	1.36	1.66	1.75	2.18	2.75	3.17	1.9	1.17	1.17	1.41	1.82	1.88	2.18	1.71	0.97	1.44	1.45	0.65	0.57	0.58	0.65	0.88	1.15	1.42	1.23	1.31	1.8	1.47	0.9	0.94	1.36	1.41	1.67	1.76	2.37	1.68	1.78	1.67	2.17	2.49	2.41	1.69	1.44	1.7	1.86	1.9	1.9	2.28	1.38	1.33	1.09	1.48	1.95	1.34	1.16	1.07	0.79	1.39	1.88	2.49	2.18	1.59	1.48	1.93	1.56	1.2	1.59	1.15	1.84	1.73	1.17	1.41	1.66	1.16	1.33	1.93	2.54	2.99	2.24	1.08	1.17	0.71	2.0	1.74	2.09	1.49	1.87	2.15	1.0	1.03	1.53	1.48	1.75	2.02	1.56	1.73	1.3	1.3	1.78	2.06	2.0	2.07	1.33	1.52	2.07	2.33	1.45	1.34	1.67	1.62	1.69	2.06	2.44	2.32	2.97	2.24	1.63	1.73	1.2	0.76	0.88	1.33	2.09	2.15	1.22	0.65	0.6	0.8	1.03	1.15	1.33	1.69	1.17	1.56	1.48	1.81	1.37	1.26	1.36	0.86	0.9	1.45	1.31	1.1	1.77	1.3	1.33	1.56	1.75	1.82	1.36	1.66	1.75	2.18	2.75	3.17	1.9	1.17	1.17	1.41	1.82	1.88	2.18	1.71	0.97	1.44	1.45	0.65	0.57	0.58	0.65	0.88	1.15	1.42	1.23	1.31	1.8	1.47	0.9	0.94	1.36	1.41	1.67	1.76	2.37	1.68	1.78	1.67	2.17	2.49	2.41	1.69	1.44	1.7	1.86	1.9
1.0	2.0	3.0	4.0	5.0	6.0	7.0	8.0	9.0	10.0	11.0	12.0	13.0	14.0	15.0	16.0	17.0	18.0	19.0	20.0	21.0	22.0	23.0	24.0	25.0	26.0	27.0	28.0	29.0	30.0	31.0	32.0	33.0	34.0	35.0	36.0	37.0	38.0	39.0	40.0	41.0	42.0	43.0	44.0	45.0	46.0	47.0	48.0	49.0	50.0	51.0	52.0	53.0	54.0	55.0	56.0	57.0	58.0	59.0	60.0	61.0	62.0	63.0	64.0	65.0	66.0	67.0	68.0	69.0	70.0	71.0	72.0	73.0	74.0	75.0	76.0	77.0	78.0	79.0	80.0	81.0	82.0	83.0	84.0	85.0	86.0	87.0	88.0	89.0	90.0	91.0	92.0	93.0	94.0	95.0	96.0	97.0	98.0	99.0	100.0	101.0	102.0	103.0	104.0	105.0	106.0	107.0	108.0	109.0	110.0	111.0	112.0	113.0	114.0	115.0	116.0	117.0	118.0	119.0	120.0	121.0	122.0	123.0	124.0	125.0	126.0	127.0	128.0	129.0	130.0	131.0	132.0	133.0	134.0	135.0	136.0	137.0	138.0	139.0	140.0	141.0	142.0	143.0	144.0	145.0	146.0	147.0	148.0	149.0	149.0	150.0	151.0	152.0	153.0	154.0	155.0	156.0	157.0	158.0	159.0	160.0	161.0	162.0	163.0	164.0	165.0	166.0	167.0	168.0	169.0	170.0	171.0	172.0	173.0	174.0	175.0	176.0	177.0	178.0	179.0	180.0	181.0	182.0	183.0	184.0	185.0	186.0	187.0	188.0	189.0	190.0	191.0	192.0	193.0	194.0	195.0	196.0	197.0	198.0	199.0	200.0	201.0	202.0	203.0	204.0	205.0	206.0	207.0	208.0	209.0	210.0	211.0	212.0	213.0	214.0	215.0	216.0	217.0	218.0	219.0	220.0	221.0	222.0	223.0	224.0	225.0	226.0	227.0	228.0	229.0	230.0	231.0	232.0	233.0	234.0	235.0	236.0	237.0	238.0	239.0	240.0	241.0	242.0	243.0	244.0	245.0	246.0	247.0	248.0	249.0	250.0	251.0	252.0	253.0	254.0	255.0	256.0	257.0	258.0	259.0	260.0	261.0	262.0	263.0	264.0	265.0	266.0	267.0	268.0	269.0	270.0	271.0	272.0	273.0	274.0	275.0	276.0	277.0	278.0	279.0	280.0	281.0	282.0	283.0	284.0	285.0	286.0	287.0	288.0	289.0	290.0	291.0	292.0	293.0	294.0	295.0	296.0	297.0	298.0	298.0	299.0	300.0	301.0	302.0	303.0	304.0	305.0	306.0
2440.0547919247697
