3141.384572994446	300.0	2000.0	246.45468265498766	0	0.0	3141.384572994446	1	0	1	-1.787137403913961
5200.0	1000.0	841.3999999999997	0.0	0	408.64972080541247	1041.3999999999996	1	0	2	0.09412811512361324
6200.0	500.0	2941.3999999999996	0.0	0	552.1195860214257	3141.3999999999996	1	0	0	-0.6371036364269174
10663.354379273394	2000.0	200.0	880.2634701824845	0	0.0	1863.3543792733944	1	0	2	-4.576273472348859
10912.060677733703	300.0	951.2937015396899	0.0	0	0.0	1863.3543792733944	1	0	1	-2.28345542281322
11469.150109811908	500.0	1338.4953262536667	0.0	0	0.0	1807.6454360655753	1	0	2	-0.3266885892167415
12432.717091691538	1000.0	1278.5716461860725	0.0	0	0.0	1711.2887378776104	1	0	2	0.7391329655013579
13241.706643595522	1000.0	1469.582094282088	0.0	0	0.0	1711.2887378776086	1	0	1	1.4348303327011434
14237.608911879084	1000.0	1473.6798259985258	0.0	0	0.0	1711.2887378776086	1	0	1	1.6348303327011435
15200.0	1000.0	1511.2887378776109	0.0	0	87.72463397163119	1711.2887378776086	1	0	1	1.6348303327011435
16200.0	1000.0	1511.28873787761	0.0	0	29.23296583611409	1711.2887378776104	1	0	1	1.634830332701143
17200.0	1000.0	1511.288737877611	0.0	0	128.07672835380436	1711.2887378776122	1	0	1	1.634830332701143
18200.0	1000.0	1511.2887378776115	0.0	0	327.8807738620635	1711.288737877614	1	0	1	1.634830332701143
19200.0	1000.0	1511.2887378776106	0.0	0	346.9121405514343	1711.2887378776104	1	0	1	1.634830332701143
20200.0	2000.0	1511.2887378776115	0.0	0	11.38444477449957	1711.2887378776104	1	0	1	1.9814039229811158
21200.0	1000.0	1511.2887378776095	0.0	0	412.5583457623725	1711.2887378776068	1	0	1	0.9416831521411986
22200.0	1000.0	1511.288737877611	0.0	0	383.2445147234612	1711.2887378776068	1	0	1	1.6348303327011438
23200.0	1000.0	1511.2887378776106	0.0	0	387.24087370964844	1711.2887378776068	1	0	1	1.6348303327011438
24811.859838913082	2000.0	899.428898964525	0.0	0	0.0	1711.2887378776031	1	0	1	1.9814039229811167
25417.692343181137	1000.0	1293.59639469647	0.0	0	0.0	1711.2887378776031	1	0	1	0.9416831521411988
26200.0	1000.0	1511.288737877606	0.0	0	306.1952449651799	1711.2887378776068	1	0	1	1.6348303327011438
27200.0	1000.0	1511.288737877608	0.0	0	360.20522100786184	1711.2887378776068	1	0	1	1.6348303327011438
28612.882953149387	2000.0	1098.4057847282236	0.0	0	0.0	1711.2887378776104	1	0	1	1.9814039229811158
29496.214554550326	1000.0	1215.0741833272832	0.0	0	0.0	1711.2887378776104	1	0	1	0.941683152141198
30382.842946702556	1000.0	1328.4457911750549	0.0	0	0.0	1711.2887378776104	1	0	1	1.634830332701143
31271.95464394517	1000.0	1439.3340939324441	0.0	0	0.0	1711.2887378776104	1	0	1	1.634830332701143
32200.0	1000.0	1511.2887378776156	0.0	0	164.0967255523101	1711.2887378776104	1	0	1	1.634830332701143
33200.0	1000.0	1511.2887378776186	0.0	0	462.9073829752451	1711.2887378776104	1	0	1	1.634830332701143
34200.0	1000.0	1511.2887378776175	0.0	0	268.3301537040097	1711.2887378776104	1	0	1	1.634830332701143
35200.0	1000.0	1511.288737877612	0.0	0	319.4538622638065	1711.2887378776068	1	0	1	1.6348303327011438
36200.0	1000.0	1511.288737877612	0.0	0	533.3056719510132	1711.2887378776068	1	0	1	1.6348303327011438
38448.28781838724	2000.0	263.0009194903638	0.0	0	0.0	1711.2887378776068	1	0	1	1.9814039229811162
38651.637772585505	300.0	1059.6509652920881	0.0	0	0.0	1711.2887378776068	1	0	1	-2.0682488586736416
39383.92231068551	1000.0	1327.3664271920788	0.0	0	0.0	1711.2887378776068	1	0	1	0.4308575283752075
40707.32837565949	1000.0	1003.9603622180952	0.0	0	0.0	1711.2887378776068	1	0	1	1.6348303327011438
41805.99794843194	1000.0	905.2907894456451	0.0	0	0.0	1711.288737877614	1	0	1	1.6348303327011429
42339.11205050512	500.0	1372.1766873724614	0.0	0	0.0	1711.2887378776068	1	0	1	-0.09803761869871991
43200.0	1000.0	1511.28873787758	0.0	0	84.29512646498188	1711.2887378776068	1	0	1	0.9416831521411984
44200.0	1000.0	1511.2887378775806	0.0	0	487.31355745829205	1711.2887378776068	1	0	1	1.6348303327011438
45200.0	1000.0	1511.2887378775806	0.0	0	326.7361189132207	1711.2887378776068	1	0	1	1.6348303327011438
46200.0	1000.0	1511.2887378775752	0.0	0	532.8418898008385	1711.2887378776068	1	0	1	1.6348303327011438
47200.0	1000.0	1511.288737877578	0.0	0	230.52412741130684	1711.288737877614	1	0	1	1.6348303327011429
48200.0	1000.0	1511.2887378775768	0.0	0	66.28193235438812	1711.288737877614	1	0	1	1.6348303327011429
49200.0	1000.0	1511.2887378775738	0.0	0	175.1469570811605	1711.288737877614	1	0	1	1.6348303327011429
50200.0	1000.0	1511.2887378775788	0.0	0	279.4495709904513	1711.2887378776213	1	0	1	1.6348303327011422
51200.0	1000.0	1511.2887378775854	0.0	0	34.77088555627415	1711.2887378776286	1	0	1	1.6348303327011415
52200.0	1000.0	1511.288737877581	0.0	0	211.5924375681425	1711.2887378776286	1	0	1	1.6348303327011415
53200.0	1000.0	1511.288737877578	0.0	0	283.2813975732497	1711.2887378776286	1	0	1	1.6348303327011415
54200.0	1000.0	1511.2887378775788	0.0	0	194.53448902277887	1711.2887378776286	1	0	1	1.6348303327011415
55200.0	1000.0	1511.2887378775788	0.0	0	167.5108794594271	1711.2887378776286	1	0	1	1.6348303327011415
56200.0	1000.0	1511.2887378775856	0.0	0	497.9387415027086	1711.2887378776286	1	0	1	1.6348303327011415
57200.0	1000.0	1511.288737877593	0.0	0	480.65361155611754	1711.2887378776286	1	0	1	1.6348303327011415
58200.0	2000.0	1511.28873787759	0.0	0	328.73280642236205	1711.2887378776286	1	0	1	1.981403922981114
59200.0	1000.0	1511.2887378775918	0.0	0	544.0616278970774	1711.2887378776213	1	0	1	0.9416831521411969
60200.0	1000.0	1511.2887378775868	0.0	0	416.0235040075422	1711.2887378776213	1	0	1	1.6348303327011422
61200.0	1000.0	1511.2887378775908	0.0	0	309.9549738030255	1711.2887378776213	1	0	1	1.6348303327011422
62377.632273532196	2000.0	1333.6564643453935	0.0	0	0.0	1711.288737877614	1	0	1	1.9814039229811156
63200.0	1000.0	1511.2887378775888	0.0	0	159.1975756684842	1711.288737877614	1	0	1	0.9416831521411977
64200.0	1000.0	1511.2887378775872	0.0	0	151.18200582910504	1711.288737877614	1	0	1	1.6348303327011429
65200.0	1000.0	1511.2887378775806	0.0	0	140.3262135719997	1711.288737877614	1	0	1	1.6348303327011429
66200.0	1000.0	1511.2887378775813	0.0	0	351.3076553346764	1711.2887378776213	1	0	1	1.6348303327011426
67200.0	1000.0	1511.2887378775945	0.0	0	424.43599823130353	1711.2887378776359	1	0	1	1.6348303327011406
68200.0	1000.0	1511.288737877599	0.0	0	339.5663708859356	1711.2887378776359	1	0	1	1.6348303327011406
69338.90052711248	1000.0	1372.3882107651286	0.0	0	0.0	1711.2887378776359	1	0	1	1.6348303327011406
70220.01735422158	1000.0	1491.2713836560445	0.0	0	0.0	1711.2887378776359	1	0	1	1.6348303327011406
71200.0	1000.0	1511.2887378776263	0.0	0	7.24227877134399	1711.2887378776359	1	0	1	1.6348303327011406
72200.0	1000.0	1511.288737877634	0.0	0	101.16815828125982	1711.2887378776359	1	0	1	1.6348303327011406
73200.0	1000.0	1511.288737877645	0.0	0	400.17806844232837	1711.2887378776504	1	0	1	1.6348303327011393
74200.0	1000.0	1511.288737877632	0.0	0	401.5428916807723	1711.2887378776359	1	0	1	1.6348303327011406
75200.0	1000.0	1511.288737877623	0.0	0	261.23828169802437	1711.2887378776359	1	0	1	1.6348303327011406
76200.0	1000.0	1511.288737877628	0.0	0	360.0274955370551	1711.2887378776359	1	0	1	1.6348303327011406
77200.0	2000.0	1511.2887378776304	0.0	0	41.073703604299226	1711.2887378776359	1	0	1	1.9814039229811133
78200.0	1000.0	1511.2887378776347	0.0	0	469.1373974660528	1711.2887378776359	1	0	1	0.9416831521411955
79865.70676006355	2000.0	845.5819778140801	0.0	0	0.0	1711.2887378776359	1	0	1	1.9814039229811133
80642.12827682515	1000.0	1069.1604610524785	0.0	0	0.0	1711.2887378776359	1	0	1	0.9416831521411955
81200.0	1000.0	1511.2887378776331	0.0	0	46.15028187005373	1711.2887378776359	1	0	1	1.6348303327011406
82387.64199750441	2000.0	1323.6467403732127	0.0	0	0.0	1711.2887378776359	1	0	1	1.9814039229811133
83200.0	1000.0	1511.2887378776147	0.0	0	427.93609331012703	1711.2887378776359	1	0	1	0.9416831521411955
84474.77015664398	2000.0	1236.5185812336363	0.0	0	0.0	1711.2887378776359	1	0	1	1.9814039229811133
85373.30286487748	1000.0	1337.9858730001474	0.0	0	0.0	1711.2887378776359	1	0	1	0.9416831521411955
86310.62655996253	1000.0	1400.6621779150819	0.0	0	0.0	1711.2887378776504	1	0	1	1.6348303327011393
87671.70306886651	2000.0	1039.5856690110932	0.0	0	0.0	1711.2887378776504	1	0	1	1.9814039229811118
88200.0	1000.0	1511.2887378776095	0.0	0	98.83898423219216	1711.2887378776504	1	0	1	0.9416831521411941
89200.0	1000.0	1511.288737877615	0.0	0	386.80637072311947	1711.2887378776504	1	0	1	1.6348303327011393
90200.0	1000.0	1511.2887378776213	0.0	0	214.04095039998356	1711.2887378776504	1	0	1	1.6348303327011393
91200.0	1000.0	1511.2887378776175	0.0	0	339.9282336315664	1711.2887378776504	1	0	1	1.6348303327011393
92200.0	2000.0	1511.2887378776156	0.0	0	81.37321700528264	1711.2887378776359	1	0	1	1.9814039229811133
93200.0	2000.0	1511.2887378776293	0.0	0	74.93311872023332	1711.2887378776359	1	0	1	2.6745511035410585
94200.0	1000.0	1511.2887378776422	0.0	0	458.677515560601	1711.2887378776504	1	0	1	0.9416831521411941
95705.17654806082	2000.0	1006.1121898168261	0.0	0	0.0	1711.2887378776504	1	0	1	1.9814039229811118
96304.72483825225	1000.0	1406.5638996253867	0.0	0	0.0	1711.2887378776504	1	0	1	0.9416831521411941
97284.60559576623	1000.0	1426.6831421114093	0.0	0	0.0	1711.2887378776504	1	0	1	1.6348303327011393
98638.43094392619	1000.0	1072.8577939514635	0.0	0	0.0	1711.2887378776504	1	0	1	1.6348303327011393
99777.73919760493	1000.0	933.5495402727336	0.0	0	0.0	1711.288737877665	1	0	1	1.634830332701138
100249.1362276833	500.0	1462.1525101943575	0.0	0	0.0	1711.288737877665	1	0	1	-0.09803761869872579
101200.0	1000.0	1511.2887378776438	0.0	0	137.61354723502882	1711.288737877665	1	0	1	0.9416831521411926
102200.0	1000.0	1511.2887378776409	0.0	0	109.20568883689702	1711.288737877665	1	0	1	1.634830332701138
103200.0	1000.0	1511.2887378776372	0.0	0	207.61168631332112	1711.288737877665	1	0	1	1.634830332701138
104200.0	1000.0	1511.2887378776204	0.0	0	413.3749236668518	1711.288737877665	1	0	1	1.634830332701138
105200.0	1000.0	1511.2887378776038	0.0	0	429.98769125447143	1711.288737877665	1	0	1	1.634830332701138
106200.0	1000.0	1511.2887378776118	0.0	0	237.6179742437962	1711.288737877665	1	0	1	1.634830332701138
107200.0	1000.0	1511.2887378775977	0.0	0	477.93244161036273	1711.288737877665	1	0	1	1.634830332701138
108200.0	1000.0	1511.2887378776065	0.0	0	534.2104828352894	1711.288737877665	1	0	1	1.634830332701138
109200.0	1000.0	1511.288737877612	0.0	0	441.7323264753941	1711.288737877665	1	0	1	1.634830332701138
110200.0	1000.0	1511.288737877622	0.0	0	428.978964237147	1711.288737877665	1	0	1	1.634830332701138
111551.0626800466	2000.0	1160.226057831009	0.0	0	0.0	1711.2887378776504	1	0	1	1.9814039229811118
112496.34997044015	1000.0	1214.938767437462	0.0	0	0.0	1711.2887378776359	1	0	1	0.9416831521411955
113265.04564161031	1000.0	1446.2430962672834	0.0	0	0.0	1711.2887378776359	1	0	1	1.6348303327011406
114200.0	1000.0	1511.288737877596	0.0	0	255.6092472490418	1711.2887378776504	1	0	1	1.6348303327011393
115200.0	1000.0	1511.288737877585	0.0	0	422.30706985147845	1711.2887378776504	1	0	1	1.6348303327011393
116200.0	1000.0	1511.288737877579	0.0	0	14.335673392910394	1711.2887378776504	1	0	1	1.6348303327011393
117200.0	1000.0	1511.2887378775943	0.0	0	292.24864059788524	1711.288737877665	1	0	1	1.634830332701138
118347.76462822352	2000.0	1363.5241096540776	0.0	0	0.0	1711.288737877665	1	0	1	1.9814039229811105
119200.0	1000.0	1511.2887378775815	0.0	0	195.8811789661413	1711.2887378776504	1	0	1	0.9416831521411941
120200.0	1000.0	1511.2887378775965	0.0	0	437.8221915178001	1711.2887378776504	1	0	1	1.6348303327011393
121200.0	1000.0	1511.288737877594	0.0	0	297.6178537727683	1711.2887378776504	1	0	1	1.6348303327011393
122278.05465561447	2000.0	1433.2340822631375	0.0	0	0.0	1711.2887378776504	1	0	1	1.9814039229811118
123200.0	1000.0	1511.288737877597	0.0	0	271.9788158957672	1711.2887378776504	1	0	1	0.9416831521411941
124657.2357465262	2000.0	1054.0529913513833	0.0	0	0.0	1711.2887378776504	1	0	1	1.9814039229811118
125200.0	1000.0	1511.2887378775918	0.0	0	100.01475572565687	1711.2887378776504	1	0	1	0.9416831521411941
126200.0	1000.0	1511.2887378775895	0.0	0	480.95029862437514	1711.2887378776504	1	0	1	1.6348303327011393
127886.0642262086	2000.0	825.2245116689811	0.0	0	0.0	1711.2887378776359	1	0	1	1.9814039229811133
128498.45238228382	1000.0	1212.8363555937672	0.0	0	0.0	1711.2887378776359	1	0	1	0.9416831521411955
129287.2771301368	1000.0	1424.0116077407777	0.0	0	0.0	1711.2887378776359	1	0	1	1.6348303327011406
130200.0	1000.0	1511.2887378775845	0.0	0	220.05877448184765	1711.2887378776359	1	0	1	1.6348303327011406
131200.0	2000.0	1511.2887378775947	0.0	0	43.66605201020138	1711.2887378776504	1	0	1	1.9814039229811118
132200.0	1000.0	1511.28873787763	0.0	0	504.7993579384638	1711.2887378776795	1	0	1	0.9416831521411919
133938.49974104858	2000.0	772.7889968290708	0.0	0	0.0	1711.2887378776795	1	0	1	1.981403922981109
134385.90440888342	1000.0	1325.3843289942647	0.0	0	0.0	1711.2887378776504	1	0	1	0.9416831521411941
135200.0	1000.0	1511.2887378777164	0.0	0	172.60263642127393	1711.2887378776795	1	0	1	1.6348303327011362
136238.4390864368	2000.0	1472.8496514409314	0.0	0	0.0	1711.2887378776795	1	0	1	1.981403922981109
137377.84223817888	2000.0	1333.4464996988397	0.0	0	0.0	1711.2887378776795	1	0	1	2.674551103541054
138224.14076896486	1000.0	1487.1479689128826	0.0	0	0.0	1711.2887378776795	1	0	1	0.941683152141191
139200.0	1000.0	1511.2887378777543	0.0	0	363.0720808074402	1711.2887378776795	1	0	1	1.6348303327011362
140200.0	1000.0	1511.2887378778	0.0	0	277.50998513490777	1711.2887378776795	1	0	1	1.6348303327011362
141797.8557801446	2000.0	913.4329577331931	0.0	0	0.0	1711.2887378776795	1	0	1	1.981403922981109
142346.0139511102	1000.0	1365.274786767628	0.0	0	0.0	1711.2887378777086	1	0	1	0.9416831521411884
143200.0	1000.0	1511.2887378778291	0.0	0	172.80335997609654	1711.2887378776795	1	0	1	1.6348303327011362
144200.0	1000.0	1511.288737877811	0.0	0	128.89325884191203	1711.2887378776504	1	0	1	1.6348303327011393
145703.0619788311	1000.0	1008.2267590467101	0.0	0	0.0	1711.2887378776504	1	0	1	1.6348303327011393
146200.0	1000.0	1511.2887378778273	0.0	0	32.56396447413135	1711.2887378776504	1	0	1	1.6348303327011393
147200.0	1000.0	1511.2887378778046	0.0	0	558.4517977416108	1711.2887378776504	1	0	1	1.6348303327011393
148200.0	1000.0	1511.2887378777925	0.0	0	317.73079283340485	1711.2887378776213	1	0	1	1.6348303327011422
149200.0	1000.0	1511.288737877759	0.0	0	304.7135318797955	1711.2887378776504	1	0	1	1.6348303327011393
150365.3876608703	1000.0	1345.9010770074644	0.0	0	0.0	1711.2887378776504	1	0	1	1.6348303327011393
151200.0	1000.0	1511.2887378777207	0.0	0	16.303949259308865	1711.2887378776213	1	0	1	1.6348303327011422
152200.0	1000.0	1511.2887378777036	0.0	0	333.24321111946483	1711.2887378776213	1	0	1	1.6348303327011422
153200.0	1000.0	1511.2887378776907	0.0	0	494.4061993762152	1711.2887378776213	1	0	1	1.6348303327011422
154200.0	1000.0	1511.2887378776948	0.0	0	688.8948983101	1711.2887378775922	1	0	1	1.634830332701145
155200.0	1000.0	1511.2887378776827	0.0	0	526.5768732351717	1711.2887378775922	1	0	1	1.634830332701145
156655.81618165868	2000.0	1055.4725562190242	0.0	0	0.0	1711.2887378775922	1	0	1	1.9814039229811178
157642.7844343097	1000.0	1068.5043035679882	0.0	0	0.0	1711.288737877563	1	0	1	0.9416831521412028
158959.95823415963	1000.0	751.3305037180503	0.0	0	0.0	1711.288737877534	1	0	1	1.634830332701151
159827.025060553	500.0	884.2636773246695	0.0	0	0.0	1711.288737877534	1	0	1	-0.09803761869871382
160405.99983280187	500.0	1305.2889050758204	0.0	0	0.0	1711.288737877534	1	0	1	0.5951095618612328
161212.47066806667	1000.0	1498.8180698110305	0.0	0	0.0	1711.288737877563	1	0	1	0.9416831521412026
162200.0	1000.0	1511.2887378776827	0.0	0	227.0165153031121	1711.288737877563	1	0	1	1.634830332701148
163200.0	500.0	1511.28873787769	0.0	0	434.21163330136915	1711.288737877563	1	0	1	-0.09803761869871562
164200.0	1000.0	1511.288737877673	0.0	0	148.29967259024852	1711.288737877563	1	0	1	0.9416831521412026
165200.0	1000.0	1511.2887378776836	0.0	0	9.653188307129312	1711.288737877563	1	0	1	1.634830332701148
166200.0	1000.0	1511.2887378776522	0.0	0	77.32831119876937	1711.288737877563	1	0	1	1.634830332701148
167200.0	1000.0	1511.2887378776477	0.0	0	400.9421684901754	1711.288737877563	1	0	1	1.634830332701148
168200.0	1000.0	1511.2887378776618	0.0	0	589.208229046897	1711.288737877563	1	0	1	1.634830332701148
169200.0	1000.0	1511.2887378776493	0.0	0	616.4880177660089	1711.288737877563	1	0	1	1.634830332701148
170200.0	1000.0	1511.2887378776327	0.0	0	462.2304477125581	1711.288737877563	1	0	1	1.634830332701148
171200.0	1000.0	1511.2887378776225	0.0	0	86.57822239148663	1711.288737877534	1	0	1	1.634830332701151
172346.8072085762	1000.0	1364.4815293014158	0.0	0	0.0	1711.288737877534	1	0	1	1.634830332701151
173200.0	1000.0	1511.2887378776188	0.0	0	173.56355491062277	1711.288737877505	1	0	1	1.6348303327011537
174200.0	1000.0	1511.288737877587	0.0	0	350.7260184484767	1711.2887378774758	1	0	1	1.6348303327011557
175200.0	1000.0	1511.2887378775838	0.0	0	265.329544536944	1711.288737877505	1	0	1	1.6348303327011544
176200.0	1000.0	1511.2887378776284	0.0	0	192.50803367592744	1711.288737877505	1	0	1	1.6348303327011537
177200.0	1000.0	1511.2887378776588	0.0	0	473.68020557260024	1711.288737877534	1	0	1	1.634830332701152
178856.84282604847	2000.0	854.4459118291912	0.0	0	0.0	1711.288737877505	1	0	1	1.9814039229811267
179733.29715685255	1000.0	977.9915810250959	0.0	0	0.0	1711.288737877505	1	0	1	0.9416831521412086
180236.35163532858	1000.0	1474.9371025490755	0.0	0	0.0	1711.288737877505	1	0	1	1.6348303327011537
181200.0	1000.0	1511.2887378776638	0.0	0	466.98287024587626	1711.288737877534	1	0	1	1.634830332701152
182200.0	1000.0	1511.2887378776861	0.0	0	251.61309905321104	1711.2887378775922	1	0	1	1.6348303327011462
183200.0	1000.0	1511.288737877691	0.0	0	58.88365835600416	1711.2887378776213	1	0	1	1.6348303327011422
184200.0	1000.0	1511.2887378776684	0.0	0	217.45769623474916	1711.2887378776213	1	0	1	1.6348303327011422
185200.0	1000.0	1511.2887378776757	0.0	0	159.3386768650671	1711.2887378775922	1	0	1	1.6348303327011438
186362.17837641758	1000.0	1349.1103614601213	0.0	0	0.0	1711.2887378775922	1	0	1	1.634830332701145
187337.41352589644	1000.0	1373.8752119812516	0.0	0	0.0	1711.2887378775922	1	0	1	1.634830332701145
188200.0	1000.0	1511.2887378776952	0.0	0	2.6604669008229394	1711.2887378775922	1	0	1	1.634830332701145
189429.28063453766	1000.0	1282.008103340022	0.0	0	0.0	1711.2887378775922	1	0	1	1.634830332701145
191009.5548797337	1000.0	701.733858143966	0.0	0	0.0	1711.288737877563	1	0	1	1.6348303327011469
191702.30520050888	500.0	1008.9835373687898	0.0	0	0.0	1711.288737877563	1	0	1	-0.09803761869871562
192200.0	500.0	1511.2887378776713	0.0	0	174.84307657164754	1711.288737877563	1	0	1	0.5951095618612299
193200.0	1000.0	1511.2887378776495	0.0	0	334.02051967705484	1711.288737877534	1	0	1	0.9416831521412056
194200.0	1000.0	1511.2887378776784	0.0	0	357.96049100829987	1711.288737877534	1	0	1	1.634830332701151
195200.0	1000.0	1511.2887378776597	0.0	0	306.8658844953461	1711.288737877534	1	0	1	1.634830332701151
196292.37739308542	1000.0	1418.911344792248	0.0	0	0.0	1711.288737877534	1	0	1	1.634830332701151
197200.0	1000.0	1511.288737877679	0.0	0	228.55053542778478	1711.288737877534	1	0	1	1.634830332701151
198200.0	1000.0	1511.2887378776538	0.0	0	325.8480197035533	1711.288737877505	1	0	1	1.6348303327011537
199200.0	1000.0	1511.2887378776504	0.0	0	132.9008123711974	1711.2887378774758	1	0	1	1.6348303327011569
200200.0	1000.0	1511.28873787764	0.0	0	263.4949183144781	1711.2887378774758	1	0	1	1.6348303327011569
201200.0	1000.0	1511.2887378776647	0.0	0	110.03502104000654	1711.288737877505	1	0	1	1.6348303327011537
202200.0	1000.0	1511.2887378776547	0.0	0	315.0212417190778	1711.288737877505	1	0	1	1.6348303327011537
203200.0	1000.0	1511.2887378776554	0.0	0	203.06796513867448	1711.288737877534	1	0	1	1.6348303327011515
204200.0	1000.0	1511.288737877647	0.0	0	394.2495800071629	1711.288737877534	1	0	1	1.634830332701151
205200.0	1000.0	1511.2887378776309	0.0	0	306.9116003313975	1711.288737877505	1	0	1	1.6348303327011533
206200.0	1000.0	1511.2887378776074	0.0	0	487.43701111650444	1711.288737877505	1	0	1	1.6348303327011537
207200.0	2000.0	1511.2887378776559	0.0	0	317.223839283135	1711.288737877534	1	0	1	1.9814039229811233
208200.0	1000.0	1511.2887378776418	0.0	0	355.5148027552932	1711.288737877534	1	0	1	0.9416831521412058
209200.0	1000.0	1511.288737877603	0.0	0	193.7532374188304	1711.288737877534	1	0	1	1.634830332701151
210200.0	2000.0	1511.2887378776072	0.0	0	25.295163037983002	1711.288737877505	1	0	1	1.9814039229811267
211291.16754462075	2000.0	1420.1211932568415	0.0	0	0.0	1711.288737877505	1	0	1	2.674551103541072
212418.12795782942	2000.0	1293.1607800481725	0.0	0	0.0	1711.288737877505	1	0	1	2.674551103541072
213240.23834769588	1000.0	1471.0503901817378	0.0	0	0.0	1711.288737877505	1	0	1	0.9416831521412086
214200.0	1000.0	1511.2887378776418	0.0	0	127.49191306909779	1711.288737877505	1	0	1	1.6348303327011537
215200.0	1000.0	1511.2887378776336	0.0	0	134.46994573669508	1711.288737877505	1	0	1	1.6348303327011537
216200.0	1000.0	1511.2887378776566	0.0	0	66.27111258043442	1711.288737877505	1	0	1	1.6348303327011537
217200.0	1000.0	1511.2887378776438	0.0	0	207.55224353837548	1711.288737877505	1	0	1	1.6348303327011537
218373.69198073033	1000.0	1337.5967571472806	0.0	0	0.0	1711.288737877505	1	0	1	1.6348303327011537
219200.0	1000.0	1511.2887378775936	0.0	0	253.85950790101197	1711.288737877505	1	0	1	1.6348303327011537
220200.0	1000.0	1511.288737877592	0.0	0	202.4088637396635	1711.288737877505	1	0	1	1.6348303327011537
221200.0	1000.0	1511.2887378775715	0.0	0	124.1144178576651	1711.288737877505	1	0	1	1.6348303327011537
222200.0	1000.0	1511.288737877551	0.0	0	27.53262211754918	1711.288737877505	1	0	1	1.6348303327011537
223200.0	1000.0	1511.288737877539	0.0	0	229.96995359449647	1711.288737877505	1	0	1	1.6348303327011537
224200.0	1000.0	1511.2887378775781	0.0	0	435.0303873071971	1711.288737877534	1	0	1	1.634830332701151
225200.0	1000.0	1511.2887378775515	0.0	0	247.7503515749122	1711.288737877534	1	0	1	1.634830332701151
226200.0	1000.0	1511.2887378775258	0.0	0	384.33670498713036	1711.288737877505	1	0	1	1.6348303327011526
227200.0	1000.0	1511.288737877525	0.0	0	617.8061044963251	1711.288737877505	1	0	1	1.6348303327011537
228297.0464035207	2000.0	1414.2423343568025	0.0	0	0.0	1711.2887378774758	1	0	1	1.9814039229811296
229200.0	1000.0	1511.2887378774954	0.0	0	308.972075206344	1711.288737877505	1	0	1	0.9416831521412092
230200.0	1000.0	1511.2887378775008	0.0	0	488.4625748300459	1711.288737877505	1	0	1	1.6348303327011537
231200.0	1000.0	1511.2887378775083	0.0	0	584.1726658300613	1711.288737877505	1	0	1	1.6348303327011537
232200.0	1000.0	1511.2887378775156	0.0	0	538.3905750559643	1711.288737877505	1	0	1	1.6348303327011537
233200.0	1000.0	1511.288737877521	0.0	0	461.57845373864984	1711.288737877505	1	0	1	1.6348303327011537
234542.03241867363	2000.0	1169.2563192038888	0.0	0	0.0	1711.288737877505	1	0	1	1.9814039229811267
235295.649463111	1000.0	1415.6392747664827	0.0	0	0.0	1711.288737877534	1	0	1	0.9416831521412058
236398.74434821305	2000.0	1312.5443896644058	0.0	0	0.0	1711.288737877534	1	0	1	1.9814039229811233
237200.0	1000.0	1511.2887378774526	0.0	0	294.99525686210836	1711.288737877505	1	0	1	0.9416831521412086
238200.0	1000.0	1511.2887378774174	0.0	0	387.9748500297428	1711.2887378774758	1	0	1	1.6348303327011557
239200.0	1000.0	1511.2887378774026	0.0	0	293.82481215763255	1711.2887378774467	1	0	1	1.6348303327011595
240200.0	1000.0	1511.2887378773742	0.0	0	208.96504583157366	1711.2887378774467	1	0	1	1.6348303327011595
241200.0	2000.0	1511.2887378773698	0.0	0	192.71677132853074	1711.2887378774758	1	0	1	1.9814039229811296
242333.89171844878	2000.0	1377.3970194285826	0.0	0	0.0	1711.2887378774758	1	0	1	2.6745511035410745
243244.49808368325	1000.0	1466.79065419413	0.0	0	0.0	1711.2887378774758	1	0	1	0.9416831521412117
244561.83684940782	2000.0	1149.4518884695742	0.0	0	0.0	1711.2887378774467	1	0	1	1.9814039229811322
245200.0	1000.0	1511.2887378774335	0.0	0	28.729201947397087	1711.2887378774758	1	0	1	0.9416831521412117
246200.0	1000.0	1511.2887378774428	0.0	0	174.88901427167002	1711.2887378774758	1	0	1	1.6348303327011569
247200.0	1000.0	1511.288737877424	0.0	0	127.27460150732077	1711.2887378774758	1	0	1	1.6348303327011569
248298.55607261317	1000.0	1412.7326652642514	0.0	0	0.0	1711.2887378774758	1	0	1	1.6348303327011569
249200.0	1000.0	1511.2887378774121	0.0	0	89.9559579868801	1711.2887378774758	1	0	1	1.6348303327011569
250200.0	1000.0	1511.2887378773921	0.0	0	161.37969822229934	1711.2887378774467	1	0	1	1.6348303327011595
251200.0	1000.0	1511.2887378774037	0.0	0	56.58921741094673	1711.2887378774467	1	0	1	1.6348303327011595
252200.0	1000.0	1511.2887378774049	0.0	0	418.950202341337	1711.2887378774467	1	0	1	1.6348303327011595
253200.0	1000.0	1511.2887378774299	0.0	0	308.61017800008995	1711.2887378774467	1	0	1	1.6348303327011595
254200.0	1000.0	1511.2887378774444	0.0	0	406.9177174650249	1711.2887378774758	1	0	1	1.6348303327011569
255200.0	1000.0	1511.2887378774196	0.0	0	349.97081680133124	1711.2887378774467	1	0	1	1.6348303327011584
256200.0	1000.0	1511.2887378774267	0.0	0	289.1570848682313	1711.2887378774467	1	0	1	1.6348303327011595
257200.0	1000.0	1511.2887378773942	0.0	0	492.851148528629	1711.2887378774467	1	0	1	1.6348303327011595
258200.0	1000.0	1511.28873787736	0.0	0	387.1279856284673	1711.2887378774467	1	0	1	1.6348303327011595
259487.32534264846	2000.0	1223.9633952288782	0.0	0	0.0	1711.2887378774176	1	0	1	1.9814039229811353
260200.0	1000.0	1511.2887378773517	0.0	0	153.94976825252525	1711.2887378774176	1	0	1	0.9416831521412174
261993.4051226782	2000.0	717.8836151991895	0.0	0	0.0	1711.2887378774467	1	0	1	1.9814039229811322
262780.97417620994	1000.0	930.3145616674678	0.0	0	0.0	1711.2887378774758	1	0	1	0.9416831521412121
263201.44578247174	1000.0	1509.842955405674	0.0	0	0.0	1711.2887378774467	1	0	1	1.6348303327011595
264200.0	1000.0	1511.2887378774365	0.0	0	536.3454162640264	1711.2887378774467	1	0	1	1.6348303327011577
266125.66467223596	2000.0	585.624065641458	0.0	0	0.0	1711.2887378773885	1	0	1	1.981403922981138
266508.82653456175	500.0	1202.4622033156902	0.0	0	0.0	1711.2887378773885	1	0	1	-0.7911847992586432
267200.0	1000.0	1511.2887378774378	0.0	0	109.08541047555627	1711.2887378774467	1	0	1	0.9416831521412141
268837.08843732247	2000.0	874.2003005549346	0.0	0	0.0	1711.2887378774467	1	0	1	1.9814039229811322
269429.4566302579	1000.0	1281.8321076195205	0.0	0	0.0	1711.2887378774467	1	0	1	0.9416831521412143
270200.0	1000.0	1511.2887378774055	0.0	0	121.49751062324503	1711.2887378774467	1	0	1	1.6348303327011595
271688.813202078	2000.0	1022.4755357994004	0.0	0	0.0	1711.2887378774467	1	0	1	1.9814039229811322
272696.37549606565	1000.0	1014.9132418117341	0.0	0	0.0	1711.2887378774467	1	0	1	0.9416831521412143
273514.47782948986	1000.0	1196.810908387513	0.0	0	0.0	1711.2887378774467	1	0	1	1.6348303327011595
274268.82241759583	1000.0	1442.4663202814977	0.0	0	0.0	1711.2887378773885	1	0	1	1.6348303327011653
275507.8585861183	2000.0	1203.430151758973	0.0	0	0.0	1711.2887378773885	1	0	1	1.981403922981138
276200.0	1000.0	1511.2887378772853	0.0	0	150.76093849225435	1711.2887378773885	1	0	1	0.9416831521412202
277200.0	1000.0	1511.2887378772866	0.0	0	235.65068560565123	1711.288737877272	1	0	1	1.6348303327011748
278200.0	1000.0	1511.2887378773066	0.0	0	106.45165496208938	1711.288737877272	1	0	1	1.634830332701177
279200.0	1000.0	1511.2887378772425	0.0	0	396.0187642618548	1711.2887378772139	1	0	1	1.6348303327011828
280200.0	1000.0	1511.2887378772846	0.0	0	549.2708381094271	1711.2887378772139	1	0	1	1.6348303327011828
281200.0	1000.0	1511.2887378773712	0.0	0	622.3394283298403	1711.2887378772139	1	0	1	1.6348303327011828
282200.0	1000.0	1511.2887378773871	0.0	0	121.76545876037562	1711.288737877272	1	0	1	1.634830332701177
283200.0	1000.0	1511.2887378773753	0.0	0	269.97162781632505	1711.288737877272	1	0	1	1.634830332701177
284435.7539247381	2000.0	1275.5348131393082	0.0	0	0.0	1711.2887378773303	1	0	1	1.9814039229811438
285200.0	1000.0	1511.2887378773894	0.0	0	190.4598630250548	1711.288737877272	1	0	1	0.9416831521412319
286200.0	2000.0	1511.2887378774055	0.0	0	314.5902993938653	1711.2887378772139	1	0	1	1.9814039229811533
287316.6192177786	2000.0	1394.669520098792	0.0	0	0.0	1711.2887378772139	1	0	1	2.6745511035411007
288200.0	1000.0	1511.2887378774165	0.0	0	261.49710941460216	1711.2887378772139	1	0	1	0.9416831521412377
289200.0	1000.0	1511.2887378774244	0.0	0	51.5073407801101	1711.288737877272	1	0	1	1.6348303327011782
290200.0	1000.0	1511.2887378773983	0.0	0	339.8959879797185	1711.2887378772139	1	0	1	1.6348303327011804
291200.0	1000.0	1511.288737877466	0.0	0	223.77383997122524	1711.288737877272	1	0	1	1.6348303327011782
292200.0	1000.0	1511.2887378774044	0.0	0	376.98531023500254	1711.288737877272	1	0	1	1.6348303327011793
293200.0	1000.0	1511.2887378774085	0.0	0	224.31764092674712	1711.2887378773303	1	0	1	1.6348303327011737
294573.6948271587	1000.0	1137.5939107187041	0.0	0	0.0	1711.2887378773303	1	0	1	1.6348303327011713
295200.0	1000.0	1511.2887378774085	0.0	0	158.08843907125993	1711.2887378773303	1	0	1	1.6348303327011713
296200.0	1000.0	1511.2887378774158	0.0	0	417.83772358257556	1711.288737877272	1	0	1	1.6348303327011748
297200.0	1000.0	1511.288737877404	0.0	0	346.24524106789613	1711.2887378773303	1	0	1	1.6348303327011713
298200.0	1000.0	1511.2887378774117	0.0	0	144.4527792232111	1711.2887378773303	1	0	1	1.6348303327011713
299220.0151958885	1000.0	1491.2735419889148	0.0	0	0.0	1711.2887378773303	1	0	1	1.6348303327011713
300200.0	1000.0	1511.2887378773892	0.0	0	87.97529397188919	1711.288737877272	1	0	1	1.634830332701177
301200.0	1000.0	1511.288737877428	0.0	0	482.9260304602212	1711.2887378773885	1	0	1	1.6348303327011675
302200.0	1000.0	1511.2887378773871	0.0	0	476.6192401162698	1711.2887378773303	1	0	1	1.6348303327011713
303200.0	1000.0	1511.2887378773592	0.0	0	676.1629430248286	1711.2887378773303	1	0	1	1.6348303327011713
304200.0	1000.0	1511.2887378773607	0.0	0	564.1781467659748	1711.288737877272	1	0	1	1.634830332701177
1.31	1.73	1.36	0.6	0.7	1.17	1.02	1.09	1.23	1.25	1.47	1.47	1.81	2.57	1.55	1.56	1.38	1.01	1.4	1.8	1.98	1.55	1.41	1.05	1.32	1.59	1.88	1.15	1.26	1.82	1.42	0.65	1.26	1.41	0.95	0.7	0.87	1.59	1.68	1.83	1.2	1.19	1.55	1.47	1.27	1.0	1.27	1.27	1.46	1.49	1.99	2.54	1.96	1.33	1.85	2.46	1.56	1.31	1.04	1.66	1.38	1.46	1.02	1.22	1.6	1.08	1.61	1.18	1.95	1.83	1.73	2.32	1.75	1.49	1.8	1.9	2.26	1.86	2.19	1.27	1.19	2.07	2.39	1.81	1.49	1.81	1.91	1.45	1.42	1.18	1.81	1.08	0.87	0.8	1.14	1.23	1.69	1.89	2.06	1.54	1.69	1.9	2.21	1.97	1.97	1.75	0.85	1.53	1.99	1.42	1.34	1.52	1.41	1.42	1.81	2.15	1.63	1.38	1.47	1.81	1.44	1.41	1.42	1.61	2.07	2.73	1.55	1.42	1.89	1.93	2.58	1.6	1.24	1.53	1.34	1.17	1.66	1.99	0.96	0.7	2.15	2.28	1.34	0.94	1.1	1.7	2.33	2.7	3.36	1.03	1.31	1.73	1.36	0.6	0.7	1.17	1.02	1.09	1.23	1.25	1.47	1.47	1.81	2.57	1.55	1.56	1.38	1.01	1.4	1.8	1.98	1.55	1.41	1.05	1.32	1.59	1.88	1.15	1.26	1.82	1.42	0.65	1.26	1.41	0.95	0.7	0.87	1.59	1.68	1.83	1.2	1.19	1.55	1.47	1.27	1.0	1.27	1.27	1.46	1.49	1.99	2.54	1.96	1.33	1.85	2.46	1.56	1.31	1.04	1.66	1.38	1.46	1.02	1.22	1.6	1.08	1.61	1.18	1.95	1.83	1.73	2.32	1.75	1.49	1.8	1.9	2.26	1.86	2.19	1.27	1.19	2.07	2.39	1.81	1.49	1.81	1.91	1.45	1.42	1.18	1.81	1.08	0.87	0.8	1.14	1.23	1.69	1.89	2.06	1.54	1.69	1.9	2.21	1.97	1.97	1.75	0.85	1.53	1.99	1.42	1.34	1.52	1.41	1.42	1.81	2.15	1.63	1.38	1.47	1.81	1.44	1.41	1.42	1.61	2.07	2.73	1.55	1.42	1.89	1.93	2.58	1.6	1.24	1.53	1.34	1.17	1.66	1.99	0.96	0.7	2.15	2.28	1.34	0.94	1.1	1.7	2.33	2.7	3.36	1.03	1.31	1.73	1.36	0.6	0.7	1.17
1.0	2.0	3.0	4.0	5.0	6.0	7.0	8.0	9.0	10.0	11.0	12.0	13.0	14.0	15.0	16.0	17.0	18.0	19.0	20.0	21.0	22.0	23.0	24.0	25.0	26.0	27.0	28.0	29.0	30.0	31.0	32.0	33.0	34.0	35.0	36.0	37.0	38.0	39.0	40.0	41.0	42.0	43.0	44.0	45.0	46.0	47.0	48.0	49.0	50.0	51.0	52.0	53.0	54.0	55.0	56.0	57.0	58.0	59.0	60.0	61.0	62.0	63.0	64.0	65.0	66.0	67.0	68.0	69.0	70.0	71.0	72.0	73.0	74.0	75.0	76.0	77.0	78.0	79.0	80.0	81.0	82.0	83.0	84.0	85.0	86.0	87.0	88.0	89.0	90.0	91.0	92.0	93.0	94.0	95.0	96.0	97.0	98.0	99.0	100.0	101.0	102.0	103.0	104.0	105.0	106.0	107.0	108.0	109.0	110.0	111.0	112.0	113.0	114.0	115.0	116.0	117.0	118.0	119.0	120.0	121.0	122.0	123.0	124.0	125.0	126.0	127.0	128.0	129.0	130.0	131.0	132.0	133.0	134.0	135.0	136.0	137.0	138.0	139.0	140.0	141.0	142.0	143.0	144.0	145.0	146.0	147.0	148.0	149.0	149.0	150.0	151.0	152.0	153.0	154.0	155.0	156.0	157.0	158.0	159.0	160.0	161.0	162.0	163.0	164.0	165.0	166.0	167.0	168.0	169.0	170.0	171.0	172.0	173.0	174.0	175.0	176.0	177.0	178.0	179.0	180.0	181.0	182.0	183.0	184.0	185.0	186.0	187.0	188.0	189.0	190.0	191.0	192.0	193.0	194.0	195.0	196.0	197.0	198.0	199.0	200.0	201.0	202.0	203.0	204.0	205.0	206.0	207.0	208.0	209.0	210.0	211.0	212.0	213.0	214.0	215.0	216.0	217.0	218.0	219.0	220.0	221.0	222.0	223.0	224.0	225.0	226.0	227.0	228.0	229.0	230.0	231.0	232.0	233.0	234.0	235.0	236.0	237.0	238.0	239.0	240.0	241.0	242.0	243.0	244.0	245.0	246.0	247.0	248.0	249.0	250.0	251.0	252.0	253.0	254.0	255.0	256.0	257.0	258.0	259.0	260.0	261.0	262.0	263.0	264.0	265.0	266.0	267.0	268.0	269.0	270.0	271.0	272.0	273.0	274.0	275.0	276.0	277.0	278.0	279.0	280.0	281.0	282.0	283.0	284.0	285.0	286.0	287.0	288.0	289.0	290.0	291.0	292.0	293.0	294.0	295.0	296.0	297.0	298.0	298.0	299.0	300.0	301.0	302.0	303.0	304.0
2601.457038727733
