3169.4326466993716	300.0	2000.0	233.0614660492232	0	0.0	3169.4326466993716	1	0	1	-1.7099034613843003
5427.278386678861	2000.0	619.3937746532534	0.0	0	0.0	1046.6721613321142	1	0	2	0.44058597379314457
6200.0	500.0	2923.9443226642275	0.0	0	297.9377903820323	3123.9443226642275	1	0	0	-1.3292879356662881
10210.622946121188	3000.0	200.0	443.40083460825355	0	0.0	1410.6229461211879	1	0	2	-1.7267523918489056
10511.075191880402	500.0	899.547754240787	0.0	0	0.0	1410.622946121186	1	0	1	-1.366583328191188
11393.866530853935	1000.0	1016.756415267253	0.0	0	0.0	1410.622946121186	1	0	1	0.9717497313168402
12200.0	1000.0	1210.6229461211892	0.0	0	220.50981459701688	1410.6229461211879	1	0	1	1.6648969118767856
13200.0	1000.0	1210.6229461211888	0.0	0	444.8836720376603	1410.6229461211897	1	0	1	1.6648969118767853
14200.0	1000.0	1210.6229461211888	0.0	0	380.16093337036364	1410.6229461211897	1	0	1	1.6648969118767853
15200.0	1000.0	1210.622946121187	0.0	0	49.63462102377707	1410.6229461211897	1	0	1	1.6648969118767853
16200.0	1000.0	1210.6229461211858	0.0	0	296.84588759528924	1410.6229461211897	1	0	1	1.6648969118767853
17200.0	1000.0	1210.622946121188	0.0	0	529.6616506169521	1410.6229461211933	1	0	1	1.6648969118767851
18200.0	1000.0	1210.6229461211851	0.0	0	488.9203161125697	1410.6229461211879	1	0	1	1.6648969118767853
19200.0	1000.0	1210.6229461211847	0.0	0	105.34350205127339	1410.6229461211879	1	0	1	1.6648969118767856
20200.0	1000.0	1210.6229461211851	0.0	0	35.73460603462081	1410.6229461211879	1	0	1	1.6648969118767856
21200.0	1000.0	1210.6229461211863	0.0	0	438.09133391067735	1410.6229461211842	1	0	1	1.6648969118767858
22200.0	1000.0	1210.6229461211879	0.0	0	181.34395741881235	1410.6229461211842	1	0	1	1.6648969118767858
23200.0	1000.0	1210.6229461211865	0.0	0	62.842609322564385	1410.6229461211806	1	0	1	1.6648969118767862
24200.0	1000.0	1210.6229461211885	0.0	0	175.4291206414564	1410.6229461211806	1	0	1	1.6648969118767862
25200.0	1000.0	1210.622946121189	0.0	0	198.9742070509128	1410.622946121177	1	0	1	1.6648969118767867
26232.372681230667	1000.0	1178.2502648905265	0.0	0	0.0	1410.622946121177	1	0	1	1.6648969118767867
27246.795712050804	1000.0	1163.8272340703918	0.0	0	0.0	1410.622946121177	1	0	1	1.6648969118767867
28200.0	1000.0	1210.622946121197	0.0	0	71.75428683949212	1410.622946121177	1	0	1	1.6648969118767867
29200.0	1000.0	1210.6229461212013	0.0	0	287.7669895637591	1410.622946121177	1	0	1	1.6648969118767867
30200.0	1000.0	1210.6229461212026	0.0	0	83.91047588011497	1410.622946121177	1	0	1	1.6648969118767867
31333.787077534533	1000.0	1076.8358685866742	0.0	0	0.0	1410.622946121177	1	0	1	1.6648969118767867
32200.0	1000.0	1210.6229461212085	0.0	0	170.2298842586497	1410.622946121177	1	0	1	1.6648969118767867
33200.0	1000.0	1210.622946121212	0.0	0	412.863440500023	1410.622946121177	1	0	1	1.664896911876787
34200.0	1000.0	1210.6229461212163	0.0	0	80.3575766786962	1410.6229461211842	1	0	1	1.6648969118767862
35200.0	1000.0	1210.6229461212101	0.0	0	190.97831531226984	1410.6229461211842	1	0	1	1.6648969118767858
36200.0	1000.0	1210.6229461212095	0.0	0	269.84451754981274	1410.6229461211988	1	0	1	1.6648969118767847
37200.0	1000.0	1210.6229461212095	0.0	0	359.54868611220445	1410.622946121206	1	0	1	1.6648969118767836
38200.0	1000.0	1210.622946121206	0.0	0	228.24220289227378	1410.622946121206	1	0	1	1.6648969118767836
39200.0	1000.0	1210.6229461212051	0.0	0	306.1787187790542	1410.622946121206	1	0	1	1.6648969118767836
40375.02413147136	1000.0	1035.5988146498498	0.0	0	0.0	1410.622946121206	1	0	1	1.6648969118767836
41207.69633500241	1000.0	1202.926611118799	0.0	0	0.0	1410.622946121206	1	0	1	1.6648969118767836
42200.0	1000.0	1210.6229461212206	0.0	0	310.9677927661105	1410.6229461212133	1	0	1	1.664896911876783
43200.0	1000.0	1210.6229461212206	0.0	0	367.4277569386104	1410.6229461212133	1	0	1	1.664896911876783
44200.0	1000.0	1210.6229461212185	0.0	0	177.6848793320096	1410.6229461212133	1	0	1	1.664896911876783
45200.0	1000.0	1210.6229461212204	0.0	0	345.3644054344477	1410.622946121206	1	0	1	1.6648969118767836
46200.0	1000.0	1210.6229461212192	0.0	0	628.55646274436	1410.622946121206	1	0	1	1.6648969118767836
47200.0	1000.0	1210.62294612123	0.0	0	529.3090151316428	1410.622946121206	1	0	1	1.6648969118767836
48200.0	1000.0	1210.6229461212247	0.0	0	492.3864837815054	1410.622946121206	1	0	1	1.6648969118767836
49200.0	1000.0	1210.6229461212308	0.0	0	546.7189242861787	1410.622946121206	1	0	1	1.6648969118767836
50200.0	2000.0	1210.6229461212292	0.0	0	89.8793547766254	1410.622946121206	1	0	1	2.0114705021567563
51326.75750187247	2000.0	1083.865444248764	0.0	0	0.0	1410.622946121206	1	0	1	2.7046176827167017
52377.3509100185	2000.0	1033.2720361027307	0.0	0	0.0	1410.622946121206	1	0	1	2.7046176827167017
53200.0	2000.0	1210.6229461212251	0.0	0	22.97130222134001	1410.622946121206	1	0	1	2.7046176827167017
55001.943818229396	2000.0	408.6791278918232	0.0	0	0.0	1410.622946121206	1	0	1	2.7046176827167017
55251.33194698184	500.0	1159.2909991393803	0.0	0	0.0	1410.6229461211988	1	0	1	-0.7611182200830244
56200.0	1000.0	1210.6229461212179	0.0	0	337.1737219240895	1410.6229461211988	1	0	1	0.9717497313168391
57200.0	1000.0	1210.6229461212267	0.0	0	326.32278233158286	1410.6229461211988	1	0	1	1.6648969118767845
58200.0	1000.0	1210.6229461212263	0.0	0	386.6679312491033	1410.6229461211988	1	0	1	1.6648969118767845
59200.0	1000.0	1210.6229461212245	0.0	0	545.7919582988325	1410.6229461211988	1	0	1	1.6648969118767845
60200.0	1000.0	1210.6229461212315	0.0	0	308.59518262282654	1410.6229461211988	1	0	1	1.6648969118767845
61200.0	1000.0	1210.622946121226	0.0	0	477.8100967042119	1410.6229461211988	1	0	1	1.6648969118767845
62200.0	1000.0	1210.6229461212326	0.0	0	466.7597246645528	1410.6229461211988	1	0	1	1.6648969118767845
63200.0	2000.0	1210.62294612124	0.0	0	76.9834131447642	1410.6229461211988	1	0	1	2.011470502156757
64200.0	2000.0	1210.6229461212383	0.0	0	18.02194686927396	1410.622946121206	1	0	1	2.7046176827167017
65552.27264910784	2000.0	858.3502970134022	0.0	0	0.0	1410.6229461211988	1	0	1	2.7046176827167026
66200.0	1000.0	1210.6229461212356	0.0	0	109.2227034586831	1410.6229461211915	1	0	1	0.9717497313168395
67432.08394524094	2000.0	978.5390008802831	0.0	0	0.0	1410.6229461211915	1	0	1	2.0114705021567576
68200.0	1000.0	1210.622946121232	0.0	0	331.47997760688304	1410.6229461211915	1	0	1	0.97174973131684
69200.0	1000.0	1210.6229461212142	0.0	0	624.3671951366414	1410.6229461211915	1	0	1	1.6648969118767851
70200.0	1000.0	1210.6229461212165	0.0	0	623.0485316598642	1410.6229461211915	1	0	1	1.6648969118767851
71369.96508593367	2000.0	1040.657860187561	0.0	0	0.0	1410.622946121206	1	0	1	2.0114705021567567
72452.87283505921	1000.0	957.7501110620233	0.0	0	0.0	1410.622946121206	1	0	1	0.9717497313168385
73200.0	1000.0	1210.6229461212283	0.0	0	59.407832107230206	1410.6229461212206	1	0	1	1.6648969118767822
74200.0	1000.0	1210.6229461212406	0.0	0	259.39534285874106	1410.6229461212351	1	0	1	1.664896911876781
75200.0	1000.0	1210.6229461212401	0.0	0	451.57876613156986	1410.6229461212351	1	0	1	1.664896911876781
76200.0	1000.0	1210.6229461212456	0.0	0	565.8018927840021	1410.6229461212351	1	0	1	1.664896911876781
77200.0	1000.0	1210.6229461212436	0.0	0	552.9032999718038	1410.6229461212351	1	0	1	1.664896911876781
78200.0	1000.0	1210.6229461212529	0.0	0	529.4718530861574	1410.6229461212206	1	0	1	1.6648969118767822
79200.0	1000.0	1210.6229461212527	0.0	0	176.38644531415775	1410.6229461212206	1	0	1	1.6648969118767822
80200.0	1000.0	1210.6229461212572	0.0	0	380.19122300676827	1410.6229461212351	1	0	1	1.664896911876781
81200.0	1000.0	1210.6229461212683	0.0	0	494.1348190314602	1410.6229461212351	1	0	1	1.664896911876781
82200.0	1000.0	1210.622946121263	0.0	0	372.02766577142756	1410.6229461212351	1	0	1	1.664896911876781
83200.0	1000.0	1210.6229461212617	0.0	0	355.9237634774763	1410.6229461212351	1	0	1	1.664896911876781
84200.0	1000.0	1210.6229461212652	0.0	0	493.37502051611955	1410.6229461212351	1	0	1	1.664896911876781
85200.0	1000.0	1210.622946121244	0.0	0	488.05157282315486	1410.6229461212351	1	0	1	1.664896911876781
86200.0	1000.0	1210.6229461212383	0.0	0	264.3209773661074	1410.6229461212351	1	0	1	1.664896911876781
87200.0	1000.0	1210.6229461212415	0.0	0	505.5673802123347	1410.6229461212351	1	0	1	1.664896911876781
88200.0	1000.0	1210.6229461212338	0.0	0	584.7426480327849	1410.6229461212351	1	0	1	1.664896911876781
89200.0	1000.0	1210.6229461212308	0.0	0	544.6227141365525	1410.6229461212351	1	0	1	1.664896911876781
90200.0	1000.0	1210.6229461212251	0.0	0	673.0753042420256	1410.6229461212351	1	0	1	1.664896911876781
91666.56877978684	2000.0	744.0541663343712	0.0	0	0.0	1410.6229461212351	1	0	1	2.011470502156753
92320.87716420958	1000.0	1089.745781911629	0.0	0	0.0	1410.6229461212351	1	0	1	0.9717497313168357
93200.0	1000.0	1210.622946121203	0.0	0	10.659513121296186	1410.6229461212351	1	0	1	1.664896911876781
94200.0	1000.0	1210.6229461211913	0.0	0	557.1821250953508	1410.6229461212351	1	0	1	1.664896911876781
95200.0	1000.0	1210.6229461211944	0.0	0	229.29670789293596	1410.6229461212351	1	0	1	1.664896911876781
96200.0	1000.0	1210.6229461212063	0.0	0	157.0183547569759	1410.6229461212351	1	0	1	1.664896911876781
97200.0	1000.0	1210.622946121194	0.0	0	476.17603533634974	1410.6229461212351	1	0	1	1.664896911876781
98200.0	1000.0	1210.6229461211874	0.0	0	586.7917805407051	1410.6229461212351	1	0	1	1.664896911876781
99200.0	1000.0	1210.6229461211922	0.0	0	462.3280361503421	1410.6229461212497	1	0	1	1.6648969118767791
100200.0	1000.0	1210.6229461211874	0.0	0	564.6637801878242	1410.6229461212642	1	0	1	1.6648969118767778
101200.0	1000.0	1210.622946121181	0.0	0	232.24823680102418	1410.6229461212642	1	0	1	1.6648969118767778
102200.0	1000.0	1210.6229461211783	0.0	0	218.53224924659298	1410.6229461212642	1	0	1	1.6648969118767778
103357.5872128043	1000.0	1053.035733316892	0.0	0	0.0	1410.6229461212642	1	0	1	1.6648969118767778
104200.0	1000.0	1210.6229461211817	0.0	0	53.01603368403448	1410.6229461212497	1	0	1	1.6648969118767791
105200.0	1000.0	1210.6229461211865	0.0	0	325.2760534722911	1410.6229461212497	1	0	1	1.6648969118767791
106200.0	1000.0	1210.6229461211647	0.0	0	317.1618261189724	1410.6229461212497	1	0	1	1.6648969118767791
107200.0	1000.0	1210.6229461211833	0.0	0	359.30367288633715	1410.6229461212497	1	0	1	1.6648969118767791
108200.0	1000.0	1210.6229461211665	0.0	0	572.6144766283687	1410.6229461212497	1	0	1	1.6648969118767791
109200.0	1000.0	1210.6229461211642	0.0	0	385.9074373740732	1410.6229461212497	1	0	1	1.6648969118767791
110200.0	1000.0	1210.622946121158	0.0	0	329.49951110496477	1410.6229461212497	1	0	1	1.6648969118767791
111200.0	1000.0	1210.6229461211615	0.0	0	447.34213950971025	1410.6229461212497	1	0	1	1.6648969118767791
112200.0	1000.0	1210.6229461211592	0.0	0	419.7617274172371	1410.6229461212497	1	0	1	1.6648969118767791
113349.16811788274	2000.0	1061.4548282384167	0.0	0	0.0	1410.6229461212642	1	0	1	2.0114705021567505
114200.0	1000.0	1210.6229461211644	0.0	0	287.4449268384633	1410.6229461212642	1	0	1	0.9717497313168326
115200.0	1000.0	1210.6229461211549	0.0	0	156.32185793091776	1410.6229461212642	1	0	1	1.6648969118767778
116200.0	1000.0	1210.6229461211537	0.0	0	222.3661315691861	1410.6229461212497	1	0	1	1.6648969118767791
117200.0	1000.0	1210.6229461211526	0.0	0	365.055360994942	1410.6229461212497	1	0	1	1.6648969118767791
118200.0	1000.0	1210.6229461211587	0.0	0	312.46311544120545	1410.6229461212497	1	0	1	1.6648969118767791
119200.0	1000.0	1210.6229461211692	0.0	0	346.34184273454593	1410.6229461212497	1	0	1	1.6648969118767791
120200.0	1000.0	1210.622946121167	0.0	0	456.0907711286418	1410.6229461212642	1	0	1	1.6648969118767778
121200.0	1000.0	1210.6229461211776	0.0	0	637.7963368756755	1410.6229461212642	1	0	1	1.6648969118767778
122200.0	1000.0	1210.622946121165	0.0	0	544.6456281950523	1410.6229461212497	1	0	1	1.6648969118767791
123200.0	2000.0	1210.6229461211701	0.0	0	88.09144294528232	1410.6229461212497	1	0	1	2.0114705021567523
124200.0	2000.0	1210.6229461211642	0.0	0	75.1080275865097	1410.6229461212497	1	0	1	2.7046176827166972
126086.498063386	2000.0	324.1248827351799	0.0	0	0.0	1410.6229461212497	1	0	1	2.7046176827166972
126478.65791028569	500.0	931.9650358354853	0.0	0	0.0	1410.6229461212497	1	0	1	-0.7611182200830293
127515.44970891131	1000.0	895.173237209869	0.0	0	0.0	1410.6229461212497	1	0	1	0.9717497313168338
128438.7353275753	1000.0	971.8876185458947	0.0	0	0.0	1410.6229461212497	1	0	1	1.6648969118767791
129453.7014026882	1000.0	956.9215434329974	0.0	0	0.0	1410.6229461212351	1	0	1	1.664896911876781
130200.0	500.0	1210.6229461211722	0.0	0	403.87588659288303	1410.6229461212351	1	0	1	-0.06797103952308275
131200.0	1000.0	1210.622946121184	0.0	0	359.81680363322084	1410.6229461212497	1	0	1	0.9717497313168338
132238.0091659922	1000.0	1172.613780129006	0.0	0	0.0	1410.6229461212788	1	0	1	1.6648969118767778
133226.23851524814	1000.0	1184.3844308730565	0.0	0	0.0	1410.6229461212934	1	0	1	1.6648969118767751
134200.0	1000.0	1210.6229461212315	0.0	0	369.4971327249368	1410.6229461212934	1	0	1	1.6648969118767751
135200.0	1000.0	1210.6229461212322	0.0	0	236.72640381284873	1410.6229461212934	1	0	1	1.6648969118767751
136200.0	1000.0	1210.6229461212497	0.0	0	7.792719825200038	1410.6229461213225	1	0	1	1.6648969118767727
137200.0	1000.0	1210.6229461212565	0.0	0	33.115894218790345	1410.6229461213225	1	0	1	1.664896911876772
138200.0	1000.0	1210.6229461212467	0.0	0	5.734993666090304	1410.6229461213225	1	0	1	1.664896911876772
139347.36127170187	1000.0	1063.261674419358	0.0	0	0.0	1410.6229461213225	1	0	1	1.664896911876772
140219.1231060433	1000.0	1191.4998400779225	0.0	0	0.0	1410.6229461213225	1	0	1	1.664896911876772
141200.0	1000.0	1210.6229461212295	0.0	0	189.91214192970074	1410.6229461213225	1	0	1	1.664896911876772
142200.0	1000.0	1210.6229461212358	0.0	0	323.0103802935919	1410.6229461212934	1	0	1	1.6648969118767751
143200.0	1000.0	1210.6229461212752	0.0	0	460.16731737172813	1410.6229461212934	1	0	1	1.6648969118767751
144200.0	1000.0	1210.622946121288	0.0	0	395.11412546847714	1410.6229461212934	1	0	1	1.6648969118767751
145200.0	1000.0	1210.6229461212865	0.0	0	175.10215361177688	1410.6229461212934	1	0	1	1.6648969118767751
146535.55979549163	1000.0	875.0631506296781	0.0	0	0.0	1410.6229461212934	1	0	1	1.6648969118767751
147200.0	500.0	1210.622946121355	0.0	0	71.04107061153627	1410.6229461213225	1	0	1	-0.06797103952309147
148200.0	1000.0	1210.6229461213613	0.0	0	224.63942121263244	1410.6229461213225	1	0	1	0.9717497313168266
149200.0	1000.0	1210.6229461213366	0.0	0	282.6299418704002	1410.6229461213225	1	0	1	1.664896911876772
150200.0	1000.0	1210.6229461213713	0.0	0	277.0714853850077	1410.6229461213225	1	0	1	1.664896911876772
151200.0	1000.0	1210.6229461213666	0.0	0	331.89306635106914	1410.6229461212934	1	0	1	1.6648969118767751
152200.0	1000.0	1210.6229461213672	0.0	0	546.1773521534342	1410.6229461212934	1	0	1	1.6648969118767751
153200.0	1000.0	1210.6229461213848	0.0	0	613.9570909960021	1410.6229461212934	1	0	1	1.6648969118767751
154200.0	1000.0	1210.6229461213813	0.0	0	292.5385035702202	1410.6229461212934	1	0	1	1.6648969118767751
155200.0	1000.0	1210.62294612137	0.0	0	391.6153276991972	1410.6229461212934	1	0	1	1.6648969118767751
156200.0	2000.0	1210.6229461213434	0.0	0	99.4441854095785	1410.6229461212642	1	0	1	2.0114705021567505
157200.0	1000.0	1210.6229461213284	0.0	0	398.1505551376904	1410.6229461212642	1	0	1	0.9717497313168326
158200.0	1000.0	1210.6229461213647	0.0	0	374.37928448405	1410.6229461212642	1	0	1	1.6648969118767778
159200.0	1000.0	1210.6229461213716	0.0	0	250.39309231404332	1410.6229461212642	1	0	1	1.6648969118767778
160200.0	1000.0	1210.6229461213773	0.0	0	143.00710453884676	1410.6229461212351	1	0	1	1.6648969118767796
161200.0	1000.0	1210.6229461213595	0.0	0	133.2495433673903	1410.622946121206	1	0	1	1.6648969118767831
162200.0	1000.0	1210.6229461213486	0.0	0	483.4116935310594	1410.622946121177	1	0	1	1.6648969118767867
163200.0	1000.0	1210.6229461213375	0.0	0	383.538046779664	1410.622946121177	1	0	1	1.6648969118767867
164200.0	1000.0	1210.6229461213238	0.0	0	235.6452584460494	1410.6229461211478	1	0	1	1.6648969118767885
165200.0	1000.0	1210.6229461213186	0.0	0	414.9962997706898	1410.6229461211478	1	0	1	1.6648969118767896
166200.0	1000.0	1210.6229461213093	0.0	0	425.768622115429	1410.6229461211478	1	0	1	1.6648969118767896
167200.0	1000.0	1210.6229461213186	0.0	0	477.1450340998126	1410.622946121177	1	0	1	1.6648969118767867
168200.0	1000.0	1210.6229461213209	0.0	0	72.9362876706291	1410.622946121177	1	0	1	1.6648969118767867
169200.0	1000.0	1210.6229461212918	0.0	0	32.0570668130531	1410.622946121177	1	0	1	1.6648969118767867
170200.0	1000.0	1210.6229461212938	0.0	0	346.1050603490148	1410.622946121177	1	0	1	1.6648969118767867
171200.0	1000.0	1210.622946121281	0.0	0	286.60949387488654	1410.622946121177	1	0	1	1.6648969118767867
172200.0	1000.0	1210.622946121285	0.0	0	358.50898459684686	1410.622946121177	1	0	1	1.6648969118767867
173200.0	1000.0	1210.6229461212884	0.0	0	60.22428849633434	1410.6229461211478	1	0	1	1.6648969118767891
174200.0	1000.0	1210.622946121264	0.0	0	185.68076597046456	1410.622946121177	1	0	1	1.6648969118767867
175424.14202603308	1000.0	986.4809200881707	0.0	0	0.0	1410.6229461211478	1	0	1	1.6648969118767896
176200.0	1000.0	1210.6229461212233	0.0	0	49.86238542778301	1410.6229461211478	1	0	1	1.6648969118767896
177224.4505811635	1000.0	1186.1723649577298	0.0	0	0.0	1410.622946121177	1	0	1	1.6648969118767867
178200.0	1000.0	1210.6229461212197	0.0	0	117.81556483538589	1410.622946121177	1	0	1	1.6648969118767867
179200.0	1000.0	1210.6229461212035	0.0	0	137.07111310801702	1410.6229461211478	1	0	1	1.6648969118767896
180200.0	1000.0	1210.622946121186	0.0	0	79.27459391171578	1410.622946121177	1	0	1	1.6648969118767871
181284.7786045594	1000.0	1125.8443415617726	0.0	0	0.0	1410.622946121206	1	0	1	1.6648969118767836
182200.0	1000.0	1210.6229461211522	0.0	0	327.0992954944959	1410.622946121177	1	0	1	1.6648969118767867
183200.0	1000.0	1210.6229461211708	0.0	0	466.503972471779	1410.622946121177	1	0	1	1.6648969118767867
184200.0	1000.0	1210.622946121168	0.0	0	71.44614960637409	1410.622946121206	1	0	1	1.6648969118767836
185205.26564657327	1000.0	1205.3572995478862	0.0	0	0.0	1410.622946121206	1	0	1	1.6648969118767836
186200.0	1000.0	1210.6229461211788	0.0	0	362.4743689833849	1410.622946121206	1	0	1	1.6648969118767836
187200.0	1000.0	1210.6229461211815	0.0	0	276.16802458744496	1410.622946121206	1	0	1	1.6648969118767836
188200.0	1000.0	1210.622946121167	0.0	0	382.175172760908	1410.622946121206	1	0	1	1.6648969118767836
189200.0	1000.0	1210.6229461211653	0.0	0	165.97052375823841	1410.622946121206	1	0	1	1.6648969118767836
190200.0	1000.0	1210.6229461211724	0.0	0	235.27815865221783	1410.6229461212351	1	0	1	1.6648969118767813
191200.0	1000.0	1210.6229461211647	0.0	0	417.4931059006194	1410.6229461212351	1	0	1	1.664896911876781
192200.0	1000.0	1210.6229461211785	0.0	0	277.1344666701334	1410.6229461212351	1	0	1	1.664896911876781
193200.0	1000.0	1210.622946121187	0.0	0	325.7602980326046	1410.6229461212642	1	0	1	1.6648969118767778
194200.0	1000.0	1210.622946121194	0.0	0	436.30538193986285	1410.6229461212351	1	0	1	1.664896911876781
195200.0	1000.0	1210.6229461211537	0.0	0	519.7395836497308	1410.6229461212351	1	0	1	1.664896911876781
196200.0	1000.0	1210.622946121148	0.0	0	406.7865866544307	1410.6229461212351	1	0	1	1.664896911876781
197200.0	1000.0	1210.6229461211733	0.0	0	398.14520719481516	1410.6229461212642	1	0	1	1.6648969118767778
198200.0	1000.0	1210.6229461211801	0.0	0	501.696977947664	1410.6229461212642	1	0	1	1.6648969118767778
199328.29325935495	2000.0	1082.329686766247	0.0	0	0.0	1410.6229461212934	1	0	1	2.011470502156748
200352.48273411958	2000.0	1058.1402120015887	0.0	0	0.0	1410.6229461212934	1	0	1	2.704617682716693
201200.0	1000.0	1210.6229461211726	0.0	0	493.2766669188859	1410.6229461212934	1	0	1	0.97174973131683
202200.0	2000.0	1210.6229461211863	0.0	0	148.68068774210406	1410.6229461213225	1	0	1	2.0114705021567447
203920.17107866894	2000.0	490.4518674522106	0.0	0	0.0	1410.6229461213225	1	0	1	2.70461768271669
204200.0	500.0	1210.6229461211633	0.0	0	30.01950048634899	1410.6229461213225	1	0	1	-0.7611182200830366
205200.0	1000.0	1210.622946121157	0.0	0	584.1766468382266	1410.6229461213225	1	0	1	0.9717497313168266
206200.0	1000.0	1210.622946121171	0.0	0	537.406514556933	1410.6229461213225	1	0	1	1.664896911876772
207200.0	1000.0	1210.6229461211622	0.0	0	397.2571356933331	1410.6229461213516	1	0	1	1.6648969118767694
208200.0	1000.0	1210.6229461211615	0.0	0	447.10383366027963	1410.6229461213516	1	0	1	1.6648969118767694
209200.0	1000.0	1210.6229461211642	0.0	0	286.066178460198	1410.6229461213516	1	0	1	1.6648969118767694
210200.0	1000.0	1210.6229461211628	0.0	0	586.4158050413826	1410.6229461213516	1	0	1	1.6648969118767694
211200.0	1000.0	1210.6229461211394	0.0	0	466.785782412393	1410.6229461213516	1	0	1	1.6648969118767694
212200.0	2000.0	1210.6229461211508	0.0	0	427.08651950539206	1410.6229461213516	1	0	1	2.0114705021567416
213202.6726692037	2000.0	1207.9502769174933	0.0	0	0.0	1410.6229461213516	1	0	1	2.7046176827166866
214508.5280774906	2000.0	902.0948686305786	0.0	0	0.0	1410.6229461213516	1	0	1	2.7046176827166866
215200.0	1000.0	1210.6229461211765	0.0	0	241.357392299833	1410.6229461213225	1	0	1	0.9717497313168268
216263.2001324811	2000.0	1147.4228136400757	0.0	0	0.0	1410.6229461213225	1	0	1	2.0114705021567447
217200.0	1000.0	1210.6229461211979	0.0	0	536.8913447562954	1410.6229461213225	1	0	1	0.9717497313168268
218200.0	1000.0	1210.6229461211663	0.0	0	499.95654577898677	1410.6229461212934	1	0	1	1.6648969118767751
219200.0	1000.0	1210.6229461211738	0.0	0	643.1803184846358	1410.6229461213225	1	0	1	1.664896911876772
220508.0922346948	2000.0	902.5307114263582	0.0	0	0.0	1410.6229461213225	1	0	1	2.0114705021567447
221424.3484939988	1000.0	986.2744521223492	0.0	0	0.0	1410.6229461213225	1	0	1	0.9717497313168268
222561.31120824156	1000.0	849.3117378795774	0.0	0	0.0	1410.6229461213225	1	0	1	1.664896911876772
223252.97335026294	1000.0	1157.6495958582072	0.0	0	0.0	1410.6229461213225	1	0	1	1.664896911876772
224200.0	1000.0	1210.6229461211196	0.0	0	246.14873248300864	1410.6229461212934	1	0	1	1.6648969118767751
225200.0	1000.0	1210.6229461211262	0.0	0	589.5821275031485	1410.6229461212934	1	0	1	1.6648969118767751
226200.0	1000.0	1210.6229461210903	0.0	0	445.4543275881151	1410.6229461212934	1	0	1	1.6648969118767751
227200.0	1000.0	1210.622946121088	0.0	0	439.8478172852192	1410.6229461212934	1	0	1	1.6648969118767751
228200.0	1000.0	1210.6229461210937	0.0	0	300.67402615994797	1410.6229461212934	1	0	1	1.6648969118767751
229200.0	1000.0	1210.622946121094	0.0	0	479.57985989318695	1410.6229461212934	1	0	1	1.6648969118767751
230200.0	1000.0	1210.6229461210987	0.0	0	171.31455612496939	1410.6229461212934	1	0	1	1.6648969118767751
231200.0	1000.0	1210.6229461210978	0.0	0	377.2400437092583	1410.6229461212934	1	0	1	1.6648969118767751
232200.0	1000.0	1210.6229461210737	0.0	0	487.82486683581374	1410.6229461212642	1	0	1	1.6648969118767778
233200.0	1000.0	1210.6229461210855	0.0	0	476.1700254265161	1410.6229461212642	1	0	1	1.6648969118767778
234200.0	1000.0	1210.622946121098	0.0	0	471.9967960315407	1410.6229461212934	1	0	1	1.6648969118767751
235200.0	1000.0	1210.6229461210983	0.0	0	267.67956771113677	1410.6229461212934	1	0	1	1.6648969118767751
236200.0	1000.0	1210.6229461211283	0.0	0	453.2871980330383	1410.6229461212934	1	0	1	1.6648969118767751
237200.0	1000.0	1210.6229461211324	0.0	0	600.1459803054458	1410.6229461212934	1	0	1	1.6648969118767751
238200.0	1000.0	1210.6229461211149	0.0	0	553.4793259329745	1410.6229461212934	1	0	1	1.6648969118767751
239200.0	1000.0	1210.622946121113	0.0	0	736.2987090555544	1410.6229461212934	1	0	1	1.6648969118767751
240200.0	2000.0	1210.6229461211246	0.0	0	25.898319461673964	1410.6229461212934	1	0	1	2.011470502156748
242137.9206568909	2000.0	272.70228923020903	0.0	0	0.0	1410.6229461213225	1	0	1	2.704617682716691
242390.18955122613	500.0	1020.4333948950226	0.0	0	0.0	1410.6229461213225	1	0	1	-0.7611182200830366
243200.0	1000.0	1210.6229461211624	0.0	0	275.2065257196955	1410.6229461213225	1	0	1	0.9717497313168266
244200.0	1000.0	1210.6229461211449	0.0	0	422.8173103464069	1410.6229461213225	1	0	1	1.664896911876772
245200.0	1000.0	1210.622946121155	0.0	0	399.55515182195813	1410.6229461213225	1	0	1	1.664896911876772
246200.0	1000.0	1210.6229461211376	0.0	0	352.76192050872487	1410.6229461213225	1	0	1	1.664896911876772
247200.0	1000.0	1210.6229461211256	0.0	0	380.0448879933974	1410.6229461213225	1	0	1	1.664896911876772
248200.0	1000.0	1210.6229461211651	0.0	0	365.12371856198297	1410.6229461213516	1	0	1	1.6648969118767694
249200.0	1000.0	1210.6229461211692	0.0	0	456.7461828966916	1410.6229461213516	1	0	1	1.6648969118767694
250200.0	1000.0	1210.6229461211735	0.0	0	261.92695709553664	1410.6229461213807	1	0	1	1.6648969118767663
251200.0	1000.0	1210.6229461211806	0.0	0	231.09652834612643	1410.6229461213807	1	0	1	1.6648969118767663
252490.08698645004	1000.0	920.53595967116	0.0	0	0.0	1410.6229461214098	1	0	1	1.6648969118767638
253307.66155255848	1000.0	1102.9613935627278	0.0	0	0.0	1410.6229461214389	1	0	1	1.6648969118767605
254200.0	1000.0	1210.6229461212295	0.0	0	235.23451353938435	1410.6229461214389	1	0	1	1.6648969118767605
255200.0	1000.0	1210.6229461212229	0.0	0	118.26337530766614	1410.6229461214389	1	0	1	1.6648969118767605
256200.0	1000.0	1210.6229461211926	0.0	0	219.3320230212703	1410.6229461214389	1	0	1	1.6648969118767605
257200.0	1000.0	1210.6229461212035	0.0	0	371.44664106931305	1410.622946121468	1	0	1	1.6648969118767576
258200.0	1000.0	1210.6229461212133	0.0	0	326.6527533241315	1410.622946121497	1	0	1	1.6648969118767545
259200.0	1000.0	1210.6229461212151	0.0	0	280.1723187734606	1410.622946121497	1	0	1	1.6648969118767545
260200.0	1000.0	1210.6229461211983	0.0	0	380.9281317710702	1410.622946121468	1	0	1	1.6648969118767576
261200.0	1000.0	1210.6229461211828	0.0	0	521.4812478222884	1410.622946121468	1	0	1	1.6648969118767576
262212.40225494216	2000.0	1198.2206911790213	0.0	0	0.0	1410.622946121468	1	0	1	2.01147050215673
263921.8593590865	2000.0	488.7635870347209	0.0	0	0.0	1410.622946121497	1	0	1	2.704617682716677
264390.19780049886	500.0	1020.4251456223351	0.0	0	0.0	1410.6229461214389	1	0	1	-0.7611182200830482
265434.8050905696	1000.0	975.8178555515408	0.0	0	0.0	1410.6229461213807	1	0	1	0.9717497313168209
266217.0402342788	1000.0	1193.5827118423545	0.0	0	0.0	1410.6229461213807	1	0	1	1.6648969118767663
267200.0	1000.0	1210.6229461211306	0.0	0	167.86630251817405	1410.6229461213225	1	0	1	1.664896911876772
268200.0	1000.0	1210.622946121123	0.0	0	427.11382922530174	1410.6229461213225	1	0	1	1.664896911876772
269200.0	1000.0	1210.6229461211306	0.0	0	416.90232619282324	1410.6229461213225	1	0	1	1.664896911876772
270200.0	1000.0	1210.6229461210812	0.0	0	529.9629116636352	1410.6229461213225	1	0	1	1.664896911876772
271200.0	1000.0	1210.6229461210344	0.0	0	571.1990448998986	1410.6229461213225	1	0	1	1.664896911876772
272200.0	2000.0	1210.622946121009	0.0	0	283.99750201724237	1410.6229461212642	1	0	1	2.0114705021567505
273584.3863058761	2000.0	826.2366402449414	0.0	0	0.0	1410.622946121206	1	0	1	2.7046176827167003
275002.95473967295	1000.0	407.6682064480733	0.0	0	0.0	1410.6229461212642	1	0	1	0.9717497313168351
275344.2442691783	500.0	1066.3786769427115	0.0	0	0.0	1410.6229461212642	1	0	1	-0.0679710395230857
276498.93972445	1000.0	911.6832216709744	0.0	0	0.0	1410.6229461212642	1	0	1	0.9717497313168324
277610.0923231257	1000.0	800.5306229953159	0.0	0	0.0	1410.6229461213225	1	0	1	1.664896911876772
278200.0	500.0	1210.6229461210023	0.0	0	120.99488259863574	1410.6229461213225	1	0	1	-0.06797103952309147
279200.0	1000.0	1210.622946121021	0.0	0	133.12402957316954	1410.6229461213225	1	0	1	0.9717497313168266
280216.4135324052	1000.0	1194.209413715796	0.0	0	0.0	1410.6229461213225	1	0	1	1.664896911876772
281200.0	1000.0	1210.6229461210612	0.0	0	15.115857727825642	1410.6229461213807	1	0	1	1.6648969118767663
282200.0	1000.0	1210.6229461210899	0.0	0	446.67165205511265	1410.6229461213807	1	0	1	1.6648969118767663
283200.0	1000.0	1210.6229461211012	0.0	0	174.12002491328167	1410.6229461213807	1	0	1	1.6648969118767663
284200.0	1000.0	1210.6229461211353	0.0	0	193.98573718121042	1410.6229461213807	1	0	1	1.6648969118767663
285200.0	1000.0	1210.6229461211335	0.0	0	270.80187144718366	1410.6229461213807	1	0	1	1.6648969118767663
286200.0	1000.0	1210.6229461211697	0.0	0	213.40733244695002	1410.6229461213807	1	0	1	1.6648969118767663
287200.0	1000.0	1210.6229461211726	0.0	0	444.71594254334923	1410.6229461213807	1	0	1	1.6648969118767663
288224.0432191092	1000.0	1186.5797270119479	0.0	0	0.0	1410.6229461213807	1	0	1	1.6648969118767663
289228.7825959991	1000.0	1181.8403501221214	0.0	0	0.0	1410.6229461214389	1	0	1	1.6648969118767605
290200.0	1000.0	1210.6229461212033	0.0	0	165.27601459692232	1410.622946121497	1	0	1	1.6648969118767545
291200.0	1000.0	1210.6229461211733	0.0	0	478.90522090217564	1410.622946121497	1	0	1	1.6648969118767545
292200.0	1000.0	1210.6229461211735	0.0	0	202.86323973251274	1410.622946121497	1	0	1	1.6648969118767545
293200.0	1000.0	1210.6229461211867	0.0	0	389.25632769276854	1410.6229461214389	1	0	1	1.6648969118767605
294200.0	1000.0	1210.622946121186	0.0	0	341.15133882447844	1410.6229461214389	1	0	1	1.6648969118767605
295200.0	1000.0	1210.6229461212504	0.0	0	225.04456050880253	1410.6229461214389	1	0	1	1.6648969118767605
296714.5828481952	1000.0	696.0400979260994	0.0	0	0.0	1410.6229461214389	1	0	1	1.6648969118767605
297222.56568633456	500.0	1188.0572597867013	0.0	0	0.0	1410.622946121497	1	0	1	-0.06797103952310901
298200.0	1000.0	1210.622946121333	0.0	0	210.50937184109353	1410.6229461215553	1	0	1	0.9717497313168033
299200.0	1000.0	1210.6229461213786	0.0	0	447.1984441478271	1410.6229461216135	1	0	1	1.664896911876743
300200.0	1000.0	1210.6229461214323	0.0	0	496.5200964945252	1410.6229461216717	1	0	1	1.664896911876737
301200.0	1000.0	1210.62294612139	0.0	0	494.131898538908	1410.6229461216717	1	0	1	1.664896911876737
302200.0	1000.0	1210.622946121372	0.0	0	482.0131198138115	1410.62294612173	1	0	1	1.6648969118767312
303200.0	1000.0	1210.6229461213873	0.0	0	480.34608180297073	1410.62294612173	1	0	1	1.6648969118767312
304200.0	1000.0	1210.622946121466	0.0	0	476.90258361620363	1410.6229461217881	1	0	1	1.6648969118767254
1.89	1.47	1.56	1.92	1.56	1.26	1.68	1.56	1.32	1.54	2.2	2.21	1.49	1.2	1.66	1.52	1.62	1.16	1.41	1.17	1.08	1.11	1.38	1.17	1.19	1.09	1.26	1.61	1.42	1.3	1.34	1.55	1.96	1.1	1.16	1.68	1.9	1.49	1.91	2.24	2.22	2.26	2.43	2.46	1.95	2.2	2.86	1.58	1.16	1.95	2.0	2.07	2.22	1.83	1.87	2.4	3.17	2.78	1.8	1.36	2.24	1.81	2.47	2.68	1.89	1.34	0.98	1.27	1.63	2.11	2.36	2.24	1.34	2.07	1.76	1.37	1.88	2.15	2.12	0.87	1.95	2.14	2.68	3.28	2.8	1.26	1.26	1.8	2.06	1.26	2.06	2.02	1.84	2.58	2.04	1.18	1.19	0.81	1.91	1.51	1.71	2.11	2.31	1.84	2.13	2.43	2.04	2.11	1.3	1.32	1.33	1.39	1.98	2.04	2.47	2.95	2.21	2.62	1.48	0.73	1.19	1.09	1.08	1.15	1.51	0.98	1.41	1.3	1.7	1.14	1.03	1.45	1.39	0.97	1.4	1.61	1.48	1.75	1.7	1.27	0.66	0.79	1.3	1.9	1.97	2.42	2.41	1.81	2.13	3.32	1.89	1.47	1.56	1.92	1.56	1.26	1.68	1.56	1.32	1.54	2.2	2.21	1.49	1.2	1.66	1.52	1.62	1.16	1.41	1.17	1.08	1.11	1.38	1.17	1.19	1.09	1.26	1.61	1.42	1.3	1.34	1.55	1.96	1.1	1.16	1.68	1.9	1.49	1.91	2.24	2.22	2.26	2.43	2.46	1.95	2.2	2.86	1.58	1.16	1.95	2.0	2.07	2.22	1.83	1.87	2.4	3.17	2.78	1.8	1.36	2.24	1.81	2.47	2.68	1.89	1.34	0.98	1.27	1.63	2.11	2.36	2.24	1.34	2.07	1.76	1.37	1.88	2.15	2.12	0.87	1.95	2.14	2.68	3.28	2.8	1.26	1.26	1.8	2.06	1.26	2.06	2.02	1.84	2.58	2.04	1.18	1.19	0.81	1.91	1.51	1.71	2.11	2.31	1.84	2.13	2.43	2.04	2.11	1.3	1.32	1.33	1.39	1.98	2.04	2.47	2.95	2.21	2.62	1.48	0.73	1.19	1.09	1.08	1.15	1.51	0.98	1.41	1.3	1.7	1.14	1.03	1.45	1.39	0.97	1.4	1.61	1.48	1.75	1.7	1.27	0.66	0.79	1.3	1.9	1.97	2.42	2.41	1.81	2.13	3.32	1.89	1.47	1.56	1.92	1.56
1.0	2.0	3.0	4.0	5.0	6.0	7.0	8.0	9.0	10.0	11.0	12.0	13.0	14.0	15.0	16.0	17.0	18.0	19.0	20.0	21.0	22.0	23.0	24.0	25.0	26.0	27.0	28.0	29.0	30.0	31.0	32.0	33.0	34.0	35.0	36.0	37.0	38.0	39.0	40.0	41.0	42.0	43.0	44.0	45.0	46.0	47.0	48.0	49.0	50.0	51.0	52.0	53.0	54.0	55.0	56.0	57.0	58.0	59.0	60.0	61.0	62.0	63.0	64.0	65.0	66.0	67.0	68.0	69.0	70.0	71.0	72.0	73.0	74.0	75.0	76.0	77.0	78.0	79.0	80.0	81.0	82.0	83.0	84.0	85.0	86.0	87.0	88.0	89.0	90.0	91.0	92.0	93.0	94.0	95.0	96.0	97.0	98.0	99.0	100.0	101.0	102.0	103.0	104.0	105.0	106.0	107.0	108.0	109.0	110.0	111.0	112.0	113.0	114.0	115.0	116.0	117.0	118.0	119.0	120.0	121.0	122.0	123.0	124.0	125.0	126.0	127.0	128.0	129.0	130.0	131.0	132.0	133.0	134.0	135.0	136.0	137.0	138.0	139.0	140.0	141.0	142.0	143.0	144.0	145.0	146.0	147.0	148.0	149.0	149.0	150.0	151.0	152.0	153.0	154.0	155.0	156.0	157.0	158.0	159.0	160.0	161.0	162.0	163.0	164.0	165.0	166.0	167.0	168.0	169.0	170.0	171.0	172.0	173.0	174.0	175.0	176.0	177.0	178.0	179.0	180.0	181.0	182.0	183.0	184.0	185.0	186.0	187.0	188.0	189.0	190.0	191.0	192.0	193.0	194.0	195.0	196.0	197.0	198.0	199.0	200.0	201.0	202.0	203.0	204.0	205.0	206.0	207.0	208.0	209.0	210.0	211.0	212.0	213.0	214.0	215.0	216.0	217.0	218.0	219.0	220.0	221.0	222.0	223.0	224.0	225.0	226.0	227.0	228.0	229.0	230.0	231.0	232.0	233.0	234.0	235.0	236.0	237.0	238.0	239.0	240.0	241.0	242.0	243.0	244.0	245.0	246.0	247.0	248.0	249.0	250.0	251.0	252.0	253.0	254.0	255.0	256.0	257.0	258.0	259.0	260.0	261.0	262.0	263.0	264.0	265.0	266.0	267.0	268.0	269.0	270.0	271.0	272.0	273.0	274.0	275.0	276.0	277.0	278.0	279.0	280.0	281.0	282.0	283.0	284.0	285.0	286.0	287.0	288.0	289.0	290.0	291.0	292.0	293.0	294.0	295.0	296.0	297.0	298.0	298.0	299.0	300.0	301.0	302.0	303.0
2690.5926530386846
