2696.6890989882586	300.0	2000.0	234.67065697017765	0	0.0	2696.6890989882586	1	0	1	-1.6723007605361404
5335.004347652552	1000.0	268.00909797889443	18.01261854245527	0	0.0	603.0134456314463	1	0	2	0.030313286855790822
6200.0	300.0	2489.51301086619	0.0	0	556.7532361925523	2689.5130108661906	1	0	0	-1.869132873196561
9200.0	1000.0	389.513010866192	0.0	0	167.60604386435443	589.5130108661942	1	0	2	-0.06020928304448003
10200.0	300.0	2489.5130108661892	0.0	0	584.7235413842664	2689.5130108661933	1	0	0	-1.8689241054125556
13245.089641403476	1000.0	463.89271493474484	112.70755419307169	0	0.0	708.9823563382233	1	0	2	-0.7475888863361617
14200.0	300.0	2604.4733921978727	0.0	0	476.7939483638602	2804.473392197877	1	0	0	-1.8804559337157698
17352.06901899331	1000.0	413.2728681970354	69.15945171981724	0	0.0	765.341887190345	1	0	2	-0.49217809455373734
18200.0	300.0	2650.134985291011	0.0	0	502.2406633927021	2850.1349852910116	1	0	0	-1.8852926578763305
21200.0	1000.0	550.1349852910098	0.0	0	7.37731771410472	750.1349852910134	1	0	2	-0.07559165730924933
22200.0	300.0	2650.134985291007	0.0	0	720.1762790858411	2850.13498529101	1	0	0	-1.8849863028550375
25336.14017236656	1000.0	400.38079568778943	0.0	0	0.0	736.5209680543485	1	0	2	-0.07505239548428333
26200.0	300.0	2622.906950817698	0.0	0	479.53109985622723	2822.906950817698	1	0	0	-1.8826460648292793
29451.68005011828	2000.0	365.432504339489	108.52146241081758	0	0.0	817.1125544577699	1	0	2	-0.3871798813806284
30200.0	300.0	2691.944549445943	0.0	0	412.64558894707443	2891.9445494459433	1	0	0	-2.5828343426176765
34046.08482101797	2000.0	220.0866122612581	508.0321508500763	0	0.0	1266.1714332792253	1	0	2	-2.8279275402489383
34300.388193660205	300.0	965.7832396190227	0.0	0	0.0	1266.1714332792253	1	0	1	-2.2237371282138043
35200.0	1000.0	3156.1326139132007	0.0	0	125.02205277401663	3356.132613913196	1	0	0	0.06941913544733819
39631.26675744438	2000.0	200.0	652.9643811596478	0	0.0	1831.2667574443767	1	0	2	-2.5235312493877675
39914.41576305555	300.0	916.8509943888287	0.0	0	0.0	1831.2667574443694	1	0	1	-2.2802466606303176
40674.34192370746	1000.0	1080.9322176717212	0.0	0	0.0	1755.2741413791882	1	0	2	0.024453255135284957
41446.179315404435	1000.0	1231.9110868050611	0.0	0	0.0	1678.0904022095128	1	0	2	1.436124084033512
42401.337150478714	1000.0	1276.7532517307811	0.0	0	0.0	1678.0904022095128	1	0	1	1.438150166267953
44045.94900677105	1000.0	632.1413954384475	0.0	0	0.0	1678.0904022095056	1	0	1	1.6381501662679536
44840.355387449614	500.0	837.7350147598854	0.0	0	0.0	1678.0904022095056	1	0	1	-0.09471778513190976
45717.35555667641	500.0	960.7348455330875	0.0	0	0.0	1678.0904022095056	1	0	1	0.5984293954280356
47028.42437921406	500.0	649.6660229954362	0.0	0	0.0	1678.0904022095056	1	0	1	0.5984293954280356
47508.91578108348	300.0	1169.1746211260097	0.0	0	0.0	1678.0904022095056	1	0	1	-0.6786346639869411
48255.84320684829	500.0	1422.2471953611987	0.0	0	0.0	1678.0904022095056	1	0	1	0.08760377166204492
49200.0	500.0	1478.0904022094844	0.0	0	263.0616036594947	1678.0904022095128	1	0	1	0.598429395428035
50200.0	500.0	1478.0904022094862	0.0	0	339.16974634658254	1678.0904022095128	1	0	1	0.5984293954280349
51200.0	500.0	1478.0904022094842	0.0	0	523.1800321715782	1678.0904022095128	1	0	1	0.598429395428035
52200.0	500.0	1478.0904022094871	0.0	0	467.04986695382104	1678.0904022095128	1	0	1	0.598429395428035
53200.0	1000.0	1478.0904022094942	0.0	0	279.25274489002913	1678.0904022095128	1	0	1	0.9450029857080078
54200.0	1000.0	1478.090402209494	0.0	0	395.2063637554311	1678.0904022095128	1	0	1	1.6381501662679532
55200.0	1000.0	1478.0904022095	0.0	0	188.22625978085853	1678.0904022095128	1	0	1	1.6381501662679532
56200.0	1000.0	1478.0904022095015	0.0	0	183.60694847182458	1678.0904022095128	1	0	1	1.6381501662679532
57200.0	1000.0	1478.0904022094905	0.0	0	106.27035489353875	1678.0904022095128	1	0	1	1.6381501662679532
58200.0	1000.0	1478.0904022094894	0.0	0	459.3037014986621	1678.0904022095128	1	0	1	1.6381501662679532
59296.2172996488	1000.0	1381.87310256069	0.0	0	0.0	1678.09040220952	1	0	1	1.6381501662679525
60200.0	1000.0	1478.090402209495	0.0	0	138.4775450640591	1678.0904022095274	1	0	1	1.6381501662679514
61200.0	1000.0	1478.0904022095026	0.0	0	149.10950830124057	1678.0904022095274	1	0	1	1.6381501662679514
62200.0	1000.0	1478.090402209503	0.0	0	118.52288320795924	1678.09040220952	1	0	1	1.6381501662679523
63200.0	1000.0	1478.0904022094996	0.0	0	411.23650932068267	1678.09040220952	1	0	1	1.6381501662679523
64471.19919670736	1000.0	1206.8912055021408	0.0	0	0.0	1678.09040220952	1	0	1	1.6381501662679523
65783.57803138182	1000.0	894.5123708276853	0.0	0	0.0	1678.0904022095274	1	0	1	1.6381501662679523
66200.0	500.0	1478.09040220952	0.0	0	83.28895800550526	1678.0904022095347	1	0	1	-0.09471778513191303
67249.00811492973	1000.0	1429.082287279788	0.0	0	0.0	1678.0904022095347	1	0	1	0.9450029857080049
68200.0	1000.0	1478.0904022095237	0.0	0	179.39899415634864	1678.0904022095492	1	0	1	1.6381501662679492
69200.0	1000.0	1478.0904022095256	0.0	0	139.22635515933507	1678.0904022095492	1	0	1	1.6381501662679492
70200.0	1000.0	1478.0904022095183	0.0	0	154.8245530264976	1678.0904022095492	1	0	1	1.6381501662679492
71200.0	1000.0	1478.0904022095121	0.0	0	19.205163043297944	1678.0904022095492	1	0	1	1.6381501662679492
72376.25471492221	1000.0	1301.8356872873242	0.0	0	0.0	1678.0904022095638	1	0	1	1.6381501662679478
73200.0	500.0	1478.0904022095297	0.0	0	248.04839828412514	1678.0904022095638	1	0	1	-0.09471778513191564
74200.0	500.0	1478.090402209515	0.0	0	115.2607009538333	1678.0904022095638	1	0	1	0.5984293954280301
75200.0	500.0	1478.0904022095174	0.0	0	140.63228440613602	1678.0904022095783	1	0	1	0.5984293954280284
76200.0	500.0	1478.090402209511	0.0	0	194.04974414860772	1678.0904022095783	1	0	1	0.5984293954280284
77200.0	500.0	1478.0904022095053	0.0	0	484.49569119588705	1678.0904022095783	1	0	1	0.5984293954280284
78200.0	500.0	1478.0904022095183	0.0	0	460.74079764602357	1678.0904022095783	1	0	1	0.5984293954280284
79200.0	500.0	1478.0904022094996	0.0	0	316.6494058831304	1678.0904022095783	1	0	1	0.5984293954280284
80200.0	500.0	1478.090402209485	0.0	0	116.93255013153248	1678.0904022095638	1	0	1	0.5984293954280298
81773.8214917597	1000.0	904.2689104497703	0.0	0	0.0	1678.0904022095783	1	0	1	0.9450029857080011
82597.70240495291	500.0	1080.387997256581	0.0	0	0.0	1678.0904022095929	1	0	1	-0.09471778513191859
83563.01392783236	500.0	1115.0764743771388	0.0	0	0.0	1678.0904022095929	1	0	1	0.5984293954280269
84271.36550332043	500.0	1406.7248988890642	0.0	0	0.0	1678.0904022096074	1	0	1	0.5984293954280255
85200.0	500.0	1478.0904022094974	0.0	0	293.20411787241756	1678.0904022096074	1	0	1	0.5984293954280255
86200.0	500.0	1478.0904022094946	0.0	0	358.3136050355388	1678.0904022096074	1	0	1	0.5984293954280255
87200.0	500.0	1478.0904022094917	0.0	0	411.608836141575	1678.0904022096074	1	0	1	0.5984293954280255
88200.0	500.0	1478.0904022094778	0.0	0	377.3589946367865	1678.0904022095929	1	0	1	0.5984293954280269
89200.0	500.0	1478.0904022094717	0.0	0	189.54748344521795	1678.0904022095929	1	0	1	0.5984293954280269
90200.0	500.0	1478.09040220947	0.0	0	525.2751883927267	1678.0904022095929	1	0	1	0.5984293954280269
91200.0	1000.0	1478.0904022094694	0.0	0	120.15330590031226	1678.0904022095929	1	0	1	0.9450029857079998
92200.0	500.0	1478.090402209462	0.0	0	145.3000577967323	1678.0904022095929	1	0	1	-0.09471778513191859
93200.0	500.0	1478.0904022094592	0.0	0	470.6504783713317	1678.0904022096074	1	0	1	0.5984293954280255
94980.28231885721	1000.0	697.8080833522652	0.0	0	0.0	1678.090402209622	1	0	1	0.9450029857079967
95774.51149033058	300.0	903.5789118788947	0.0	0	0.0	1678.090402209622	1	0	1	-1.371781844546898
96343.10542341623	500.0	1334.9849787932483	0.0	0	0.0	1678.0904022096074	1	0	1	0.08760377166203473
97200.0	500.0	1478.0904022094944	0.0	0	306.9084302132396	1678.0904022096074	1	0	1	0.5984293954280255
98200.0	500.0	1478.0904022095085	0.0	0	320.19070304586785	1678.090402209622	1	0	1	0.598429395428024
99200.0	500.0	1478.0904022095044	0.0	0	216.04693494805542	1678.090402209622	1	0	1	0.598429395428024
100200.0	500.0	1478.0904022094905	0.0	0	473.09549359051744	1678.090402209622	1	0	1	0.598429395428024
101200.0	1000.0	1478.0904022094933	0.0	0	198.8774136975553	1678.090402209622	1	0	1	0.9450029857079967
102200.0	500.0	1478.090402209491	0.0	0	619.2495430394047	1678.0904022096074	1	0	1	-0.09471778513191992
103200.0	1000.0	1478.090402209497	0.0	0	388.73087007518916	1678.0904022096074	1	0	1	0.945002985707998
104413.3026782737	1000.0	1264.7877239357863	0.0	0	0.0	1678.0904022096074	1	0	1	1.6381501662679434
105346.69042106412	1000.0	1331.399981145357	0.0	0	0.0	1678.0904022096074	1	0	1	1.6381501662679434
106306.80335841951	1000.0	1371.2870437899644	0.0	0	0.0	1678.0904022096074	1	0	1	1.6381501662679434
107200.0	1000.0	1478.090402209464	0.0	0	274.78347081449465	1678.0904022096074	1	0	1	1.6381501662679434
108200.0	1000.0	1478.09040220947	0.0	0	24.04056997016596	1678.0904022095929	1	0	1	1.6381501662679452
109200.0	1000.0	1478.090402209461	0.0	0	178.64658640607377	1678.0904022095929	1	0	1	1.6381501662679452
110200.0	1000.0	1478.0904022094762	0.0	0	165.779919270135	1678.0904022096074	1	0	1	1.6381501662679434
111200.0	1000.0	1478.0904022094692	0.0	0	88.36510188237298	1678.0904022095929	1	0	1	1.6381501662679452
113302.69985939025	1000.0	375.39054281921767	0.0	0	0.0	1678.0904022095929	1	0	1	1.6381501662679452
113643.58291614892	300.0	1034.5074860605448	0.0	0	0.0	1678.0904022095929	1	0	1	-1.371781844546896
114200.0	500.0	1478.0904022094608	0.0	0	103.88435879079043	1678.0904022096074	1	0	1	0.08760377166203473
115200.0	500.0	1478.0904022094553	0.0	0	505.55873747925216	1678.0904022095929	1	0	1	0.5984293954280269
116200.0	500.0	1478.090402209441	0.0	0	453.6783109474636	1678.0904022095929	1	0	1	0.5984293954280269
117200.0	500.0	1478.0904022094396	0.0	0	292.8183420744026	1678.0904022095929	1	0	1	0.5984293954280269
118200.0	500.0	1478.0904022094353	0.0	0	367.51345805771416	1678.0904022096074	1	0	1	0.5984293954280255
119200.0	500.0	1478.0904022094333	0.0	0	513.0353261464625	1678.090402209622	1	0	1	0.598429395428024
120200.0	500.0	1478.0904022094282	0.0	0	409.8734538053104	1678.0904022096365	1	0	1	0.5984293954280226
121200.0	500.0	1478.0904022094294	0.0	0	627.3435755795654	1678.0904022096365	1	0	1	0.5984293954280226
122377.65776985142	1000.0	1300.4326323580278	0.0	0	0.0	1678.0904022096365	1	0	1	0.9450029857079953
123200.0	500.0	1478.090402209438	0.0	0	126.0167880928202	1678.0904022096365	1	0	1	-0.09471778513192286
124200.0	500.0	1478.0904022094526	0.0	0	65.21451289273682	1678.090402209651	1	0	1	0.5984293954280211
125465.93819657923	1000.0	1212.1522056302188	0.0	0	0.0	1678.090402209651	1	0	1	0.9450029857079939
126200.0	500.0	1478.0904022094505	0.0	0	156.7727848510258	1678.090402209651	1	0	1	-0.09471778513192436
127200.0	500.0	1478.090402209437	0.0	0	525.1670259014063	1678.090402209651	1	0	1	0.5984293954280211
128200.0	500.0	1478.090402209439	0.0	0	502.43027986289235	1678.090402209651	1	0	1	0.5984293954280211
129200.0	500.0	1478.0904022094487	0.0	0	348.3234450819	1678.090402209651	1	0	1	0.5984293954280211
130200.0	500.0	1478.0904022094455	0.0	0	512.8047374902671	1678.090402209651	1	0	1	0.5984293954280211
131304.30681402233	1000.0	1373.7835881871151	0.0	0	0.0	1678.0904022096365	1	0	1	0.9450029857079942
132200.0	500.0	1478.090402209418	0.0	0	237.0864486967912	1678.0904022096074	1	0	1	-0.094717785131922
133200.0	500.0	1478.0904022094137	0.0	0	413.52934483773424	1678.0904022096074	1	0	1	0.5984293954280255
134200.0	500.0	1478.0904022093953	0.0	0	378.852615597978	1678.0904022095783	1	0	1	0.5984293954280279
135200.0	500.0	1478.090402209388	0.0	0	418.7904576829751	1678.0904022095783	1	0	1	0.5984293954280284
136200.0	500.0	1478.0904022094073	0.0	0	321.40952168565127	1678.0904022095783	1	0	1	0.5984293954280284
137200.0	500.0	1478.0904022093862	0.0	0	402.8394453993533	1678.0904022095492	1	0	1	0.5984293954280313
138771.011420006	1000.0	907.078982203434	0.0	0	0.0	1678.0904022095783	1	0	1	0.9450029857080011
139508.40423029175	500.0	1169.6861719176754	0.0	0	0.0	1678.0904022096074	1	0	1	-0.09471778513191992
140375.21798082037	500.0	1302.8724213890814	0.0	0	0.0	1678.0904022096365	1	0	1	0.5984293954280226
141200.0	500.0	1478.0904022094417	0.0	0	139.21394866355695	1678.0904022096365	1	0	1	0.5984293954280226
142200.0	500.0	1478.0904022094358	0.0	0	333.28980429982767	1678.0904022096656	1	0	1	0.5984293954280197
143200.0	500.0	1478.090402209428	0.0	0	448.9694868022634	1678.0904022096656	1	0	1	0.5984293954280197
144200.0	500.0	1478.0904022094053	0.0	0	506.8115598792501	1678.0904022096365	1	0	1	0.5984293954280226
145200.0	500.0	1478.0904022093935	0.0	0	366.9713330299128	1678.0904022096365	1	0	1	0.5984293954280226
146200.0	1000.0	1478.0904022093773	0.0	0	262.3186511461099	1678.0904022096074	1	0	1	0.945002985707998
147200.0	1000.0	1478.090402209363	0.0	0	242.8846267555491	1678.0904022096074	1	0	1	1.6381501662679434
148387.9471648079	1000.0	1290.1432374014637	0.0	0	0.0	1678.0904022096074	1	0	1	1.6381501662679434
149200.0	500.0	1478.0904022093596	0.0	0	43.65121562386048	1678.0904022096074	1	0	1	-0.09471778513191992
150200.0	500.0	1478.0904022093523	0.0	0	441.9452276310476	1678.0904022096074	1	0	1	0.5984293954280255
151200.0	500.0	1478.0904022093343	0.0	0	357.9036397858872	1678.0904022096074	1	0	1	0.5984293954280255
152200.0	1000.0	1478.090402209335	0.0	0	22.69235413830029	1678.0904022096074	1	0	1	0.945002985707998
153200.9054091981	1000.0	1477.1849930111912	0.0	0	0.0	1678.0904022095783	1	0	1	1.6381501662679465
154200.0	500.0	1478.0904022092916	0.0	0	579.5616310249898	1678.0904022095783	1	0	1	-0.09471778513191709
155238.49955976894	1000.0	1439.5908424403656	0.0	0	0.0	1678.0904022095783	1	0	1	0.9450029857080011
156216.71163043132	1000.0	1461.3787717779721	0.0	0	0.0	1678.0904022095783	1	0	1	1.6381501662679465
157386.18855792822	1000.0	1291.9018442810425	0.0	0	0.0	1678.0904022095783	1	0	1	1.6381501662679465
159279.0227065374	1000.0	399.067695671899	0.0	0	0.0	1678.0904022095783	1	0	1	1.6381501662679465
159765.6630861674	300.0	912.4273160418968	0.0	0	0.0	1678.0904022095783	1	0	1	-1.3717818445468937
160846.75752023447	500.0	831.3328819748069	0.0	0	0.0	1678.0904022095783	1	0	1	0.0876037716620377
161781.6159932083	500.0	896.4744090009793	0.0	0	0.0	1678.0904022096074	1	0	1	0.5984293954280255
162376.0357479511	500.0	1302.054654258178	0.0	0	0.0	1678.0904022096365	1	0	1	0.5984293954280226
163200.0	500.0	1478.0904022092345	0.0	0	405.7912851492292	1678.0904022096365	1	0	1	0.5984293954280226
164200.0	500.0	1478.0904022092514	0.0	0	485.96469740296016	1678.0904022096656	1	0	1	0.5984293954280197
165200.0	500.0	1478.0904022092504	0.0	0	703.821404647897	1678.0904022096656	1	0	1	0.5984293954280197
166200.0	1000.0	1478.0904022092718	0.0	0	286.74736840708647	1678.0904022096656	1	0	1	0.9450029857079922
167200.0	1000.0	1478.09040220929	0.0	0	398.2040605910588	1678.0904022096656	1	0	1	1.6381501662679376
168200.0	1000.0	1478.0904022092966	0.0	0	109.81620814456255	1678.0904022096656	1	0	1	1.6381501662679376
169200.0	1000.0	1478.090402209329	0.0	0	204.735689844616	1678.0904022096656	1	0	1	1.6381501662679376
170553.85954964085	1000.0	1124.2308525684684	0.0	0	0.0	1678.0904022096656	1	0	1	1.6381501662679376
171341.00425272272	1000.0	1337.0861494866217	0.0	0	0.0	1678.0904022096656	1	0	1	1.6381501662679376
172824.96997294045	1000.0	853.1204292689215	0.0	0	0.0	1678.0904022096656	1	0	1	1.6381501662679376
173682.64861696912	500.0	995.4417852402534	0.0	0	0.0	1678.0904022096656	1	0	1	-0.0947177851319258
174306.72760372443	500.0	1371.362798484913	0.0	0	0.0	1678.0904022096656	1	0	1	0.5984293954280197
175263.2776948907	500.0	1414.8127073186558	0.0	0	0.0	1678.0904022096656	1	0	1	0.5984293954280197
176200.0	500.0	1478.0904022093714	0.0	0	320.5638013409043	1678.0904022096656	1	0	1	0.5984293954280197
177200.0	500.0	1478.090402209331	0.0	0	410.48648306014366	1678.0904022096656	1	0	1	0.5984293954280197
178200.0	1000.0	1478.0904022093384	0.0	0	79.60916966054356	1678.0904022096656	1	0	1	0.9450029857079922
179200.0	500.0	1478.0904022093448	0.0	0	542.5670360676886	1678.0904022096656	1	0	1	-0.0947177851319258
180200.0	500.0	1478.0904022093744	0.0	0	416.68549426522804	1678.0904022096656	1	0	1	0.5984293954280197
181371.33880176715	1000.0	1306.751600442237	0.0	0	0.0	1678.0904022096365	1	0	1	0.9450029857079953
182352.46361281027	1000.0	1325.626789399131	0.0	0	0.0	1678.0904022096365	1	0	1	1.6381501662679407
183449.51826032499	1000.0	1228.5721418844225	0.0	0	0.0	1678.0904022096365	1	0	1	1.6381501662679407
184200.0	500.0	1478.0904022094062	0.0	0	164.05413209064864	1678.0904022096365	1	0	1	-0.09471778513192286
185200.0	1000.0	1478.0904022094003	0.0	0	406.19538332446245	1678.0904022096074	1	0	1	0.9450029857079976
186200.0	1000.0	1478.0904022094076	0.0	0	463.0971914274851	1678.0904022096074	1	0	1	1.6381501662679434
187675.1967327016	1000.0	1002.893669507793	0.0	0	0.0	1678.0904022095783	1	0	1	1.6381501662679465
188555.77599546083	1000.0	1122.314406748562	0.0	0	0.0	1678.0904022095783	1	0	1	1.6381501662679465
189259.8609811471	1000.0	1418.2294210623409	0.0	0	0.0	1678.0904022095783	1	0	1	1.6381501662679465
190200.0	1000.0	1478.0904022094437	0.0	0	124.15916398901027	1678.0904022095492	1	0	1	1.6381501662679492
191200.0	1000.0	1478.09040220945	0.0	0	307.73781608763966	1678.0904022095492	1	0	1	1.6381501662679492
192214.42776726643	1000.0	1463.662634943031	0.0	0	0.0	1678.0904022095492	1	0	1	1.6381501662679492
193481.3979349134	1000.0	1196.6924672960527	0.0	0	0.0	1678.09040220952	1	0	1	1.6381501662679523
194573.1490492288	500.0	1104.9413529806402	0.0	0	0.0	1678.090402209491	1	0	1	-0.09471778513190826
196084.44986196727	500.0	593.6405402421881	0.0	0	0.0	1678.090402209491	1	0	1	0.5984293954280372
196605.71251983164	300.0	1072.3778823778132	0.0	0	0.0	1678.090402209462	1	0	1	-0.6786346639869394
197231.8325687129	500.0	1446.2578334965203	0.0	0	0.0	1678.090402209462	1	0	1	0.08760377166204936
198200.0	500.0	1478.0904022094135	0.0	0	313.65528564641136	1678.090402209491	1	0	1	0.5984293954280377
199200.0	500.0	1478.0904022093914	0.0	0	580.7403945551778	1678.090402209491	1	0	1	0.5984293954280372
200200.0	500.0	1478.0904022094073	0.0	0	460.5531849769468	1678.090402209491	1	0	1	0.5984293954280372
201200.0	500.0	1478.090402209423	0.0	0	571.9425031805877	1678.090402209491	1	0	1	0.5984293954280372
202200.0	1000.0	1478.0904022094287	0.0	0	235.31975644352497	1678.090402209491	1	0	1	0.9450029857080098
203200.0	1000.0	1478.0904022094212	0.0	0	166.6667828777572	1678.09040220952	1	0	1	1.6381501662679523
204200.0	1000.0	1478.0904022094292	0.0	0	383.1141296940332	1678.09040220952	1	0	1	1.6381501662679523
205200.0	1000.0	1478.0904022094082	0.0	0	170.40510258861468	1678.09040220952	1	0	1	1.6381501662679523
206200.0	1000.0	1478.0904022094146	0.0	0	259.7831949472311	1678.09040220952	1	0	1	1.6381501662679523
207200.0	1000.0	1478.090402209445	0.0	0	169.01676695983042	1678.09040220952	1	0	1	1.6381501662679523
208240.5002280972	1000.0	1437.5901741122452	0.0	0	0.0	1678.09040220952	1	0	1	1.6381501662679523
209200.0	1000.0	1478.0904022094146	0.0	0	75.58629003542592	1678.090402209491	1	0	1	1.6381501662679552
210200.0	1000.0	1478.0904022093941	0.0	0	239.04021840929636	1678.090402209491	1	0	1	1.6381501662679552
211200.0	1000.0	1478.0904022093976	0.0	0	423.663224721211	1678.090402209491	1	0	1	1.6381501662679552
212200.0	1000.0	1478.0904022094146	0.0	0	177.99955587281147	1678.090402209491	1	0	1	1.6381501662679552
213200.0	1000.0	1478.0904022093887	0.0	0	15.31068369242712	1678.090402209491	1	0	1	1.6381501662679552
214200.0	1000.0	1478.0904022094185	0.0	0	97.01504149436369	1678.09040220952	1	0	1	1.6381501662679523
215200.0	1000.0	1478.0904022094276	0.0	0	177.5567897897563	1678.09040220952	1	0	1	1.6381501662679523
216200.0	1000.0	1478.0904022094312	0.0	0	188.03537120384863	1678.0904022095492	1	0	1	1.63815016626795
217200.0	1000.0	1478.0904022093887	0.0	0	134.07288133198745	1678.0904022095492	1	0	1	1.6381501662679492
218200.0	1000.0	1478.0904022094148	0.0	0	309.40867248241557	1678.0904022096074	1	0	1	1.6381501662679439
219607.00911051303	1000.0	1071.081291696413	0.0	0	0.0	1678.0904022096074	1	0	1	1.6381501662679434
220782.84970125728	1000.0	895.2407009521264	0.0	0	0.0	1678.0904022095783	1	0	1	1.6381501662679447
221763.43738147744	500.0	914.653020731942	0.0	0	0.0	1678.0904022095492	1	0	1	-0.09471778513191415
222309.24294241317	500.0	1368.8474597962347	0.0	0	0.0	1678.0904022095492	1	0	1	0.5984293954280313
223261.37789007262	500.0	1416.712512136785	0.0	0	0.0	1678.0904022095492	1	0	1	0.5984293954280313
224200.0	500.0	1478.0904022093732	0.0	0	282.32244506609277	1678.0904022095492	1	0	1	0.5984293954280313
225200.0	500.0	1478.0904022093773	0.0	0	242.02249820774887	1678.0904022095492	1	0	1	0.5984293954280313
226200.0	500.0	1478.0904022093962	0.0	0	366.77942443615757	1678.0904022095492	1	0	1	0.5984293954280313
227200.0	500.0	1478.0904022094087	0.0	0	454.96618611260783	1678.0904022095492	1	0	1	0.5984293954280313
228200.0	500.0	1478.0904022094367	0.0	0	291.78250784723787	1678.0904022095492	1	0	1	0.5984293954280313
229200.0	500.0	1478.090402209438	0.0	0	14.975291239388753	1678.0904022095492	1	0	1	0.5984293954280313
230653.8045151483	1000.0	1024.2858870611603	0.0	0	0.0	1678.0904022095492	1	0	1	0.9450029857080039
231293.12063201657	500.0	1384.9697701929151	0.0	0	0.0	1678.0904022095492	1	0	1	-0.09471778513191415
232449.24815825754	500.0	1228.842243951962	0.0	0	0.0	1678.0904022095492	1	0	1	0.5984293954280313
233378.7111083564	500.0	1299.3792938531512	0.0	0	0.0	1678.0904022095492	1	0	1	0.5984293954280313
234200.0	500.0	1478.090402209551	0.0	0	257.33371345701744	1678.0904022095492	1	0	1	0.5984293954280313
235200.0	500.0	1478.0904022095526	0.0	0	247.48912887455663	1678.0904022095492	1	0	1	0.5984293954280313
236200.0	500.0	1478.0904022095597	0.0	0	153.80518106822274	1678.0904022095492	1	0	1	0.5984293954280313
237200.0	500.0	1478.0904022095444	0.0	0	423.7018825954874	1678.0904022095492	1	0	1	0.5984293954280313
238200.0	500.0	1478.0904022095322	0.0	0	368.33763938056654	1678.0904022095492	1	0	1	0.5984293954280313
239200.0	500.0	1478.0904022095467	0.0	0	525.7192342541821	1678.0904022095492	1	0	1	0.5984293954280313
240319.92075290575	1000.0	1358.1696493037753	0.0	0	0.0	1678.0904022095492	1	0	1	0.9450029857080039
241200.0	500.0	1478.0904022095258	0.0	0	332.13738026525243	1678.09040220952	1	0	1	-0.09471778513191122
242200.0	500.0	1478.0904022094962	0.0	0	122.11897952557774	1678.09040220952	1	0	1	0.5984293954280342
244410.08339704332	1000.0	268.0070051661509	0.0	0	0.0	1678.090402209491	1	0	1	0.9450029857080087
244875.01397429942	300.0	803.0764279100445	0.0	0	0.0	1678.090402209491	1	0	1	-1.3717818445468848
245391.81676704148	300.0	1286.2736351679873	0.0	0	0.0	1678.090402209491	1	0	1	-0.1678090402209491
246200.0	500.0	1478.0904022094728	0.0	0	27.648013663565507	1678.090402209462	1	0	1	0.08760377166204936
247200.0	500.0	1478.0904022094821	0.0	0	266.8159928757814	1678.090402209491	1	0	1	0.5984293954280377
248200.0	500.0	1478.0904022094653	0.0	0	378.8395613831235	1678.090402209491	1	0	1	0.5984293954280372
249200.0	500.0	1478.09040220945	0.0	0	626.2700973241299	1678.090402209462	1	0	1	0.5984293954280401
250200.0	1000.0	1478.09040220943	0.0	0	257.6728708933806	1678.090402209462	1	0	1	0.9450029857080128
251200.0	500.0	1478.090402209421	0.0	0	645.5854159592127	1678.090402209462	1	0	1	-0.09471778513190543
252200.0	1000.0	1478.0904022094255	0.0	0	356.97946037209476	1678.090402209462	1	0	1	0.9450029857080128
253588.94766006173	1000.0	1089.1427421476742	0.0	0	0.0	1678.090402209462	1	0	1	1.638150166267958
254443.30606718335	1000.0	1234.7843350260127	0.0	0	0.0	1678.090402209462	1	0	1	1.638150166267958
255528.69233184683	1000.0	1149.3980703625648	0.0	0	0.0	1678.090402209462	1	0	1	1.638150166267958
256260.2058492496	1000.0	1417.8845529597559	0.0	0	0.0	1678.090402209462	1	0	1	1.638150166267958
257200.0	1000.0	1478.0904022093725	0.0	0	44.363634524925146	1678.0904022094328	1	0	1	1.638150166267961
258200.0	1000.0	1478.0904022094005	0.0	0	129.21702942289994	1678.0904022094328	1	0	1	1.638150166267961
259200.0	1000.0	1478.0904022093853	0.0	0	221.18957676389255	1678.0904022094328	1	0	1	1.638150166267961
260688.48706382245	1000.0	989.6033383869568	0.0	0	0.0	1678.090402209491	1	0	1	1.6381501662679576
261871.7263474373	500.0	806.3640547721022	0.0	0	0.0	1678.090402209491	1	0	1	-0.09471778513190826
262666.68653532973	500.0	1011.4038668797014	0.0	0	0.0	1678.09040220952	1	0	1	0.5984293954280342
263200.0	500.0	1478.090402209427	0.0	0	42.60447719547665	1678.09040220952	1	0	1	0.5984293954280335
264200.0	500.0	1478.090402209366	0.0	0	371.3490969047416	1678.0904022094328	1	0	1	0.5984293954280412
265700.1114715249	1000.0	977.9789306844027	0.0	0	0.0	1678.0904022093746	1	0	1	0.9450029857080167
266340.1801564594	500.0	1337.9102457499532	0.0	0	0.0	1678.0904022094328	1	0	1	-0.09471778513190249
267200.0	500.0	1478.0904022093453	0.0	0	119.60586144472472	1678.090402209491	1	0	1	0.5984293954280372
268200.0	500.0	1478.0904022093403	0.0	0	320.45543823292246	1678.0904022095492	1	0	1	0.5984293954280313
269200.0	500.0	1478.0904022093184	0.0	0	374.31084825872676	1678.0904022095492	1	0	1	0.5984293954280313
270200.0	500.0	1478.0904022093541	0.0	0	465.0666137925582	1678.0904022096074	1	0	1	0.5984293954280255
271643.3405900208	1000.0	1034.7498121884735	0.0	0	0.0	1678.0904022096074	1	0	1	0.945002985707998
272404.84961313073	500.0	1273.240789078544	0.0	0	0.0	1678.0904022096074	1	0	1	-0.09471778513191992
273200.0	500.0	1478.0904022093534	0.0	0	45.95307557686465	1678.0904022096656	1	0	1	0.5984293954280197
274200.0	500.0	1478.0904022093441	0.0	0	287.4002265596064	1678.0904022096074	1	0	1	0.5984293954280244
275200.0	500.0	1478.0904022093143	0.0	0	274.2750073078787	1678.0904022096074	1	0	1	0.5984293954280255
276200.0	500.0	1478.090402209354	0.0	0	445.3612761149416	1678.0904022096074	1	0	1	0.5984293954280255
277200.0	500.0	1478.0904022093405	0.0	0	414.0800236786599	1678.0904022096074	1	0	1	0.5984293954280255
278200.0	500.0	1478.0904022093437	0.0	0	402.7737940472434	1678.0904022096074	1	0	1	0.5984293954280255
279200.0	500.0	1478.0904022092707	0.0	0	508.3622531304136	1678.0904022095492	1	0	1	0.5984293954280313
280759.6711714845	1000.0	918.4192307247738	0.0	0	0.0	1678.0904022096074	1	0	1	0.945002985707998
281200.0	500.0	1478.0904022093205	0.0	0	0.6785677676089108	1678.0904022096074	1	0	1	-0.09471778513191992
282200.0	500.0	1478.0904022093293	0.0	0	458.60080634389305	1678.0904022096074	1	0	1	0.5984293954280255
283200.0	500.0	1478.0904022092661	0.0	0	222.46037095732754	1678.0904022095492	1	0	1	0.5984293954280313
284200.0	500.0	1478.0904022092225	0.0	0	501.5975771570229	1678.0904022095492	1	0	1	0.5984293954280313
285200.0	500.0	1478.0904022092411	0.0	0	476.25439221790293	1678.090402209491	1	0	1	0.5984293954280372
286200.0	500.0	1478.0904022092736	0.0	0	380.0702600184595	1678.0904022094328	1	0	1	0.5984293954280417
287200.0	500.0	1478.0904022092675	0.0	0	130.94204656931106	1678.090402209491	1	0	1	0.5984293954280372
288425.01966533903	1000.0	1253.0707368702656	0.0	0	0.0	1678.0904022095492	1	0	1	0.9450029857080039
289200.0	500.0	1478.0904022093066	0.0	0	129.65945459058275	1678.090402209491	1	0	1	-0.09471778513190826
290200.0	500.0	1478.0904022092898	0.0	0	368.31843794166343	1678.090402209491	1	0	1	0.5984293954280372
291200.0	500.0	1478.090402209281	0.0	0	342.80790856759995	1678.0904022094328	1	0	1	0.598429395428043
292200.0	1000.0	1478.0904022093607	0.0	0	214.13307501125382	1678.0904022094328	1	0	1	0.9450029857080156
293200.0	500.0	1478.090402209408	0.0	0	601.3874069554149	1678.0904022094328	1	0	1	-0.09471778513190249
294200.0	500.0	1478.0904022094517	0.0	0	429.7487983414903	1678.0904022094328	1	0	1	0.598429395428043
295200.0	1000.0	1478.0904022094367	0.0	0	73.66193740378367	1678.090402209491	1	0	1	0.9450029857080098
296200.0	1000.0	1478.0904022094132	0.0	0	191.3085844562156	1678.0904022093746	1	0	1	1.6381501662679654
297742.38715045137	1000.0	935.7032517580285	0.0	0	0.0	1678.0904022093746	1	0	1	1.6381501662679667
298264.24058666546	500.0	1413.8498155439306	0.0	0	0.0	1678.0904022093746	1	0	1	-0.09471778513189676
299200.0	500.0	1478.0904022094096	0.0	0	245.84593295137165	1678.0904022093746	1	0	1	0.5984293954280487
300200.0	500.0	1478.0904022093803	0.0	0	244.52411458344432	1678.0904022093746	1	0	1	0.5984293954280487
301200.0	1000.0	1478.0904022093905	0.0	0	164.10172629420413	1678.0904022093164	1	0	1	0.9450029857080272
302200.0	1000.0	1478.0904022093991	0.0	0	184.5616658301442	1678.0904022092582	1	0	1	1.6381501662679785
303200.0	500.0	1478.0904022094176	0.0	0	629.2014257285045	1678.0904022092582	1	0	1	-0.0947177851318851
304275.9664273368	1000.0	1402.1239748726243	0.0	0	0.0	1678.0904022092	1	0	1	0.9450029857080389
305341.06966392364	1000.0	1337.0207382857973	0.0	0	0.0	1678.0904022092	1	0	1	1.6381501662679843
306200.0	1000.0	1478.0904022093948	0.0	0	165.575679302332	1678.0904022092	1	0	1	1.6381501662679843
307782.62688826694	1000.0	895.463513942467	0.0	0	0.0	1678.0904022092	1	0	1	1.6381501662679843
308460.98184357863	500.0	1217.1085586307763	0.0	0	0.0	1678.0904022092	1	0	1	-0.09471778513187923
309200.0	500.0	1478.0904022094028	0.0	0	34.31065124331508	1678.0904022092	1	0	1	0.5984293954280662
310200.0	500.0	1478.0904022093775	0.0	0	351.4199272465776	1678.0904022092582	1	0	1	0.5984293954280615
311200.0	500.0	1478.0904022093737	0.0	0	263.40028062358033	1678.0904022092582	1	0	1	0.5984293954280604
312200.0	500.0	1478.0904022094087	0.0	0	436.83873624389526	1678.0904022092582	1	0	1	0.5984293954280604
313200.0	500.0	1478.090402209394	0.0	0	615.3938707784982	1678.0904022092582	1	0	1	0.5984293954280604
314200.0	500.0	1478.0904022093578	0.0	0	545.2822938279714	1678.0904022092	1	0	1	0.5984293954280662
315200.0	1000.0	1478.0904022094003	0.0	0	181.58505831070943	1678.0904022092	1	0	1	0.9450029857080389
316200.0	1000.0	1478.0904022094446	0.0	0	99.56250930659007	1678.0904022092	1	0	1	1.6381501662679843
317200.0	1000.0	1478.0904022093857	0.0	0	434.4990817231592	1678.0904022092	1	0	1	1.6381501662679843
318200.0	1000.0	1478.0904022094012	0.0	0	281.56941421783995	1678.0904022091418	1	0	1	1.63815016626799
1.11	0.87	0.94	0.96	0.7	1.0	0.47	0.81	1.3	1.32	0.98	0.72	1.1	1.27	1.01	1.22	1.69	1.37	0.76	1.0	1.32	1.25	0.93	0.79	0.67	0.46	0.27	0.58	0.88	0.88	1.17	1.15	1.17	1.23	1.66	1.47	1.49	1.33	1.53	1.08	1.34	1.34	1.45	1.45	0.86	0.93	1.23	1.04	1.49	1.19	0.88	0.86	0.66	0.78	0.66	0.56	0.96	0.94	0.88	0.51	0.76	0.82	0.73	0.57	0.78	0.68	0.8	0.74	0.94	0.74	1.07	0.72	0.86	0.59	0.54	0.36	0.75	0.74	0.68	0.92	1.33	1.19	1.54	1.15	0.85	1.11	1.19	1.25	0.97	1.17	1.4	0.72	0.44	0.71	0.97	1.15	0.75	0.92	0.72	0.87	1.32	1.14	0.75	0.59	0.71	0.71	0.98	1.0	1.12	1.02	0.85	0.74	0.92	0.73	0.98	0.88	0.72	0.75	0.76	0.67	0.74	0.74	1.27	1.03	1.07	0.97	1.37	1.03	0.64	0.81	0.75	0.72	1.2	1.29	1.34	1.15	1.1	1.16	0.63	0.66	0.59	0.66	0.92	1.34	1.64	1.37	1.36	1.51	1.4	1.04	1.11	0.87	0.94	0.96	0.7	1.0	0.47	0.81	1.3	1.32	0.98	0.72	1.1	1.27	1.01	1.22	1.69	1.37	0.76	1.0	1.32	1.25	0.93	0.79	0.67	0.46	0.27	0.58	0.88	0.88	1.17	1.15	1.17	1.23	1.66	1.47	1.49	1.33	1.53	1.08	1.34	1.34	1.45	1.45	0.86	0.93	1.23	1.04	1.49	1.19	0.88	0.86	0.66	0.78	0.66	0.56	0.96	0.94	0.88	0.51	0.76	0.82	0.73	0.57	0.78	0.68	0.8	0.74	0.94	0.74	1.07	0.72	0.86	0.59	0.54	0.36	0.75	0.74	0.68	0.92	1.33	1.19	1.54	1.15	0.85	1.11	1.19	1.25	0.97	1.17	1.4	0.72	0.44	0.71	0.97	1.15	0.75	0.92	0.72	0.87	1.32	1.14	0.75	0.59	0.71	0.71	0.98	1.0	1.12	1.02	0.85	0.74	0.92	0.73	0.98	0.88	0.72	0.75	0.76	0.67	0.74	0.74	1.27	1.03	1.07	0.97	1.37	1.03	0.64	0.81	0.75	0.72	1.2	1.29	1.34	1.15	1.1	1.16	0.63	0.66	0.59	0.66	0.92	1.34	1.64	1.37	1.36	1.51	1.4	1.04	1.11	0.87	0.94	0.96	0.7	1.0	0.47	0.81	1.3	1.32	0.98	0.72	1.1	1.27	1.01	1.22	1.69	1.37	0.76	1.0
1.0	2.0	3.0	4.0	5.0	6.0	7.0	8.0	9.0	10.0	11.0	12.0	13.0	14.0	15.0	16.0	17.0	18.0	19.0	20.0	21.0	22.0	23.0	24.0	25.0	26.0	27.0	28.0	29.0	30.0	31.0	32.0	33.0	34.0	35.0	36.0	37.0	38.0	39.0	40.0	41.0	42.0	43.0	44.0	45.0	46.0	47.0	48.0	49.0	50.0	51.0	52.0	53.0	54.0	55.0	56.0	57.0	58.0	59.0	60.0	61.0	62.0	63.0	64.0	65.0	66.0	67.0	68.0	69.0	70.0	71.0	72.0	73.0	74.0	75.0	76.0	77.0	78.0	79.0	80.0	81.0	82.0	83.0	84.0	85.0	86.0	87.0	88.0	89.0	90.0	91.0	92.0	93.0	94.0	95.0	96.0	97.0	98.0	99.0	100.0	101.0	102.0	103.0	104.0	105.0	106.0	107.0	108.0	109.0	110.0	111.0	112.0	113.0	114.0	115.0	116.0	117.0	118.0	119.0	120.0	121.0	122.0	123.0	124.0	125.0	126.0	127.0	128.0	129.0	130.0	131.0	132.0	133.0	134.0	135.0	136.0	137.0	138.0	139.0	140.0	141.0	142.0	143.0	144.0	145.0	146.0	147.0	148.0	149.0	149.0	150.0	151.0	152.0	153.0	154.0	155.0	156.0	157.0	158.0	159.0	160.0	161.0	162.0	163.0	164.0	165.0	166.0	167.0	168.0	169.0	170.0	171.0	172.0	173.0	174.0	175.0	176.0	177.0	178.0	179.0	180.0	181.0	182.0	183.0	184.0	185.0	186.0	187.0	188.0	189.0	190.0	191.0	192.0	193.0	194.0	195.0	196.0	197.0	198.0	199.0	200.0	201.0	202.0	203.0	204.0	205.0	206.0	207.0	208.0	209.0	210.0	211.0	212.0	213.0	214.0	215.0	216.0	217.0	218.0	219.0	220.0	221.0	222.0	223.0	224.0	225.0	226.0	227.0	228.0	229.0	230.0	231.0	232.0	233.0	234.0	235.0	236.0	237.0	238.0	239.0	240.0	241.0	242.0	243.0	244.0	245.0	246.0	247.0	248.0	249.0	250.0	251.0	252.0	253.0	254.0	255.0	256.0	257.0	258.0	259.0	260.0	261.0	262.0	263.0	264.0	265.0	266.0	267.0	268.0	269.0	270.0	271.0	272.0	273.0	274.0	275.0	276.0	277.0	278.0	279.0	280.0	281.0	282.0	283.0	284.0	285.0	286.0	287.0	288.0	289.0	290.0	291.0	292.0	293.0	294.0	295.0	296.0	297.0	298.0	298.0	299.0	300.0	301.0	302.0	303.0	304.0	305.0	306.0	307.0	308.0	309.0	310.0	311.0	312.0	313.0	314.0	315.0	316.0	317.0	318.0
2074.609633635878
