2616.3729324716073	300.0	2000.0	290.2621172685942	0	0.0	2616.3729324716073	1	0	1	-1.9967363029218377
5533.6835389393955	1000.0	200.0	227.86535712121437	0	0.0	733.6835389393955	1	0	2	-1.238642907644681
6200.0	300.0	2600.3151850454565	0.0	0	310.0635811506436	2800.3151850454565	1	0	0	-1.8810627881311526
10254.668176283527	2000.0	200.0	781.6543716967471	0	0.0	1454.668176283527	1	0	2	-4.467637386725148
10615.201383582027	300.0	839.4667927015006	0.0	0	0.0	1454.668176283527	1	0	1	-2.242586802514234
11200.0	500.0	1254.6681762835274	0.0	0	87.22568518090702	1454.668176283525	1	0	1	0.10994599425464305
12200.0	1000.0	1254.6681762835283	0.0	0	137.75405912149836	1454.668176283525	1	0	1	0.9673452083006064
13428.098202118834	1000.0	1026.5699741646945	0.0	0	0.0	1454.668176283525	1	0	1	1.6604923888605518
14200.0	500.0	1254.6681762835283	0.0	0	199.1685384702505	1454.6681762835233	1	0	1	-0.07237556253931149
15200.0	500.0	1254.6681762835292	0.0	0	349.1238857228582	1454.6681762835233	1	0	1	0.620771618020634
16200.0	500.0	1254.6681762835317	0.0	0	294.6979183264357	1454.6681762835233	1	0	1	0.620771618020634
17200.0	500.0	1254.6681762835278	0.0	0	232.45380089861283	1454.6681762835196	1	0	1	0.6207716180206342
18200.0	500.0	1254.6681762835287	0.0	0	199.7631628200761	1454.6681762835178	1	0	1	0.6207716180206343
19200.0	500.0	1254.6681762835274	0.0	0	199.71866622474772	1454.6681762835142	1	0	1	0.6207716180206347
20200.0	500.0	1254.6681762835283	0.0	0	210.8119651013476	1454.6681762835142	1	0	1	0.6207716180206349
21200.0	500.0	1254.6681762835274	0.0	0	123.00547862169333	1454.6681762835142	1	0	1	0.6207716180206349
22200.0	500.0	1254.668176283527	0.0	0	252.43864639826643	1454.6681762835142	1	0	1	0.6207716180206349
23200.0	500.0	1254.6681762835278	0.0	0	283.0587987428444	1454.6681762835142	1	0	1	0.6207716180206349
24200.0	500.0	1254.6681762835299	0.0	0	292.9171189015433	1454.6681762835142	1	0	1	0.6207716180206349
25200.0	500.0	1254.6681762835333	0.0	0	456.67560332638095	1454.6681762835178	1	0	1	0.6207716180206344
26200.0	500.0	1254.6681762835326	0.0	0	8.983544484708545	1454.6681762835142	1	0	1	0.6207716180206349
27200.0	500.0	1254.6681762835299	0.0	0	353.0142702753874	1454.6681762835142	1	0	1	0.6207716180206349
28200.0	500.0	1254.6681762835296	0.0	0	236.75936226968406	1454.6681762835142	1	0	1	0.6207716180206349
29200.0	500.0	1254.6681762835292	0.0	0	493.90618528688356	1454.6681762835142	1	0	1	0.6207716180206349
30200.0	500.0	1254.668176283531	0.0	0	274.97684659902734	1454.6681762835105	1	0	1	0.6207716180206352
31200.0	500.0	1254.6681762835308	0.0	0	344.09154590525213	1454.6681762835105	1	0	1	0.6207716180206352
32200.0	500.0	1254.6681762835317	0.0	0	435.76859604658966	1454.6681762835105	1	0	1	0.6207716180206352
33200.0	500.0	1254.6681762835306	0.0	0	477.4809525323253	1454.668176283507	1	0	1	0.6207716180206353
34200.0	500.0	1254.6681762835342	0.0	0	392.1064615830546	1454.6681762835105	1	0	1	0.6207716180206351
35200.0	1000.0	1254.6681762835376	0.0	0	75.05090241155267	1454.6681762835142	1	0	1	0.9673452083006076
36342.84015129363	1000.0	1111.8280249899044	0.0	0	0.0	1454.6681762835142	1	0	1	1.660492388860553
37200.0	500.0	1254.6681762835392	0.0	0	172.47899371246604	1454.6681762835142	1	0	1	-0.07237556253931056
38200.0	500.0	1254.6681762835385	0.0	0	574.5716568997814	1454.6681762835287	1	0	1	0.6207716180206337
39200.0	500.0	1254.6681762835399	0.0	0	374.208510393888	1454.6681762835287	1	0	1	0.6207716180206334
40200.0	500.0	1254.6681762835294	0.0	0	553.2182829755329	1454.6681762835215	1	0	1	0.6207716180206341
41200.0	500.0	1254.6681762835312	0.0	0	597.8146486458645	1454.6681762835215	1	0	1	0.6207716180206341
42200.0	500.0	1254.6681762835333	0.0	0	595.1985984977437	1454.6681762835215	1	0	1	0.6207716180206341
43200.0	500.0	1254.6681762835342	0.0	0	406.7299116164286	1454.6681762835215	1	0	1	0.6207716180206341
44200.0	500.0	1254.6681762835328	0.0	0	200.30964432935434	1454.6681762835287	1	0	1	0.6207716180206334
45200.0	500.0	1254.6681762835374	0.0	0	355.5376742629014	1454.6681762835287	1	0	1	0.6207716180206334
46200.0	500.0	1254.668176283543	0.0	0	487.2350958231109	1454.6681762835287	1	0	1	0.6207716180206334
47200.0	500.0	1254.668176283535	0.0	0	381.81923043340794	1454.6681762835287	1	0	1	0.6207716180206334
48200.0	500.0	1254.668176283537	0.0	0	297.92753768616967	1454.6681762835287	1	0	1	0.6207716180206334
49200.0	500.0	1254.6681762835394	0.0	0	408.89601802276593	1454.6681762835287	1	0	1	0.6207716180206334
50200.0	1000.0	1254.6681762835299	0.0	0	173.43915978076984	1454.6681762835287	1	0	1	0.967345208300606
51200.0	1000.0	1254.668176283529	0.0	0	73.85505275800824	1454.6681762835287	1	0	1	1.6604923888605514
52643.748987093924	1000.0	810.9191891896121	0.0	0	0.0	1454.6681762835287	1	0	1	1.6604923888605514
53321.73974348832	500.0	1132.92843279522	0.0	0	0.0	1454.6681762835287	1	0	1	-0.07237556253931204
54200.0	500.0	1254.66817628354	0.0	0	359.0396742096709	1454.6681762835287	1	0	1	0.6207716180206334
55200.0	500.0	1254.6681762835406	0.0	0	560.9459862232834	1454.6681762835287	1	0	1	0.6207716180206334
56200.0	500.0	1254.6681762835406	0.0	0	672.0629053909288	1454.6681762835287	1	0	1	0.6207716180206334
57200.0	500.0	1254.6681762835497	0.0	0	523.8219337800329	1454.6681762835287	1	0	1	0.6207716180206334
58623.44795942866	1000.0	831.2202168548978	0.0	0	0.0	1454.6681762835287	1	0	1	0.967345208300606
59200.0	500.0	1254.668176283555	0.0	0	54.03289590522763	1454.6681762835287	1	0	1	-0.07237556253931204
60200.0	500.0	1254.6681762835524	0.0	0	539.950261093989	1454.6681762835287	1	0	1	0.6207716180206334
61200.0	500.0	1254.668176283559	0.0	0	396.64648604417016	1454.6681762835287	1	0	1	0.6207716180206334
62200.0	500.0	1254.6681762835617	0.0	0	534.0334391865472	1454.668176283536	1	0	1	0.6207716180206326
63200.0	500.0	1254.668176283554	0.0	0	620.2988935463436	1454.6681762835287	1	0	1	0.6207716180206334
64865.93935814934	1000.0	588.7288181342153	0.0	0	0.0	1454.668176283536	1	0	1	0.9673452083006053
65222.19354137695	500.0	1232.474634906605	0.0	0	0.0	1454.668176283536	1	0	1	-0.07237556253931278
66200.0	1000.0	1254.6681762835638	0.0	0	162.9199602947774	1454.668176283536	1	0	1	0.9673452083006056
67200.0	1000.0	1254.6681762835792	0.0	0	61.13565205351915	1454.6681762835506	1	0	1	1.6604923888605498
68467.35218131353	1000.0	987.3159949700648	0.0	0	0.0	1454.6681762835506	1	0	1	1.6604923888605494
69289.32119189131	500.0	1165.3469843922862	0.0	0	0.0	1454.6681762835651	1	0	1	-0.07237556253931575
70200.0	1000.0	1254.6681762836192	0.0	0	195.5848436246597	1454.6681762835651	1	0	1	0.9673452083006023
71200.0	1000.0	1254.6681762836288	0.0	0	31.760638941836078	1454.6681762835651	1	0	1	1.6604923888605478
72200.0	1000.0	1254.6681762836408	0.0	0	168.59244203839626	1454.6681762835651	1	0	1	1.6604923888605478
73200.0	1000.0	1254.6681762836504	0.0	0	177.47972215263871	1454.6681762835651	1	0	1	1.6604923888605478
74200.0	1000.0	1254.6681762836488	0.0	0	79.6868357451167	1454.6681762835651	1	0	1	1.6604923888605478
75200.0	1000.0	1254.6681762836538	0.0	0	169.215518309662	1454.6681762835797	1	0	1	1.6604923888605463
76579.28242326026	1000.0	875.3857530233938	0.0	0	0.0	1454.6681762835651	1	0	1	1.6604923888605478
77219.98785026885	500.0	1234.680326014787	0.0	0	0.0	1454.6681762835506	1	0	1	-0.07237556253931426
78200.0	500.0	1254.6681762836506	0.0	0	548.716209435981	1454.6681762835506	1	0	1	0.6207716180206312
79200.0	500.0	1254.66817628366	0.0	0	393.00757157141925	1454.668176283536	1	0	1	0.6207716180206326
80200.0	500.0	1254.6681762836513	0.0	0	564.9538488897815	1454.6681762835215	1	0	1	0.6207716180206341
81200.0	1000.0	1254.6681762836522	0.0	0	289.0499011302891	1454.6681762835215	1	0	1	0.9673452083006068
82200.0	1000.0	1254.6681762836376	0.0	0	328.3688015550433	1454.668176283507	1	0	1	1.6604923888605536
83200.0	1000.0	1254.6681762836436	0.0	0	361.38260506982624	1454.668176283507	1	0	1	1.6604923888605536
84378.89636752829	1000.0	1075.7718087553642	0.0	0	0.0	1454.6681762834924	1	0	1	1.660492388860555
85507.14327858693	1000.0	947.524897696731	0.0	0	0.0	1454.6681762834924	1	0	1	1.660492388860555
86339.82019346494	1000.0	1114.8479828187224	0.0	0	0.0	1454.6681762834924	1	0	1	1.660492388860555
87204.26496225959	1000.0	1250.4032140240654	0.0	0	0.0	1454.6681762834924	1	0	1	1.660492388860555
88200.0	1000.0	1254.6681762836618	0.0	0	122.41091589567077	1454.6681762834924	1	0	1	1.660492388860555
89200.0	1000.0	1254.6681762836504	0.0	0	267.03013343662315	1454.6681762834924	1	0	1	1.660492388860555
90200.0	1000.0	1254.6681762836608	0.0	0	139.68923941859975	1454.6681762834924	1	0	1	1.660492388860555
91200.0	1000.0	1254.6681762836588	0.0	0	328.1484495491022	1454.6681762834924	1	0	1	1.660492388860555
92200.0	1000.0	1254.6681762836595	0.0	0	190.21032310479495	1454.6681762834924	1	0	1	1.660492388860555
93867.18472213484	1000.0	587.4834541488144	0.0	0	0.0	1454.6681762834924	1	0	1	1.660492388860555
94632.46426370935	500.0	822.203912574314	0.0	0	0.0	1454.6681762834778	1	0	1	-0.072375562539307
95200.0	500.0	1254.6681762836563	0.0	0	162.95612529784557	1454.6681762834633	1	0	1	0.62077161802064
96200.0	500.0	1254.668176283661	0.0	0	627.3128785804874	1454.6681762834633	1	0	1	0.62077161802064
97200.0	500.0	1254.668176283648	0.0	0	392.33168540440965	1454.6681762834487	1	0	1	0.6207716180206414
98200.0	500.0	1254.668176283636	0.0	0	31.802238818068872	1454.6681762834487	1	0	1	0.6207716180206414
99294.00722977657	500.0	1160.6609465070715	0.0	0	0.0	1454.6681762834487	1	0	1	0.6207716180206414
100212.45546286656	500.0	1242.212713417069	0.0	0	0.0	1454.6681762834487	1	0	1	0.6207716180206414
101200.0	500.0	1254.6681762836233	0.0	0	203.50505062511365	1454.6681762834487	1	0	1	0.6207716180206414
102200.0	500.0	1254.6681762836179	0.0	0	388.13375762650685	1454.6681762834487	1	0	1	0.6207716180206414
103200.0	500.0	1254.668176283619	0.0	0	465.2853875602741	1454.6681762834487	1	0	1	0.6207716180206414
104200.0	500.0	1254.6681762836222	0.0	0	586.8312061006582	1454.6681762834341	1	0	1	0.6207716180206428
105200.0	500.0	1254.6681762836206	0.0	0	329.0534570165619	1454.6681762834341	1	0	1	0.6207716180206428
106200.0	500.0	1254.6681762836297	0.0	0	282.7311961007508	1454.6681762834341	1	0	1	0.6207716180206428
107200.0	500.0	1254.66817628363	0.0	0	275.48130877422227	1454.6681762834341	1	0	1	0.6207716180206428
108200.0	500.0	1254.6681762836445	0.0	0	572.1823071933468	1454.6681762834341	1	0	1	0.6207716180206428
109200.0	500.0	1254.6681762836342	0.0	0	577.7041999421635	1454.6681762834341	1	0	1	0.6207716180206428
110200.0	500.0	1254.6681762836356	0.0	0	285.4271951557603	1454.6681762834341	1	0	1	0.6207716180206428
111200.0	500.0	1254.6681762836456	0.0	0	330.2405559509207	1454.6681762834341	1	0	1	0.6207716180206428
112200.0	500.0	1254.6681762836447	0.0	0	386.99082016191096	1454.6681762834487	1	0	1	0.6207716180206414
113200.0	500.0	1254.6681762836492	0.0	0	391.5638311228249	1454.6681762834487	1	0	1	0.6207716180206414
114200.0	500.0	1254.668176283639	0.0	0	434.63493108811963	1454.6681762834487	1	0	1	0.6207716180206414
115200.0	500.0	1254.6681762836354	0.0	0	197.07749110246368	1454.6681762834487	1	0	1	0.6207716180206414
116200.0	500.0	1254.668176283629	0.0	0	372.08029296160385	1454.6681762834487	1	0	1	0.6207716180206414
117200.0	500.0	1254.668176283624	0.0	0	455.11365982210555	1454.6681762834487	1	0	1	0.6207716180206414
118200.0	500.0	1254.6681762836322	0.0	0	486.0794958742772	1454.6681762834487	1	0	1	0.6207716180206414
119200.0	500.0	1254.6681762836213	0.0	0	384.0834864146018	1454.6681762834341	1	0	1	0.6207716180206428
120200.0	500.0	1254.668176283625	0.0	0	275.02572890999727	1454.6681762834341	1	0	1	0.6207716180206428
121200.0	500.0	1254.6681762836313	0.0	0	429.87696783694264	1454.6681762834341	1	0	1	0.6207716180206428
122200.0	500.0	1254.6681762836345	0.0	0	281.32750535491505	1454.6681762834487	1	0	1	0.6207716180206414
123200.0	500.0	1254.6681762836151	0.0	0	442.5245183557272	1454.6681762834341	1	0	1	0.6207716180206428
124200.0	500.0	1254.6681762836154	0.0	0	181.9244717000838	1454.6681762834341	1	0	1	0.6207716180206428
125200.0	500.0	1254.6681762836063	0.0	0	164.04001223115483	1454.6681762834341	1	0	1	0.6207716180206428
126200.0	500.0	1254.6681762836213	0.0	0	189.01451093207288	1454.6681762834196	1	0	1	0.6207716180206443
127200.0	500.0	1254.6681762836304	0.0	0	460.96995768896886	1454.6681762834196	1	0	1	0.6207716180206443
128200.0	500.0	1254.6681762836417	0.0	0	265.30312144036	1454.6681762834196	1	0	1	0.6207716180206443
129200.0	500.0	1254.6681762836429	0.0	0	267.68308391570463	1454.668176283405	1	0	1	0.6207716180206457
130200.0	500.0	1254.6681762836506	0.0	0	534.2460469401412	1454.6681762834196	1	0	1	0.6207716180206443
131200.0	500.0	1254.668176283642	0.0	0	356.1967725030845	1454.668176283405	1	0	1	0.6207716180206446
132200.0	500.0	1254.6681762836572	0.0	0	604.1042767029721	1454.6681762834341	1	0	1	0.6207716180206434
133200.0	500.0	1254.6681762836463	0.0	0	570.3156830083171	1454.6681762834196	1	0	1	0.620771618020644
134506.45339889216	1000.0	948.2147773914885	0.0	0	0.0	1454.6681762834196	1	0	1	0.9673452083006171
135315.22382256007	500.0	1139.4443537235404	0.0	0	0.0	1454.6681762833905	1	0	1	-0.07237556253929832
136213.0809851834	500.0	1241.5871911002105	0.0	0	0.0	1454.6681762834196	1	0	1	0.6207716180206443
137200.0	500.0	1254.6681762835995	0.0	0	147.16948292881716	1454.6681762834196	1	0	1	0.6207716180206443
138200.0	500.0	1254.6681762836054	0.0	0	565.9379962303792	1454.6681762834196	1	0	1	0.6207716180206443
139200.0	500.0	1254.6681762835676	0.0	0	494.6519782524265	1454.6681762834196	1	0	1	0.6207716180206443
140200.0	500.0	1254.6681762836004	0.0	0	493.5056313822279	1454.6681762834196	1	0	1	0.6207716180206443
141200.0	500.0	1254.6681762835954	0.0	0	504.73422773828497	1454.6681762834196	1	0	1	0.6207716180206443
142702.89578939392	1000.0	751.7723868896679	0.0	0	0.0	1454.6681762834196	1	0	1	0.9673452083006171
143309.93095008685	500.0	1144.7372261967498	0.0	0	0.0	1454.6681762834196	1	0	1	-0.07237556253930112
144200.0	500.0	1254.6681762836122	0.0	0	312.6317722775275	1454.6681762834196	1	0	1	0.6207716180206443
145200.0	500.0	1254.668176283586	0.0	0	163.55020342106582	1454.6681762834196	1	0	1	0.6207716180206443
146200.0	500.0	1254.6681762835842	0.0	0	449.9270250503032	1454.6681762834196	1	0	1	0.6207716180206443
147200.0	500.0	1254.6681762835992	0.0	0	350.0763504174538	1454.6681762834196	1	0	1	0.6207716180206443
148200.0	500.0	1254.6681762835874	0.0	0	132.60417596698971	1454.6681762834196	1	0	1	0.6207716180206443
149303.1576139039	500.0	1151.5105623797047	0.0	0	0.0	1454.6681762834487	1	0	1	0.6207716180206414
150200.0	500.0	1254.668176283604	0.0	0	359.6072521484457	1454.6681762834778	1	0	1	0.6207716180206384
151200.0	500.0	1254.6681762836206	0.0	0	455.5922592478164	1454.6681762834778	1	0	1	0.6207716180206384
152200.0	500.0	1254.668176283624	0.0	0	655.0604219672095	1454.6681762834778	1	0	1	0.6207716180206384
153200.0	500.0	1254.6681762836204	0.0	0	466.7860174905509	1454.6681762834778	1	0	1	0.6207716180206384
154200.0	1000.0	1254.6681762836295	0.0	0	302.23838181773317	1454.6681762834778	1	0	1	0.9673452083006112
155200.0	1000.0	1254.6681762836497	0.0	0	115.72144951939117	1454.668176283507	1	0	1	1.6604923888605536
156442.8334078141	1000.0	1011.8347684695323	0.0	0	0.0	1454.6681762834778	1	0	1	1.6604923888605567
157461.40880853153	1000.0	993.2593677520996	0.0	0	0.0	1454.6681762834778	1	0	1	1.6604923888605567
158628.35303865105	1000.0	826.3151376325732	0.0	0	0.0	1454.6681762834487	1	0	1	1.6604923888605594
159200.0	500.0	1254.6681762836224	0.0	0	64.43456719076494	1454.6681762834487	1	0	1	-0.07237556253930409
160200.0	1000.0	1254.6681762835988	0.0	0	140.84478643606417	1454.6681762834487	1	0	1	0.967345208300614
161200.0	1000.0	1254.6681762836174	0.0	0	203.91995717174723	1454.6681762834487	1	0	1	1.6604923888605594
162200.0	1000.0	1254.6681762836092	0.0	0	11.231780283414992	1454.6681762834487	1	0	1	1.6604923888605594
163876.46453363448	1000.0	578.2036426491011	0.0	0	0.0	1454.6681762834778	1	0	1	1.6604923888605567
164200.0	300.0	1254.6681762835744	0.0	0	71.19815427291906	1454.6681762834778	1	0	1	-1.3494396219542841
165200.0	500.0	1254.6681762835515	0.0	0	267.3561969547882	1454.6681762834487	1	0	1	0.10994599425464949
166364.2093289888	500.0	1090.4588472947719	0.0	0	0.0	1454.6681762834487	1	0	1	0.6207716180206414
167200.0	500.0	1254.6681762835692	0.0	0	2.77857428547577	1454.6681762834196	1	0	1	0.6207716180206443
168200.0	500.0	1254.6681762835606	0.0	0	113.33867221372202	1454.6681762834196	1	0	1	0.6207716180206443
169200.0	500.0	1254.6681762835913	0.0	0	497.1546567393525	1454.6681762834487	1	0	1	0.6207716180206414
170200.0	500.0	1254.668176283602	0.0	0	258.59045008503017	1454.6681762834487	1	0	1	0.6207716180206414
171200.0	500.0	1254.668176283603	0.0	0	186.60469446360366	1454.6681762834487	1	0	1	0.6207716180206414
172200.0	500.0	1254.6681762836274	0.0	0	519.7114770109474	1454.6681762834196	1	0	1	0.6207716180206431
173200.0	500.0	1254.668176283636	0.0	0	387.1165514049353	1454.6681762834196	1	0	1	0.6207716180206443
174200.0	500.0	1254.668176283654	0.0	0	238.93954779417254	1454.6681762834196	1	0	1	0.6207716180206443
175200.0	500.0	1254.668176283653	0.0	0	3.3707998658937868	1454.6681762834487	1	0	1	0.6207716180206414
176200.0	500.0	1254.668176283633	0.0	0	214.0962486382632	1454.6681762834487	1	0	1	0.6207716180206414
177200.0	500.0	1254.668176283623	0.0	0	295.4402881587157	1454.6681762834487	1	0	1	0.6207716180206414
178200.0	500.0	1254.6681762836106	0.0	0	341.1613824919041	1454.6681762834487	1	0	1	0.6207716180206414
179200.0	500.0	1254.6681762835979	0.0	0	474.32440156897064	1454.6681762834778	1	0	1	0.6207716180206384
180200.0	500.0	1254.668176283625	0.0	0	355.5496541906614	1454.668176283507	1	0	1	0.6207716180206355
181200.0	500.0	1254.6681762836	0.0	0	515.5517990852823	1454.668176283507	1	0	1	0.6207716180206355
182200.0	500.0	1254.6681762836315	0.0	0	600.6467507857888	1454.668176283536	1	0	1	0.6207716180206326
183200.0	500.0	1254.6681762836583	0.0	0	526.5448296867835	1454.6681762835651	1	0	1	0.6207716180206309
184508.9098280776	1000.0	945.7583482061272	0.0	0	0.0	1454.6681762835651	1	0	1	0.9673452083006023
185200.0	500.0	1254.6681762837113	0.0	0	205.61635489511536	1454.6681762835651	1	0	1	-0.07237556253931575
186200.0	1000.0	1254.6681762837184	0.0	0	46.28978695778642	1454.6681762835942	1	0	1	0.9673452083005996
187200.0	500.0	1254.6681762837343	0.0	0	345.292610675795	1454.6681762836233	1	0	1	-0.07237556253932163
188200.0	500.0	1254.6681762837366	0.0	0	285.62728662232985	1454.6681762836524	1	0	1	0.620771618020621
189200.0	500.0	1254.6681762837204	0.0	0	537.6510946328053	1454.6681762836233	1	0	1	0.6207716180206239
190200.0	500.0	1254.6681762837306	0.0	0	449.0663801075716	1454.6681762836524	1	0	1	0.620771618020621
191200.0	500.0	1254.6681762837445	0.0	0	373.3183202993823	1454.6681762836524	1	0	1	0.6207716180206221
192200.0	500.0	1254.6681762837677	0.0	0	349.4566130868916	1454.6681762836524	1	0	1	0.620771618020621
193200.0	500.0	1254.6681762837788	0.0	0	299.19558263366343	1454.6681762836524	1	0	1	0.620771618020621
194200.0	500.0	1254.6681762837652	0.0	0	255.36021168195293	1454.6681762836524	1	0	1	0.620771618020621
195200.0	500.0	1254.6681762837568	0.0	0	394.19236820045626	1454.6681762836815	1	0	1	0.6207716180206192
196200.0	500.0	1254.6681762837889	0.0	0	369.76685402164003	1454.6681762836815	1	0	1	0.6207716180206181
197200.0	500.0	1254.6681762838118	0.0	0	481.02438976283884	1454.6681762836815	1	0	1	0.6207716180206181
198200.0	500.0	1254.6681762837993	0.0	0	650.0581797334598	1454.6681762837106	1	0	1	0.6207716180206152
199200.0	1000.0	1254.6681762837827	0.0	0	156.81069050522638	1454.6681762836815	1	0	1	0.9673452083005907
200200.0	1000.0	1254.6681762837948	0.0	0	195.18342303988175	1454.6681762837106	1	0	1	1.6604923888605345
201375.91899898316	1000.0	1078.749177300598	0.0	0	0.0	1454.6681762837106	1	0	1	1.6604923888605332
202200.0	500.0	1254.6681762837354	0.0	0	101.61479196511209	1454.6681762837106	1	0	1	-0.07237556253933031
203200.0	500.0	1254.6681762837682	0.0	0	523.608782333933	1454.6681762837106	1	0	1	0.6207716180206152
204200.0	500.0	1254.66817628377	0.0	0	644.9412010981468	1454.6681762836815	1	0	1	0.6207716180206181
205200.0	500.0	1254.6681762837723	0.0	0	662.0018859989359	1454.6681762836815	1	0	1	0.6207716180206181
206200.0	500.0	1254.6681762837943	0.0	0	514.685463557893	1454.6681762836815	1	0	1	0.6207716180206181
207765.59176290155	1000.0	689.0764133822468	0.0	0	0.0	1454.6681762836815	1	0	1	0.9673452083005907
208200.0	500.0	1254.66817628378	0.0	0	20.505944075237494	1454.6681762836815	1	0	1	-0.0723755625393274
209200.0	500.0	1254.668176283791	0.0	0	558.8258204439189	1454.6681762836815	1	0	1	0.6207716180206192
210200.0	500.0	1254.6681762837661	0.0	0	596.2170293522358	1454.6681762836815	1	0	1	0.6207716180206181
211200.0	500.0	1254.6681762837566	0.0	0	666.0585177127505	1454.6681762836524	1	0	1	0.620771618020621
212200.0	500.0	1254.668176283788	0.0	0	654.716556617117	1454.6681762836524	1	0	1	0.620771618020621
213702.19916078183	1000.0	752.4690155019574	0.0	0	0.0	1454.6681762836815	1	0	1	0.9673452083005931
214200.0	500.0	1254.6681762837961	0.0	0	226.9409125657112	1454.6681762836815	1	0	1	-0.0723755625393274
215200.0	1000.0	1254.6681762837898	0.0	0	437.1315730405622	1454.6681762836815	1	0	1	0.9673452083005907
216214.22985670922	1000.0	1240.4383195745709	0.0	0	0.0	1454.6681762836815	1	0	1	1.660492388860536
217474.25087556255	1000.0	980.4173007212548	0.0	0	0.0	1454.6681762836815	1	0	1	1.660492388860536
218251.64991383778	500.0	1203.0182624459999	0.0	0	0.0	1454.6681762836815	1	0	1	-0.0723755625393274
219318.9706733743	1000.0	1135.6975029094876	0.0	0	0.0	1454.6681762836815	1	0	1	0.9673452083005907
220230.7559334106	1000.0	1223.912242873223	0.0	0	0.0	1454.6681762837106	1	0	1	1.6604923888605332
221200.0	1000.0	1254.6681762838305	0.0	0	162.26822597446153	1454.6681762836524	1	0	1	1.6604923888605387
222200.0	1000.0	1254.6681762838525	0.0	0	181.6968767788203	1454.6681762836233	1	0	1	1.6604923888605418
223578.08687904789	1000.0	876.5812972359939	0.0	0	0.0	1454.6681762836233	1	0	1	1.6604923888605418
224200.0	500.0	1254.6681762839	0.0	0	72.37311143113766	1454.6681762835942	1	0	1	-0.07237556253931866
225200.0	1000.0	1254.6681762839007	0.0	0	191.91743951899116	1454.6681762836233	1	0	1	0.9673452083005964
226200.0	500.0	1254.6681762838623	0.0	0	346.99080607603537	1454.6681762835942	1	0	1	-0.07237556253931866
227200.0	500.0	1254.6681762838239	0.0	0	477.8428425817401	1454.6681762835942	1	0	1	0.6207716180206256
228200.0	500.0	1254.6681762838484	0.0	0	518.5402903179056	1454.6681762835942	1	0	1	0.6207716180206267
229200.0	500.0	1254.6681762838832	0.0	0	619.5176976377843	1454.6681762835942	1	0	1	0.6207716180206267
230200.0	1000.0	1254.6681762838653	0.0	0	156.0931101749302	1454.6681762835942	1	0	1	0.9673452083005996
231200.0	1000.0	1254.6681762838543	0.0	0	313.914238962112	1454.6681762835942	1	0	1	1.6604923888605436
232200.0	1000.0	1254.6681762838416	0.0	0	48.346189965028316	1454.6681762835942	1	0	1	1.660492388860545
233362.438443146	1000.0	1092.2297331378118	0.0	0	0.0	1454.6681762835651	1	0	1	1.6604923888605478
234538.29136355632	1000.0	916.37681272751	0.0	0	0.0	1454.6681762835942	1	0	1	1.660492388860545
235200.0	500.0	1254.668176283822	0.0	0	250.3621425089077	1454.6681762835942	1	0	1	-0.07237556253931866
236200.0	1000.0	1254.6681762837986	0.0	0	184.05617555318167	1454.6681762835651	1	0	1	0.9673452083006018
237200.0	1000.0	1254.668176283787	0.0	0	22.921560773072997	1454.6681762835651	1	0	1	1.6604923888605478
238200.0	1000.0	1254.6681762837595	0.0	0	341.5251543915656	1454.668176283536	1	0	1	1.6604923888605507
239200.0	1000.0	1254.6681762837784	0.0	0	298.95202303570113	1454.6681762835651	1	0	1	1.6604923888605478
240200.0	1000.0	1254.6681762837743	0.0	0	117.33824490144616	1454.6681762835942	1	0	1	1.6604923888605454
241200.0	1000.0	1254.6681762837732	0.0	0	185.69092693543644	1454.6681762835651	1	0	1	1.6604923888605478
242706.45561218794	1000.0	748.2125640958118	0.0	0	0.0	1454.668176283536	1	0	1	1.6604923888605483
243518.74011570364	500.0	935.9280605801164	0.0	0	0.0	1454.668176283536	1	0	1	-0.07237556253931278
244200.0	500.0	1254.6681762837627	0.0	0	128.92258516035508	1454.668176283536	1	0	1	0.6207716180206326
245200.0	500.0	1254.6681762837543	0.0	0	630.9588039412338	1454.668176283536	1	0	1	0.6207716180206326
246200.0	500.0	1254.6681762837754	0.0	0	416.5406062415568	1454.668176283536	1	0	1	0.6207716180206326
247220.9563922933	500.0	1233.7117839904531	0.0	0	0.0	1454.668176283536	1	0	1	0.6207716180206326
248460.39129682185	500.0	994.2768794618971	0.0	0	0.0	1454.668176283507	1	0	1	0.6207716180206355
249217.45890773967	500.0	1237.209268544087	0.0	0	0.0	1454.668176283536	1	0	1	0.6207716180206326
250200.0	500.0	1254.668176283754	0.0	0	134.64464758866234	1454.668176283536	1	0	1	0.6207716180206326
251200.0	500.0	1254.6681762837686	0.0	0	545.3863529893861	1454.668176283536	1	0	1	0.6207716180206326
252200.0	500.0	1254.6681762837625	0.0	0	517.4498382646998	1454.668176283507	1	0	1	0.6207716180206355
253200.0	500.0	1254.6681762837593	0.0	0	494.7286215952772	1454.668176283536	1	0	1	0.6207716180206326
254200.0	500.0	1254.6681762837404	0.0	0	526.2775728551787	1454.668176283507	1	0	1	0.6207716180206355
255200.0	500.0	1254.668176283769	0.0	0	312.74064440009533	1454.668176283507	1	0	1	0.6207716180206355
256200.0	500.0	1254.6681762837945	0.0	0	239.8800449249975	1454.668176283507	1	0	1	0.6207716180206355
257200.0	500.0	1254.66817628377	0.0	0	281.0917224639561	1454.6681762834778	1	0	1	0.6207716180206384
258200.0	500.0	1254.6681762837813	0.0	0	333.1556274734612	1454.6681762834778	1	0	1	0.6207716180206396
259200.0	500.0	1254.6681762837839	0.0	0	397.7170455152227	1454.6681762834487	1	0	1	0.6207716180206402
260200.0	500.0	1254.6681762838152	0.0	0	442.4016097372223	1454.6681762834196	1	0	1	0.6207716180206431
261200.0	500.0	1254.6681762838257	0.0	0	495.41905109368963	1454.6681762834196	1	0	1	0.6207716180206443
262200.0	500.0	1254.6681762838216	0.0	0	388.1403406888712	1454.6681762834196	1	0	1	0.6207716180206443
263200.0	500.0	1254.668176283843	0.0	0	316.69440468616085	1454.6681762834196	1	0	1	0.6207716180206443
264200.0	500.0	1254.6681762838757	0.0	0	298.64004001260037	1454.6681762834196	1	0	1	0.6207716180206448
265200.0	500.0	1254.6681762839212	0.0	0	498.8020720294444	1454.6681762834778	1	0	1	0.6207716180206384
266200.0	500.0	1254.668176283971	0.0	0	496.24039147997973	1454.6681762834778	1	0	1	0.6207716180206384
267200.0	500.0	1254.6681762840076	0.0	0	626.6623908772599	1454.6681762834778	1	0	1	0.6207716180206384
268200.0	500.0	1254.6681762839776	0.0	0	226.56453626480652	1454.6681762834196	1	0	1	0.620771618020642
269200.0	500.0	1254.668176283963	0.0	0	316.2288710094872	1454.6681762833614	1	0	1	0.6207716180206477
270200.0	500.0	1254.6681762839705	0.0	0	239.77929454226978	1454.6681762833614	1	0	1	0.6207716180206501
271200.0	500.0	1254.6681762839455	0.0	0	526.282284943969	1454.6681762833032	1	0	1	0.6207716180206536
272200.0	500.0	1254.6681762839817	0.0	0	504.0824045998743	1454.668176283245	1	0	1	0.6207716180206594
273200.0	500.0	1254.6681762840124	0.0	0	178.94833332137205	1454.668176283245	1	0	1	0.6207716180206617
274200.0	500.0	1254.668176284089	0.0	0	34.4773596379091	1454.668176283245	1	0	1	0.6207716180206617
275200.0	500.0	1254.668176284078	0.0	0	415.1123298611492	1454.6681762833032	1	0	1	0.6207716180206583
276200.0	500.0	1254.6681762840406	0.0	0	359.5328611257719	1454.6681762833032	1	0	1	0.620771618020656
277200.0	500.0	1254.6681762839821	0.0	0	343.92404593375977	1454.668176283245	1	0	1	0.6207716180206594
278200.0	500.0	1254.668176283924	0.0	0	381.67274783656467	1454.668176283245	1	0	1	0.6207716180206617
279200.0	500.0	1254.6681762839562	0.0	0	438.25824774452485	1454.668176283245	1	0	1	0.6207716180206617
280200.0	500.0	1254.6681762839737	0.0	0	545.0757435860578	1454.668176283245	1	0	1	0.6207716180206617
281200.0	500.0	1254.6681762839517	0.0	0	421.08619972137967	1454.668176283245	1	0	1	0.6207716180206617
282200.0	500.0	1254.668176283885	0.0	0	620.3310909332358	1454.668176283245	1	0	1	0.6207716180206617
283200.0	500.0	1254.6681762838527	0.0	0	509.0047160019167	1454.668176283245	1	0	1	0.6207716180206617
284432.16880057345	1000.0	1022.499375710399	0.0	0	0.0	1454.668176283245	1	0	1	0.9673452083006345
285245.7912852974	500.0	1208.8768909863772	0.0	0	0.0	1454.668176283245	1	0	1	-0.07237556253928373
286200.0	500.0	1254.6681762838323	0.0	0	314.62456226273207	1454.668176283245	1	0	1	0.6207716180206617
287200.0	500.0	1254.6681762838534	0.0	0	349.7827030600165	1454.668176283245	1	0	1	0.6207716180206617
288200.0	500.0	1254.6681762838093	0.0	0	568.5282002289314	1454.668176283245	1	0	1	0.6207716180206617
289200.0	500.0	1254.6681762838534	0.0	0	642.5823821350932	1454.668176283245	1	0	1	0.6207716180206617
290200.0	500.0	1254.668176283804	0.0	0	580.3921032446087	1454.6681762831868	1	0	1	0.6207716180206675
291645.5930992902	1000.0	809.0750769936402	0.0	0	0.0	1454.668176283245	1	0	1	0.9673452083006345
292312.0759271974	500.0	1142.5922490864828	0.0	0	0.0	1454.6681762833032	1	0	1	-0.07237556253928946
293200.0	500.0	1254.6681762839567	0.0	0	65.34517424023943	1454.6681762833032	1	0	1	0.620771618020656
294200.0	500.0	1254.6681762839248	0.0	0	453.38145411992446	1454.668176283245	1	0	1	0.6207716180206594
295200.0	500.0	1254.6681762839094	0.0	0	293.72675710596377	1454.668176283245	1	0	1	0.6207716180206617
296200.0	500.0	1254.6681762839	0.0	0	226.17399277642835	1454.668176283245	1	0	1	0.6207716180206617
297200.0	500.0	1254.668176283855	0.0	0	319.71342446515337	1454.668176283245	1	0	1	0.6207716180206617
298200.0	500.0	1254.6681762838416	0.0	0	241.62275868322467	1454.668176283245	1	0	1	0.6207716180206617
299200.0	500.0	1254.6681762838743	0.0	0	220.8839209987782	1454.6681762831868	1	0	1	0.6207716180206675
300200.0	500.0	1254.6681762838398	0.0	0	457.2543061870965	1454.6681762831868	1	0	1	0.6207716180206675
301200.0	500.0	1254.668176283875	0.0	0	498.59042950882576	1454.6681762831868	1	0	1	0.6207716180206675
302200.0	500.0	1254.6681762839096	0.0	0	425.9559837806737	1454.6681762831868	1	0	1	0.6207716180206675
303200.0	1000.0	1254.6681762839041	0.0	0	393.0857948414632	1454.6681762831868	1	0	1	0.9673452083006404
304200.0	1000.0	1254.6681762839196	0.0	0	491.6860863917391	1454.6681762831868	1	0	1	1.6604923888605858
1.12	0.82	1.2	1.17	0.98	1.15	0.9	0.95	0.63	1.07	0.45	0.57	0.53	0.8	0.81	0.71	0.85	0.95	1.0	0.43	0.71	0.72	0.97	0.89	0.83	1.16	1.42	0.9	1.03	1.04	0.97	0.94	0.81	1.01	1.01	0.92	1.12	0.78	0.76	1.1	1.18	0.83	1.2	1.12	1.38	0.65	0.93	0.89	1.11	1.27	1.2	0.94	0.7	1.0	1.1	1.42	1.22	1.01	0.59	1.49	1.51	1.12	0.92	0.82	1.45	1.37	1.19	1.11	0.92	1.02	0.79	1.09	0.89	1.38	1.52	1.7	1.29	1.12	1.07	1.1	1.17	1.41	1.38	1.14	1.46	1.12	0.89	0.72	0.73	1.18	1.16	0.63	0.54	0.54	0.76	0.86	1.09	1.01	1.04	0.9	0.68	0.93	1.07	0.69	0.9	1.11	0.82	1.07	0.89	0.75	1.01	1.49	0.97	0.78	0.74	0.94	0.92	0.67	0.64	0.72	0.9	1.14	0.56	1.0	0.95	1.11	1.45	0.87	0.87	0.9	0.66	0.92	1.33	1.36	1.0	1.03	0.81	0.76	0.68	0.93	0.81	0.75	0.41	0.7	1.16	1.41	1.19	1.32	1.99	0.86	1.12	0.82	1.2	1.17	0.98	1.15	0.9	0.95	0.63	1.07	0.45	0.57	0.53	0.8	0.81	0.71	0.85	0.95	1.0	0.43	0.71	0.72	0.97	0.89	0.83	1.16	1.42	0.9	1.03	1.04	0.97	0.94	0.81	1.01	1.01	0.92	1.12	0.78	0.76	1.1	1.18	0.83	1.2	1.12	1.38	0.65	0.93	0.89	1.11	1.27	1.2	0.94	0.7	1.0	1.1	1.42	1.22	1.01	0.59	1.49	1.51	1.12	0.92	0.82	1.45	1.37	1.19	1.11	0.92	1.02	0.79	1.09	0.89	1.38	1.52	1.7	1.29	1.12	1.07	1.1	1.17	1.41	1.38	1.14	1.46	1.12	0.89	0.72	0.73	1.18	1.16	0.63	0.54	0.54	0.76	0.86	1.09	1.01	1.04	0.9	0.68	0.93	1.07	0.69	0.9	1.11	0.82	1.07	0.89	0.75	1.01	1.49	0.97	0.78	0.74	0.94	0.92	0.67	0.64	0.72	0.9	1.14	0.56	1.0	0.95	1.11	1.45	0.87	0.87	0.9	0.66	0.92	1.33	1.36	1.0	1.03	0.81	0.76	0.68	0.93	0.81	0.75	0.41	0.7	1.16	1.41	1.19	1.32	1.99	0.86	1.12	0.82	1.2	1.17	0.98	1.15
1.0	2.0	3.0	4.0	5.0	6.0	7.0	8.0	9.0	10.0	11.0	12.0	13.0	14.0	15.0	16.0	17.0	18.0	19.0	20.0	21.0	22.0	23.0	24.0	25.0	26.0	27.0	28.0	29.0	30.0	31.0	32.0	33.0	34.0	35.0	36.0	37.0	38.0	39.0	40.0	41.0	42.0	43.0	44.0	45.0	46.0	47.0	48.0	49.0	50.0	51.0	52.0	53.0	54.0	55.0	56.0	57.0	58.0	59.0	60.0	61.0	62.0	63.0	64.0	65.0	66.0	67.0	68.0	69.0	70.0	71.0	72.0	73.0	74.0	75.0	76.0	77.0	78.0	79.0	80.0	81.0	82.0	83.0	84.0	85.0	86.0	87.0	88.0	89.0	90.0	91.0	92.0	93.0	94.0	95.0	96.0	97.0	98.0	99.0	100.0	101.0	102.0	103.0	104.0	105.0	106.0	107.0	108.0	109.0	110.0	111.0	112.0	113.0	114.0	115.0	116.0	117.0	118.0	119.0	120.0	121.0	122.0	123.0	124.0	125.0	126.0	127.0	128.0	129.0	130.0	131.0	132.0	133.0	134.0	135.0	136.0	137.0	138.0	139.0	140.0	141.0	142.0	143.0	144.0	145.0	146.0	147.0	148.0	149.0	149.0	150.0	151.0	152.0	153.0	154.0	155.0	156.0	157.0	158.0	159.0	160.0	161.0	162.0	163.0	164.0	165.0	166.0	167.0	168.0	169.0	170.0	171.0	172.0	173.0	174.0	175.0	176.0	177.0	178.0	179.0	180.0	181.0	182.0	183.0	184.0	185.0	186.0	187.0	188.0	189.0	190.0	191.0	192.0	193.0	194.0	195.0	196.0	197.0	198.0	199.0	200.0	201.0	202.0	203.0	204.0	205.0	206.0	207.0	208.0	209.0	210.0	211.0	212.0	213.0	214.0	215.0	216.0	217.0	218.0	219.0	220.0	221.0	222.0	223.0	224.0	225.0	226.0	227.0	228.0	229.0	230.0	231.0	232.0	233.0	234.0	235.0	236.0	237.0	238.0	239.0	240.0	241.0	242.0	243.0	244.0	245.0	246.0	247.0	248.0	249.0	250.0	251.0	252.0	253.0	254.0	255.0	256.0	257.0	258.0	259.0	260.0	261.0	262.0	263.0	264.0	265.0	266.0	267.0	268.0	269.0	270.0	271.0	272.0	273.0	274.0	275.0	276.0	277.0	278.0	279.0	280.0	281.0	282.0	283.0	284.0	285.0	286.0	287.0	288.0	289.0	290.0	291.0	292.0	293.0	294.0	295.0	296.0	297.0	298.0	298.0	299.0	300.0	301.0	302.0	303.0	304.0
2058.824327410866
