2425.7531256944903	300.0	2000.0	145.03196367486376	0	0.0	2425.7531256944903	1	0	1	-1.1096976008126915
5853.549701294777	3000.0	200.0	721.0042467493224	0	0.0	1053.549701294778	1	0	2	-3.668949906460359
6200.0	300.0	2888.1947311652993	0.0	0	178.71642549570333	3088.1947311653003	1	0	0	-3.0096472539745087
9200.0	3000.0	788.1947311652983	0.0	0	81.6026306251988	988.1947311652984	1	0	2	0.4492530945886992
10200.0	1000.0	2888.194731165298	0.0	0	377.01778761982496	3088.1947311652984	1	0	0	0.0023214336913543465
14080.971138798557	3000.0	200.0	346.2486559210139	0	0.0	1280.9711387985571	1	0	2	-0.4465755199745688
14244.120017753321	300.0	1036.8511210452366	0.0	0	0.0	1280.9711387985571	1	0	1	-2.630682206873901
15200.0	2000.0	1080.9711387985571	0.0	0	178.54022282791993	1280.971138798559	1	0	1	0.820462878563085
16518.676195417367	2000.0	762.2949433811896	0.0	0	0.0	1280.9711387985571	1	0	1	2.7175828634489663
17290.56587031316	1000.0	990.4052684853974	0.0	0	0.0	1280.9711387985571	1	0	1	0.9847149120491034
18200.0	1000.0	1080.971138798559	0.0	0	160.5556062975229	1280.9711387985517	1	0	1	1.677862092609049
19200.0	1000.0	1080.9711387985594	0.0	0	380.89914535769276	1280.9711387985517	1	0	1	1.6778620926090493
20200.0	1000.0	1080.9711387985617	0.0	0	332.21698180581006	1280.9711387985517	1	0	1	1.6778620926090493
21200.0	1000.0	1080.9711387985594	0.0	0	294.9890401934317	1280.9711387985517	1	0	1	1.6778620926090493
22200.0	1000.0	1080.9711387985615	0.0	0	538.1475157958412	1280.9711387985517	1	0	1	1.6778620926090493
23200.0	1000.0	1080.9711387985635	0.0	0	609.4050034955799	1280.9711387985517	1	0	1	1.6778620926090493
24200.0	1000.0	1080.9711387985633	0.0	0	641.7860750477557	1280.971138798548	1	0	1	1.6778620926090495
25200.0	1000.0	1080.9711387985617	0.0	0	671.3799930720197	1280.971138798548	1	0	1	1.6778620926090495
26200.0	2000.0	1080.971138798561	0.0	0	505.83078330802164	1280.971138798548	1	0	1	2.024435682889022
27200.0	2000.0	1080.9711387985622	0.0	0	355.68930148006257	1280.9711387985517	1	0	1	2.7175828634489667
28200.0	2000.0	1080.9711387985606	0.0	0	456.47257815211196	1280.9711387985517	1	0	1	2.7175828634489667
29243.222101575862	3000.0	1037.7490372226998	0.0	0	0.0	1280.9711387985517	1	0	1	2.9203154175030495
30464.63970165372	2000.0	816.331437144843	0.0	0	0.0	1280.9711387985517	1	0	1	2.312117755340802
31200.0	1000.0	1080.9711387985628	0.0	0	95.45834444152206	1280.9711387985517	1	0	1	0.9847149120491041
32200.0	2000.0	1080.9711387985597	0.0	0	208.7257819122533	1280.9711387985517	1	0	1	2.0244356828890218
33200.0	2000.0	1080.9711387985599	0.0	0	441.57000241398055	1280.9711387985517	1	0	1	2.7175828634489667
34200.0	2000.0	1080.9711387985608	0.0	0	274.17216027028917	1280.9711387985517	1	0	1	2.7175828634489667
35200.0	2000.0	1080.9711387985672	0.0	0	577.3090981789501	1280.9711387985517	1	0	1	2.7175828634489667
36200.0	2000.0	1080.9711387985708	0.0	0	193.44737823727337	1280.9711387985517	1	0	1	2.7175828634489667
37200.0	2000.0	1080.9711387985703	0.0	0	354.2213113662219	1280.9711387985517	1	0	1	2.7175828634489667
38200.0	2000.0	1080.9711387985687	0.0	0	249.41656352397695	1280.9711387985517	1	0	1	2.7175828634489667
39200.0	2000.0	1080.9711387985767	0.0	0	254.53531983896391	1280.9711387985517	1	0	1	2.7175828634489667
40200.0	2000.0	1080.9711387985703	0.0	0	536.6055744842452	1280.9711387985517	1	0	1	2.7175828634489667
41200.0	2000.0	1080.9711387985647	0.0	0	493.39522965837386	1280.9711387985517	1	0	1	2.7175828634489667
42200.0	3000.0	1080.9711387985706	0.0	0	323.15499833648937	1280.971138798559	1	0	1	2.9203154175030486
43200.0	3000.0	1080.971138798574	0.0	0	375.7743088914576	1280.971138798559	1	0	1	3.325780525611213
44616.06213530582	3000.0	664.9090034927557	0.0	0	0.0	1280.971138798559	1	0	1	3.325780525611213
45680.42127912651	2000.0	600.5498596720674	0.0	0	0.0	1280.971138798559	1	0	1	2.3121177553408017
46268.54081182171	1000.0	1012.4303269768557	0.0	0	0.0	1280.9711387985517	1	0	1	0.9847149120491041
47200.0	1000.0	1080.9711387985662	0.0	0	202.53458993972163	1280.9711387985517	1	0	1	1.6778620926090493
48200.0	1000.0	1080.9711387985699	0.0	0	391.05717338521936	1280.971138798559	1	0	1	1.6778620926090484
49200.0	1000.0	1080.9711387985672	0.0	0	583.6499026442325	1280.971138798559	1	0	1	1.6778620926090484
50200.0	1000.0	1080.971138798568	0.0	0	348.9012522383491	1280.971138798559	1	0	1	1.6778620926090484
51200.0	1000.0	1080.9711387985635	0.0	0	388.5227428825892	1280.971138798559	1	0	1	1.6778620926090484
52200.0	1000.0	1080.9711387985653	0.0	0	578.7674495266474	1280.9711387985662	1	0	1	1.6778620926090477
53200.0	1000.0	1080.971138798563	0.0	0	425.17025672505406	1280.971138798559	1	0	1	1.6778620926090484
54200.0	1000.0	1080.9711387985594	0.0	0	397.44750546891737	1280.9711387985517	1	0	1	1.6778620926090493
55200.0	1000.0	1080.9711387985565	0.0	0	472.53587790790334	1280.9711387985517	1	0	1	1.6778620926090493
56200.0	1000.0	1080.971138798554	0.0	0	408.09506622992194	1280.971138798559	1	0	1	1.6778620926090484
57200.0	1000.0	1080.971138798557	0.0	0	419.32412424952054	1280.971138798559	1	0	1	1.6778620926090484
58200.0	1000.0	1080.971138798562	0.0	0	228.7481511987353	1280.971138798559	1	0	1	1.6778620926090484
59200.0	1000.0	1080.9711387985622	0.0	0	449.9600174072766	1280.971138798559	1	0	1	1.6778620926090484
60200.0	1000.0	1080.9711387985567	0.0	0	660.2878451849756	1280.9711387985517	1	0	1	1.6778620926090493
61200.0	1000.0	1080.9711387985571	0.0	0	610.4090942273688	1280.9711387985517	1	0	1	1.6778620926090493
62200.0	1000.0	1080.9711387985503	0.0	0	762.8975269131188	1280.9711387985444	1	0	1	1.67786209260905
63200.0	2000.0	1080.9711387985496	0.0	0	236.8326183379686	1280.9711387985371	1	0	1	2.024435682889023
64264.526549893606	2000.0	1016.4445889049372	0.0	0	0.0	1280.9711387985371	1	0	1	2.7175828634489685
65200.0	2000.0	1080.9711387985453	0.0	0	90.3042725533378	1280.9711387985371	1	0	1	2.7175828634489685
66419.85393331503	2000.0	861.1172054835122	0.0	0	0.0	1280.9711387985226	1	0	1	2.7175828634489685
67200.0	1000.0	1080.9711387985326	0.0	0	226.35843878862215	1280.9711387985153	1	0	1	0.9847149120491074
68200.0	2000.0	1080.971138798549	0.0	0	165.2486897353956	1280.9711387985299	1	0	1	2.024435682889024
69200.0	2000.0	1080.9711387985687	0.0	0	218.17969923959754	1280.9711387985299	1	0	1	2.717582863448969
70410.51275718908	2000.0	870.4583816094805	0.0	0	0.0	1280.9711387985444	1	0	1	2.717582863448968
71248.86773163699	1000.0	1032.1034071615745	0.0	0	0.0	1280.9711387985444	1	0	1	0.9847149120491047
72686.72724568394	2000.0	594.2438931146069	0.0	0	0.0	1280.9711387985444	1	0	1	2.0244356828890226
73826.35868578608	1000.0	454.61245301247135	0.0	0	0.0	1280.9711387985444	1	0	1	0.9847149120491047
74364.86723204874	500.0	916.1039067498034	0.0	0	0.0	1280.9711387985299	1	0	1	-0.05500585879081216
75202.28087069704	1000.0	1078.6902681015335	0.0	0	0.0	1280.9711387985444	1	0	1	0.9847149120491044
76200.0	1000.0	1080.971138798567	0.0	0	231.55250413317117	1280.9711387985444	1	0	1	1.67786209260905
77200.0	1000.0	1080.971138798554	0.0	0	430.69170553432195	1280.9711387985299	1	0	1	1.6778620926090513
78200.0	1000.0	1080.9711387985456	0.0	0	639.0114122707455	1280.9711387985153	1	0	1	1.6778620926090528
79200.0	1000.0	1080.9711387985435	0.0	0	553.6963393723854	1280.9711387985153	1	0	1	1.6778620926090528
80200.0	1000.0	1080.9711387985492	0.0	0	677.7629791909421	1280.9711387985153	1	0	1	1.6778620926090528
81200.0	1000.0	1080.9711387985592	0.0	0	320.24916083479184	1280.9711387985153	1	0	1	1.6778620926090528
83432.4113448553	2000.0	200.0	351.44020605672245	0	0.0	1632.4113448552962	1	0	1	-0.09494416610479406
83791.88796997552	300.0	840.5233748797717	0.0	0	0.0	1632.4113448552962	1	0	1	-2.0603611193714113
84810.71043612582	1000.0	821.7009087294599	0.0	0	0.0	1632.4113448552962	1	0	1	0.4387452676774385
85200.0	500.0	1432.4113448552807	0.0	0	3.12594621401513	1632.4113448552962	1	0	1	-0.09014987939648883
86200.0	1000.0	1432.4113448552775	0.0	0	350.7556772236567	1632.4113448552962	1	0	1	0.9495708914434292
87200.0	1000.0	1432.4113448552707	0.0	0	652.9542399821948	1632.4113448552816	1	0	1	1.6427180720033763
88200.0	1000.0	1432.4113448552762	0.0	0	370.2996356091753	1632.4113448552962	1	0	1	1.6427180720033747
89200.0	1000.0	1432.4113448552746	0.0	0	267.69989060488297	1632.4113448552962	1	0	1	1.6427180720033747
90214.86088380164	2000.0	1417.5504610536236	0.0	0	0.0	1632.4113448552816	1	0	1	1.9892916622833487
91200.0	2000.0	1432.4113448552641	0.0	0	1.456075981084723	1632.4113448552816	1	0	1	2.6824388428432937
92223.76360183505	2000.0	1408.6477430202199	0.0	0	0.0	1632.4113448552962	1	0	1	2.682438842843293
93200.0	1000.0	1432.4113448552632	0.0	0	471.72072854515864	1632.4113448552816	1	0	1	0.9495708914434311
94200.0	1000.0	1432.4113448552587	0.0	0	453.0743193770177	1632.4113448552816	1	0	1	1.6427180720033763
95200.0	1000.0	1432.4113448552519	0.0	0	512.5680962824408	1632.411344855267	1	0	1	1.6427180720033776
96200.0	1000.0	1432.4113448552623	0.0	0	545.1443911884417	1632.411344855267	1	0	1	1.6427180720033776
97200.0	2000.0	1432.411344855258	0.0	0	235.0605018708011	1632.411344855267	1	0	1	1.9892916622833503
98200.0	2000.0	1432.4113448552446	0.0	0	352.06329679510964	1632.4113448552525	1	0	1	2.682438842843297
99200.0	2000.0	1432.4113448552455	0.0	0	281.1698123064707	1632.4113448552525	1	0	1	2.682438842843297
100586.53382937211	3000.0	1045.8775154831244	0.0	0	0.0	1632.4113448552525	1	0	1	2.8851713968973796
101357.85460160628	2000.0	1274.5567432489488	0.0	0	0.0	1632.4113448552525	1	0	1	2.276973734735132
102200.0	2000.0	1432.4113448552307	0.0	0	14.553885407920461	1632.411344855238	1	0	1	2.682438842843298
103690.70038058971	3000.0	941.7109642655226	0.0	0	0.0	1632.411344855238	1	0	1	2.8851713968973804
104210.66121730348	1000.0	1421.7501275517575	0.0	0	0.0	1632.411344855238	1	0	1	0.5441057833352706
105272.1507520311	2000.0	1360.2605928241492	0.0	0	0.0	1632.411344855238	1	0	1	1.9892916622833532
106232.49252027106	2000.0	1399.9188245841876	0.0	0	0.0	1632.411344855238	1	0	1	2.682438842843298
107465.79244732243	2000.0	1166.618897532795	0.0	0	0.0	1632.4113448552234	1	0	1	2.6824388428433
108266.75181399056	2000.0	1365.6595308646588	0.0	0	0.0	1632.4113448552234	1	0	1	2.6824388428433
109200.0	2000.0	1432.4113448552123	0.0	0	162.48952545439533	1632.4113448552234	1	0	1	2.6824388428433
110200.0	2000.0	1432.411344855221	0.0	0	303.34376275277464	1632.4113448552234	1	0	1	2.6824388428433
111234.15531834091	2000.0	1398.256026514309	0.0	0	0.0	1632.4113448552234	1	0	1	2.6824388428433
112200.0	2000.0	1432.411344855223	0.0	0	10.731299144215882	1632.4113448552234	1	0	1	2.6824388428433
113200.0	2000.0	1432.4113448552164	0.0	0	164.74700186480186	1632.4113448552234	1	0	1	2.6824388428433
114200.0	2000.0	1432.4113448552434	0.0	0	143.85632694784726	1632.411344855238	1	0	1	2.682438842843298
115372.91543973717	3000.0	1259.495905118072	0.0	0	0.0	1632.411344855238	1	0	1	2.8851713968973804
116200.0	2000.0	1432.411344855244	0.0	0	169.7295747181197	1632.411344855238	1	0	1	2.2769737347351335
117200.0	3000.0	1432.4113448552253	0.0	0	223.64205581252463	1632.411344855238	1	0	1	2.8851713968973804
118336.83429745988	3000.0	1295.5770473953407	0.0	0	0.0	1632.411344855238	1	0	1	3.290636505005545
119625.41031058466	3000.0	1007.0010342705592	0.0	0	0.0	1632.411344855238	1	0	1	3.290636505005545
120401.01252105719	2000.0	1231.3988237980343	0.0	0	0.0	1632.411344855238	1	0	1	2.2769737347351335
121205.4445631728	2000.0	1426.966781682413	0.0	0	0.0	1632.4113448552234	1	0	1	2.6824388428433
122200.0	2000.0	1432.4113448552137	0.0	0	346.1180025426147	1632.4113448552234	1	0	1	2.6824388428433
123200.0	2000.0	1432.4113448552132	0.0	0	221.45236660535738	1632.4113448552234	1	0	1	2.6824388428433
124200.0	2000.0	1432.411344855207	0.0	0	132.20550325576914	1632.4113448552234	1	0	1	2.6824388428433
125200.0	3000.0	1432.411344855186	0.0	0	23.102143246636842	1632.4113448552234	1	0	1	2.8851713968973822
126200.0	2000.0	1432.4113448551843	0.0	0	308.87132023349113	1632.4113448552234	1	0	1	2.2769737347351353
128277.91551528213	3000.0	354.49582957305324	0.0	0	0.0	1632.411344855238	1	0	1	2.8851713968973804
128694.98245619191	500.0	937.4288886632817	0.0	0	0.0	1632.411344855238	1	0	1	-1.1887621680645926
129323.09967381998	1000.0	1309.311671035217	0.0	0	0.0	1632.411344855238	1	0	1	0.9495708914434351
130200.0	2000.0	1432.4113448551777	0.0	0	181.59569118486252	1632.411344855238	1	0	1	1.9892916622833532
131200.0	2000.0	1432.411344855184	0.0	0	100.21300882475043	1632.411344855238	1	0	1	2.682438842843298
132200.0	2000.0	1432.4113448551875	0.0	0	155.07781447158777	1632.411344855238	1	0	1	2.682438842843298
133200.0	2000.0	1432.411344855195	0.0	0	240.4324017643521	1632.411344855238	1	0	1	2.6824388428432977
134480.54827593174	3000.0	1151.8630689234762	0.0	0	0.0	1632.411344855238	1	0	1	2.8851713968973804
135255.63113302985	2000.0	1376.7802118253503	0.0	0	0.0	1632.411344855238	1	0	1	2.2769737347351335
136200.0	2000.0	1432.4113448551893	0.0	0	171.505391723098	1632.411344855238	1	0	1	2.682438842843298
137200.0	3000.0	1432.4113448551866	0.0	0	46.64037117891712	1632.411344855238	1	0	1	2.8851713968973804
138200.0	2000.0	1432.411344855185	0.0	0	74.05348105428857	1632.411344855238	1	0	1	2.276973734735132
139435.92345306487	3000.0	1196.4878917903138	0.0	0	0.0	1632.411344855238	1	0	1	2.8851713968973804
140200.0	2000.0	1432.4113448552	0.0	0	47.24693673837464	1632.411344855238	1	0	1	2.2769737347351335
141254.45694280608	3000.0	1377.9544020491392	0.0	0	0.0	1632.411344855267	1	0	1	2.885171396897378
143086.07883485314	2000.0	546.3325100020933	0.0	0	0.0	1632.411344855267	1	0	1	2.276973734735131
143577.22542543212	500.0	1055.1859194231101	0.0	0	0.0	1632.411344855267	1	0	1	-0.7832970599564313
144375.59749031658	1000.0	1256.8138545386294	0.0	0	0.0	1632.411344855267	1	0	1	0.9495708914434322
145200.0	1000.0	1432.4113448552303	0.0	0	170.9469048557512	1632.411344855267	1	0	1	1.6427180720033776
146200.0	1000.0	1432.4113448552564	0.0	0	557.5242675296322	1632.4113448552962	1	0	1	1.6427180720033747
147200.0	1000.0	1432.4113448552334	0.0	0	513.1842463568028	1632.4113448552962	1	0	1	1.6427180720033747
148200.0	1000.0	1432.411344855251	0.0	0	565.1579289257352	1632.4113448552962	1	0	1	1.6427180720033747
149200.0	1000.0	1432.4113448552616	0.0	0	597.9530710084946	1632.4113448552962	1	0	1	1.6427180720033747
150490.69324310892	2000.0	1141.7181017463336	0.0	0	0.0	1632.4113448552962	1	0	1	1.9892916622833474
151200.0	1000.0	1432.4113448552544	0.0	0	109.79563749372028	1632.4113448552962	1	0	1	0.9495708914434294
152200.0	1000.0	1432.4113448552284	0.0	0	65.06952566039399	1632.4113448552962	1	0	1	1.6427180720033747
153200.0	1000.0	1432.4113448552002	0.0	0	244.53463794640265	1632.4113448552962	1	0	1	1.6427180720033747
154200.0	1000.0	1432.4113448551896	0.0	0	160.7455114024051	1632.4113448552962	1	0	1	1.6427180720033747
155200.0	1000.0	1432.4113448552098	0.0	0	447.2334816235525	1632.4113448552962	1	0	1	1.6427180720033747
156200.0	1000.0	1432.4113448552282	0.0	0	307.89888580012484	1632.4113448552962	1	0	1	1.6427180720033747
157200.0	1000.0	1432.4113448552257	0.0	0	595.8399968549493	1632.4113448553253	1	0	1	1.6427180720033718
158200.0	1000.0	1432.411344855201	0.0	0	544.1810235164594	1632.4113448553253	1	0	1	1.6427180720033718
159200.0	1000.0	1432.4113448552034	0.0	0	446.0903634489223	1632.4113448553253	1	0	1	1.6427180720033718
160200.0	2000.0	1432.4113448552139	0.0	0	441.39954975651926	1632.4113448553253	1	0	1	1.9892916622833443
161200.0	2000.0	1432.4113448552284	0.0	0	63.84570037922822	1632.4113448553253	1	0	1	2.6824388428432893
162353.59998476657	2000.0	1278.8113600886534	0.0	0	0.0	1632.4113448552962	1	0	1	2.682438842843293
163381.21328238308	2000.0	1251.1980624721068	0.0	0	0.0	1632.4113448552962	1	0	1	2.682438842843293
164320.59168249732	2000.0	1311.8196623578738	0.0	0	0.0	1632.4113448552962	1	0	1	2.682438842843293
165295.58707671496	2000.0	1336.8242681402644	0.0	0	0.0	1632.4113448552962	1	0	1	2.682438842843293
166389.9162074015	2000.0	1242.4951374537418	0.0	0	0.0	1632.4113448552962	1	0	1	2.682438842843293
167560.67635840055	2000.0	1071.7349864547045	0.0	0	0.0	1632.411344855267	1	0	1	2.6824388428432955
168200.0	1000.0	1432.411344855261	0.0	0	29.728764767671237	1632.411344855267	1	0	1	0.9495708914434324
169200.0	1000.0	1432.4113448552364	0.0	0	225.45012882817537	1632.4113448552962	1	0	1	1.6427180720033747
170200.0	1000.0	1432.411344855242	0.0	0	538.091122366226	1632.4113448553253	1	0	1	1.6427180720033718
171200.0	1000.0	1432.4113448552666	0.0	0	492.1692671182391	1632.4113448553253	1	0	1	1.6427180720033718
172200.0	1000.0	1432.4113448552548	0.0	0	675.3688725254324	1632.4113448553253	1	0	1	1.6427180720033718
173200.0	1000.0	1432.411344855266	0.0	0	541.1136221475317	1632.4113448553253	1	0	1	1.6427180720033718
174200.0	2000.0	1432.4113448552462	0.0	0	342.8255129774334	1632.4113448553253	1	0	1	1.9892916622833443
175200.0	3000.0	1432.4113448552573	0.0	0	185.3986972399871	1632.4113448553253	1	0	1	2.8851713968973716
176200.0	3000.0	1432.4113448552453	0.0	0	92.63650005112868	1632.4113448553253	1	0	1	3.290636505005538
177200.0	3000.0	1432.411344855203	0.0	0	374.42882539035054	1632.4113448553253	1	0	1	3.290636505005536
178847.43384958166	3000.0	784.9774952735127	0.0	0	0.0	1632.4113448553253	1	0	1	3.290636505005536
179793.2294188136	2000.0	839.1819260416037	0.0	0	0.0	1632.4113448553544	1	0	1	2.276973734735122
180374.87556072173	1000.0	1257.5357841334405	0.0	0	0.0	1632.4113448553544	1	0	1	0.9495708914434235
181200.0	2000.0	1432.4113448552077	0.0	0	149.166197935323	1632.4113448553544	1	0	1	1.9892916622833414
182200.0	2000.0	1432.411344855196	0.0	0	371.0792774268775	1632.4113448553544	1	0	1	2.6824388428432866
183200.0	2000.0	1432.4113448551843	0.0	0	432.6904111270269	1632.4113448553253	1	0	1	2.6824388428432893
184257.54895655517	3000.0	1374.8623883000262	0.0	0	0.0	1632.4113448553544	1	0	1	2.885171396897369
185410.53977435408	3000.0	1221.8715705011116	0.0	0	0.0	1632.4113448553544	1	0	1	3.2906365050055335
186200.0	2000.0	1432.4113448552112	0.0	0	190.4667580947862	1632.4113448553253	1	0	1	2.2769737347351247
187200.0	3000.0	1432.4113448552207	0.0	0	149.28357732313452	1632.4113448553253	1	0	1	2.8851713968973716
188288.560542102	3000.0	1343.8508027532143	0.0	0	0.0	1632.4113448552962	1	0	1	3.2906365050055384
189200.0	3000.0	1432.4113448552087	0.0	0	19.248551611526636	1632.4113448553253	1	0	1	3.290636505005536
190200.0	3000.0	1432.4113448552084	0.0	0	245.45424161924166	1632.4113448553253	1	0	1	3.290636505005536
191200.0	3000.0	1432.411344855176	0.0	0	156.39819355966756	1632.4113448552962	1	0	1	3.290636505005538
192201.72563952432	3000.0	1430.6857053308797	0.0	0	86.76646990151494	1632.4113448552962	1	0	1	3.2906365050055397
193876.4227545645	3000.0	755.988590290683	0.0	0	0.0	1632.4113448552962	1	0	1	3.2906365050055397
195384.74695707017	2000.0	299.2282461158426	51.56385833082376	0	0.0	1683.975203186128	1	0	1	1.962541620616978
195662.4633511602	500.0	1021.5118520257947	0.0	0	0.0	1683.975203186128	1	0	1	-0.7884534457895174
196288.5338692032	1000.0	1395.4413339827636	0.0	0	0.0	1683.975203186128	1	0	1	0.9444145056103461
197296.7216898708	2000.0	1387.2535133151853	0.0	0	0.0	1683.975203186128	1	0	1	1.9841352764502642
198200.0	1000.0	1483.975203185995	0.0	0	435.3138796965941	1683.975203186099	1	0	1	0.9444145056103492
199200.0	1000.0	1483.9752031860169	0.0	0	265.2732670819387	1683.975203186128	1	0	1	1.6375616861702915
200200.0	2000.0	1483.9752031860082	0.0	0	181.1501488913782	1683.9752031861572	1	0	1	1.984135276450261
201200.0	2000.0	1483.975203186024	0.0	0	1.8352062326739542	1683.9752031861572	1	0	1	2.6772824570102065
202200.0	2000.0	1483.975203186007	0.0	0	146.89157036875258	1683.9752031861572	1	0	1	2.6772824570102065
203394.17088308066	2000.0	1289.8043201053895	0.0	0	0.0	1683.9752031861572	1	0	1	2.6772824570102065
204589.26863137007	2000.0	1094.7065718159959	0.0	0	0.0	1683.9752031861572	1	0	1	2.6772824570102065
205313.8154671244	1000.0	1370.1597360616747	0.0	0	0.0	1683.9752031861863	1	0	1	0.9444145056103406
206681.47430849756	2000.0	1002.5008946885057	0.0	0	0.0	1683.9752031861863	1	0	1	1.9841352764502584
207200.0	1000.0	1483.9752031860824	0.0	0	17.54638283586246	1683.9752031861863	1	0	1	0.9444145056103406
208200.0	2000.0	1483.9752031860921	0.0	0	157.41562242395594	1683.9752031861863	1	0	1	1.9841352764502584
209200.0	2000.0	1483.9752031861058	0.0	0	151.0110624190129	1683.9752031861863	1	0	1	2.6772824570102034
210200.0	2000.0	1483.9752031860858	0.0	0	441.3622079245106	1683.9752031861863	1	0	1	2.6772824570102034
211200.0	2000.0	1483.9752031860653	0.0	0	503.4956741138885	1683.9752031861863	1	0	1	2.6772824570102034
212200.0	2000.0	1483.9752031860762	0.0	0	175.8895655881788	1683.9752031861572	1	0	1	2.6772824570102065
213827.85980571006	3000.0	856.1153974759869	0.0	0	0.0	1683.9752031861572	1	0	1	2.8800150110642893
214860.64819360586	2000.0	823.3270095801884	0.0	0	0.0	1683.9752031861572	1	0	1	2.271817348902042
215339.9678996793	1000.0	1344.007303506766	0.0	0	0.0	1683.9752031861572	1	0	1	0.9444145056103433
216281.45586998298	2000.0	1402.519333203089	0.0	0	0.0	1683.9752031861572	1	0	1	1.984135276450261
217241.53175441228	2000.0	1442.4434487737858	0.0	0	0.0	1683.9752031861863	1	0	1	2.6772824570102034
218200.0	2000.0	1483.9752031860728	0.0	0	49.73557770680054	1683.9752031862154	1	0	1	2.677282457010202
219801.35098055663	3000.0	882.6242226294397	0.0	0	0.0	1683.9752031862154	1	0	1	2.880015011064283
220463.07914665755	1000.0	1220.896056528506	0.0	0	0.0	1683.9752031862154	1	0	1	0.5389493975021729
221589.33424792104	2000.0	1094.640955265019	0.0	0	0.0	1683.9752031862154	1	0	1	1.9841352764502553
222368.51215321934	1000.0	1315.4630499667019	0.0	0	0.0	1683.9752031861863	1	0	1	0.9444145056103399
223493.90393195674	1000.0	1190.071271229333	0.0	0	0.0	1683.9752031861863	1	0	1	1.6375616861702857
224483.58790700996	1000.0	1200.3872961761292	0.0	0	0.0	1683.9752031861572	1	0	1	1.6375616861702884
225200.0	1000.0	1483.9752031860921	0.0	0	58.62083093749243	1683.9752031861572	1	0	1	1.6375616861702884
226200.0	1000.0	1483.9752031860658	0.0	0	531.3198388899327	1683.9752031861572	1	0	1	1.6375616861702884
227200.0	1000.0	1483.975203186052	0.0	0	460.76871617801953	1683.975203186128	1	0	1	1.6375616861702915
228200.0	1000.0	1483.9752031860633	0.0	0	628.6963385017007	1683.975203186128	1	0	1	1.6375616861702915
229205.96919663978	2000.0	1478.0060065463094	0.0	0	0.0	1683.9752031861572	1	0	1	1.984135276450261
230200.0	2000.0	1483.9752031860637	0.0	0	45.38782917743083	1683.975203186128	1	0	1	2.677282457010209
232080.12565185648	2000.0	603.8495513296227	0.0	0	0.0	1683.975203186128	1	0	1	2.677282457010209
233151.9778252681	1000.0	531.9973779179758	0.0	0	0.0	1683.9752031861572	1	0	1	0.9444145056103451
233718.7580224984	500.0	965.2171806876527	0.0	0	0.0	1683.9752031861572	1	0	1	-0.09530626522957496
234334.64564542627	1000.0	1349.3295577597796	0.0	0	0.0	1683.975203186128	1	0	1	0.9444145056103461
235200.0	1000.0	1483.9752031860623	0.0	0	213.39032659336226	1683.975203186128	1	0	1	1.6375616861702915
236200.0	1000.0	1483.9752031860462	0.0	0	601.3420904179511	1683.975203186099	1	0	1	1.6375616861702944
237200.0	1000.0	1483.9752031860337	0.0	0	530.5874841648038	1683.975203186099	1	0	1	1.6375616861702944
238200.0	1000.0	1483.975203186058	0.0	0	379.53518818112207	1683.975203186099	1	0	1	1.6375616861702944
239282.26334806278	2000.0	1401.7118551232595	0.0	0	0.0	1683.975203186099	1	0	1	1.9841352764502669
240774.48874664315	2000.0	909.4864565429014	0.0	0	0.0	1683.975203186099	1	0	1	2.6772824570102123
241248.88493400192	1000.0	1435.090269184172	0.0	0	0.0	1683.975203186128	1	0	1	0.9444145056103463
242200.0	1000.0	1483.9752031861212	0.0	0	310.4338290307496	1683.975203186128	1	0	1	1.6375616861702915
243200.0	1000.0	1483.9752031861206	0.0	0	371.26797346561216	1683.975203186128	1	0	1	1.6375616861702915
244200.0	1000.0	1483.9752031860987	0.0	0	299.2220027488074	1683.975203186128	1	0	1	1.6375616861702915
245200.0	1000.0	1483.97520318614	0.0	0	544.2359478827857	1683.9752031861572	1	0	1	1.6375616861702884
246200.0	2000.0	1483.975203186161	0.0	0	247.09479556165752	1683.9752031861572	1	0	1	1.984135276450261
247200.0	2000.0	1483.9752031861717	0.0	0	181.28542971407296	1683.975203186128	1	0	1	2.677282457010209
248737.3853273759	3000.0	946.5898758102818	0.0	0	0.0	1683.975203186128	1	0	1	2.880015011064292
249324.07154783036	1000.0	1359.9036553558108	0.0	0	0.0	1683.975203186128	1	0	1	0.5389493975021817
250280.0241655856	2000.0	1403.951037600587	0.0	0	0.0	1683.975203186128	1	0	1	1.9841352764502642
251750.7382690156	3000.0	933.236934170615	0.0	0	0.0	1683.9752031861572	1	0	1	2.8800150110642893
252412.2482841613	1000.0	1271.7269190249174	0.0	0	0.0	1683.9752031861863	1	0	1	0.5389493975021759
253296.90598353447	2000.0	1387.0692196517527	0.0	0	0.0	1683.9752031861863	1	0	1	1.9841352764502584
254325.6898937304	2000.0	1358.2853094558109	0.0	0	0.0	1683.9752031861863	1	0	1	2.6772824570102034
255500.5351950913	2000.0	1183.4400080949213	0.0	0	0.0	1683.9752031861863	1	0	1	2.6772824570102034
256659.77387574504	2000.0	1024.2013274411831	0.0	0	0.0	1683.9752031861863	1	0	1	2.6772824570102034
257200.0	1000.0	1483.975203186236	0.0	0	132.53827462004847	1683.9752031861572	1	0	1	0.9444145056103433
258200.0	2000.0	1483.9752031862786	0.0	0	240.41993441656814	1683.9752031861572	1	0	1	1.984135276450261
259393.20228560283	2000.0	1290.7729175834313	0.0	0	0.0	1683.9752031861572	1	0	1	2.6772824570102065
260480.92108856243	2000.0	1203.054114623861	0.0	0	0.0	1683.9752031861863	1	0	1	2.6772824570102034
261200.0	2000.0	1483.9752031862831	0.0	0	25.568652659945656	1683.9752031861863	1	0	1	2.6772824570102034
262391.9228930031	3000.0	1292.0523101832275	0.0	0	0.0	1683.9752031862154	1	0	1	2.8800150110642853
263200.0	2000.0	1483.9752031863536	0.0	0	20.741130025766324	1683.9752031862154	1	0	1	2.2718173489020357
264200.0	3000.0	1483.9752031863843	0.0	0	34.942938017251436	1683.9752031862736	1	0	1	2.88001501106428
265200.0	2000.0	1483.975203186447	0.0	0	405.1632647808874	1683.9752031863318	1	0	1	2.271817348902024
266220.9644591033	3000.0	1463.0107440831305	0.0	0	0.0	1683.9752031862736	1	0	1	2.8800150110642746
267924.32615617657	3000.0	759.6490470098707	0.0	0	0.0	1683.9752031862736	1	0	1	3.285480119172442
268353.13767437445	1000.0	1330.837528811994	0.0	0	0.0	1683.9752031862154	1	0	1	0.5389493975021729
269619.6407094209	3000.0	1064.3344937655088	0.0	0	0.0	1683.9752031862154	1	0	1	2.1868678305043376
270567.8037088444	2000.0	1116.171494342002	0.0	0	0.0	1683.9752031861572	1	0	1	2.271817348902042
271502.73408058484	2000.0	1181.2411226015142	0.0	0	0.0	1683.9752031861572	1	0	1	2.6772824570102065
272200.0	2000.0	1483.9752031863882	0.0	0	10.8201120289159	1683.9752031861572	1	0	1	2.6772824570102065
273426.72379217413	3000.0	1257.2514110122531	0.0	0	0.0	1683.9752031862154	1	0	1	2.8800150110642844
274200.0	2000.0	1483.975203186424	0.0	0	227.4884254806093	1683.9752031862736	1	0	1	2.2718173489020304
275200.0	3000.0	1483.9752031863754	0.0	0	224.20197989384178	1683.9752031862736	1	0	1	2.8800150110642773
276502.98796981404	3000.0	1180.9872333723608	0.0	0	0.0	1683.9752031862736	1	0	1	3.285480119172442
277921.3093661274	2000.0	762.6658370589621	0.0	0	0.0	1683.9752031862736	1	0	1	2.2718173489020304
278545.37353606254	1000.0	1138.6016671238006	0.0	0	0.0	1683.9752031862736	1	0	1	0.9444145056103317
279663.88397663226	2000.0	1020.0912265541273	0.0	0	0.0	1683.9752031862736	1	0	1	1.9841352764502498
280200.0	1000.0	1483.9752031863673	0.0	0	177.7758277542307	1683.9752031862736	1	0	1	0.9444145056103317
281200.0	2000.0	1483.9752031863584	0.0	0	125.793919891119	1683.9752031863318	1	0	1	1.9841352764502438
282200.0	2000.0	1483.9752031863425	0.0	0	528.2097208328196	1683.9752031863318	1	0	1	2.6772824570101887
283200.0	2000.0	1483.9752031862927	0.0	0	406.786896290665	1683.9752031863318	1	0	1	2.6772824570101887
284363.4047636099	3000.0	1320.570439576391	0.0	0	0.0	1683.97520318639	1	0	1	2.8800150110642657
285238.3233048537	2000.0	1445.651898332651	0.0	0	0.0	1683.9752031864482	1	0	1	2.2718173489020126
286323.5340184546	3000.0	1360.4411847317313	0.0	0	0.0	1683.9752031865064	1	0	1	2.880015011064254
287399.24115048465	2000.0	1284.7340527017093	0.0	0	0.0	1683.9752031865064	1	0	1	2.2718173489020073
288200.0	2000.0	1483.9752031863673	0.0	0	139.71667843754403	1683.9752031865064	1	0	1	2.677282457010172
289200.0	3000.0	1483.9752031862995	0.0	0	192.71082998940255	1683.9752031864482	1	0	1	2.8800150110642595
290200.0	3000.0	1483.9752031862981	0.0	0	80.21687379822833	1683.9752031865064	1	0	1	3.2854801191724223
292130.3650758304	3000.0	553.6101273558437	0.0	0	0.0	1683.9752031865064	1	0	1	3.285480119172419
292664.56898256345	500.0	1019.4062206227954	0.0	0	0.0	1683.9752031865064	1	0	1	-1.1939185538977197
293535.40565252944	1000.0	1148.569550656808	0.0	0	0.0	1683.9752031865064	1	0	1	0.9444145056103082
294359.434806311	1000.0	1324.5403968752819	0.0	0	0.0	1683.9752031865064	1	0	1	1.6375616861702535
295200.0	1000.0	1483.97520318625	0.0	0	370.4958962824894	1683.9752031865064	1	0	1	1.6375616861702535
296200.0	1000.0	1483.9752031862847	0.0	0	563.6505863199127	1683.9752031865064	1	0	1	1.6375616861702535
297200.0	2000.0	1483.9752031863022	0.0	0	181.38651129318168	1683.9752031865064	1	0	1	1.9841352764502265
298414.1673196963	2000.0	1269.807883490059	0.0	0	0.0	1683.9752031865646	1	0	1	2.6772824570101683
299758.52415193745	2000.0	925.4510512488523	0.0	0	0.0	1683.9752031865646	1	0	1	2.6772824570101657
300923.2523600309	1000.0	760.7228431553938	0.0	0	0.0	1683.9752031866228	1	0	1	0.9444145056102967
301630.96789871977	1000.0	1053.0073044664837	0.0	0	0.0	1683.9752031866228	1	0	1	1.6375616861702418
302484.65074514877	1000.0	1199.32445803745	0.0	0	0.0	1683.9752031866228	1	0	1	1.6375616861702418
303200.0	1000.0	1483.9752031862683	0.0	0	1.0377620850340463	1683.975203186681	1	0	1	1.6375616861702365
304200.0	1000.0	1483.9752031862763	0.0	0	173.08723267941969	1683.975203186681	1	0	1	1.6375616861702365
305200.0	1000.0	1483.9752031862943	0.0	0	202.38860845944146	1683.975203186681	1	0	1	1.6375616861702365
306200.0	1000.0	1483.9752031862213	0.0	0	509.458097785071	1683.975203186681	1	0	1	1.6375616861702365
2.77	2.2	3.05	1.8	1.87	2.27	3.03	1.78	1.4	1.9	1.62	1.1	1.67	2.2	2.8	2.91	3.15	3.42	3.93	4.55	2.57	1.48	1.77	2.51	3.04	3.58	3.93	2.73	2.88	3.56	3.71	3.61	3.96	4.66	4.55	2.5	2.25	1.23	1.55	2.14	2.53	1.65	2.05	2.55	2.13	2.18	2.14	1.88	1.91	1.68	2.15	2.48	3.17	3.82	3.31	1.68	2.14	2.28	2.17	2.81	2.9	2.66	1.41	1.87	1.74	1.09	1.15	1.55	1.86	2.6	2.59	2.94	2.13	1.39	1.19	0.94	1.12	2.02	2.43	2.31	1.78	1.77	1.64	1.84	1.84	1.78	1.88	2.37	3.16	3.15	2.4	1.87	2.47	2.99	2.14	2.07	2.29	2.51	2.05	2.12	2.53	2.43	2.17	2.2	2.57	2.72	3.2	3.72	3.56	3.28	1.67	1.91	2.29	2.46	3.06	3.06	3.38	3.24	1.83	2.2	1.61	2.28	2.24	2.92	3.45	3.74	2.22	2.68	2.49	2.09	2.48	2.91	2.64	1.8	0.9	1.11	1.29	1.82	2.44	2.93	2.22	1.38	1.45	1.0	1.45	1.31	1.63	1.6	1.81	2.79	2.77	2.2	3.05	1.8	1.87	2.27	3.03	1.78	1.4	1.9	1.62	1.1	1.67	2.2	2.8	2.91	3.15	3.42	3.93	4.55	2.57	1.48	1.77	2.51	3.04	3.58	3.93	2.73	2.88	3.56	3.71	3.61	3.96	4.66	4.55	2.5	2.25	1.23	1.55	2.14	2.53	1.65	2.05	2.55	2.13	2.18	2.14	1.88	1.91	1.68	2.15	2.48	3.17	3.82	3.31	1.68	2.14	2.28	2.17	2.81	2.9	2.66	1.41	1.87	1.74	1.09	1.15	1.55	1.86	2.6	2.59	2.94	2.13	1.39	1.19	0.94	1.12	2.02	2.43	2.31	1.78	1.77	1.64	1.84	1.84	1.78	1.88	2.37	3.16	3.15	2.4	1.87	2.47	2.99	2.14	2.07	2.29	2.51	2.05	2.12	2.53	2.43	2.17	2.2	2.57	2.72	3.2	3.72	3.56	3.28	1.67	1.91	2.29	2.46	3.06	3.06	3.38	3.24	1.83	2.2	1.61	2.28	2.24	2.92	3.45	3.74	2.22	2.68	2.49	2.09	2.48	2.91	2.64	1.8	0.9	1.11	1.29	1.82	2.44	2.93	2.22	1.38	1.45	1.0	1.45	1.31	1.63	1.6	1.81	2.79	2.77	2.2	3.05	1.8	1.87	2.27	3.03	1.78
1.0	2.0	3.0	4.0	5.0	6.0	7.0	8.0	9.0	10.0	11.0	12.0	13.0	14.0	15.0	16.0	17.0	18.0	19.0	20.0	21.0	22.0	23.0	24.0	25.0	26.0	27.0	28.0	29.0	30.0	31.0	32.0	33.0	34.0	35.0	36.0	37.0	38.0	39.0	40.0	41.0	42.0	43.0	44.0	45.0	46.0	47.0	48.0	49.0	50.0	51.0	52.0	53.0	54.0	55.0	56.0	57.0	58.0	59.0	60.0	61.0	62.0	63.0	64.0	65.0	66.0	67.0	68.0	69.0	70.0	71.0	72.0	73.0	74.0	75.0	76.0	77.0	78.0	79.0	80.0	81.0	82.0	83.0	84.0	85.0	86.0	87.0	88.0	89.0	90.0	91.0	92.0	93.0	94.0	95.0	96.0	97.0	98.0	99.0	100.0	101.0	102.0	103.0	104.0	105.0	106.0	107.0	108.0	109.0	110.0	111.0	112.0	113.0	114.0	115.0	116.0	117.0	118.0	119.0	120.0	121.0	122.0	123.0	124.0	125.0	126.0	127.0	128.0	129.0	130.0	131.0	132.0	133.0	134.0	135.0	136.0	137.0	138.0	139.0	140.0	141.0	142.0	143.0	144.0	145.0	146.0	147.0	148.0	149.0	149.0	150.0	151.0	152.0	153.0	154.0	155.0	156.0	157.0	158.0	159.0	160.0	161.0	162.0	163.0	164.0	165.0	166.0	167.0	168.0	169.0	170.0	171.0	172.0	173.0	174.0	175.0	176.0	177.0	178.0	179.0	180.0	181.0	182.0	183.0	184.0	185.0	186.0	187.0	188.0	189.0	190.0	191.0	192.0	193.0	194.0	195.0	196.0	197.0	198.0	199.0	200.0	201.0	202.0	203.0	204.0	205.0	206.0	207.0	208.0	209.0	210.0	211.0	212.0	213.0	214.0	215.0	216.0	217.0	218.0	219.0	220.0	221.0	222.0	223.0	224.0	225.0	226.0	227.0	228.0	229.0	230.0	231.0	232.0	233.0	234.0	235.0	236.0	237.0	238.0	239.0	240.0	241.0	242.0	243.0	244.0	245.0	246.0	247.0	248.0	249.0	250.0	251.0	252.0	253.0	254.0	255.0	256.0	257.0	258.0	259.0	260.0	261.0	262.0	263.0	264.0	265.0	266.0	267.0	268.0	269.0	270.0	271.0	272.0	273.0	274.0	275.0	276.0	277.0	278.0	279.0	280.0	281.0	282.0	283.0	284.0	285.0	286.0	287.0	288.0	289.0	290.0	291.0	292.0	293.0	294.0	295.0	296.0	297.0	298.0	298.0	299.0	300.0	301.0	302.0	303.0	304.0	305.0	306.0
2142.600352925368
