3019.0938874415942	300.0	2000.0	199.43671989820734	0	0.0	3019.0938874415942	1	0	1	-1.4944354472275665
5200.0	1000.0	719.1000000000013	0.0	0	178.47748504141418	919.1000000000022	1	0	2	0.10706651996301858
6200.0	500.0	2819.100000000002	0.0	0	688.892669113885	3019.100000000003	1	0	0	-0.6248187449109596
9234.88911092804	2000.0	680.7219779791574	0.0	0	0.0	915.611088907197	1	0	2	0.765036552926514
10200.0	500.0	2812.122177814393	0.0	0	561.3216127689102	3012.1221778143918	1	0	0	-1.31737520764955
13855.529838343151	3000.0	200.0	189.96422214824813	0	0.0	1055.529838343149	1	0	2	-0.17687239839828928
14200.0	300.0	2889.9768545088364	0.0	0	110.23920632834052	3089.9768545088336	1	0	0	-3.0101685470224204
17726.722393757373	3000.0	210.58222137572903	0.0	0	0.0	937.3046151331	1	0	2	0.45357595892937963
18200.0	300.0	2784.6323757573637	0.0	0	339.7829601794838	2984.6323757573628	1	0	0	-2.99834960147028
21573.47448069024	3000.0	273.8104469980965	0.0	0	0.0	847.2849276883389	1	0	2	0.46296087495042315
22200.0	300.0	2709.937479619317	0.0	0	489.4225931042056	2909.9374796193224	1	0	0	-2.990219373073039
25862.577755242786	3000.0	200.0	289.90731922522366	0	0.0	1062.5777552427935	1	0	2	-1.2909013239730458
26200.0	300.0	2896.319979718507	0.0	0	154.6389034582935	3096.319979718519	1	0	0	-3.0105633288020393
29883.666641554984	3000.0	200.0	141.55756908361536	0	0.0	1083.6666415549953	1	0	2	-0.4012493032165366
30200.0	300.0	2915.299977399488	0.0	0	164.12997678449392	3115.2999773994925	1	0	0	-3.012484290122256
33686.96600162953	3000.0	279.6373756070023	0.0	0	0.0	966.6033772365408	1	0	2	0.4508368174673031
34200.0	500.0	2817.9067770735764	0.0	0	317.43706897069205	3017.9067770735855	1	0	0	-1.7246080882597306
37331.375573971935	3000.0	573.3936457044572	0.0	0	0.0	904.7692196764037	1	0	2	0.968873776666946
38200.0	1000.0	2791.631662279199	0.0	0	568.0121179774796	2991.6316622792074	1	0	0	0.012012888833331514
41734.49593558933	3000.0	200.0	87.55806079006149	0	0.0	934.495935589337	1	0	2	1.1385713681422454
42200.0	300.0	2781.0463420304013	0.0	0	170.17571120909997	2981.046342030415	1	0	0	-2.9986243764501452
46886.3466659817	3000.0	200.0	1249.0318095904254	0	0.0	2086.3466659816986	1	0	2	-7.1140610639949475
47183.15526812435	300.0	873.5105376430832	0.0	0	0.0	2056.6658057674285	1	0	2	-2.7089827502526744
47970.66062485751	1000.0	1007.2546452366026	0.0	0	0.0	1977.9152700941195	1	0	2	0.20230895640961521
48685.43106033754	1000.0	1221.0071662085716	0.0	0	0.0	1906.4382265461172	1	0	2	1.4135642654347136
49483.4400602524	1000.0	1343.197266302233	0.0	0	0.0	1826.637326554628	1	0	2	1.4214414344131518
50235.22104088417	1000.0	1516.2381876072807	0.0	0	0.0	1751.459228491447	1	0	2	1.4283776611210355
51351.10277571704	1000.0	1288.7682792911273	0.0	0	0.0	1639.8710550081523	1	0	2	1.439140267048091
52200.0	1000.0	1439.871055008171	0.0	0	5.610225025258842	1639.871055008145	1	0	1	1.4419721009880895
53200.0	1000.0	1439.8710550081723	0.0	0	120.11792472903471	1639.871055008145	1	0	1	1.6419721009880897
54200.0	1000.0	1439.8710550081662	0.0	0	473.91231925266766	1639.871055008145	1	0	1	1.6419721009880897
55200.0	1000.0	1439.8710550081648	0.0	0	494.0291442003072	1639.871055008145	1	0	1	1.6419721009880897
56200.0	1000.0	1439.8710550081626	0.0	0	481.6450867054882	1639.871055008145	1	0	1	1.6419721009880897
57200.0	1000.0	1439.8710550081635	0.0	0	338.5048626977732	1639.8710550081378	1	0	1	1.6419721009880905
58200.0	1000.0	1439.87105500816	0.0	0	423.7326200121752	1639.871055008145	1	0	1	1.64197210098809
59200.0	1000.0	1439.8710550081682	0.0	0	385.9712376218158	1639.871055008145	1	0	1	1.6419721009880897
60200.0	1000.0	1439.8710550081632	0.0	0	475.1859637177986	1639.871055008145	1	0	1	1.6419721009880897
61200.0	1000.0	1439.8710550081623	0.0	0	484.57133059897023	1639.8710550081378	1	0	1	1.6419721009880905
62200.0	2000.0	1439.8710550081541	0.0	0	272.8329377277114	1639.8710550081305	1	0	1	1.988545691268064
63200.0	2000.0	1439.871055008145	0.0	0	250.34685191716562	1639.8710550081305	1	0	1	2.6816928718280093
64448.85169852548	2000.0	1191.019356482661	0.0	0	0.0	1639.8710550081305	1	0	1	2.6816928718280093
65200.0	1000.0	1439.871055008145	0.0	0	76.92436898617598	1639.8710550081305	1	0	1	0.9488249204281463
66200.0	1000.0	1439.8710550081464	0.0	0	159.38969725859351	1639.8710550081232	1	0	1	1.6419721009880914
67200.0	1000.0	1439.8710550081416	0.0	0	310.0784722482349	1639.871055008116	1	0	1	1.6419721009880923
68773.38436118455	2000.0	866.4866938235689	0.0	0	0.0	1639.8710550080868	1	0	1	1.988545691268067
69215.11748417561	1000.0	1424.753570832503	0.0	0	0.0	1639.8710550080723	1	0	1	0.948824920428152
70200.0	1000.0	1439.8710550081169	0.0	0	425.6367491897545	1639.8710550080723	1	0	1	1.6419721009880972
71200.0	1000.0	1439.8710550081216	0.0	0	518.1937399509625	1639.8710550080723	1	0	1	1.6419721009880972
72200.0	1000.0	1439.871055008116	0.0	0	537.2588810842572	1639.8710550080723	1	0	1	1.6419721009880972
73200.0	1000.0	1439.8710550081237	0.0	0	476.40281642427726	1639.8710550080723	1	0	1	1.6419721009880972
74218.19486590715	2000.0	1421.676189100974	0.0	0	0.0	1639.8710550080577	1	0	1	1.988545691268071
75200.0	2000.0	1439.8710550081419	0.0	0	356.1608851811179	1639.8710550080577	1	0	1	2.6816928718280164
76200.0	2000.0	1439.871055008139	0.0	0	218.504146447347	1639.8710550080577	1	0	1	2.6816928718280164
78625.3310633196	2000.0	200.0	185.4600083114364	0	0.0	1825.3310633194924	1	0	1	1.5652236217931692
78977.42820226525	300.0	833.8131821888655	19.200031844634452	0	0.0	1811.2413844539988	1	0	2	-2.5942026815020176
79902.77161876814	1000.0	815.9354240357109	0.0	0	0.0	1718.7070428037405	1	0	2	0.22804411287151943
80562.8243053529	1000.0	1155.8827374509533	0.0	0	0.0	1718.707042803755	1	0	1	1.4340885022085286
81200.0	1000.0	1518.7070428038526	0.0	0	74.0075876932533	1718.707042803755	1	0	1	1.6340885022085287
82200.0	1000.0	1518.7070428038528	0.0	0	218.12087198614608	1718.707042803755	1	0	1	1.6340885022085287
83200.0	1000.0	1518.7070428038444	0.0	0	419.7897018114745	1718.707042803755	1	0	1	1.6340885022085287
84200.0	1000.0	1518.707042803836	0.0	0	311.15898302818823	1718.707042803755	1	0	1	1.6340885022085287
85200.0	1000.0	1518.707042803849	0.0	0	418.3459360816487	1718.707042803755	1	0	1	1.6340885022085287
86200.0	1000.0	1518.7070428038448	0.0	0	207.15153034726973	1718.707042803755	1	0	1	1.6340885022085287
87200.0	1000.0	1518.7070428038498	0.0	0	161.13134775937942	1718.7070428037696	1	0	1	1.6340885022085276
88200.0	1000.0	1518.7070428038517	0.0	0	177.23325271367503	1718.7070428037696	1	0	1	1.6340885022085272
89200.0	1000.0	1518.7070428038494	0.0	0	118.32659105547646	1718.707042803755	1	0	1	1.6340885022085287
90200.0	1000.0	1518.7070428038394	0.0	0	105.08462212733866	1718.7070428037696	1	0	1	1.6340885022085272
91200.0	1000.0	1518.7070428038385	0.0	0	437.2092614490102	1718.7070428037696	1	0	1	1.6340885022085272
92200.0	1000.0	1518.7070428038346	0.0	0	214.46527601887647	1718.7070428037696	1	0	1	1.6340885022085272
93200.0	1000.0	1518.7070428038335	0.0	0	153.20564302810817	1718.7070428037696	1	0	1	1.6340885022085272
94200.0	1000.0	1518.7070428038376	0.0	0	455.79193614541146	1718.7070428037696	1	0	1	1.6340885022085272
95200.0	1000.0	1518.7070428038403	0.0	0	316.8881213307468	1718.7070428037696	1	0	1	1.6340885022085272
96200.0	1000.0	1518.7070428038346	0.0	0	487.0097497830575	1718.7070428037696	1	0	1	1.6340885022085272
97200.0	1000.0	1518.7070428038273	0.0	0	261.8263014909171	1718.707042803755	1	0	1	1.6340885022085287
98200.0	1000.0	1518.7070428038392	0.0	0	463.03731586190406	1718.7070428037696	1	0	1	1.6340885022085272
99200.0	1000.0	1518.7070428038548	0.0	0	539.5032710851519	1718.7070428037696	1	0	1	1.6340885022085272
100200.0	1000.0	1518.7070428038467	0.0	0	507.79216737661045	1718.7070428037696	1	0	1	1.6340885022085272
101200.0	1000.0	1518.7070428038417	0.0	0	288.26299392232613	1718.7070428037696	1	0	1	1.6340885022085272
102200.0	1000.0	1518.7070428038462	0.0	0	362.8154328364326	1718.7070428037696	1	0	1	1.6340885022085272
103568.97961573492	2000.0	1149.7274270689386	0.0	0	0.0	1718.7070428037696	1	0	1	1.9806620924885001
104329.50481011765	1000.0	1389.2022326862127	0.0	0	0.0	1718.7070428037841	1	0	1	0.9409413216485807
105200.0	1000.0	1518.7070428038778	0.0	0	262.7888939579425	1718.7070428037841	1	0	1	1.6340885022085259
106587.80076328831	2000.0	1130.9062795155685	0.0	0	0.0	1718.7070428037841	1	0	1	1.9806620924884983
107200.0	1000.0	1518.7070428038878	0.0	0	137.48991459705576	1718.7070428037841	1	0	1	0.9409413216485807
108200.0	1000.0	1518.7070428038892	0.0	0	312.53597330841876	1718.7070428037696	1	0	1	1.6340885022085272
109803.25872879213	2000.0	915.4483140117751	0.0	0	0.0	1718.7070428037841	1	0	1	1.9806620924884983
110484.97571228215	1000.0	1233.7313305217506	0.0	0	0.0	1718.7070428037841	1	0	1	0.9409413216485807
111200.0	1000.0	1518.7070428038903	0.0	0	141.8993503027159	1718.7070428037987	1	0	1	1.6340885022085243
112200.0	1000.0	1518.7070428038844	0.0	0	404.9974066376162	1718.7070428037841	1	0	1	1.6340885022085259
113200.0	1000.0	1518.7070428038978	0.0	0	496.61404908337863	1718.7070428037841	1	0	1	1.6340885022085259
114289.13198494431	2000.0	1429.575057859586	0.0	0	0.0	1718.7070428037841	1	0	1	1.9806620924884983
115200.0	1000.0	1518.7070428038908	0.0	0	55.81624892396212	1718.7070428037841	1	0	1	0.9409413216485807
116200.0	1000.0	1518.707042803881	0.0	0	133.28447608600254	1718.7070428037841	1	0	1	1.6340885022085259
117200.0	1000.0	1518.7070428038874	0.0	0	195.679254566101	1718.7070428037841	1	0	1	1.6340885022085259
118200.0	1000.0	1518.7070428038867	0.0	0	226.69742766217678	1718.7070428037841	1	0	1	1.6340885022085259
119336.46223813813	1000.0	1382.244804665738	0.0	0	0.0	1718.7070428037841	1	0	1	1.6340885022085259
120200.0	1000.0	1518.7070428038676	0.0	0	40.530703372787684	1718.7070428037696	1	0	1	1.6340885022085272
121200.0	1000.0	1518.707042803877	0.0	0	380.0934294760955	1718.7070428037696	1	0	1	1.6340885022085272
122200.0	1000.0	1518.7070428038792	0.0	0	183.34013357078948	1718.7070428037696	1	0	1	1.6340885022085272
123200.0	1000.0	1518.7070428038862	0.0	0	376.0972617180523	1718.7070428037696	1	0	1	1.6340885022085272
124200.0	1000.0	1518.7070428038717	0.0	0	171.7835180865368	1718.7070428037696	1	0	1	1.6340885022085272
125200.0	1000.0	1518.7070428038828	0.0	0	201.31820321196574	1718.7070428037696	1	0	1	1.6340885022085272
126200.0	1000.0	1518.7070428038912	0.0	0	159.20091951235372	1718.7070428037696	1	0	1	1.6340885022085272
127200.0	1000.0	1518.7070428038942	0.0	0	244.43150615424383	1718.7070428037696	1	0	1	1.6340885022085272
128200.0	1000.0	1518.7070428038808	0.0	0	132.7542473099602	1718.7070428037696	1	0	1	1.6340885022085272
129328.8075291733	1000.0	1389.899513630593	0.0	0	0.0	1718.7070428037696	1	0	1	1.6340885022085272
130200.0	1000.0	1518.707042803904	0.0	0	22.18473844428081	1718.7070428037841	1	0	1	1.6340885022085259
131200.0	1000.0	1518.7070428039149	0.0	0	153.35247366943804	1718.7070428037841	1	0	1	1.6340885022085259
132200.0	1000.0	1518.7070428039096	0.0	0	531.3593393830524	1718.7070428037841	1	0	1	1.6340885022085265
133200.0	1000.0	1518.707042803925	0.0	0	542.9510427008208	1718.7070428038132	1	0	1	1.6340885022085236
134200.0	1000.0	1518.707042803949	0.0	0	313.9096474397811	1718.7070428038132	1	0	1	1.634088502208523
135951.13322719207	2000.0	767.5738156118543	0.0	0	0.0	1718.7070428037841	1	0	1	1.9806620924884983
136394.48959825974	1000.0	1324.2174445441844	0.0	0	0.0	1718.7070428037841	1	0	1	0.9409413216485807
137200.0	1000.0	1518.7070428039408	0.0	0	330.8624128017109	1718.7070428038132	1	0	1	1.634088502208523
138200.0	1000.0	1518.707042803966	0.0	0	561.1700671657454	1718.7070428038423	1	0	1	1.6340885022085199
139200.0	1000.0	1518.7070428039551	0.0	0	440.422373747715	1718.7070428038423	1	0	1	1.6340885022085199
140200.0	2000.0	1518.707042803944	0.0	0	151.2245856638183	1718.7070428038423	1	0	1	1.980662092488493
141402.54535221355	2000.0	1316.1616905904066	0.0	0	0.0	1718.7070428038423	1	0	1	2.673809273048438
142200.0	2000.0	1518.707042803964	0.0	0	9.85602471261518	1718.7070428038423	1	0	1	2.673809273048438
143200.0	2000.0	1518.707042803952	0.0	0	16.994131147133885	1718.7070428038423	1	0	1	2.673809273048438
145378.87316190207	3000.0	339.8338809018792	0.0	0	0.0	1718.7070428038423	1	0	1	2.8765418271025194
145748.66715446222	500.0	970.039888341753	0.0	0	0.0	1718.7070428038423	1	0	1	-1.197391737859453
146200.0	1000.0	1518.7070428039806	0.0	0	9.764682587177958	1718.7070428038423	1	0	1	0.9409413216485746
147200.0	2000.0	1518.7070428040136	0.0	0	130.3316590283648	1718.7070428038423	1	0	1	1.980662092488493
148200.0	2000.0	1518.7070428040076	0.0	0	99.58491143069114	1718.7070428038714	1	0	1	2.673809273048435
149200.0	1000.0	1518.707042803992	0.0	0	59.445053986652056	1718.7070428038714	1	0	1	0.940941321648572
150200.0	1000.0	1518.7070428039506	0.0	0	285.64434154858463	1718.7070428038423	1	0	1	1.6340885022085199
151234.85845954652	2000.0	1483.8485832573979	0.0	0	0.0	1718.7070428038423	1	0	1	1.980662092488493
152200.0	1000.0	1518.7070428039463	0.0	0	403.0695124978665	1718.7070428038714	1	0	1	0.940941321648572
153200.0	1000.0	1518.7070428039822	0.0	0	261.4939361476281	1718.7070428038714	1	0	1	1.6340885022085172
154200.0	1000.0	1518.7070428039735	0.0	0	332.89857211662456	1718.7070428038714	1	0	1	1.6340885022085172
155200.0	2000.0	1518.7070428039572	0.0	0	44.505595424503554	1718.7070428038714	1	0	1	1.98066209248849
156200.0	1000.0	1518.7070428039337	0.0	0	542.1894188477308	1718.7070428038714	1	0	1	0.940941321648572
157200.0	2000.0	1518.7070428039342	0.0	0	367.3145186828624	1718.7070428038714	1	0	1	1.98066209248849
158308.43510236667	3000.0	1410.2719404372733	0.0	0	0.0	1718.7070428038714	1	0	1	2.876541827102517
159758.56605588496	2000.0	960.1409869189818	0.0	0	0.0	1718.7070428038714	1	0	1	2.2683441649402702
160322.16562468992	1000.0	1396.5414181140288	0.0	0	0.0	1718.7070428038423	1	0	1	0.9409413216485748
161200.0	2000.0	1518.707042803963	0.0	0	4.964217479573563	1718.7070428038423	1	0	1	1.980662092488493
162333.10941314872	2000.0	1385.5976296552406	0.0	0	0.0	1718.7070428038423	1	0	1	2.673809273048438
163200.0	1000.0	1518.7070428039744	0.0	0	410.9662856186915	1718.7070428038423	1	0	1	0.9409413216485748
164200.0	1000.0	1518.707042803991	0.0	0	213.84901109719067	1718.7070428038714	1	0	1	1.6340885022085172
165200.0	1000.0	1518.7070428039779	0.0	0	381.9903916474432	1718.7070428038423	1	0	1	1.6340885022085199
166200.0	2000.0	1518.7070428039533	0.0	0	237.94515936734388	1718.7070428038132	1	0	1	1.9806620924884957
167200.0	2000.0	1518.707042803986	0.0	0	244.4668627855135	1718.7070428038423	1	0	1	2.673809273048438
168200.0	2000.0	1518.7070428039854	0.0	0	274.10561320750276	1718.7070428038423	1	0	1	2.673809273048438
169359.60386391653	2000.0	1359.1031788874693	0.0	0	0.0	1718.7070428038423	1	0	1	2.673809273048438
170945.16245799034	3000.0	773.5445848136785	0.0	0	0.0	1718.7070428038423	1	0	1	2.8765418271025203
171389.4074712577	1000.0	1329.299571546312	0.0	0	0.0	1718.7070428038423	1	0	1	0.5354762135404102
173395.04974219127	3000.0	323.65730061275366	0.0	0	0.0	1718.7070428038423	1	0	1	2.1833946465425753
173741.84365686748	500.0	976.8633859365773	0.0	0	0.0	1718.7070428038423	1	0	1	-1.197391737859453
174253.28413317265	1000.0	1465.4229096314102	0.0	0	0.0	1718.7070428038714	1	0	1	0.9409413216485718
175616.6656220434	2000.0	1102.0414207606489	0.0	0	0.0	1718.7070428038714	1	0	1	1.98066209248849
176246.97397322464	1000.0	1471.733069579395	0.0	0	0.0	1718.7070428038714	1	0	1	0.940941321648572
177200.0	1000.0	1518.7070428040447	0.0	0	217.28729079134064	1718.7070428038714	1	0	1	1.6340885022085172
178200.0	1000.0	1518.7070428040283	0.0	0	554.4296237104572	1718.7070428038714	1	0	1	1.6340885022085172
179200.0	1000.0	1518.7070428040374	0.0	0	192.7196649349935	1718.7070428038714	1	0	1	1.6340885022085172
180200.0	1000.0	1518.7070428040638	0.0	0	321.05574285032344	1718.7070428038714	1	0	1	1.6340885022085172
181200.0	1000.0	1518.7070428040774	0.0	0	571.3236657851085	1718.7070428038714	1	0	1	1.6340885022085172
182200.0	1000.0	1518.7070428040538	0.0	0	594.1906207191059	1718.7070428038423	1	0	1	1.6340885022085199
183200.0	2000.0	1518.7070428040568	0.0	0	53.27212113386486	1718.7070428038714	1	0	1	1.9806620924884903
184200.0	2000.0	1518.7070428040565	0.0	0	204.87035014430876	1718.7070428038714	1	0	1	2.673809273048435
185200.0	2000.0	1518.7070428040154	0.0	0	123.70136899439967	1718.7070428038423	1	0	1	2.673809273048437
186514.48642203122	3000.0	1204.2206207728057	0.0	0	0.0	1718.7070428038423	1	0	1	2.8765418271025203
187355.22704551398	2000.0	1363.479997290047	0.0	0	0.0	1718.7070428038423	1	0	1	2.2683441649402734
188301.86326117962	2000.0	1416.8437816243948	0.0	0	0.0	1718.7070428038423	1	0	1	2.673809273048438
189421.29316297462	2000.0	1297.4138798294277	0.0	0	0.0	1718.7070428038423	1	0	1	2.673809273048438
190362.50726624913	2000.0	1356.1997765549092	0.0	0	0.0	1718.7070428038423	1	0	1	2.673809273048438
191200.0	2000.0	1518.7070428040295	0.0	0	173.35080360012944	1718.7070428038714	1	0	1	2.6738092730484357
192997.76257101298	3000.0	720.9444717910326	0.0	0	0.0	1718.7070428038714	1	0	1	2.876541827102517
193626.16375270177	1000.0	1092.5432901022218	0.0	0	0.0	1718.7070428038423	1	0	1	0.5354762135404102
194482.16489078628	1000.0	1236.5421520177151	0.0	0	0.0	1718.7070428038423	1	0	1	1.6340885022085199
195426.52934198006	1000.0	1292.1777008239508	0.0	0	0.0	1718.7070428038423	1	0	1	1.6340885022085199
196320.90606701453	1000.0	1397.8009757894938	0.0	0	0.0	1718.7070428038132	1	0	1	1.634088502208523
197200.0	1000.0	1518.707042804033	0.0	0	138.0489547813777	1718.7070428038132	1	0	1	1.634088502208523
198200.0	1000.0	1518.707042804016	0.0	0	434.357599925861	1718.7070428038132	1	0	1	1.634088502208523
199200.0	1000.0	1518.7070428040122	0.0	0	264.19604169082595	1718.7070428038132	1	0	1	1.634088502208523
200200.0	1000.0	1518.7070428040017	0.0	0	146.03205419238657	1718.7070428038132	1	0	1	1.634088502208523
201200.0	1000.0	1518.7070428039838	0.0	0	50.11988951382227	1718.7070428038132	1	0	1	1.634088502208523
202200.0	1000.0	1518.7070428039706	0.0	0	325.1898165017483	1718.7070428038423	1	0	1	1.6340885022085199
203200.0	1000.0	1518.7070428039838	0.0	0	536.7396490433603	1718.7070428038423	1	0	1	1.6340885022085199
204200.0	1000.0	1518.707042803973	0.0	0	517.1763686847116	1718.7070428038423	1	0	1	1.6340885022085199
205200.0	1000.0	1518.70704280398	0.0	0	235.82053140448988	1718.7070428038714	1	0	1	1.6340885022085172
206200.0	1000.0	1518.7070428039726	0.0	0	366.1338795410411	1718.7070428038714	1	0	1	1.6340885022085172
207200.0	1000.0	1518.7070428039542	0.0	0	441.89178911218187	1718.7070428038714	1	0	1	1.6340885022085172
208200.0	1000.0	1518.7070428039176	0.0	0	406.0699707568565	1718.7070428038714	1	0	1	1.6340885022085172
209200.0	1000.0	1518.7070428039287	0.0	0	616.7956096320995	1718.7070428038714	1	0	1	1.6340885022085172
210200.0	1000.0	1518.7070428039483	0.0	0	436.3517443969904	1718.7070428038423	1	0	1	1.6340885022085199
211200.0	2000.0	1518.707042803942	0.0	0	53.572902311367216	1718.7070428038423	1	0	1	1.980662092488493
212316.59323165118	2000.0	1402.1138111527641	0.0	0	0.0	1718.7070428038423	1	0	1	2.673809273048438
213878.90168853966	2000.0	839.8053542642792	0.0	0	0.0	1718.7070428038714	1	0	1	2.673809273048435
214446.08844357965	1000.0	1272.6185992242868	0.0	0	0.0	1718.7070428038714	1	0	1	0.940941321648572
215200.0	1000.0	1518.707042803924	0.0	0	214.70113291189773	1718.7070428038423	1	0	1	1.6340885022085199
216200.0	1000.0	1518.7070428039356	0.0	0	163.77573808652232	1718.7070428038423	1	0	1	1.6340885022085199
217567.36719132314	2000.0	1151.3398514807993	0.0	0	0.0	1718.7070428038423	1	0	1	1.980662092488493
218200.0	1000.0	1518.7070428039158	0.0	0	30.824930018512532	1718.7070428038132	1	0	1	0.9409413216485778
219200.0	1000.0	1518.7070428039174	0.0	0	443.4304345022829	1718.7070428038132	1	0	1	1.634088502208523
220200.0	1000.0	1518.7070428039012	0.0	0	447.24161411609384	1718.7070428037841	1	0	1	1.6340885022085259
221200.0	1000.0	1518.7070428038721	0.0	0	389.3671901032794	1718.7070428037841	1	0	1	1.6340885022085259
222200.0	2000.0	1518.7070428038473	0.0	0	38.65462052807561	1718.7070428037841	1	0	1	1.9806620924884983
223200.0	2000.0	1518.707042803849	0.0	0	335.695656916796	1718.7070428037841	1	0	1	2.6738092730484437
224200.0	2000.0	1518.7070428038242	0.0	0	152.25103991988	1718.7070428037841	1	0	1	2.6738092730484437
225221.15780417205	2000.0	1497.549238631786	0.0	0	0.0	1718.7070428037841	1	0	1	2.6738092730484437
227097.44570296214	2000.0	621.2613398417236	0.0	0	0.0	1718.7070428038132	1	0	1	2.673809273048441
228225.42930343252	1000.0	493.27773937132645	0.0	0	0.0	1718.7070428038423	1	0	1	0.9409413216485755
228750.83379436185	500.0	967.8732484420194	0.0	0	0.0	1718.7070428038423	1	0	1	-0.09877944919134346
229269.0128761764	1000.0	1449.6941666274552	0.0	0	0.0	1718.7070428038132	1	0	1	0.9409413216485776
230200.0	1000.0	1518.7070428038708	0.0	0	261.49584065473755	1718.7070428038132	1	0	1	1.634088502208523
231200.0	1000.0	1518.7070428038442	0.0	0	66.26251401635818	1718.7070428038132	1	0	1	1.634088502208523
232200.0	1000.0	1518.7070428037873	0.0	0	155.63734424018185	1718.7070428037841	1	0	1	1.6340885022085259
233200.0	1000.0	1518.7070428037543	0.0	0	95.61907518733642	1718.707042803755	1	0	1	1.6340885022085283
234822.25535821318	2000.0	896.4516845905682	0.0	0	0.0	1718.707042803755	1	0	1	1.9806620924885012
235549.83149694765	1000.0	1168.8755458560825	0.0	0	0.0	1718.707042803755	1	0	1	0.9409413216485837
236200.0	1000.0	1518.707042803746	0.0	0	120.00205401907442	1718.707042803755	1	0	1	1.6340885022085287
237200.0	1000.0	1518.7070428037507	0.0	0	221.6408188350324	1718.707042803755	1	0	1	1.6340885022085287
238362.5632875617	1000.0	1356.1437552420477	0.0	0	0.0	1718.707042803755	1	0	1	1.6340885022085287
239200.0	1000.0	1518.7070428037505	0.0	0	110.02867513234378	1718.707042803755	1	0	1	1.6340885022085287
240200.0	1000.0	1518.7070428037364	0.0	0	449.41539094565087	1718.7070428037841	1	0	1	1.6340885022085259
241200.0	1000.0	1518.7070428037418	0.0	0	350.2225820214953	1718.7070428037841	1	0	1	1.6340885022085259
242200.0	1000.0	1518.7070428037339	0.0	0	241.19686824528617	1718.7070428038132	1	0	1	1.634088502208524
243200.0	1000.0	1518.7070428037632	0.0	0	218.05479582835687	1718.7070428038132	1	0	1	1.634088502208523
244200.0	1000.0	1518.707042803754	0.0	0	427.5983766130521	1718.7070428038132	1	0	1	1.634088502208523
245200.0	1000.0	1518.707042803778	0.0	0	515.4756739206205	1718.7070428038132	1	0	1	1.634088502208523
246200.0	1000.0	1518.7070428037673	0.0	0	371.5489118238329	1718.7070428038423	1	0	1	1.6340885022085199
247200.0	1000.0	1518.707042803783	0.0	0	228.7825105858792	1718.7070428038714	1	0	1	1.6340885022085172
248200.0	2000.0	1518.7070428038128	0.0	0	131.58906407334143	1718.7070428038714	1	0	1	1.98066209248849
249222.06079505733	2000.0	1496.6462477464866	0.0	0	0.0	1718.7070428039005	1	0	1	2.673809273048432
250200.0	1000.0	1518.707042803797	0.0	0	389.1936955843121	1718.7070428039297	1	0	1	0.9409413216485663
251200.0	1000.0	1518.7070428038076	0.0	0	312.84286037946003	1718.7070428039005	1	0	1	1.634088502208514
252652.74704704827	2000.0	1065.9599957555629	0.0	0	0.0	1718.7070428038714	1	0	1	1.98066209248849
253393.5184051763	1000.0	1325.1886376275431	0.0	0	0.0	1718.7070428038423	1	0	1	0.9409413216485748
254200.0	1000.0	1518.7070428038337	0.0	0	163.5469929734536	1718.7070428038423	1	0	1	1.6340885022085199
255509.97192719582	2000.0	1208.7351156080076	0.0	0	0.0	1718.7070428038714	1	0	1	1.98066209248849
256200.0	1000.0	1518.7070428038382	0.0	0	20.80154327204218	1718.7070428038714	1	0	1	0.940941321648572
257200.0	1000.0	1518.7070428038476	0.0	0	553.3162536679301	1718.7070428038714	1	0	1	1.6340885022085172
258699.75662036458	2000.0	1018.9504224392691	0.0	0	0.0	1718.7070428038714	1	0	1	1.98066209248849
259395.3730482636	1000.0	1323.33399454024	0.0	0	0.0	1718.7070428038714	1	0	1	0.940941321648572
260200.0	1000.0	1518.7070428038803	0.0	0	81.18669715561555	1718.7070428038714	1	0	1	1.6340885022085172
261200.0	1000.0	1518.707042803923	0.0	0	250.91292582222377	1718.7070428038714	1	0	1	1.6340885022085172
262200.0	1000.0	1518.707042803909	0.0	0	329.5242672289023	1718.7070428038714	1	0	1	1.6340885022085172
263701.536963049	2000.0	1017.1700797550232	0.0	0	0.0	1718.7070428039588	1	0	1	1.9806620924884846
264611.7942735588	1000.0	1106.9127692452057	0.0	0	0.0	1718.7070428039297	1	0	1	0.9409413216485663
265486.9316595331	1000.0	1231.77538327088	0.0	0	0.0	1718.7070428039297	1	0	1	1.6340885022085114
266656.7434479146	1000.0	1061.9635948894008	0.0	0	0.0	1718.7070428039297	1	0	1	1.6340885022085114
267596.5810899132	1000.0	1122.1259528907494	0.0	0	0.0	1718.7070428038714	1	0	1	1.6340885022085172
268483.3449495195	1000.0	1235.3620932844321	0.0	0	0.0	1718.7070428038132	1	0	1	1.634088502208523
269382.83935411874	1000.0	1335.8676886851235	0.0	0	0.0	1718.7070428038132	1	0	1	1.634088502208523
270200.0	1000.0	1518.7070428038246	0.0	0	207.27425015589688	1718.7070428038132	1	0	1	1.634088502208523
271200.0	1000.0	1518.7070428038678	0.0	0	451.62420757173095	1718.7070428038132	1	0	1	1.634088502208523
272200.0	1000.0	1518.7070428038178	0.0	0	130.91689579508966	1718.7070428038132	1	0	1	1.634088502208523
273417.3042168624	1000.0	1301.4028259414379	0.0	0	0.0	1718.7070428038132	1	0	1	1.634088502208523
274200.0	1000.0	1518.7070428038403	0.0	0	2.537865833903197	1718.7070428038714	1	0	1	1.6340885022085172
275200.0	1000.0	1518.7070428038496	0.0	0	197.49483595974743	1718.7070428038714	1	0	1	1.6340885022085172
276200.0	1000.0	1518.707042803886	0.0	0	299.45733023871435	1718.7070428038714	1	0	1	1.6340885022085172
277402.4135944374	1000.0	1316.2934483664742	0.0	0	0.0	1718.7070428038714	1	0	1	1.6340885022085172
278512.2199286451	1000.0	1206.487114158767	0.0	0	0.0	1718.7070428038714	1	0	1	1.6340885022085172
279365.0412819817	1000.0	1353.6657608222558	0.0	0	0.0	1718.7070428038714	1	0	1	1.6340885022085172
280200.0	1000.0	1518.707042803972	0.0	0	159.9824193980894	1718.7070428038714	1	0	1	1.6340885022085172
281200.0	1000.0	1518.7070428040033	0.0	0	388.221065682068	1718.7070428039297	1	0	1	1.6340885022085114
282200.0	1000.0	1518.7070428040336	0.0	0	539.7793936808594	1718.7070428039297	1	0	1	1.6340885022085114
283200.0	1000.0	1518.7070428040429	0.0	0	381.80798691452947	1718.7070428039879	1	0	1	1.6340885022085057
284946.7079255202	2000.0	771.9991172838735	0.0	0	0.0	1718.7070428039879	1	0	1	1.980662092488478
285378.46431332524	1000.0	1340.24272947888	0.0	0	0.0	1718.7070428039879	1	0	1	0.9409413216485604
286200.0	1000.0	1518.7070428041093	0.0	0	179.73075069818879	1718.7070428039297	1	0	1	1.6340885022085103
287200.0	1000.0	1518.7070428041231	0.0	0	394.95507575495867	1718.7070428039297	1	0	1	1.6340885022085114
288200.0	1000.0	1518.707042804183	0.0	0	407.8862554591615	1718.7070428039297	1	0	1	1.6340885022085114
289287.759613928	2000.0	1430.9474288761783	0.0	0	0.0	1718.7070428039879	1	0	1	1.980662092488479
290341.9820052114	2000.0	1376.7250375927088	0.0	0	0.0	1718.7070428039879	1	0	1	2.6738092730484233
291200.0	2000.0	1518.7070428041175	0.0	0	178.06514150783187	1718.7070428039879	1	0	1	2.6738092730484233
292200.0	2000.0	1518.7070428041416	0.0	0	39.2894868181902	1718.707042804046	1	0	1	2.6738092730484184
293200.0	2000.0	1518.707042804131	0.0	0	38.164063377538696	1718.707042804046	1	0	1	2.6738092730484175
294745.8708954445	2000.0	972.8361473596436	0.0	0	0.0	1718.707042804046	1	0	1	2.6738092730484175
295356.15652983263	1000.0	1362.5505129714586	0.0	0	0.0	1718.707042804046	1	0	1	0.9409413216485545
296310.6773086995	2000.0	1408.0297341044877	0.0	0	0.0	1718.707042804046	1	0	1	1.9806620924884724
297200.0	1000.0	1518.7070428040124	0.0	0	408.647176993778	1718.707042804046	1	0	1	0.9409413216485545
298200.0	1000.0	1518.7070428040124	0.0	0	281.1010198397562	1718.707042804046	1	0	1	1.6340885022084997
299200.0	1000.0	1518.707042803994	0.0	0	194.6822886049049	1718.7070428039879	1	0	1	1.6340885022085057
300221.56039141177	2000.0	1497.1466513921619	0.0	0	0.0	1718.7070428039297	1	0	1	1.9806620924884841
301508.6709387658	2000.0	1210.0361040381738	0.0	0	0.0	1718.7070428039879	1	0	1	2.6738092730484233
302200.0	1000.0	1518.7070428039112	0.0	0	105.7989834708278	1718.707042804046	1	0	1	0.9409413216485545
303420.14617566194	2000.0	1298.5608671419932	0.0	0	0.0	1718.707042804046	1	0	1	1.9806620924884724
304200.0	1000.0	1518.707042803902	0.0	0	425.76118839910487	1718.707042804046	1	0	1	0.9409413216485545
305200.0	2000.0	1518.7070428038821	0.0	0	354.92009370721644	1718.707042804046	1	0	1	1.9806620924884724
306200.0	2000.0	1518.7070428038717	0.0	0	65.10291334224166	1718.707042804046	1	0	1	2.6738092730484175
308174.9302042648	3000.0	543.7768385390839	0.0	0	0.0	1718.707042804046	1	0	1	2.8765418271025
308767.393203567	1000.0	951.3138392368302	0.0	0	0.0	1718.707042804046	1	0	1	0.5354762135403899
309482.66084594885	1000.0	1236.0461968549835	0.0	0	0.0	1718.7070428041043	1	0	1	1.6340885022084939
310200.0	1000.0	1518.707042803892	0.0	0	228.1857669557212	1718.7070428041043	1	0	1	1.6340885022084939
311200.0	1000.0	1518.7070428038407	0.0	0	349.08024553675205	1718.7070428041043	1	0	1	1.6340885022084939
312200.0	1000.0	1518.70704280388	0.0	0	372.88465743087	1718.7070428041043	1	0	1	1.6340885022084939
313200.0	1000.0	1518.7070428038264	0.0	0	206.68796085665235	1718.7070428041043	1	0	1	1.6340885022084939
314200.0	1000.0	1518.707042803777	0.0	0	511.1607046747813	1718.707042804046	1	0	1	1.6340885022084997
315200.0	2000.0	1518.7070428037164	0.0	0	101.66338689246913	1718.707042804046	1	0	1	1.9806620924884724
316200.0	2000.0	1518.7070428036668	0.0	0	202.85720704868436	1718.7070428039879	1	0	1	2.6738092730484233
317200.0	3000.0	1518.7070428036732	0.0	0	165.45508948579663	1718.7070428039297	1	0	1	2.8765418271025087
318217.3561607974	2000.0	1501.3508820062782	0.0	0	0.0	1718.7070428039297	1	0	1	2.2683441649402645
319296.59462747973	2000.0	1422.112415323965	0.0	0	0.0	1718.7070428039297	1	0	1	2.673809273048429
320200.0	3000.0	1518.7070428036666	0.0	0	8.026671348372474	1718.7070428039297	1	0	1	2.8765418271025114
321200.0	3000.0	1518.7070428036495	0.0	0	15.13932108139852	1718.7070428039297	1	0	1	3.282006935210676
322724.42456665944	3000.0	994.2824761441907	0.0	0	0.0	1718.7070428039297	1	0	1	3.282006935210676
1.47	2.04	1.58	1.71	2.09	1.6	1.7	1.88	2.41	2.54	2.66	2.24	2.3	2.33	2.05	2.4	2.54	2.68	2.8	2.21	1.36	1.47	1.04	1.45	1.63	1.71	1.01	1.03	1.37	1.88	2.29	1.55	1.75	1.63	1.75	2.07	2.26	2.58	2.63	1.93	1.1	1.38	2.07	0.88	1.56	1.98	1.99	2.08	1.89	2.21	2.69	2.73	1.53	1.16	0.82	1.12	1.74	1.48	1.39	1.48	1.51	1.64	1.45	1.6	1.07	1.14	1.78	1.86	1.47	1.47	1.95	2.43	2.06	1.32	1.76	1.81	2.0	1.26	1.2	1.4	1.9	1.7	1.83	2.2	1.78	1.3	1.48	1.78	1.62	1.73	1.12	1.04	1.22	1.04	1.36	0.9	1.59	1.48	1.56	1.04	1.12	1.26	1.58	1.1	1.01	1.09	1.39	1.83	2.27	1.26	1.16	1.36	1.99	2.05	2.26	2.75	2.1	2.28	2.2	2.28	1.62	1.76	1.85	1.84	1.45	1.4	1.39	1.58	1.56	1.92	2.27	2.92	3.06	2.7	1.66	1.53	1.61	1.99	1.81	1.47	2.07	2.73	3.34	3.7	2.33	1.84	2.32	2.85	2.11	1.03	1.47	2.04	1.58	1.71	2.09	1.6	1.7	1.88	2.41	2.54	2.66	2.24	2.3	2.33	2.05	2.4	2.54	2.68	2.8	2.21	1.36	1.47	1.04	1.45	1.63	1.71	1.01	1.03	1.37	1.88	2.29	1.55	1.75	1.63	1.75	2.07	2.26	2.58	2.63	1.93	1.1	1.38	2.07	0.88	1.56	1.98	1.99	2.08	1.89	2.21	2.69	2.73	1.53	1.16	0.82	1.12	1.74	1.48	1.39	1.48	1.51	1.64	1.45	1.6	1.07	1.14	1.78	1.86	1.47	1.47	1.95	2.43	2.06	1.32	1.76	1.81	2.0	1.26	1.2	1.4	1.9	1.7	1.83	2.2	1.78	1.3	1.48	1.78	1.62	1.73	1.12	1.04	1.22	1.04	1.36	0.9	1.59	1.48	1.56	1.04	1.12	1.26	1.58	1.1	1.01	1.09	1.39	1.83	2.27	1.26	1.16	1.36	1.99	2.05	2.26	2.75	2.1	2.28	2.2	2.28	1.62	1.76	1.85	1.84	1.45	1.4	1.39	1.58	1.56	1.92	2.27	2.92	3.06	2.7	1.66	1.53	1.61	1.99	1.81	1.47	2.07	2.73	3.34	3.7	2.33	1.84	2.32	2.85	2.11	1.03	1.47	2.04	1.58	1.71	2.09	1.6	1.7	1.88	2.41	2.54	2.66	2.24	2.3	2.33	2.05	2.4	2.54	2.68	2.8	2.21	1.36	1.47	1.04	1.45
1.0	2.0	3.0	4.0	5.0	6.0	7.0	8.0	9.0	10.0	11.0	12.0	13.0	14.0	15.0	16.0	17.0	18.0	19.0	20.0	21.0	22.0	23.0	24.0	25.0	26.0	27.0	28.0	29.0	30.0	31.0	32.0	33.0	34.0	35.0	36.0	37.0	38.0	39.0	40.0	41.0	42.0	43.0	44.0	45.0	46.0	47.0	48.0	49.0	50.0	51.0	52.0	53.0	54.0	55.0	56.0	57.0	58.0	59.0	60.0	61.0	62.0	63.0	64.0	65.0	66.0	67.0	68.0	69.0	70.0	71.0	72.0	73.0	74.0	75.0	76.0	77.0	78.0	79.0	80.0	81.0	82.0	83.0	84.0	85.0	86.0	87.0	88.0	89.0	90.0	91.0	92.0	93.0	94.0	95.0	96.0	97.0	98.0	99.0	100.0	101.0	102.0	103.0	104.0	105.0	106.0	107.0	108.0	109.0	110.0	111.0	112.0	113.0	114.0	115.0	116.0	117.0	118.0	119.0	120.0	121.0	122.0	123.0	124.0	125.0	126.0	127.0	128.0	129.0	130.0	131.0	132.0	133.0	134.0	135.0	136.0	137.0	138.0	139.0	140.0	141.0	142.0	143.0	144.0	145.0	146.0	147.0	148.0	149.0	149.0	150.0	151.0	152.0	153.0	154.0	155.0	156.0	157.0	158.0	159.0	160.0	161.0	162.0	163.0	164.0	165.0	166.0	167.0	168.0	169.0	170.0	171.0	172.0	173.0	174.0	175.0	176.0	177.0	178.0	179.0	180.0	181.0	182.0	183.0	184.0	185.0	186.0	187.0	188.0	189.0	190.0	191.0	192.0	193.0	194.0	195.0	196.0	197.0	198.0	199.0	200.0	201.0	202.0	203.0	204.0	205.0	206.0	207.0	208.0	209.0	210.0	211.0	212.0	213.0	214.0	215.0	216.0	217.0	218.0	219.0	220.0	221.0	222.0	223.0	224.0	225.0	226.0	227.0	228.0	229.0	230.0	231.0	232.0	233.0	234.0	235.0	236.0	237.0	238.0	239.0	240.0	241.0	242.0	243.0	244.0	245.0	246.0	247.0	248.0	249.0	250.0	251.0	252.0	253.0	254.0	255.0	256.0	257.0	258.0	259.0	260.0	261.0	262.0	263.0	264.0	265.0	266.0	267.0	268.0	269.0	270.0	271.0	272.0	273.0	274.0	275.0	276.0	277.0	278.0	279.0	280.0	281.0	282.0	283.0	284.0	285.0	286.0	287.0	288.0	289.0	290.0	291.0	292.0	293.0	294.0	295.0	296.0	297.0	298.0	298.0	299.0	300.0	301.0	302.0	303.0	304.0	305.0	306.0	307.0	308.0	309.0	310.0	311.0	312.0	313.0	314.0	315.0	316.0	317.0	318.0	319.0	320.0	321.0	322.0
2558.190047753348
