2315.61811536268	300.0	2000.0	130.90695970388913	0	0.0	2315.61811536268	1	0	1	-1.014055809800264
5200.0	2000.0	328.8490869687383	284.7718972443077	0	186.45917503791134	528.8490869687384	1	0	2	-1.2163944968729279
6200.0	500.0	2428.849086968738	0.0	0	712.2600733242562	2628.849086968738	1	0	0	-1.2789408341677784
9200.0	3000.0	422.91665516281626	85.51597108552602	0	86.98889014863198	622.916655162815	1	0	2	0.48390414735057674
10200.0	500.0	2522.9166551628155	0.0	0	847.311802699729	2722.916655162815	1	0	0	-1.6938126990953508
13332.693385649936	3000.0	290.572435744087	12.380458905637454	0	0.0	623.2658213940231	1	0	2	0.9221975143649606
14200.0	500.0	2509.996482829029	0.0	0	619.8365479243239	2709.9964828290285	1	0	0	-1.6926690697347961
18012.838902194882	3000.0	200.0	621.9330087139479	0	0.0	1212.8389021948824	1	0	2	-2.769078121973047
18236.22814186759	300.0	2998.9496842945646	0.0	0	0.0	3235.177826162155	1	0	0	-3.025583799480164
21853.58994317149	3000.0	216.2007468059259	0.0	0	0.0	1069.7906899774207	1	0	2	0.4402826732678935
22200.0	300.0	2904.431695660268	0.0	0	215.11134513677098	3104.4316956602706	1	0	0	-3.0110834722494486
25357.40930564427	3000.0	631.2814594515694	0.0	0	0.0	988.6907650958419	1	0	2	0.4497229190666866
26200.0	1000.0	2872.9498345314096	0.0	0	541.519289108197	3072.949834531413	1	0	0	0.0038139938192953138
29345.519172885444	3000.0	612.8787443574222	0.0	0	0.0	958.3979172428699	1	0	2	1.6565255757968318
30200.0	1000.0	2843.845999954319	0.0	0	502.61853604139833	3043.845999954323	1	0	0	0.006673067240689834
33307.90109687937	6000.0	625.1547933870245	0.0	0	0.0	933.0558902663943	1	0	2	2.005730977451569
34200.0	1000.0	2822.265780578458	0.0	0	682.7509767638185	3022.2657805784656	1	0	0	-0.6840865224261764
37418.08915401547	6000.0	482.36771116143956	0.0	0	0.0	900.4568651769223	1	0	2	2.0083168291173896
38200.0	1000.0	2778.6479497753594	0.0	0	490.96003360921895	2978.647949775368	1	0	0	-0.6799979678657503
43197.00155147056	6000.0	200.0	1561.8670516747811	0	0.0	2397.001551470559	1	0	2	-7.479289808690634
44200.0	500.0	96.99999999999588	0.0	0	789.125112025773	297.0	1	0	2	-1.952368214139014
45200.0	1000.0	2196.999999999989	0.0	0	494.020569753804	2397.0	1	0	0	0.47704528836506216
48416.45283228663	3000.0	403.3440493386337	494.9474225944849	0	0.0	819.7968816252614	1	0	2	-1.2990950133600663
49200.0	500.0	2698.151598396601	0.0	0	479.5878943184143	2898.1515983965874	1	0	0	-1.7117197810671083
52496.54529344192	3000.0	271.95177561048513	0.0	0	0.0	768.4970690523842	1	0	2	0.9810914149013533
53200.0	500.0	2638.8425397082133	0.0	0	299.99662247152446	2838.8425397081883	1	0	0	-1.7063462847062396
56808.24947152139	3000.0	200.0	300.21079905937916	0	0.0	1008.2494715213907	1	0	2	-0.8413795873705915
57200.0	300.0	2847.4245243692544	0.0	0	270.58163916610647	3047.4245243692567	1	0	0	-3.005104822392136
60200.0	3000.0	747.4245243692461	0.0	0	261.1853061681686	947.424524369264	1	0	2	0.45306144590802977
61200.0	1000.0	2847.4245243692453	0.0	0	713.7820731071406	3047.424524369264	1	0	0	0.006604465383867775
64436.732795475706	3000.0	487.0184493459682	0.0	0	0.0	923.7512448216949	1	0	2	1.659598504294187
65200.0	1000.0	2800.077965274101	0.0	0	475.0945053980904	3000.0779652741185	1	0	0	0.010944866090704941
70792.46521198515	6000.0	200.0	2137.8488799177985	0	0.0	2992.4652119851526	1	0	2	-10.967338044942059
71200.0	500.0	751.7117331836793	0.0	0	165.0194119590742	951.711733183678	1	0	2	-2.0157361509910876
72200.0	1000.0	2851.711733183681	0.0	0	533.7610585677903	3051.711733183707	1	0	0	0.41157422475308886
75871.94559360022	3000.0	200.0	170.38947252414545	0	0.0	1071.9455936002196	1	0	2	0.625128751304764
76200.0	300.0	2904.751034240188	0.0	0	200.85736974872998	3104.75103424018	1	0	0	-3.011227028689501
79491.88264218447	3000.0	483.6801278372553	0.0	0	0.0	975.562770021701	1	0	2	0.4503966418005362
80200.0	500.0	2846.37450580328	0.0	0	537.7016428919451	3046.374505803251	1	0	0	-1.726563729771383
83200.0	3000.0	746.374505803293	0.0	0	344.67816204605333	946.37450580328	1	0	2	0.9638286203923309
84200.0	1000.0	2846.3745058033055	0.0	0	775.7893170320167	3046.3745058032946	1	0	0	0.006709467240465672
90237.11887717298	6000.0	200.0	2540.414780988155	0	0.0	3437.1188771729794	1	0	2	-13.415627784386432
90573.76970675391	500.0	831.0397640207908	1.2324332362025814	0	0.0	1404.8094707746932	1	0	2	-2.0673186362767506
91200.0	1000.0	1204.8094707747114	0.0	0	7.508876336578396	1404.8094707747077	1	0	1	0.7723310788514881
92739.49046764307	2000.0	665.3190031316607	0.0	0	0.0	1404.8094707747077	1	0	1	2.012051849691406
93244.14583694495	1000.0	1160.6636338297772	0.0	0	0.0	1404.8094707747077	1	0	1	0.9723310788514885
94200.0	1000.0	1204.8094707747246	0.0	0	405.4439674624591	1404.8094707747223	1	0	1	1.6654782594114321
95200.0	1000.0	1204.809470774725	0.0	0	618.5394516794913	1404.8094707747223	1	0	1	1.6654782594114321
96200.0	1000.0	1204.8094707747134	0.0	0	367.2080987708614	1404.8094707747223	1	0	1	1.6654782594114321
98090.66522535974	2000.0	314.144245414962	0.0	0	0.0	1404.8094707747077	1	0	1	2.012051849691406
98487.18180873171	500.0	917.627662042999	0.0	0	0.0	1404.8094707747077	1	0	1	-0.760536872548375
99200.0	1000.0	1204.8094707746993	0.0	0	150.50329080327356	1404.8094707747077	1	0	1	0.9723310788514883
100200.0	1000.0	1204.8094707747025	0.0	0	603.0877389399247	1404.8094707747077	1	0	1	1.6654782594114337
101200.0	1000.0	1204.8094707747016	0.0	0	559.782235520499	1404.8094707747077	1	0	1	1.6654782594114337
102200.0	1000.0	1204.8094707747011	0.0	0	670.7517127344036	1404.8094707747223	1	0	1	1.6654782594114321
103200.0	2000.0	1204.809470774696	0.0	0	191.37120291343308	1404.8094707747223	1	0	1	2.012051849691405
104200.0	2000.0	1204.809470774699	0.0	0	275.8976695404708	1404.8094707747223	1	0	1	2.7051990302513502
105200.0	2000.0	1204.8094707747077	0.0	0	32.430624085478485	1404.8094707747223	1	0	1	2.7051990302513502
106746.29693228936	2000.0	658.5125384853546	0.0	0	0.0	1404.8094707747077	1	0	1	2.7051990302513507
107360.15590135417	1000.0	1044.6535694205413	0.0	0	0.0	1404.8094707747077	1	0	1	0.9723310788514885
108200.0	1000.0	1204.8094707747111	0.0	0	382.77417858880654	1404.8094707747077	1	0	1	1.6654782594114337
109200.0	1000.0	1204.8094707747077	0.0	0	529.3707438542624	1404.8094707747223	1	0	1	1.6654782594114321
110200.0	1000.0	1204.8094707747098	0.0	0	543.9546096356935	1404.8094707747223	1	0	1	1.6654782594114321
111200.0	1000.0	1204.809470774722	0.0	0	518.8431441367284	1404.8094707747223	1	0	1	1.6654782594114321
112911.90634543356	2000.0	492.9031253411532	0.0	0	0.0	1404.8094707747223	1	0	1	2.012051849691405
113374.54179973283	500.0	1030.2676710418878	0.0	0	0.0	1404.8094707747223	1	0	1	-0.7605368725483765
114200.0	1000.0	1204.809470774723	0.0	0	53.84855051184422	1404.8094707747223	1	0	1	0.9723310788514866
115200.0	1000.0	1204.8094707747216	0.0	0	340.9667843620118	1404.8094707747223	1	0	1	1.6654782594114321
116200.0	1000.0	1204.8094707747398	0.0	0	392.832692751952	1404.8094707747223	1	0	1	1.6654782594114321
117200.0	1000.0	1204.8094707747273	0.0	0	508.7817647899501	1404.8094707747223	1	0	1	1.6654782594114321
118200.0	1000.0	1204.809470774706	0.0	0	532.8943499541201	1404.8094707747223	1	0	1	1.6654782594114321
119200.0	2000.0	1204.809470774714	0.0	0	404.8158464795997	1404.8094707747368	1	0	1	2.012051849691403
120331.91905627373	2000.0	1072.8904145009888	0.0	0	0.0	1404.8094707747368	1	0	1	2.7051990302513484
121495.4772028531	2000.0	909.3322679216301	0.0	0	0.0	1404.8094707747368	1	0	1	2.7051990302513484
122200.0	1000.0	1204.8094707747352	0.0	0	330.82232926244615	1404.8094707747368	1	0	1	0.9723310788514854
123200.0	2000.0	1204.8094707747425	0.0	0	350.69170583250525	1404.8094707747514	1	0	1	2.0120518496914017
124200.0	2000.0	1204.809470774749	0.0	0	311.95023606158793	1404.8094707747514	1	0	1	2.7051990302513467
125200.0	2000.0	1204.80947077473	0.0	0	312.7415105176333	1404.8094707747368	1	0	1	2.7051990302513484
126200.0	2000.0	1204.8094707747434	0.0	0	248.3308919305273	1404.8094707747368	1	0	1	2.7051990302513484
128088.79191653084	2000.0	316.0175542438984	0.0	0	0.0	1404.8094707747368	1	0	1	2.7051990302513484
128569.25378082563	500.0	835.5556899491029	0.0	0	0.0	1404.8094707747368	1	0	1	-0.7605368725483783
129344.931619868	1000.0	1059.8778509067229	0.0	0	0.0	1404.8094707747368	1	0	1	0.9723310788514852
130200.0	1000.0	1204.8094707747453	0.0	0	184.20192655756546	1404.8094707747368	1	0	1	1.6654782594114306
131200.0	1000.0	1204.8094707747457	0.0	0	297.3738839732541	1404.8094707747368	1	0	1	1.6654782594114306
132200.0	1000.0	1204.8094707747314	0.0	0	350.04778489278397	1404.8094707747368	1	0	1	1.6654782594114306
133200.0	1000.0	1204.809470774746	0.0	0	580.9870263251942	1404.8094707747223	1	0	1	1.6654782594114321
134200.0	1000.0	1204.8094707747678	0.0	0	561.6143202267704	1404.8094707747514	1	0	1	1.6654782594114292
135200.0	1000.0	1204.8094707747846	0.0	0	615.720492323162	1404.8094707747514	1	0	1	1.6654782594114292
136200.0	1000.0	1204.809470774802	0.0	0	359.7200245698623	1404.8094707747514	1	0	1	1.6654782594114292
137200.0	1000.0	1204.8094707748257	0.0	0	421.65896501546376	1404.8094707747514	1	0	1	1.6654782594114292
138200.0	1000.0	1204.8094707748264	0.0	0	57.978990662290016	1404.8094707747514	1	0	1	1.6654782594114292
139273.29675270375	1000.0	1131.5127180710924	0.0	0	0.0	1404.8094707747514	1	0	1	1.6654782594114292
140200.0	1000.0	1204.809470774821	0.0	0	144.27091155806556	1404.8094707747223	1	0	1	1.6654782594114321
141200.0	1000.0	1204.8094707748278	0.0	0	339.2062309960893	1404.8094707747805	1	0	1	1.665478259411428
142200.0	1000.0	1204.809470774824	0.0	0	437.46430947675253	1404.8094707747805	1	0	1	1.6654782594114261
143200.0	1000.0	1204.8094707748478	0.0	0	559.8916662926786	1404.8094707747514	1	0	1	1.6654782594114292
144200.0	1000.0	1204.8094707748653	0.0	0	21.369486737501575	1404.8094707747805	1	0	1	1.6654782594114272
145200.0	1000.0	1204.8094707748612	0.0	0	376.8468948507798	1404.8094707748096	1	0	1	1.6654782594114235
146200.0	1000.0	1204.809470774871	0.0	0	462.5789534577052	1404.8094707748096	1	0	1	1.6654782594114235
147200.0	1000.0	1204.8094707748944	0.0	0	514.1871356745542	1404.8094707748387	1	0	1	1.6654782594114204
148200.0	1000.0	1204.809470774887	0.0	0	421.8521595041093	1404.8094707748096	1	0	1	1.6654782594114217
149200.0	1000.0	1204.8094707748792	0.0	0	329.1298225267965	1404.8094707747805	1	0	1	1.6654782594114244
150200.0	1000.0	1204.8094707748562	0.0	0	195.97702649983694	1404.8094707747805	1	0	1	1.6654782594114261
151200.0	1000.0	1204.8094707748487	0.0	0	243.19402092095697	1404.8094707747514	1	0	1	1.6654782594114275
152200.0	1000.0	1204.8094707748248	0.0	0	476.85013722325675	1404.8094707747514	1	0	1	1.6654782594114292
153200.0	1000.0	1204.8094707748144	0.0	0	462.516820833378	1404.8094707747514	1	0	1	1.6654782594114292
154200.0	1000.0	1204.809470774798	0.0	0	668.2264907816425	1404.8094707747223	1	0	1	1.6654782594114321
155200.0	1000.0	1204.8094707747957	0.0	0	736.0492670451058	1404.8094707747223	1	0	1	1.6654782594114321
156200.0	2000.0	1204.809470774766	0.0	0	340.1922831257398	1404.8094707746932	1	0	1	2.0120518496914075
157200.0	2000.0	1204.8094707747587	0.0	0	366.294652140321	1404.8094707746932	1	0	1	2.705199030251353
159182.71644008308	2000.0	222.09303069166145	0.0	0	0.0	1404.8094707746932	1	0	1	2.705199030251353
159511.5899391457	300.0	893.2195316290585	0.0	0	0.0	1404.8094707746932	1	0	1	-2.037600931963351
160200.0	1000.0	1204.8094707747605	0.0	0	8.68237391981529	1404.809470774664	1	0	1	0.4615054550855016
161200.0	1000.0	1204.8094707747405	0.0	0	293.3207577766734	1404.809470774635	1	0	1	1.665478259411441
162200.0	1000.0	1204.8094707747491	0.0	0	161.12838338210713	1404.809470774635	1	0	1	1.665478259411441
163200.0	1000.0	1204.8094707747503	0.0	0	72.0876942256873	1404.809470774635	1	0	1	1.665478259411441
164200.0	1000.0	1204.8094707747807	0.0	0	65.51816247188253	1404.809470774664	1	0	1	1.665478259411438
165200.0	1000.0	1204.8094707747882	0.0	0	182.04457268310944	1404.8094707746932	1	0	1	1.665478259411435
166200.0	1000.0	1204.8094707747819	0.0	0	315.97811278514564	1404.809470774664	1	0	1	1.6654782594114363
167200.0	1000.0	1204.8094707747875	0.0	0	342.6176096977433	1404.809470774664	1	0	1	1.665478259411438
168200.0	1000.0	1204.8094707748362	0.0	0	543.2838001592027	1404.809470774664	1	0	1	1.665478259411438
169200.0	1000.0	1204.8094707748494	0.0	0	537.6733586468035	1404.809470774664	1	0	1	1.665478259411438
170200.0	1000.0	1204.8094707748683	0.0	0	523.7538673284289	1404.809470774664	1	0	1	1.665478259411438
171200.0	1000.0	1204.8094707748835	0.0	0	334.07408984733047	1404.809470774664	1	0	1	1.6654782594114363
172273.31574143565	2000.0	1131.4937293392516	0.0	0	0.0	1404.8094707746932	1	0	1	2.0120518496914075
173200.0	1000.0	1204.8094707749208	0.0	0	464.4850594338204	1404.809470774664	1	0	1	0.9723310788514927
174200.0	1000.0	1204.8094707749437	0.0	0	631.1908786715649	1404.809470774635	1	0	1	1.665478259411441
175200.0	1000.0	1204.8094707749467	0.0	0	258.127701839403	1404.809470774664	1	0	1	1.665478259411438
176200.0	1000.0	1204.8094707749262	0.0	0	294.2941518429143	1404.809470774664	1	0	1	1.665478259411438
177200.0	1000.0	1204.8094707749028	0.0	0	403.30870856301044	1404.809470774664	1	0	1	1.665478259411438
178200.0	1000.0	1204.80947077487	0.0	0	130.61380362522323	1404.809470774664	1	0	1	1.665478259411438
179379.437752384	1000.0	1025.3717183908743	0.0	0	0.0	1404.809470774664	1	0	1	1.665478259411438
180693.85171713843	1000.0	710.9577536364591	0.0	0	0.0	1404.809470774664	1	0	1	1.665478259411438
181200.0	500.0	1204.8094707748726	0.0	0	37.914570026419824	1404.809470774664	1	0	1	-0.0673896919884257
182200.0	1000.0	1204.8094707748824	0.0	0	188.9441992586071	1404.8094707746932	1	0	1	0.9723310788514896
183200.0	500.0	1204.8094707749074	0.0	0	516.6765367169864	1404.8094707747223	1	0	1	-0.06738969198843148
184200.0	500.0	1204.809470774895	0.0	0	690.6053061445418	1404.8094707746932	1	0	1	0.6257574885715169
185200.0	1000.0	1204.8094707749087	0.0	0	398.64201937880716	1404.809470774664	1	0	1	0.9723310788514925
186200.0	1000.0	1204.8094707748746	0.0	0	392.67252082700725	1404.809470774635	1	0	1	1.665478259411441
187200.0	1000.0	1204.8094707749203	0.0	0	352.88321657071356	1404.809470774664	1	0	1	1.665478259411438
188200.0	1000.0	1204.8094707749658	0.0	0	395.6169388584094	1404.809470774664	1	0	1	1.665478259411438
189200.0	1000.0	1204.8094707749951	0.0	0	414.4240094749548	1404.8094707746932	1	0	1	1.665478259411435
190200.0	1000.0	1204.8094707749888	0.0	0	404.88409545313334	1404.8094707747223	1	0	1	1.6654782594114321
191200.0	1000.0	1204.809470775028	0.0	0	234.65741488421918	1404.8094707747514	1	0	1	1.6654782594114292
192200.0	1000.0	1204.8094707750508	0.0	0	641.9435022248072	1404.8094707747514	1	0	1	1.6654782594114292
193200.0	1000.0	1204.8094707750686	0.0	0	600.0925596354064	1404.8094707747514	1	0	1	1.6654782594114292
194200.0	1000.0	1204.8094707750813	0.0	0	716.7534266128787	1404.8094707747514	1	0	1	1.6654782594114292
195200.0	2000.0	1204.8094707750897	0.0	0	262.9986605051381	1404.8094707747514	1	0	1	2.0120518496914017
196200.0	2000.0	1204.8094707750715	0.0	0	37.96508101889049	1404.8094707747514	1	0	1	2.7051990302513467
197200.0	2000.0	1204.8094707750656	0.0	0	230.76351000287104	1404.8094707747223	1	0	1	2.7051990302513502
198300.55050754044	2000.0	1104.2589632346371	0.0	0	0.0	1404.8094707747514	1	0	1	2.7051990302513467
200008.03192472915	2000.0	396.7775460459331	0.0	0	0.0	1404.8094707747514	1	0	1	2.7051990302513467
200230.41366050395	500.0	1174.3958102711067	0.0	0	0.0	1404.8094707747223	1	0	1	-0.7605368725483765
201200.0	1000.0	1204.8094707750447	0.0	0	538.9597909894073	1404.8094707747223	1	0	1	0.9723310788514866
202200.0	1000.0	1204.8094707750615	0.0	0	635.8051207643584	1404.8094707747223	1	0	1	1.6654782594114321
203200.0	2000.0	1204.80947077509	0.0	0	263.5158313298598	1404.8094707747223	1	0	1	2.012051849691405
204200.0	2000.0	1204.809470775086	0.0	0	431.1461362406844	1404.8094707746932	1	0	1	2.705199030251353
205200.0	2000.0	1204.8094707751065	0.0	0	294.210367383057	1404.8094707746932	1	0	1	2.705199030251353
206200.0	2000.0	1204.8094707751243	0.0	0	350.1643684982264	1404.809470774664	1	0	1	2.7051990302513556
207200.0	3000.0	1204.8094707751638	0.0	0	132.3179581563163	1404.8094707746932	1	0	1	2.907931584305435
208200.0	3000.0	1204.8094707751682	0.0	0	248.04454539969447	1404.809470774664	1	0	1	3.313396692413601
209254.29852836838	3000.0	1150.5109424067896	0.0	0	0.0	1404.809470774664	1	0	1	3.313396692413603
210671.2617313885	3000.0	733.5477393866403	0.0	0	0.0	1404.8094707746932	1	0	1	3.3133966924136
211489.16749820687	2000.0	915.6419725683063	0.0	0	0.0	1404.8094707747223	1	0	1	2.2997339221431856
212382.9964279886	2000.0	1021.8130427865557	0.0	0	0.0	1404.8094707747223	1	0	1	2.7051990302513502
213350.21592034146	2000.0	1054.5935504337017	0.0	0	0.0	1404.8094707747223	1	0	1	2.7051990302513502
214533.96837814813	2000.0	870.8410926270192	0.0	0	0.0	1404.8094707747223	1	0	1	2.7051990302513502
215200.0	1000.0	1204.809470775133	0.0	0	53.17102833685931	1404.8094707747223	1	0	1	0.9723310788514868
216200.0	2000.0	1204.8094707751625	0.0	0	379.20018202229403	1404.8094707747223	1	0	1	2.012051849691405
217200.0	2000.0	1204.809470775144	0.0	0	233.99990653188433	1404.8094707747223	1	0	1	2.7051990302513502
218202.1121015639	2000.0	1202.6973692112906	0.0	0	0.0	1404.8094707747514	1	0	1	2.7051990302513467
219200.0	2000.0	1204.809470775196	0.0	0	179.71156664157752	1404.8094707747223	1	0	1	2.7051990302513502
220200.0	2000.0	1204.8094707752002	0.0	0	376.02201931228046	1404.8094707747223	1	0	1	2.7051990302513502
221200.0	2000.0	1204.8094707751895	0.0	0	287.9799605899025	1404.8094707746932	1	0	1	2.705199030251353
222200.0	2000.0	1204.8094707752002	0.0	0	465.65046628922573	1404.8094707746932	1	0	1	2.705199030251353
223200.0	2000.0	1204.809470775233	0.0	0	413.69955576595385	1404.8094707746932	1	0	1	2.705199030251353
224200.0	2000.0	1204.8094707752357	0.0	0	172.74893130655983	1404.8094707747223	1	0	1	2.7051990302513502
225200.0	2000.0	1204.8094707752393	0.0	0	37.501397035317495	1404.8094707747514	1	0	1	2.7051990302513467
226200.0	2000.0	1204.809470775245	0.0	0	156.0180601128959	1404.8094707747223	1	0	1	2.7051990302513484
227372.27313466053	2000.0	1032.5363361146992	0.0	0	0.0	1404.8094707747223	1	0	1	2.7051990302513502
228662.27767835304	2000.0	742.5317924222018	0.0	0	0.0	1404.8094707747223	1	0	1	2.7051990302513502
229275.52756222707	1000.0	1129.281908548192	0.0	0	0.0	1404.8094707747514	1	0	1	0.9723310788514841
230200.0	1000.0	1204.8094707752575	0.0	0	332.50493400663254	1404.8094707747514	1	0	1	1.6654782594114292
231200.0	1000.0	1204.8094707752782	0.0	0	646.0310839767626	1404.8094707747805	1	0	1	1.6654782594114261
232200.0	1000.0	1204.8094707753025	0.0	0	620.7352658936579	1404.8094707747805	1	0	1	1.6654782594114261
233200.0	2000.0	1204.8094707753166	0.0	0	268.0319719685358	1404.8094707748096	1	0	1	2.0120518496913977
234200.0	2000.0	1204.8094707753091	0.0	0	569.6451767125691	1404.8094707748096	1	0	1	2.7051990302513413
235200.0	2000.0	1204.8094707753155	0.0	0	363.5992428503232	1404.8094707747805	1	0	1	2.705199030251344
236228.88062148995	3000.0	1175.9288492853357	0.0	0	0.0	1404.8094707747805	1	0	1	2.9079315843054263
237533.05188178227	2000.0	871.7575889930096	0.0	0	0.0	1404.8094707747805	1	0	1	2.2997339221431794
238698.1191393661	2000.0	706.6903314091905	0.0	0	0.0	1404.8094707747805	1	0	1	2.705199030251344
239300.46678117954	1000.0	1104.342689595768	0.0	0	0.0	1404.8094707747514	1	0	1	0.9723310788514841
240200.0	1000.0	1204.8094707753226	0.0	0	121.86241577536566	1404.8094707747805	1	0	1	1.6654782594114261
241200.0	1000.0	1204.8094707753185	0.0	0	291.7007178248314	1404.8094707747805	1	0	1	1.6654782594114261
242200.0	1000.0	1204.8094707753366	0.0	0	548.9071654432919	1404.8094707747805	1	0	1	1.6654782594114261
243200.0	1000.0	1204.8094707753273	0.0	0	650.4359854221984	1404.8094707747805	1	0	1	1.6654782594114261
244200.0	1000.0	1204.8094707752991	0.0	0	479.05911150743486	1404.8094707747223	1	0	1	1.6654782594114304
245200.0	1000.0	1204.8094707753478	0.0	0	574.6315410164243	1404.8094707747514	1	0	1	1.6654782594114292
246682.04882128537	1000.0	722.7606494899575	0.0	0	0.0	1404.8094707747514	1	0	1	1.6654782594114292
247552.57421647236	1000.0	852.235254302968	0.0	0	0.0	1404.8094707747514	1	0	1	1.6654782594114292
248212.89008183588	1000.0	1191.9193889394755	0.0	0	0.0	1404.8094707747514	1	0	1	1.6654782594114292
249200.0	1000.0	1204.8094707753623	0.0	0	457.6099066727038	1404.8094707747514	1	0	1	1.6654782594114292
250200.0	1000.0	1204.8094707753698	0.0	0	538.1159018486796	1404.8094707747514	1	0	1	1.6654782594114292
251200.0	1000.0	1204.809470775337	0.0	0	600.3889123617264	1404.8094707747514	1	0	1	1.6654782594114292
252200.0	2000.0	1204.8094707753005	0.0	0	187.33886210629134	1404.8094707747514	1	0	1	2.0120518496914017
253200.0	2000.0	1204.8094707752748	0.0	0	176.6321869850508	1404.8094707747223	1	0	1	2.7051990302513484
254200.0	2000.0	1204.8094707752448	0.0	0	148.1209879697708	1404.809470774664	1	0	1	2.7051990302513538
255757.87861083876	2000.0	646.9308599365114	0.0	0	0.0	1404.809470774664	1	0	1	2.7051990302513556
256316.38638227747	1000.0	1088.423088497777	0.0	0	0.0	1404.809470774664	1	0	1	0.9723310788514927
257459.02192197007	2000.0	945.7875488051977	0.0	0	0.0	1404.809470774664	1	0	1	2.0120518496914106
258200.0	1000.0	1204.8094707752587	0.0	0	334.1488844927808	1404.809470774664	1	0	1	0.9723310788514927
259200.0	1000.0	1204.8094707752664	0.0	0	428.2366212759516	1404.8094707746932	1	0	1	1.6654782594114366
260200.0	1000.0	1204.8094707752648	0.0	0	447.33060110916267	1404.8094707746932	1	0	1	1.665478259411435
262152.5641547461	2000.0	252.24531602913126	0.0	0	0.0	1404.8094707747223	1	0	1	2.012051849691405
262427.15897072566	300.0	977.6505000496509	0.0	0	0.0	1404.8094707748096	1	0	1	-2.037600931963359
263200.0	1000.0	1204.809470775221	0.0	0	205.53720459289616	1404.8094707747223	1	0	1	0.461505455085493
264200.0	1000.0	1204.8094707752412	0.0	0	554.5978584341356	1404.8094707747223	1	0	1	1.6654782594114317
265200.0	1000.0	1204.809470775242	0.0	0	479.33739331545075	1404.8094707747223	1	0	1	1.6654782594114321
266200.0	1000.0	1204.8094707752327	0.0	0	434.16006187105086	1404.8094707747805	1	0	1	1.6654782594114261
267200.0	1000.0	1204.809470775238	0.0	0	520.7805387578555	1404.8094707747805	1	0	1	1.6654782594114261
268200.0	2000.0	1204.8094707752423	0.0	0	187.99311101908097	1404.8094707747223	1	0	1	2.012051849691405
269200.0	2000.0	1204.8094707752343	0.0	0	247.48489548172802	1404.8094707747223	1	0	1	2.7051990302513502
270200.0	2000.0	1204.809470775297	0.0	0	10.185569985595066	1404.8094707747223	1	0	1	2.7051990302513502
271200.0	2000.0	1204.8094707752991	0.0	0	417.9460037154495	1404.809470774664	1	0	1	2.705199030251352
272200.0	2000.0	1204.8094707753112	0.0	0	315.4540336849168	1404.809470774664	1	0	1	2.7051990302513556
273200.0	2000.0	1204.809470775342	0.0	0	487.8775226023863	1404.8094707747223	1	0	1	2.7051990302513502
274200.0	2000.0	1204.809470775361	0.0	0	540.5599083620473	1404.8094707747805	1	0	1	2.705199030251344
275200.0	2000.0	1204.8094707753253	0.0	0	114.6788665393833	1404.8094707747805	1	0	1	2.705199030251344
276505.71149212355	2000.0	899.0979786517578	0.0	0	0.0	1404.809470774897	1	0	1	2.705199030251334
277339.96515373554	1000.0	1064.8443170397636	0.0	0	0.0	1404.8094707748387	1	0	1	0.9723310788514741
278200.0	1000.0	1204.8094707753312	0.0	0	3.8310918544302694	1404.809470774897	1	0	1	1.6654782594114146
279200.0	1000.0	1204.8094707753105	0.0	0	455.86842590465676	1404.809470774897	1	0	1	1.6654782594114146
280200.0	1000.0	1204.809470775305	0.0	0	463.40560048731277	1404.809470774897	1	0	1	1.6654782594114146
281200.0	1000.0	1204.809470775381	0.0	0	528.3543455337058	1404.8094707749551	1	0	1	1.6654782594114121
282200.0	1000.0	1204.809470775415	0.0	0	423.8709724494256	1404.8094707749551	1	0	1	1.6654782594114086
283200.0	1000.0	1204.809470775443	0.0	0	404.4968598341802	1404.809470774897	1	0	1	1.665478259411411
284200.0	1000.0	1204.809470775413	0.0	0	537.6786084841588	1404.809470774897	1	0	1	1.6654782594114146
285200.0	1000.0	1204.8094707753696	0.0	0	261.60949210979743	1404.809470774897	1	0	1	1.6654782594114146
286200.0	1000.0	1204.8094707753542	0.0	0	245.27839679905446	1404.8094707749551	1	0	1	1.6654782594114121
287200.0	1000.0	1204.8094707753535	0.0	0	191.26555725431535	1404.8094707749551	1	0	1	1.6654782594114086
288200.0	1000.0	1204.8094707753248	0.0	0	322.2062898618169	1404.809470774897	1	0	1	1.665478259411411
289200.0	1000.0	1204.8094707753664	0.0	0	478.27956345985876	1404.809470774897	1	0	1	1.6654782594114146
290200.0	1000.0	1204.8094707753303	0.0	0	345.32000442029675	1404.809470774897	1	0	1	1.6654782594114146
291200.0	1000.0	1204.8094707753428	0.0	0	455.81319642130984	1404.809470774897	1	0	1	1.6654782594114146
292200.0	1000.0	1204.809470775281	0.0	0	470.3079555655713	1404.809470774897	1	0	1	1.6654782594114146
293200.0	1000.0	1204.8094707752218	0.0	0	274.9097736152471	1404.809470774897	1	0	1	1.6654782594114146
294200.0	1000.0	1204.809470775252	0.0	0	282.1052763090702	1404.8094707749551	1	0	1	1.6654782594114121
295200.0	1000.0	1204.8094707752496	0.0	0	541.0758473401074	1404.8094707749551	1	0	1	1.6654782594114086
296200.0	1000.0	1204.8094707752798	0.0	0	483.69204813608667	1404.8094707749551	1	0	1	1.6654782594114086
297200.0	1000.0	1204.8094707752343	0.0	0	229.75124699802836	1404.809470774897	1	0	1	1.665478259411411
298200.0	1000.0	1204.8094707752477	0.0	0	182.7137747638626	1404.809470774897	1	0	1	1.6654782594114146
299200.0	1000.0	1204.8094707752446	0.0	0	92.04555540683214	1404.809470774897	1	0	1	1.6654782594114146
300200.0	1000.0	1204.8094707753105	0.0	0	164.0643640923081	1404.809470774897	1	0	1	1.6654782594114146
301200.0	1000.0	1204.8094707753212	0.0	0	296.6643141031964	1404.8094707749551	1	0	1	1.6654782594114121
302200.0	1000.0	1204.809470775316	0.0	0	585.0703778398456	1404.8094707749551	1	0	1	1.6654782594114086
303200.0	1000.0	1204.809470775294	0.0	0	562.1730388364522	1404.8094707749551	1	0	1	1.6654782594114086
304200.0	1000.0	1204.8094707753348	0.0	0	687.1045509497053	1404.8094707749551	1	0	1	1.6654782594114086
305200.0	2000.0	1204.8094707753144	0.0	0	497.8315089777461	1404.8094707749551	1	0	1	2.0120518496913817
306200.0	2000.0	1204.809470775291	0.0	0	172.96631541015813	1404.8094707749551	1	0	1	2.7051990302513267
308189.5339255357	2000.0	215.27554523963352	0.0	0	0.0	1404.8094707749551	1	0	1	2.705199030251323
308423.56671818125	300.0	981.2427525940702	0.0	0	0.0	1404.8094707749551	1	0	1	-2.037600931963377
309200.0	1000.0	1204.8094707753023	0.0	0	29.562279026431497	1404.8094707749551	1	0	1	0.4615054550854726
310200.0	1000.0	1204.8094707753137	0.0	0	131.3982808755245	1404.8094707749551	1	0	1	1.6654782594114086
311200.0	1000.0	1204.8094707753667	0.0	0	513.9986476361519	1404.809470774897	1	0	1	1.6654782594114146
312200.0	1000.0	1204.8094707753412	0.0	0	155.2097118831589	1404.809470774897	1	0	1	1.6654782594114146
313200.0	1000.0	1204.8094707753842	0.0	0	39.59492429671809	1404.8094707749551	1	0	1	1.6654782594114086
314200.0	1000.0	1204.8094707753608	0.0	0	174.18347946944414	1404.809470774897	1	0	1	1.665478259411411
315200.0	1000.0	1204.8094707752969	0.0	0	256.183350773179	1404.809470774897	1	0	1	1.6654782594114146
316200.0	1000.0	1204.8094707752825	0.0	0	474.1633800291456	1404.8094707748387	1	0	1	1.6654782594114168
317200.0	1000.0	1204.8094707753044	0.0	0	521.755525186949	1404.8094707748387	1	0	1	1.6654782594114204
318200.0	1000.0	1204.8094707753644	0.0	0	534.8895517132478	1404.8094707748387	1	0	1	1.6654782594114204
319200.0	1000.0	1204.809470775352	0.0	0	487.08509505033726	1404.8094707747805	1	0	1	1.6654782594114261
320200.0	1000.0	1204.8094707753382	0.0	0	289.54418545839144	1404.8094707747805	1	0	1	1.6654782594114261
321579.85272472864	2000.0	824.9567460466551	0.0	0	0.0	1404.8094707747805	1	0	1	2.0120518496913986
322200.0	1000.0	1204.8094707752791	0.0	0	135.59932265238604	1404.8094707747223	1	0	1	0.9723310788514857
323350.5160456142	2000.0	1054.2934251610407	0.0	0	0.0	1404.8094707747223	1	0	1	2.012051849691405
324200.0	1000.0	1204.809470775279	0.0	0	428.4422559731174	1404.8094707747805	1	0	1	0.972331078851481
325200.0	1000.0	1204.8094707752923	0.0	0	308.342730499804	1404.8094707747223	1	0	1	1.6654782594114286
326200.0	1000.0	1204.8094707753012	0.0	0	485.3973818925442	1404.8094707747223	1	0	1	1.6654782594114321
327200.0	1000.0	1204.8094707752277	0.0	0	332.6856637932942	1404.809470774664	1	0	1	1.665478259411438
328200.0	1000.0	1204.809470775246	0.0	0	129.53746411122847	1404.8094707746059	1	0	1	1.6654782594114437
329266.14078178495	1000.0	1138.6686889902257	0.0	0	0.0	1404.8094707746059	1	0	1	1.6654782594114437
330445.1041903097	1000.0	959.7052804654212	0.0	0	0.0	1404.8094707746059	1	0	1	1.6654782594114437
331200.0	500.0	1204.809470775178	0.0	0	267.1796076350147	1404.8094707746059	1	0	1	-0.06738969198841982
332200.0	500.0	1204.8094707751823	0.0	0	724.1478622384602	1404.8094707746059	1	0	1	0.6257574885715256
333200.0	500.0	1204.8094707751698	0.0	0	737.4949055460165	1404.8094707746059	1	0	1	0.6257574885715256
334200.0	1000.0	1204.809470775185	0.0	0	428.7594841241371	1404.8094707746059	1	0	1	0.9723310788514983
335200.0	1000.0	1204.8094707751654	0.0	0	130.90812058362644	1404.8094707744895	1	0	1	1.6654782594114517
336200.0	1000.0	1204.8094707752375	0.0	0	139.38207728834823	1404.8094707744895	1	0	1	1.6654782594114552
337200.0	1000.0	1204.80947077527	0.0	0	551.7011796315783	1404.8094707744895	1	0	1	1.6654782594114552
338200.0	1000.0	1204.8094707752737	0.0	0	133.54699028894538	1404.8094707744312	1	0	1	1.6654782594114577
339200.0	1000.0	1204.8094707752616	0.0	0	216.04121483216295	1404.8094707744895	1	0	1	1.6654782594114588
340200.0	1000.0	1204.809470775257	0.0	0	488.1124338710215	1404.8094707744312	1	0	1	1.6654782594114577
341200.0	1000.0	1204.809470775225	0.0	0	639.8105374504812	1404.8094707744312	1	0	1	1.6654782594114612
342200.0	1000.0	1204.8094707752318	0.0	0	492.3776862024097	1404.8094707744312	1	0	1	1.6654782594114612
343200.0	1000.0	1204.8094707752787	0.0	0	677.134914677823	1404.8094707744895	1	0	1	1.6654782594114552
344200.0	2000.0	1204.809470775355	0.0	0	358.55011043068953	1404.8094707745477	1	0	1	2.0120518496914257
345200.0	2000.0	1204.8094707752853	0.0	0	228.68957890255842	1404.8094707745477	1	0	1	2.705199030251367
346200.0	2000.0	1204.8094707752543	0.0	0	38.27543426502962	1404.8094707745477	1	0	1	2.705199030251367
2.61	2.46	2.95	3.32	2.75	2.31	2.72	1.4	1.61	2.15	2.81	3.37	3.5	3.43	4.0	4.4	4.91	4.61	2.51	2.1	2.34	2.88	2.86	1.83	2.41	2.65	1.65	2.1	2.76	3.32	3.31	3.34	3.13	2.54	2.31	2.37	2.22	1.85	1.87	2.34	2.85	3.45	3.98	4.15	2.77	1.66	1.95	2.07	1.7	1.27	1.99	2.53	2.46	2.51	0.88	1.01	1.63	2.15	2.91	3.46	3.45	2.37	2.56	1.96	1.51	2.22	2.28	2.46	2.02	1.0	1.07	1.49	1.84	2.28	2.26	2.64	3.39	2.1	2.0	2.62	3.21	3.53	3.53	2.53	1.6	1.33	1.01	2.18	1.55	1.96	1.96	2.28	2.59	1.63	1.41	1.04	1.12	1.58	2.09	2.42	1.95	1.34	1.49	1.66	1.95	1.66	1.68	1.36	1.58	1.64	2.13	2.7	3.42	4.03	2.9	1.41	1.22	1.25	1.39	1.77	1.41	1.05	0.93	1.27	1.76	2.37	2.86	2.32	1.7	1.67	2.13	2.43	1.98	1.6	1.83	1.77	1.07	0.75	0.87	0.95	1.39	2.06	2.27	1.63	1.33	1.84	1.46	1.62	1.63	2.35	2.61	2.46	2.95	3.32	2.75	2.31	2.72	1.4	1.61	2.15	2.81	3.37	3.5	3.43	4.0	4.4	4.91	4.61	2.51	2.1	2.34	2.88	2.86	1.83	2.41	2.65	1.65	2.1	2.76	3.32	3.31	3.34	3.13	2.54	2.31	2.37	2.22	1.85	1.87	2.34	2.85	3.45	3.98	4.15	2.77	1.66	1.95	2.07	1.7	1.27	1.99	2.53	2.46	2.51	0.88	1.01	1.63	2.15	2.91	3.46	3.45	2.37	2.56	1.96	1.51	2.22	2.28	2.46	2.02	1.0	1.07	1.49	1.84	2.28	2.26	2.64	3.39	2.1	2.0	2.62	3.21	3.53	3.53	2.53	1.6	1.33	1.01	2.18	1.55	1.96	1.96	2.28	2.59	1.63	1.41	1.04	1.12	1.58	2.09	2.42	1.95	1.34	1.49	1.66	1.95	1.66	1.68	1.36	1.58	1.64	2.13	2.7	3.42	4.03	2.9	1.41	1.22	1.25	1.39	1.77	1.41	1.05	0.93	1.27	1.76	2.37	2.86	2.32	1.7	1.67	2.13	2.43	1.98	1.6	1.83	1.77	1.07	0.75	0.87	0.95	1.39	2.06	2.27	1.63	1.33	1.84	1.46	1.62	1.63	2.35	2.61	2.46	2.95	3.32	2.75	2.31	2.72	1.4	1.61	2.15	2.81	3.37	3.5	3.43	4.0	4.4	4.91	4.61	2.51	2.1	2.34	2.88	2.86	1.83	2.41	2.65	1.65	2.1	2.76	3.32	3.31	3.34	3.13	2.54	2.31	2.37	2.22	1.85	1.87	2.34	2.85	3.45	3.98	4.15	2.77	1.66	1.95	2.07
1.0	2.0	3.0	4.0	5.0	6.0	7.0	8.0	9.0	10.0	11.0	12.0	13.0	14.0	15.0	16.0	17.0	18.0	19.0	20.0	21.0	22.0	23.0	24.0	25.0	26.0	27.0	28.0	29.0	30.0	31.0	32.0	33.0	34.0	35.0	36.0	37.0	38.0	39.0	40.0	41.0	42.0	43.0	44.0	45.0	46.0	47.0	48.0	49.0	50.0	51.0	52.0	53.0	54.0	55.0	56.0	57.0	58.0	59.0	60.0	61.0	62.0	63.0	64.0	65.0	66.0	67.0	68.0	69.0	70.0	71.0	72.0	73.0	74.0	75.0	76.0	77.0	78.0	79.0	80.0	81.0	82.0	83.0	84.0	85.0	86.0	87.0	88.0	89.0	90.0	91.0	92.0	93.0	94.0	95.0	96.0	97.0	98.0	99.0	100.0	101.0	102.0	103.0	104.0	105.0	106.0	107.0	108.0	109.0	110.0	111.0	112.0	113.0	114.0	115.0	116.0	117.0	118.0	119.0	120.0	121.0	122.0	123.0	124.0	125.0	126.0	127.0	128.0	129.0	130.0	131.0	132.0	133.0	134.0	135.0	136.0	137.0	138.0	139.0	140.0	141.0	142.0	143.0	144.0	145.0	146.0	147.0	148.0	149.0	149.0	150.0	151.0	152.0	153.0	154.0	155.0	156.0	157.0	158.0	159.0	160.0	161.0	162.0	163.0	164.0	165.0	166.0	167.0	168.0	169.0	170.0	171.0	172.0	173.0	174.0	175.0	176.0	177.0	178.0	179.0	180.0	181.0	182.0	183.0	184.0	185.0	186.0	187.0	188.0	189.0	190.0	191.0	192.0	193.0	194.0	195.0	196.0	197.0	198.0	199.0	200.0	201.0	202.0	203.0	204.0	205.0	206.0	207.0	208.0	209.0	210.0	211.0	212.0	213.0	214.0	215.0	216.0	217.0	218.0	219.0	220.0	221.0	222.0	223.0	224.0	225.0	226.0	227.0	228.0	229.0	230.0	231.0	232.0	233.0	234.0	235.0	236.0	237.0	238.0	239.0	240.0	241.0	242.0	243.0	244.0	245.0	246.0	247.0	248.0	249.0	250.0	251.0	252.0	253.0	254.0	255.0	256.0	257.0	258.0	259.0	260.0	261.0	262.0	263.0	264.0	265.0	266.0	267.0	268.0	269.0	270.0	271.0	272.0	273.0	274.0	275.0	276.0	277.0	278.0	279.0	280.0	281.0	282.0	283.0	284.0	285.0	286.0	287.0	288.0	289.0	290.0	291.0	292.0	293.0	294.0	295.0	296.0	297.0	298.0	298.0	299.0	300.0	301.0	302.0	303.0	304.0	305.0	306.0	307.0	308.0	309.0	310.0	311.0	312.0	313.0	314.0	315.0	316.0	317.0	318.0	319.0	320.0	321.0	322.0	323.0	324.0	325.0	326.0	327.0	328.0	329.0	330.0	331.0	332.0	333.0	334.0	335.0	336.0	337.0	338.0	339.0	340.0	341.0	342.0	343.0	344.0	345.0	346.0
2010.8604430900677
