3023.2430580005785	300.0	2000.0	206.9597040984619	0	0.0	3023.2430580005785	1	0	1	-1.5397027204522367
5265.19199918832	2000.0	651.4888008928475	0.0	0	0.0	916.680800081167	1	0	2	0.45360754665146463
6200.0	1000.0	2810.1616001623356	0.0	0	262.3180620412577	3010.1616001623356	1	0	0	0.4152678478512726
10043.930418324526	2000.0	200.0	380.1471454496751	0	0.0	1243.9304183245258	1	0	2	-0.8387632192780297
10340.864470402103	300.0	903.0659479224236	0.0	0	0.0	1243.930418324524	1	0	1	-2.221513026718335
11200.0	500.0	3129.8439712843165	0.0	0	204.59126146702874	3329.843971284313	1	0	0	-0.2745673055879558
14919.209073656792	2000.0	238.71399026184577	0.0	0	0.0	1157.9230639186353	1	0	2	0.7396036824160848
15200.0	300.0	2986.002156552957	0.0	0	21.178442000047653	3186.002156552957	1	0	0	-2.6149498991880837
18255.795375916627	2000.0	824.6272430446668	0.0	0	0.0	1080.4226189612964	1	0	2	0.23815061293319073
19200.0	500.0	2974.843081369631	0.0	0	748.6629842879884	3174.843081369634	1	0	0	-1.3335402336078679
22200.0	2000.0	874.8430813696315	0.0	0	219.00150840920105	1074.8430813696323	1	0	2	0.7482271351977938
23200.0	1000.0	2974.843081369631	0.0	0	289.9696752676391	3174.8430813696323	1	0	0	0.3990441712717468
27545.22264592097	3000.0	200.0	731.7289355849425	0	0.0	1745.2226459209705	1	0	2	-2.786735955517587
27858.645149491214	300.0	855.2352460727302	0.0	0	0.0	1713.880395563945	1	0	2	-2.6746950152340236
28474.515328783873	1000.0	1239.365066780071	0.0	0	0.0	1713.880395563945	1	0	1	0.2305983626065733
29200.0	1000.0	1513.8803955639437	0.0	0	160.42394436348332	1713.8803955639487	1	0	1	1.6345711669325094
30200.0	1000.0	1513.8803955639446	0.0	0	403.57462213165127	1713.880395563945	1	0	1	1.6345711669325098
31200.0	1000.0	1513.8803955639448	0.0	0	443.38680479598406	1713.880395563945	1	0	1	1.6345711669325098
32200.0	1000.0	1513.8803955639432	0.0	0	362.03542945342633	1713.880395563945	1	0	1	1.6345711669325098
33200.0	2000.0	1513.8803955639469	0.0	0	35.33039336534421	1713.8803955639523	1	0	1	1.9811447572124816
34428.22180354698	2000.0	1285.6585920169707	0.0	0	0.0	1713.880395563956	1	0	1	2.6742919377724266
35200.0	1000.0	1513.8803955639446	0.0	0	133.10632473156875	1713.880395563945	1	0	1	0.9414239863725643
36200.0	1000.0	1513.8803955639487	0.0	0	287.08525579010893	1713.8803955639523	1	0	1	1.6345711669325091
37200.0	1000.0	1513.88039556394	0.0	0	175.42648731033114	1713.880395563945	1	0	1	1.6345711669325098
38200.0	1000.0	1513.8803955639348	0.0	0	293.2940143317246	1713.880395563945	1	0	1	1.6345711669325098
39200.0	1000.0	1513.8803955639394	0.0	0	450.51801462979347	1713.8803955639523	1	0	1	1.6345711669325096
40200.0	2000.0	1513.8803955639414	0.0	0	21.884918747884512	1713.8803955639523	1	0	1	1.9811447572124816
41200.0	1000.0	1513.8803955639378	0.0	0	641.7327067744336	1713.8803955639523	1	0	1	0.941423986372564
42648.9070519997	2000.0	1064.9733435642354	0.0	0	0.0	1713.880395563945	1	0	1	1.9811447572124825
43539.30886440592	1000.0	1174.5715311580202	0.0	0	0.0	1713.8803955639523	1	0	1	0.941423986372564
44921.80847805091	1000.0	792.071917513022	0.0	0	0.0	1713.880395563945	1	0	1	1.6345711669325098
45342.48480615191	500.0	1371.3955894120263	0.0	0	0.0	1713.880395563945	1	0	1	-0.09829678446735374
46259.63211132839	1000.0	1454.2482842355444	0.0	0	0.0	1713.880395563945	1	0	1	0.9414239863725643
47200.0	1000.0	1513.880395563934	0.0	0	330.1933793128919	1713.8803955639378	1	0	1	1.6345711669325105
48200.0	1000.0	1513.8803955639366	0.0	0	413.27167519376235	1713.880395563945	1	0	1	1.6345711669325098
49200.0	1000.0	1513.880395563933	0.0	0	346.88978573273926	1713.8803955639523	1	0	1	1.6345711669325091
50200.0	1000.0	1513.8803955639387	0.0	0	384.7001214185002	1713.8803955639523	1	0	1	1.6345711669325091
51200.0	1000.0	1513.8803955639441	0.0	0	255.3110645912966	1713.8803955639523	1	0	1	1.6345711669325091
52200.0	1000.0	1513.8803955639478	0.0	0	374.5756226459416	1713.8803955639523	1	0	1	1.6345711669325091
53223.65434980499	2000.0	1490.2260457589675	0.0	0	12.270172348929918	1713.8803955639523	1	0	1	1.9811447572124816
54200.0	1000.0	1513.880395563951	0.0	0	282.01024965615215	1713.8803955639523	1	0	1	0.941423986372564
55200.0	1000.0	1513.880395563941	0.0	0	113.33155033448566	1713.880395563945	1	0	1	1.6345711669325098
56200.0	1000.0	1513.8803955639373	0.0	0	372.7778421213079	1713.8803955639378	1	0	1	1.6345711669325105
58198.769797693894	2000.0	515.1105978700477	0.0	0	0.0	1713.8803955639378	1	0	1	1.9811447572124832
58613.49109364589	500.0	1100.389301918052	0.0	0	0.0	1713.8803955639378	1	0	1	-0.7914439650272984
59200.0	1000.0	1513.8803955639307	0.0	0	47.2468302067864	1713.8803955639378	1	0	1	0.9414239863725651
60200.0	1000.0	1513.880395563931	0.0	0	184.08344224273606	1713.8803955639378	1	0	1	1.6345711669325105
61200.0	1000.0	1513.8803955639373	0.0	0	468.937762601985	1713.8803955639378	1	0	1	1.6345711669325105
62200.0	1000.0	1513.8803955639348	0.0	0	469.09722393364063	1713.8803955639378	1	0	1	1.6345711669325105
64410.23391933112	2000.0	303.64647623280916	0.0	0	0.0	1713.8803955639378	1	0	1	1.9811447572124832
64808.37800534571	300.0	905.5023902182228	0.0	0	0.0	1713.8803955639378	1	0	1	-2.0685080244422753
65481.62426944915	1000.0	1232.2561261147766	0.0	0	0.0	1713.8803955639305	1	0	1	0.43059836260657514
66219.42333157612	1000.0	1494.45706398781	0.0	0	0.0	1713.8803955639378	1	0	1	1.634571166932511
67200.0	1000.0	1513.8803955639387	0.0	0	343.912673202547	1713.8803955639378	1	0	1	1.6345711669325103
68200.0	1000.0	1513.8803955639623	0.0	0	559.5176923089166	1713.880395563945	1	0	1	1.6345711669325098
69200.0	1000.0	1513.8803955639676	0.0	0	651.0267393668182	1713.880395563945	1	0	1	1.6345711669325098
70200.0	1000.0	1513.8803955639835	0.0	0	344.32802269706735	1713.880395563945	1	0	1	1.6345711669325098
71753.7549345456	2000.0	960.125461018396	0.0	0	0.0	1713.8803955639596	1	0	1	1.981144757212481
72688.28836428834	1000.0	1025.5920312756673	0.0	0	0.0	1713.8803955639596	1	0	1	0.9414239863725631
73480.81128051033	1000.0	1233.0691150536775	0.0	0	0.0	1713.880395563945	1	0	1	1.6345711669325098
74200.0	1000.0	1513.8803955640255	0.0	0	36.58941246604081	1713.8803955639596	1	0	1	1.6345711669325083
75200.0	1000.0	1513.8803955640265	0.0	0	35.0425608890655	1713.8803955639596	1	0	1	1.6345711669325083
76200.0	1000.0	1513.8803955640274	0.0	0	259.61523359443527	1713.8803955639596	1	0	1	1.6345711669325083
77200.0	1000.0	1513.88039556403	0.0	0	280.48554580479686	1713.880395563945	1	0	1	1.634571166932509
78200.0	1000.0	1513.880395564024	0.0	0	465.50198795493634	1713.880395563916	1	0	1	1.6345711669325118
79200.0	1000.0	1513.880395564012	0.0	0	464.62279822416895	1713.880395563916	1	0	1	1.6345711669325127
80340.48008506263	2000.0	1373.400310501385	0.0	0	0.0	1713.8803955639305	1	0	1	1.9811447572124838
81200.0	1000.0	1513.8803955640287	0.0	0	180.55178275618528	1713.880395563945	1	0	1	0.9414239863725645
82200.0	1000.0	1513.880395564018	0.0	0	55.98439705991768	1713.880395563945	1	0	1	1.6345711669325098
83200.0	1000.0	1513.880395564006	0.0	0	35.34142609919945	1713.880395563945	1	0	1	1.6345711669325098
84200.0	1000.0	1513.880395564017	0.0	0	438.01240964548197	1713.880395563945	1	0	1	1.6345711669325098
85200.0	1000.0	1513.8803955640078	0.0	0	245.31170350431057	1713.880395563945	1	0	1	1.6345711669325098
86200.0	1000.0	1513.880395564004	0.0	0	182.92791068965744	1713.880395563945	1	0	1	1.6345711669325098
87200.0	1000.0	1513.880395563992	0.0	0	77.67032103703241	1713.8803955639596	1	0	1	1.6345711669325083
88200.0	1000.0	1513.8803955639894	0.0	0	179.94848073631874	1713.880395563945	1	0	1	1.6345711669325098
89461.52943533722	1000.0	1252.350960226776	0.0	0	0.0	1713.880395563945	1	0	1	1.6345711669325098
90310.50053185956	1000.0	1403.3798637043992	0.0	0	0.0	1713.880395563945	1	0	1	1.6345711669325098
91200.0	1000.0	1513.8803955639626	0.0	0	120.39274913753616	1713.880395563945	1	0	1	1.6345711669325098
92200.0	1000.0	1513.8803955639714	0.0	0	324.27828293426137	1713.880395563945	1	0	1	1.6345711669325098
93200.0	1000.0	1513.8803955639896	0.0	0	365.132304864077	1713.8803955639596	1	0	1	1.6345711669325083
94275.23308124144	1000.0	1438.6473143225437	0.0	0	0.0	1713.8803955639596	1	0	1	1.6345711669325083
95589.39668776591	1000.0	1124.4837077980596	0.0	0	0.0	1713.8803955639596	1	0	1	1.6345711669325083
96553.46741452409	1000.0	1160.4129810398656	0.0	0	0.0	1713.880395563945	1	0	1	1.6345711669325098
97200.0	1000.0	1513.8803955639319	0.0	0	65.79905101069016	1713.880395563945	1	0	1	1.6345711669325098
98200.0	1000.0	1513.8803955639387	0.0	0	358.32674107044295	1713.880395563945	1	0	1	1.6345711669325098
99200.0	1000.0	1513.8803955639423	0.0	0	284.1379406484193	1713.8803955639596	1	0	1	1.6345711669325083
100200.0	1000.0	1513.880395563939	0.0	0	263.0681854866416	1713.880395563945	1	0	1	1.6345711669325098
101520.18023231997	2000.0	1193.700163243974	0.0	0	0.0	1713.880395563945	1	0	1	1.9811447572124825
102200.0	1000.0	1513.8803955639519	0.0	0	173.22803680764628	1713.8803955639596	1	0	1	0.9414239863725631
103386.9261386148	1000.0	1326.9542569491543	0.0	0	0.0	1713.8803955639596	1	0	1	1.6345711669325083
104228.11223933584	1000.0	1485.768156228124	0.0	0	0.0	1713.8803955639596	1	0	1	1.6345711669325083
105200.0	1000.0	1513.8803955639635	0.0	0	166.82174081579433	1713.8803955639596	1	0	1	1.6345711669325083
106200.0	1000.0	1513.8803955639717	0.0	0	514.096890915811	1713.8803955639596	1	0	1	1.6345711669325083
107200.0	2000.0	1513.8803955639669	0.0	0	157.91066209606652	1713.880395563945	1	0	1	1.9811447572124825
108200.0	1000.0	1513.8803955639587	0.0	0	601.3889242908772	1713.880395563945	1	0	1	0.9414239863725645
109200.0	2000.0	1513.880395563966	0.0	0	151.22701148453052	1713.8803955639596	1	0	1	1.981144757212481
111337.9230361414	2000.0	375.95735942256067	0.0	0	0.0	1713.8803955639596	1	0	1	2.674291937772426
111816.54167278443	500.0	897.3387227795133	0.0	0	0.0	1713.8803955639596	1	0	1	-0.7914439650273006
112679.66967199522	1000.0	1034.2107235687286	0.0	0	0.0	1713.8803955639596	1	0	1	0.9414239863725629
113696.5325658073	1000.0	1017.3478297566498	0.0	0	0.0	1713.880395563945	1	0	1	1.6345711669325098
114200.0	500.0	1513.8803955639492	0.0	0	140.43590655049775	1713.880395563945	1	0	1	-0.09829678446735374
115200.0	1000.0	1513.880395563954	0.0	0	556.2625420427648	1713.880395563945	1	0	1	0.9414239863725643
116200.0	1000.0	1513.8803955639705	0.0	0	474.4788585185597	1713.880395563945	1	0	1	1.6345711669325098
117200.0	1000.0	1513.8803955639673	0.0	0	342.03654303106305	1713.880395563945	1	0	1	1.6345711669325098
118200.0	1000.0	1513.8803955639657	0.0	0	238.20050204479776	1713.880395563945	1	0	1	1.6345711669325098
120036.50408557382	2000.0	677.3763099901457	0.0	0	0.0	1713.880395563945	1	0	1	1.9811447572124825
121021.83172595747	1000.0	692.0486696064994	0.0	0	0.0	1713.880395563945	1	0	1	0.9414239863725645
121520.61882443025	500.0	1193.2615711337307	0.0	0	0.0	1713.880395563945	1	0	1	-0.09829678446735374
122200.0	1000.0	1513.8803955639723	0.0	0	6.1291934916662285	1713.880395563945	1	0	1	0.9414239863725643
123200.0	1000.0	1513.880395563968	0.0	0	491.7144847546879	1713.8803955639596	1	0	1	1.6345711669325083
124200.0	1000.0	1513.8803955639723	0.0	0	521.6406554973801	1713.8803955639596	1	0	1	1.6345711669325083
125200.0	1000.0	1513.880395563981	0.0	0	578.0299127103644	1713.8803955639742	1	0	1	1.634571166932507
126257.95981822952	1000.0	1455.9205773344681	0.0	0	0.0	1713.8803955639742	1	0	1	1.634571166932507
127200.0	1000.0	1513.880395563994	0.0	0	442.27097936758946	1713.8803955639742	1	0	1	1.634571166932507
128200.0	1000.0	1513.8803955639924	0.0	0	459.30287583616155	1713.8803955639742	1	0	1	1.634571166932507
129200.0	1000.0	1513.8803955639964	0.0	0	269.0058329825697	1713.8803955639742	1	0	1	1.634571166932507
130200.0	1000.0	1513.8803955640094	0.0	0	228.19952720863512	1713.8803955639742	1	0	1	1.634571166932507
131200.0	1000.0	1513.8803955640049	0.0	0	354.69687550929666	1713.8803955639887	1	0	1	1.6345711669325067
132200.0	1000.0	1513.8803955640085	0.0	0	213.10737206446356	1713.8803955639887	1	0	1	1.634571166932505
133200.0	1000.0	1513.8803955639976	0.0	0	446.77576641133055	1713.8803955639887	1	0	1	1.6345711669325051
134200.0	1000.0	1513.880395563994	0.0	0	126.11178394631133	1713.8803955640178	1	0	1	1.6345711669325043
135200.0	1000.0	1513.8803955639694	0.0	0	377.4833366710518	1713.8803955639887	1	0	1	1.6345711669325038
136860.57898017272	2000.0	853.301415391257	0.0	0	0.0	1713.8803955639887	1	0	1	1.981144757212478
137332.147723185	1000.0	1381.7326723790402	0.0	0	0.0	1713.8803955639887	1	0	1	0.9414239863725604
138200.0	1000.0	1513.8803955640165	0.0	0	162.02400926561677	1713.8803955639887	1	0	1	1.6345711669325056
139299.1576534108	1000.0	1414.7227421532234	0.0	0	0.0	1713.8803955639887	1	0	1	1.6345711669325056
140547.8444566958	1000.0	1166.0359388682036	0.0	0	0.0	1713.8803955639887	1	0	1	1.6345711669325056
141465.5786081603	1000.0	1248.301787403708	0.0	0	0.0	1713.8803955639596	1	0	1	1.6345711669325083
142200.0	1000.0	1513.8803955640306	0.0	0	124.88339894844103	1713.8803955639596	1	0	1	1.6345711669325083
143200.0	1000.0	1513.8803955640244	0.0	0	479.3548550666019	1713.8803955639596	1	0	1	1.6345711669325083
144200.0	1000.0	1513.8803955640415	0.0	0	377.53116187575506	1713.8803955639596	1	0	1	1.6345711669325083
145200.0	1000.0	1513.8803955640599	0.0	0	64.68603617805638	1713.8803955639596	1	0	1	1.6345711669325083
146200.0	1000.0	1513.8803955640412	0.0	0	431.99988883861806	1713.8803955639596	1	0	1	1.6345711669325083
147200.0	1000.0	1513.8803955640426	0.0	0	381.29366736402153	1713.8803955639887	1	0	1	1.6345711669325056
148644.47791677338	2000.0	1069.4024787906574	0.0	0	0.0	1713.8803955640178	1	0	1	1.9811447572124754
149461.1406952778	1000.0	1252.73970028625	0.0	0	0.0	1713.8803955640178	1	0	1	0.9414239863725573
150542.30239740104	1000.0	1171.5779981630276	0.0	0	0.0	1713.8803955640178	1	0	1	1.6345711669325025
151679.41923054933	1000.0	1034.461165014743	0.0	0	0.0	1713.880395564047	1	0	1	1.6345711669324996
152857.70207656434	1000.0	856.1783189997436	0.0	0	0.0	1713.8803955640178	1	0	1	1.6345711669325025
153249.02135669568	500.0	1464.8590388683856	0.0	0	0.0	1713.8803955640178	1	0	1	-0.09829678446736101
154200.0	1000.0	1513.8803955640856	0.0	0	288.86406417321996	1713.8803955640178	1	0	1	0.9414239863725571
155200.0	1000.0	1513.8803955640683	0.0	0	346.93638094657217	1713.8803955640178	1	0	1	1.6345711669325025
156200.0	1000.0	1513.880395564092	0.0	0	250.10199501606985	1713.8803955640178	1	0	1	1.6345711669325025
157200.0	1000.0	1513.880395564127	0.0	0	410.10628118380555	1713.880395564047	1	0	1	1.6345711669324996
158200.0	1000.0	1513.8803955641533	0.0	0	465.4185189806158	1713.880395564047	1	0	1	1.6345711669324996
159200.0	1000.0	1513.8803955641288	0.0	0	361.02969678406953	1713.880395564047	1	0	1	1.6345711669324996
160200.0	1000.0	1513.8803955641501	0.0	0	216.97064125179895	1713.880395564047	1	0	1	1.6345711669324996
161200.0	2000.0	1513.880395564122	0.0	0	109.28219006676227	1713.8803955640178	1	0	1	1.9811447572124754
162200.0	1000.0	1513.8803955641295	0.0	0	641.7220138559351	1713.8803955640178	1	0	1	0.9414239863725573
163200.0	2000.0	1513.880395564115	0.0	0	235.66048504185164	1713.8803955640178	1	0	1	1.9811447572124754
164836.6042854931	2000.0	877.2761100710202	0.0	0	0.0	1713.8803955639887	1	0	1	2.674291937772423
166160.8697114477	1000.0	553.0106841164235	0.0	0	0.0	1713.8803955640178	1	0	1	0.9414239863725591
166820.84994800453	500.0	893.0304475595843	0.0	0	0.0	1713.8803955640178	1	0	1	-0.09829678446736101
167428.80926637037	500.0	1285.071129193747	0.0	0	0.0	1713.8803955640178	1	0	1	0.5948503960925844
168205.89949963105	1000.0	1507.9808959330935	0.0	0	0.0	1713.8803955640178	1	0	1	0.9414239863725571
169264.49600766494	1000.0	1449.3843878991743	0.0	0	0.0	1713.8803955639887	1	0	1	1.6345711669325051
170200.0	500.0	1513.880395564117	0.0	0	612.3238937172282	1713.8803955639887	1	0	1	-0.09829678446735818
171200.0	1000.0	1513.880395564081	0.0	0	544.6138365473889	1713.8803955639887	1	0	1	0.9414239863725602
172200.0	1000.0	1513.8803955640756	0.0	0	624.0180274881423	1713.8803955639596	1	0	1	1.6345711669325065
173200.0	2000.0	1513.8803955640717	0.0	0	238.63096881032106	1713.8803955639596	1	0	1	1.981144757212481
174866.68001540718	2000.0	847.2003801569027	0.0	0	0.0	1713.8803955639887	1	0	1	2.6742919377724235
175841.3420520595	1000.0	872.5383435045948	0.0	0	0.0	1713.8803955640178	1	0	1	0.9414239863725598
176810.03599712884	1000.0	903.8443984352833	0.0	0	0.0	1713.880395564047	1	0	1	1.6345711669324996
177636.28344255875	1000.0	1077.5969530053862	0.0	0	0.0	1713.880395564076	1	0	1	1.6345711669324967
178335.15709339862	1000.0	1378.7233021655186	0.0	0	0.0	1713.8803955641051	1	0	1	1.6345711669324938
179200.0	1000.0	1513.8803955641538	0.0	0	64.22364445310086	1713.8803955641051	1	0	1	1.6345711669324938
180200.0	1000.0	1513.880395564126	0.0	0	328.58865306456573	1713.880395564076	1	0	1	1.6345711669324952
181712.4073963368	2000.0	1001.4729992273121	0.0	0	0.0	1713.880395564076	1	0	1	1.9811447572124692
182332.8718819011	1000.0	1381.0085136630132	0.0	0	0.0	1713.880395564076	1	0	1	0.9414239863725515
183200.0	1000.0	1513.8803955641417	0.0	0	107.3008400783583	1713.880395564076	1	0	1	1.6345711669324967
184200.0	1000.0	1513.8803955641372	0.0	0	447.9820655894582	1713.880395564076	1	0	1	1.6345711669324967
185200.0	1000.0	1513.8803955641679	0.0	0	419.395722951449	1713.8803955641051	1	0	1	1.6345711669324938
186200.0	1000.0	1513.8803955641613	0.0	0	267.71901415713364	1713.880395564076	1	0	1	1.6345711669324952
187200.0	1000.0	1513.8803955641745	0.0	0	293.6929147520859	1713.880395564076	1	0	1	1.6345711669324967
188200.0	1000.0	1513.8803955641638	0.0	0	432.86464039463317	1713.880395564076	1	0	1	1.6345711669324967
189200.0	2000.0	1513.8803955641397	0.0	0	291.880352864071	1713.880395564076	1	0	1	1.9811447572124692
190200.0	1000.0	1513.8803955641513	0.0	0	661.2936876810563	1713.8803955641051	1	0	1	0.9414239863725486
191949.74801558672	2000.0	764.1323799774636	0.0	0	0.0	1713.8803955641342	1	0	1	1.9811447572124643
192746.339402094	1000.0	967.5409934702045	0.0	0	0.0	1713.8803955641342	1	0	1	0.9414239863725457
194149.30049809406	1000.0	564.5798974701253	0.0	0	0.0	1713.8803955641342	1	0	1	1.6345711669324898
194594.11728173972	500.0	1119.7631138244778	0.0	0	0.0	1713.8803955641051	1	0	1	-0.09829678446736968
195200.0	1000.0	1513.8803955641788	0.0	0	55.71117479985696	1713.8803955641051	1	0	1	0.9414239863725484
196200.0	1000.0	1513.8803955641988	0.0	0	413.7682130144676	1713.8803955641051	1	0	1	1.6345711669324938
197200.0	1000.0	1513.8803955642065	0.0	0	415.5868891259015	1713.8803955641342	1	0	1	1.6345711669324907
198200.0	1000.0	1513.8803955642463	0.0	0	612.5553478473448	1713.8803955641342	1	0	1	1.6345711669324907
199200.0	1000.0	1513.880395564252	0.0	0	72.60228631162317	1713.8803955641633	1	0	1	1.634571166932488
200200.0	1000.0	1513.8803955643014	0.0	0	384.80064948715153	1713.8803955641924	1	0	1	1.634571166932485
201200.0	1000.0	1513.8803955642925	0.0	0	459.56364683495485	1713.8803955641924	1	0	1	1.634571166932485
202200.0	2000.0	1513.8803955643252	0.0	0	113.68706090832711	1713.8803955641924	1	0	1	1.9811447572124576
203200.0	1000.0	1513.8803955643227	0.0	0	296.79962779127527	1713.8803955641924	1	0	1	0.9414239863725398
204200.0	1000.0	1513.8803955643566	0.0	0	333.27348659632844	1713.8803955641924	1	0	1	1.634571166932485
205692.49198406958	2000.0	1021.3884114947848	0.0	0	0.0	1713.8803955642215	1	0	1	1.9811447572124554
206436.60139328265	1000.0	1277.2790022817428	0.0	0	0.0	1713.8803955642215	1	0	1	0.9414239863725371
207352.78985524937	1000.0	1361.090540315038	0.0	0	0.0	1713.8803955642215	1	0	1	1.6345711669324823
208207.86337612785	1000.0	1506.0170194365548	0.0	0	0.0	1713.8803955642215	1	0	1	1.6345711669324823
209200.0	1000.0	1513.8803955643934	0.0	0	330.4926781432878	1713.8803955642215	1	0	1	1.6345711669324823
210200.0	1000.0	1513.8803955644325	0.0	0	549.3255581699195	1713.8803955642215	1	0	1	1.6345711669324823
211200.0	1000.0	1513.880395564413	0.0	0	541.6905445356097	1713.8803955642215	1	0	1	1.6345711669324823
212454.7554801507	2000.0	1259.1249154136935	0.0	0	0.0	1713.8803955642215	1	0	1	1.981144757212455
213200.0	1000.0	1513.8803955643646	0.0	0	1.0978760163416155	1713.8803955642215	1	0	1	0.9414239863725371
214374.3597649278	1000.0	1339.5206306366056	0.0	0	0.0	1713.8803955642215	1	0	1	1.6345711669324823
215263.86878999622	1000.0	1450.0116055681642	0.0	0	0.0	1713.8803955642215	1	0	1	1.6345711669324823
216200.0	1000.0	1513.8803955643823	0.0	0	482.59154821757693	1713.8803955642215	1	0	1	1.6345711669324823
217200.0	1000.0	1513.8803955643948	0.0	0	579.1605613617867	1713.8803955642215	1	0	1	1.6345711669324823
218200.0	1000.0	1513.8803955643878	0.0	0	458.379992834467	1713.8803955641924	1	0	1	1.6345711669324832
219200.0	1000.0	1513.8803955643623	0.0	0	436.5348380309006	1713.8803955641924	1	0	1	1.634571166932485
221439.70702336455	2000.0	274.17337219980567	0.0	0	0.0	1713.8803955641633	1	0	1	1.9811447572124594
221839.30220845848	300.0	874.5781871058864	0.0	0	0.0	1713.8803955641633	1	0	1	-2.0685080244422975
222586.34559932773	1000.0	1127.5347962366523	0.0	0	0.0	1713.8803955641924	1	0	1	0.43059836260654877
223293.1888902724	1000.0	1420.6915052919485	0.0	0	0.0	1713.8803955641924	1	0	1	1.634571166932485
224200.0	1000.0	1513.8803955643355	0.0	0	125.62244950133027	1713.8803955642215	1	0	1	1.634571166932484
225200.0	1000.0	1513.8803955643339	0.0	0	176.30351650621742	1713.8803955642215	1	0	1	1.6345711669324823
226200.0	1000.0	1513.880395564346	0.0	0	331.5936136157252	1713.8803955641924	1	0	1	1.6345711669324832
227200.0	1000.0	1513.8803955643457	0.0	0	528.396316274564	1713.8803955641924	1	0	1	1.634571166932485
228200.0	1000.0	1513.8803955643218	0.0	0	471.9446724738809	1713.8803955642215	1	0	1	1.634571166932484
229435.12735909328	2000.0	1278.7530364710701	0.0	0	0.0	1713.8803955642215	1	0	1	1.981144757212455
230571.97255822836	1000.0	1141.9078373360044	0.0	0	0.0	1713.8803955642506	1	0	1	0.941423986372534
231350.6148247119	1000.0	1363.265570852439	0.0	0	0.0	1713.8803955642506	1	0	1	1.6345711669324792
232256.782648553	1000.0	1457.0977470113626	0.0	0	0.0	1713.8803955642798	1	0	1	1.6345711669324765
233200.0	1000.0	1513.8803955643464	0.0	0	28.246778443222865	1713.8803955642506	1	0	1	1.6345711669324792
234206.36598092402	1000.0	1507.5144146403225	0.0	0	0.0	1713.8803955642215	1	0	1	1.6345711669324812
235200.0	1000.0	1513.8803955643525	0.0	0	132.63461225759238	1713.8803955642215	1	0	1	1.6345711669324823
236200.0	1000.0	1513.8803955643182	0.0	0	295.40800324076554	1713.8803955641924	1	0	1	1.6345711669324832
237210.93649080032	1000.0	1502.9439047640108	0.0	0	0.0	1713.8803955641924	1	0	1	1.634571166932485
238925.10215374356	1000.0	788.7782418207631	0.0	0	0.0	1713.8803955641633	1	0	1	1.634571166932488
239460.06359627374	500.0	1253.8167992905676	0.0	0	0.0	1713.8803955641633	1	0	1	-0.09829678446737557
240379.86530061867	1000.0	1334.0150949456383	0.0	0	0.0	1713.8803955641633	1	0	1	0.9414239863725427
241200.0	1000.0	1513.8803955642747	0.0	0	305.4227985095058	1713.8803955641633	1	0	1	1.634571166932488
242200.0	1000.0	1513.8803955642957	0.0	0	191.3547004420252	1713.8803955641633	1	0	1	1.634571166932488
243200.0	1000.0	1513.880395564329	0.0	0	311.4887270118634	1713.8803955641342	1	0	1	1.6345711669324907
244200.0	1000.0	1513.880395564324	0.0	0	92.08368039081688	1713.8803955641633	1	0	1	1.634571166932488
245200.0	1000.0	1513.8803955643189	0.0	0	163.72213256105897	1713.8803955641633	1	0	1	1.634571166932488
246200.0	1000.0	1513.880395564332	0.0	0	104.33468292537145	1713.8803955641633	1	0	1	1.634571166932488
247200.0	1000.0	1513.8803955643668	0.0	0	386.92427244226565	1713.8803955641633	1	0	1	1.634571166932488
248200.0	1000.0	1513.8803955643666	0.0	0	511.313715680968	1713.8803955641342	1	0	1	1.634571166932489
249200.0	1000.0	1513.880395564328	0.0	0	110.19988290211768	1713.8803955641051	1	0	1	1.6345711669324938
250726.78511712392	2000.0	987.0952784404237	0.0	0	0.0	1713.880395564076	1	0	1	1.9811447572124692
251549.53699027593	1000.0	1164.343405288429	0.0	0	0.0	1713.880395564076	1	0	1	0.9414239863725515
252461.46695573695	1000.0	1252.4134398274234	0.0	0	0.0	1713.880395564076	1	0	1	1.6345711669324967
253404.83444999607	1000.0	1309.045945568296	0.0	0	0.0	1713.8803955641051	1	0	1	1.6345711669324938
254200.0	1000.0	1513.880395564365	0.0	0	85.38625150430016	1713.8803955641342	1	0	1	1.6345711669324907
255200.0	1000.0	1513.8803955643905	0.0	0	631.2590689765057	1713.8803955641342	1	0	1	1.6345711669324907
256200.0	1000.0	1513.8803955643923	0.0	0	498.01686830763356	1713.8803955641342	1	0	1	1.6345711669324907
257200.0	1000.0	1513.8803955644303	0.0	0	517.893865451013	1713.8803955641633	1	0	1	1.634571166932488
258334.48464238268	2000.0	1379.3957531817325	0.0	0	0.0	1713.8803955641342	1	0	1	1.9811447572124634
259628.21595636394	2000.0	1085.6644392004882	0.0	0	0.0	1713.8803955641633	1	0	1	2.6742919377724057
260874.9974422961	1000.0	838.8829532683325	0.0	0	0.0	1713.8803955641633	1	0	1	0.9414239863725429
261714.03649182923	1000.0	999.8439037351825	0.0	0	0.0	1713.8803955641633	1	0	1	1.634571166932488
262814.36216387054	1000.0	899.5182316938556	0.0	0	0.0	1713.8803955641633	1	0	1	1.6345711669324885
263200.0	500.0	1513.8803955644257	0.0	0	34.89098203869071	1713.8803955642215	1	0	1	-0.09829678446737795
264200.0	1000.0	1513.8803955644028	0.0	0	594.2656045678305	1713.8803955642506	1	0	1	0.9414239863725338
265200.0	1000.0	1513.8803955643693	0.0	0	370.2343886392773	1713.8803955642506	1	0	1	1.6345711669324827
266200.0	1000.0	1513.8803955643934	0.0	0	516.3364442645106	1713.8803955643089	1	0	1	1.634571166932477
267200.0	1000.0	1513.880395564383	0.0	0	352.1323222227511	1713.8803955643089	1	0	1	1.6345711669324734
268835.9849970948	2000.0	877.8953984695579	0.0	0	0.0	1713.8803955642506	1	0	1	1.981144757212452
269974.63504039845	1000.0	739.2453551659181	0.0	0	0.0	1713.8803955642506	1	0	1	0.941423986372534
270480.8012115345	500.0	1233.079184029947	0.0	0	0.0	1713.8803955642506	1	0	1	-0.09829678446738431
271341.4842600248	1000.0	1372.3961355396232	0.0	0	0.0	1713.8803955642506	1	0	1	0.9414239863725338
272200.0	1000.0	1513.8803955643957	0.0	0	206.13643841526937	1713.8803955642506	1	0	1	1.6345711669324792
273200.0	1000.0	1513.88039556445	0.0	0	461.2216151733883	1713.880395564367	1	0	1	1.6345711669324712
274200.0	1000.0	1513.8803955645017	0.0	0	411.9811461927602	1713.8803955644253	1	0	1	1.6345711669324652
275200.0	1000.0	1513.8803955645062	0.0	0	35.48784775676904	1713.8803955644253	1	0	1	1.6345711669324616
276200.0	1000.0	1513.8803955645262	0.0	0	224.4920347686275	1713.8803955644253	1	0	1	1.6345711669324616
277200.0	1000.0	1513.880395564521	0.0	0	492.7384097952745	1713.8803955644253	1	0	1	1.6345711669324616
278200.0	1000.0	1513.880395564524	0.0	0	336.46071720146574	1713.8803955644835	1	0	1	1.6345711669324559
279200.0	1000.0	1513.8803955644921	0.0	0	527.3146835538209	1713.8803955644835	1	0	1	1.6345711669324559
280200.0	1000.0	1513.8803955644967	0.0	0	516.2493672585115	1713.8803955644835	1	0	1	1.6345711669324559
281200.0	1000.0	1513.880395564498	0.0	0	462.04324892919976	1713.8803955644835	1	0	1	1.6345711669324559
282200.0	1000.0	1513.8803955644519	0.0	0	540.82027400058	1713.8803955644835	1	0	1	1.6345711669324559
283200.0	1000.0	1513.8803955645487	0.0	0	485.98021806793986	1713.8803955645417	1	0	1	1.6345711669324536
284200.0	1000.0	1513.8803955645124	0.0	0	202.97703901375644	1713.8803955645417	1	0	1	1.6345711669324503
285354.6937281881	2000.0	1359.1866673764282	0.0	0	0.0	1713.8803955645417	1	0	1	1.9811447572124226
286200.0	1000.0	1513.8803955645524	0.0	0	39.81075237999903	1713.8803955645417	1	0	1	0.9414239863725051
287371.2394403204	2000.0	1342.640955244163	0.0	0	0.0	1713.8803955645417	1	0	1	1.9811447572124226
288255.21485866624	1000.0	1458.6655368983645	0.0	0	0.0	1713.8803955646	1	0	1	0.941423986372499
289426.1314418954	1000.0	1287.748953669219	0.0	0	0.0	1713.8803955645417	1	0	1	1.6345711669324503
290695.7824071003	1000.0	1018.0979884642636	0.0	0	0.0	1713.8803955645417	1	0	1	1.6345711669324503
291200.0	500.0	1513.8803955646583	0.0	0	177.8771999318269	1713.8803955646	1	0	1	-0.09829678446741924
292200.0	1000.0	1513.8803955646765	0.0	0	347.875039860548	1713.8803955646	1	0	1	0.9414239863724955
293200.0	1000.0	1513.8803955647138	0.0	0	456.10928021674044	1713.880395564658	1	0	1	1.6345711669324419
294200.0	1000.0	1513.8803955647727	0.0	0	336.82479309797054	1713.8803955647163	1	0	1	1.634571166932436
295200.0	1000.0	1513.88039556476	0.0	0	137.7018833469483	1713.8803955647163	1	0	1	1.6345711669324325
296200.0	2000.0	1513.8803955647093	0.0	0	91.44241973478347	1713.8803955647163	1	0	1	1.9811447572124055
297609.0987111	2000.0	1104.7816844647177	0.0	0	0.0	1713.880395564658	1	0	1	2.674291937772355
298382.5702587817	1000.0	1331.3101367830154	0.0	0	0.0	1713.8803955647163	1	0	1	0.9414239863724874
299428.5562525433	1000.0	1285.3241430214853	0.0	0	0.0	1713.8803955647745	1	0	1	1.634571166932427
300632.7998713995	1000.0	1081.0805241653109	0.0	0	0.0	1713.8803955647745	1	0	1	1.634571166932427
301508.1226177351	1000.0	1205.757777829685	0.0	0	0.0	1713.8803955647163	1	0	1	1.6345711669324325
302387.96393828694	1000.0	1325.9164572779289	0.0	0	0.0	1713.8803955647163	1	0	1	1.6345711669324325
303200.0	1000.0	1513.880395564863	0.0	0	54.84489731746726	1713.8803955647163	1	0	1	1.6345711669324325
304200.0	1000.0	1513.8803955649014	0.0	0	323.89186510967556	1713.8803955647745	1	0	1	1.6345711669324303
305200.0	1000.0	1513.880395564933	0.0	0	261.23631157155614	1713.8803955648327	1	0	1	1.6345711669324245
306200.0	1000.0	1513.8803955649191	0.0	0	194.6619267410715	1713.8803955648327	1	0	1	1.6345711669324232
307200.0	1000.0	1513.8803955649535	0.0	0	334.83587108145	1713.8803955648327	1	0	1	1.634571166932421
308871.0249936958	2000.0	842.8554018692333	0.0	0	0.0	1713.8803955647745	1	0	1	1.9811447572123995
309319.22609354317	1000.0	1394.6543020218649	0.0	0	0.0	1713.8803955647745	1	0	1	0.9414239863724818
310200.0	1000.0	1513.880395565009	0.0	0	444.45713289495325	1713.8803955647745	1	0	1	1.634571166932427
311200.0	1000.0	1513.880395565073	0.0	0	486.16523804765893	1713.8803955647163	1	0	1	1.6345711669324292
312200.0	2000.0	1513.8803955651158	0.0	0	167.5010819733725	1713.880395564658	1	0	1	1.981144757212411
2.15	1.25	0.96	0.68	0.95	1.08	1.47	1.76	2.5	2.78	1.87	1.47	1.31	1.25	1.55	1.81	1.6	1.41	1.71	1.26	1.46	1.53	1.26	1.55	2.0	2.09	2.64	2.17	1.05	1.15	0.88	1.15	1.73	2.18	2.25	1.45	1.59	2.04	2.33	1.18	1.53	1.42	0.98	1.41	1.27	1.63	1.88	1.84	1.26	1.3	0.97	1.31	1.76	2.19	2.31	2.42	0.89	1.08	1.05	1.12	1.58	1.15	1.46	1.76	1.95	2.0	1.58	1.01	1.12	1.56	1.17	1.33	1.44	1.02	0.89	0.72	1.1	1.52	1.83	1.16	0.95	0.93	1.34	1.9	1.91	1.37	1.76	1.85	1.26	1.07	1.48	2.09	2.75	2.9	2.29	1.44	1.29	0.89	0.95	1.2	2.09	2.42	1.74	1.53	1.93	1.32	0.76	1.27	1.64	2.34	2.24	1.17	1.55	2.04	1.76	1.68	1.97	1.34	1.88	1.58	1.45	1.58	1.49	1.68	1.17	0.88	0.85	1.15	1.62	1.78	1.38	1.39	1.83	1.37	1.12	1.18	1.03	1.07	1.04	1.12	1.64	1.54	1.25	1.81	1.41	1.56	2.35	2.53	2.27	1.9	2.15	1.25	0.96	0.68	0.95	1.08	1.47	1.76	2.5	2.78	1.87	1.47	1.31	1.25	1.55	1.81	1.6	1.41	1.71	1.26	1.46	1.53	1.26	1.55	2.0	2.09	2.64	2.17	1.05	1.15	0.88	1.15	1.73	2.18	2.25	1.45	1.59	2.04	2.33	1.18	1.53	1.42	0.98	1.41	1.27	1.63	1.88	1.84	1.26	1.3	0.97	1.31	1.76	2.19	2.31	2.42	0.89	1.08	1.05	1.12	1.58	1.15	1.46	1.76	1.95	2.0	1.58	1.01	1.12	1.56	1.17	1.33	1.44	1.02	0.89	0.72	1.1	1.52	1.83	1.16	0.95	0.93	1.34	1.9	1.91	1.37	1.76	1.85	1.26	1.07	1.48	2.09	2.75	2.9	2.29	1.44	1.29	0.89	0.95	1.2	2.09	2.42	1.74	1.53	1.93	1.32	0.76	1.27	1.64	2.34	2.24	1.17	1.55	2.04	1.76	1.68	1.97	1.34	1.88	1.58	1.45	1.58	1.49	1.68	1.17	0.88	0.85	1.15	1.62	1.78	1.38	1.39	1.83	1.37	1.12	1.18	1.03	1.07	1.04	1.12	1.64	1.54	1.25	1.81	1.41	1.56	2.35	2.53	2.27	1.9	2.15	1.25	0.96	0.68	0.95	1.08	1.47	1.76	2.5	2.78	1.87	1.47	1.31	1.25
1.0	2.0	3.0	4.0	5.0	6.0	7.0	8.0	9.0	10.0	11.0	12.0	13.0	14.0	15.0	16.0	17.0	18.0	19.0	20.0	21.0	22.0	23.0	24.0	25.0	26.0	27.0	28.0	29.0	30.0	31.0	32.0	33.0	34.0	35.0	36.0	37.0	38.0	39.0	40.0	41.0	42.0	43.0	44.0	45.0	46.0	47.0	48.0	49.0	50.0	51.0	52.0	53.0	54.0	55.0	56.0	57.0	58.0	59.0	60.0	61.0	62.0	63.0	64.0	65.0	66.0	67.0	68.0	69.0	70.0	71.0	72.0	73.0	74.0	75.0	76.0	77.0	78.0	79.0	80.0	81.0	82.0	83.0	84.0	85.0	86.0	87.0	88.0	89.0	90.0	91.0	92.0	93.0	94.0	95.0	96.0	97.0	98.0	99.0	100.0	101.0	102.0	103.0	104.0	105.0	106.0	107.0	108.0	109.0	110.0	111.0	112.0	113.0	114.0	115.0	116.0	117.0	118.0	119.0	120.0	121.0	122.0	123.0	124.0	125.0	126.0	127.0	128.0	129.0	130.0	131.0	132.0	133.0	134.0	135.0	136.0	137.0	138.0	139.0	140.0	141.0	142.0	143.0	144.0	145.0	146.0	147.0	148.0	149.0	149.0	150.0	151.0	152.0	153.0	154.0	155.0	156.0	157.0	158.0	159.0	160.0	161.0	162.0	163.0	164.0	165.0	166.0	167.0	168.0	169.0	170.0	171.0	172.0	173.0	174.0	175.0	176.0	177.0	178.0	179.0	180.0	181.0	182.0	183.0	184.0	185.0	186.0	187.0	188.0	189.0	190.0	191.0	192.0	193.0	194.0	195.0	196.0	197.0	198.0	199.0	200.0	201.0	202.0	203.0	204.0	205.0	206.0	207.0	208.0	209.0	210.0	211.0	212.0	213.0	214.0	215.0	216.0	217.0	218.0	219.0	220.0	221.0	222.0	223.0	224.0	225.0	226.0	227.0	228.0	229.0	230.0	231.0	232.0	233.0	234.0	235.0	236.0	237.0	238.0	239.0	240.0	241.0	242.0	243.0	244.0	245.0	246.0	247.0	248.0	249.0	250.0	251.0	252.0	253.0	254.0	255.0	256.0	257.0	258.0	259.0	260.0	261.0	262.0	263.0	264.0	265.0	266.0	267.0	268.0	269.0	270.0	271.0	272.0	273.0	274.0	275.0	276.0	277.0	278.0	279.0	280.0	281.0	282.0	283.0	284.0	285.0	286.0	287.0	288.0	289.0	290.0	291.0	292.0	293.0	294.0	295.0	296.0	297.0	298.0	298.0	299.0	300.0	301.0	302.0	303.0	304.0	305.0	306.0	307.0	308.0	309.0	310.0	311.0	312.0
2661.3210858720013
