2964.9366629612327	300.0	2000.0	296.6684291462927	0	0.0	2964.9366629612327	1	0	1	-2.069930309930562
5200.0	1000.0	664.9000000000001	0.0	0	391.81033839048814	864.8999999999996	1	0	2	0.11169332087524148
6200.0	500.0	2764.9000000000015	0.0	0	732.6455941811892	2964.9000000000015	1	0	0	-0.6193987449109595
9209.102452499747	2000.0	654.8873022502796	0.0	0	0.0	863.9897547500259	1	0	2	0.7705358684470428
10200.0	500.0	2763.0795095000535	0.0	0	716.7954954756551	2963.079509500054	1	0	0	-1.3123638764209098
13354.050016666366	3000.0	493.6244911670509	0.0	0	0.0	847.6745078334188	1	0	2	0.9744511546468015
14200.0	500.0	2732.2695061667814	0.0	0	679.8232835319377	2932.269506166782	1	0	0	-1.714857794894334
17332.929545524505	3000.0	486.0470060898266	0.0	0	0.0	818.9765516143307	1	0	2	0.9774993407853547
18200.0	1000.0	2705.683597061882	0.0	0	538.5820975793686	2905.6835970618813	1	0	0	0.02056265865971524
21200.0	3000.0	605.6835970618878	0.0	0	335.70812611623114	805.6835970618886	1	0	2	1.6710872575893148
22200.0	1000.0	2705.683597061887	0.0	0	725.0567870302984	2905.6835970618886	1	0	0	0.02077855811460544
26739.79040202332	6000.0	200.0	1170.9871319670613	0	0.0	1939.7904020233218	1	0	2	-5.068152403743863
27033.296207789183	500.0	877.1436136575577	0.0	0	0.0	1910.4398214467365	1	0	2	-2.1103885468217833
28115.53118248289	2000.0	686.6851414944765	0.0	0	0.0	1802.2163239773618	1	0	2	1.0760877022889037
28747.497081022186	1000.0	991.5226531012489	0.0	0	0.0	1739.0197341234343	1	0	2	0.7374380846693311
29236.389603628137	1000.0	1453.7408782347022	0.0	0	0.0	1690.1304818628378	1	0	2	1.4358143808557386
30430.695093005364	2000.0	1259.4353888574756	0.0	0	0.0	1690.1304818628341	1	0	1	1.7835197485825933
31200.0	1000.0	1490.1304818628391	0.0	0	376.2140010743933	1690.1304818628341	1	0	1	0.9437989777426758
32200.0	2000.0	1490.1304818628396	0.0	0	117.36034011254742	1690.1304818628341	1	0	1	1.9835197485825935
33200.0	2000.0	1490.1304818628423	0.0	0	473.8198121434725	1690.1304818628414	1	0	1	2.676666929142538
35231.28580463101	3000.0	458.8446772318386	0.0	0	0.0	1690.1304818628414	1	0	1	2.8793994831966208
35773.18677506069	500.0	916.9437068021481	0.0	0	0.0	1690.1304818628487	1	0	1	-1.194534081765354
36542.785994254074	1000.0	1147.344487608762	0.0	0	0.0	1690.1304818628487	1	0	1	0.9437989777426742
37421.17312794486	1000.0	1268.9573539179733	0.0	0	0.0	1690.1304818628487	1	0	1	1.6369461583026195
38200.0	1000.0	1490.1304818628362	0.0	0	275.1361872173802	1690.1304818628487	1	0	1	1.6369461583026195
39489.569559759366	2000.0	1200.5609221034692	0.0	0	0.0	1690.1304818628487	1	0	1	1.983519748582592
40200.0	1000.0	1490.130481862837	0.0	0	150.33904216790688	1690.1304818628487	1	0	1	0.9437989777426744
41200.0	1000.0	1490.1304818628385	0.0	0	295.8817463692758	1690.1304818628632	1	0	1	1.6369461583026181
42927.679751203184	2000.0	762.4507306596562	0.0	0	0.0	1690.1304818628632	1	0	1	1.9835197485825908
43323.66978270337	500.0	1366.460699159467	0.0	0	0.0	1690.1304818628705	1	0	1	-0.7890689736571916
44200.0	1000.0	1490.1304818628348	0.0	0	114.52594163929462	1690.1304818628778	1	0	1	0.9437989777426712
45200.0	1000.0	1490.1304818628391	0.0	0	287.4328948169423	1690.1304818628705	1	0	1	1.6369461583026172
46290.82526112409	1000.0	1399.3052207387545	0.0	0	0.0	1690.1304818628632	1	0	1	1.636946158302618
47200.0	1000.0	1490.1304818628364	0.0	0	137.98761865890265	1690.1304818628632	1	0	1	1.636946158302618
48200.0	1000.0	1490.1304818628425	0.0	0	533.6852122939672	1690.1304818628632	1	0	1	1.636946158302618
49238.77967143496	2000.0	1451.3508104278687	0.0	0	0.0	1690.1304818628632	1	0	1	1.9835197485825908
50200.0	1000.0	1490.1304818628282	0.0	0	598.09783431291	1690.1304818628632	1	0	1	0.9437989777426727
51200.0	1000.0	1490.1304818628223	0.0	0	755.2276936359267	1690.1304818628632	1	0	1	1.636946158302618
52200.0	3000.0	1490.1304818628228	0.0	0	445.6506016906278	1690.130481862856	1	0	1	2.1862523026366736
53200.0	3000.0	1490.1304818628196	0.0	0	484.2630949366285	1690.1304818628487	1	0	1	3.284864591304784
54200.0	3000.0	1490.130481862825	0.0	0	477.9200666997349	1690.1304818628487	1	0	1	3.284864591304784
55200.0	3000.0	1490.1304818628219	0.0	0	250.67471353612927	1690.130481862856	1	0	1	3.2848645913047836
56200.0	3000.0	1490.1304818628214	0.0	0	296.7302153355413	1690.130481862856	1	0	1	3.2848645913047836
57964.018245351355	6000.0	726.1122365114675	0.0	0	0.0	1690.130481862856	1	0	1	3.6314381815847563
58941.77190173127	2000.0	748.3585801315606	0.0	0	0.0	1690.130481862856	1	0	1	1.5780546404744271
59892.26060381374	2000.0	797.8698780490868	0.0	0	0.0	1690.130481862856	1	0	1	2.6766669291425367
61390.0590703836	2000.0	300.94955955928407	0.8781480800580823	0	0.0	1691.0086299429095	1	0	1	2.671310225854183
61703.158735618454	500.0	987.8498943244272	0.0	0	0.0	1691.0086299429095	1	0	1	-0.7891567884651953
62200.0	1000.0	1491.0086299428879	0.0	0	45.146993297777954	1691.0086299429095	1	0	1	0.9437111629346678
63275.1125204206	2000.0	1415.8961095222871	0.0	0	0.0	1691.0086299429095	1	0	1	1.983431933774586
64200.0	2000.0	1491.0086299428858	0.0	0	159.44755841383449	1691.0086299429095	1	0	1	2.6765791143345314
65200.0	2000.0	1491.0086299428908	0.0	0	396.4340625938712	1691.0086299429167	1	0	1	2.67657911433453
66670.7639528986	3000.0	1020.2446770442848	0.0	0	0.0	1691.0086299429095	1	0	1	2.879311668388613
67682.2789204661	2000.0	1008.7297094767927	0.0	0	0.0	1691.008629942895	1	0	1	2.2711140062263677
68200.0	1000.0	1491.0086299428883	0.0	0	143.2332278908143	1691.008629942895	1	0	1	0.9437111629346697
69200.0	2000.0	1491.0086299428933	0.0	0	37.47603539179545	1691.008629942895	1	0	1	1.9834319337745874
70200.0	2000.0	1491.008629942889	0.0	0	294.0615097456903	1691.008629942895	1	0	1	2.6765791143345323
71340.19724594211	2000.0	1350.811384000802	0.0	0	0.0	1691.008629942895	1	0	1	2.6765791143345323
72414.38566209516	2000.0	1276.6229678477525	0.0	0	0.0	1691.008629942895	1	0	1	2.6765791143345323
73459.52357830289	2000.0	1231.485051640019	0.0	0	0.0	1691.008629942895	1	0	1	2.6765791143345323
74200.0	1000.0	1491.0086299429186	0.0	0	89.54305042624765	1691.008629942895	1	0	1	0.9437111629346697
75292.29550414688	2000.0	1398.713125796035	0.0	0	0.0	1691.008629942895	1	0	1	1.9834319337745874
76200.0	1000.0	1491.0086299429313	0.0	0	242.37479194811021	1691.008629942895	1	0	1	0.9437111629346697
77200.0	1000.0	1491.0086299429245	0.0	0	366.19027281917806	1691.0086299429095	1	0	1	1.6368583434946138
78200.0	1000.0	1491.0086299429386	0.0	0	121.15620354437851	1691.0086299429095	1	0	1	1.6368583434946133
79200.0	1000.0	1491.0086299429142	0.0	0	273.581135505985	1691.0086299429095	1	0	1	1.6368583434946133
80200.0	1000.0	1491.0086299429213	0.0	0	439.62784597466816	1691.0086299429095	1	0	1	1.6368583434946133
81200.0	1000.0	1491.0086299429222	0.0	0	375.132448831253	1691.0086299429095	1	0	1	1.6368583434946133
82200.0	1000.0	1491.0086299429302	0.0	0	513.2834482224425	1691.0086299429095	1	0	1	1.6368583434946133
83300.80923350659	2000.0	1390.1993964363453	0.0	0	0.0	1691.008629942895	1	0	1	1.9834319337745874
85258.95549045892	2000.0	432.0531394840241	0.0	0	0.0	1691.0086299429095	1	0	1	2.6765791143345314
85636.52673717287	500.0	1054.4818927700794	0.0	0	0.0	1691.008629942924	1	0	1	-0.7891567884651969
86200.0	1000.0	1491.0086299429636	0.0	0	131.62421543583332	1691.0086299429386	1	0	1	0.9437111629346651
87200.0	1000.0	1491.00862994297	0.0	0	392.66011658687785	1691.0086299429386	1	0	1	1.6368583434946105
88200.0	1000.0	1491.0086299429843	0.0	0	168.77619187827804	1691.0086299429386	1	0	1	1.6368583434946105
89829.07151039875	2000.0	861.9371195442595	0.0	0	0.0	1691.0086299429386	1	0	1	1.9834319337745834
90899.77670851108	1000.0	791.2319214319177	0.0	0	0.0	1691.0086299429386	1	0	1	0.9437111629346653
91384.02175662378	500.0	1306.9868733192175	0.0	0	0.0	1691.0086299429386	1	0	1	-0.09600960790525304
92200.0	1000.0	1491.0086299429984	0.0	0	52.316980128962314	1691.0086299429386	1	0	1	0.9437111629346651
93200.0	1000.0	1491.0086299430095	0.0	0	242.0688010595186	1691.008629942924	1	0	1	1.6368583434946118
94200.0	1000.0	1491.0086299430195	0.0	0	506.2862058778701	1691.008629942924	1	0	1	1.6368583434946118
95200.0	1000.0	1491.008629943006	0.0	0	632.4698436274921	1691.008629942924	1	0	1	1.6368583434946118
96200.0	1000.0	1491.008629943	0.0	0	594.0019194812339	1691.008629942924	1	0	1	1.6368583434946118
97200.0	2000.0	1491.0086299430177	0.0	0	434.6910591939959	1691.008629942924	1	0	1	1.9834319337745845
98200.0	2000.0	1491.0086299430134	0.0	0	450.0967473972996	1691.0086299429386	1	0	1	2.6765791143345288
99200.0	3000.0	1491.0086299430175	0.0	0	48.872471149719786	1691.0086299429531	1	0	1	2.8793116683886093
100232.11099410828	3000.0	1458.8976358347413	0.0	0	0.0	1691.0086299429531	1	0	1	3.284776776496774
101200.0	3000.0	1491.0086299430316	0.0	0	182.5752949816233	1691.0086299429531	1	0	1	3.284776776496774
102200.0	3000.0	1491.0086299430272	0.0	0	216.59015590013587	1691.0086299429531	1	0	1	3.284776776496774
103200.0	3000.0	1491.008629943037	0.0	0	339.2968368269503	1691.0086299429531	1	0	1	3.284776776496774
104200.0	3000.0	1491.0086299430238	0.0	0	62.99194666078256	1691.0086299429386	1	0	1	3.2847767764967752
105210.67996434544	3000.0	1480.3286655975803	0.0	0	0.0	1691.008629942924	1	0	1	3.2847767764967766
106589.6034699095	3000.0	1101.4051600335283	0.0	0	0.0	1691.008629942924	1	0	1	3.2847767764967766
107732.62659829581	2000.0	958.38203164722	0.0	0	0.0	1691.008629942924	1	0	1	2.271114006226365
108720.84283439773	2000.0	970.1657955452947	0.0	0	0.0	1691.008629942924	1	0	1	2.6765791143345297
109420.45212909215	2000.0	1270.5565008508697	0.0	0	0.0	1691.0086299429095	1	0	1	2.6765791143345314
110200.0	2000.0	1491.0086299430245	0.0	0	57.272341068819514	1691.0086299429095	1	0	1	2.6765791143345314
111200.0	3000.0	1491.0086299430122	0.0	0	108.78255874849856	1691.0086299429095	1	0	1	2.8793116683886137
112220.58677693592	3000.0	1470.4218530070907	0.0	0	0.0	1691.008629942924	1	0	1	3.2847767764967766
113200.0	3000.0	1491.0086299430116	0.0	0	135.5786805072421	1691.008629942924	1	0	1	3.2847767764967766
114694.67758177884	3000.0	996.3310481641618	0.0	0	0.0	1691.0086299429095	1	0	1	3.2847767764967783
115306.45285291315	2000.0	1384.5557770298678	0.0	0	0.0	1691.0086299429095	1	0	1	2.271114006226367
116293.29635581851	3000.0	1397.7122741245055	0.0	0	0.0	1691.0086299429095	1	0	1	2.8793116683886137
117200.0	2000.0	1491.008629943026	0.0	0	93.67124152270844	1691.0086299429095	1	0	1	2.271114006226367
118671.81227053642	2000.0	1019.1963594066224	0.0	0	0.0	1691.0086299429095	1	0	1	2.6765791143345314
119535.74535376727	2000.0	1155.2632761757916	0.0	0	0.0	1691.0086299429095	1	0	1	2.6765791143345314
120535.3785903573	2000.0	1155.6300395857702	0.0	0	0.0	1691.0086299429095	1	0	1	2.6765791143345314
121840.39622652026	2000.0	850.6124034228072	0.0	0	0.0	1691.0086299429095	1	0	1	2.6765791143345314
122343.23370920845	1000.0	1347.7749207346067	0.0	0	0.0	1691.0086299429095	1	0	1	0.9437111629346681
123832.42009411058	2000.0	858.5885358324826	0.0	0	0.0	1691.0086299429095	1	0	1	1.983431933774586
124268.26988787216	1000.0	1422.738742070904	0.0	0	0.0	1691.0086299429095	1	0	1	0.9437111629346681
125327.92888251405	2000.0	1363.0797474290139	0.0	0	0.0	1691.0086299429095	1	0	1	1.983431933774586
126200.0	2000.0	1491.008629943063	0.0	0	281.1221879940713	1691.0086299429095	1	0	1	2.6765791143345314
127200.0	2000.0	1491.0086299430852	0.0	0	182.7291682734358	1691.008629942924	1	0	1	2.6765791143345297
128200.0	3000.0	1491.0086299430948	0.0	0	146.17129168720567	1691.008629942924	1	0	1	2.879311668388612
129464.47301150447	3000.0	1226.5356184386176	0.0	0	0.0	1691.008629942924	1	0	1	3.2847767764967766
130200.0	2000.0	1491.0086299430723	0.0	0	46.38074942192179	1691.008629942924	1	0	1	2.271114006226365
131226.29614349312	3000.0	1464.712486449936	0.0	0	0.0	1691.0086299429095	1	0	1	2.8793116683886124
132200.0	3000.0	1491.0086299430664	0.0	0	189.2202536300756	1691.008629942924	1	0	1	3.284776776496777
133755.71581945734	3000.0	935.2928104857424	0.0	0	0.0	1691.008629942924	1	0	1	3.2847767764967766
134879.68512535543	2000.0	811.3235045876424	0.0	0	0.0	1691.008629942924	1	0	1	2.271114006226367
135285.8801877891	1000.0	1405.1284421539863	0.0	0	0.0	1691.008629942924	1	0	1	0.9437111629346666
136308.42478456773	3000.0	1382.5838453753327	0.0	0	0.0	1691.0086299429531	1	0	1	2.1861644878286643
137200.0	2000.0	1491.0086299430277	0.0	0	198.46111073272186	1691.0086299429531	1	0	1	2.2711140062263624
138363.5533373886	3000.0	1327.4552925544456	0.0	0	0.0	1691.0086299429531	1	0	1	2.8793116683886093
139401.38399527076	3000.0	1289.6246346722992	0.0	0	0.0	1691.008629942924	1	0	1	3.2847767764967766
142068.88255304136	3000.0	200.0	577.8739230983053	0	0.0	2268.882553041243	1	0	1	-0.21665572154626211
143200.0	300.0	14.416173559694727	41.37833959974539	0	833.228161161067	214.41617355961353	1	0	2	-2.97629674794848
144200.0	500.0	2114.416173559708	0.0	0	729.4166333455069	2314.4161735595844	1	0	0	-0.3720288054729637
147637.24742261975	3000.0	200.0	605.9599921109188	0	0.0	837.2474226197519	1	0	2	-2.6596012546304753
148200.0	300.0	2693.522680357778	0.0	0	358.7864868143224	2893.522680357739	1	0	0	-2.989015936371528
151211.4151580672	3000.0	580.966006483893	0.0	0	0.0	792.3811645510723	1	0	2	0.46948202403725514
152200.0	1000.0	2691.239648744365	0.0	0	490.8095924052759	2891.2396487443766	1	0	0	0.022153156209105684
155318.595390826	3000.0	480.22691191032914	17.67472097683813	0	0.0	798.822302736342	1	0	2	1.5669638036175977
156200.0	500.0	2686.962763653714	0.0	0	657.171911197569	2886.962763653719	1	0	0	-1.7103103659177936
159337.64604656972	3000.0	435.55211242702694	0.0	0	0.0	773.1981589967327	1	0	2	0.9816970633852529
160200.0	500.0	2659.433554339763	0.0	0	606.2420719422807	2859.4335543397465	1	0	0	-1.7075748779064912
164203.1838357798	3000.0	200.0	676.4260591072942	0	0.0	1403.1838357798115	1	0	2	-3.1235442066168466
164407.72933675736	300.0	995.4544990224614	0.0	0	0.0	1403.1838357798115	1	0	1	-2.642903476572028
165200.0	1000.0	1203.1838357798101	0.0	0	87.77765851852018	1403.1838357798115	1	0	1	0.46166801858498696
166200.0	1000.0	1203.1838357798342	0.0	0	250.82451493517146	1403.1838357798115	1	0	1	1.6656408229109232
167200.0	1000.0	1203.1838357798001	0.0	0	406.2939985773992	1403.1838357798115	1	0	1	1.6656408229109232
168200.0	1000.0	1203.1838357797947	0.0	0	415.59512645495124	1403.1838357798115	1	0	1	1.6656408229109232
169200.0	1000.0	1203.1838357798047	0.0	0	472.51755434519146	1403.1838357798115	1	0	1	1.6656408229109232
170200.0	1000.0	1203.183835779823	0.0	0	353.66406406939495	1403.1838357798115	1	0	1	1.6656408229109232
171200.0	1000.0	1203.1838357798488	0.0	0	273.10906062670983	1403.1838357798115	1	0	1	1.6656408229109232
172200.0	1000.0	1203.1838357798786	0.0	0	282.50178522852366	1403.1838357798115	1	0	1	1.6656408229109232
173200.0	1000.0	1203.1838357798918	0.0	0	206.9568082363694	1403.1838357798115	1	0	1	1.6656408229109232
174200.0	1000.0	1203.1838357798874	0.0	0	345.7722709995578	1403.1838357797824	1	0	1	1.6656408229109259
175200.0	1000.0	1203.1838357798779	0.0	0	342.03066439856775	1403.1838357797824	1	0	1	1.6656408229109259
176200.0	1000.0	1203.183835779841	0.0	0	397.33467069777544	1403.1838357797824	1	0	1	1.6656408229109259
177200.0	1000.0	1203.1838357797951	0.0	0	515.2235110346228	1403.1838357797824	1	0	1	1.6656408229109259
178200.0	1000.0	1203.1838357798085	0.0	0	405.55173070458113	1403.1838357797824	1	0	1	1.6656408229109259
179200.0	1000.0	1203.183835779813	0.0	0	601.4701504410186	1403.1838357797824	1	0	1	1.6656408229109259
180200.0	2000.0	1203.1838357797958	0.0	0	285.9848295575939	1403.1838357797824	1	0	1	2.0122144131908977
181200.0	2000.0	1203.18383577978	0.0	0	334.0013244310394	1403.1838357797824	1	0	1	2.705361593750844
182200.0	2000.0	1203.1838357797817	0.0	0	290.77390216317144	1403.1838357798406	1	0	1	2.7053615937508386
183200.0	2000.0	1203.1838357798038	0.0	0	556.8237693245464	1403.1838357798406	1	0	1	2.7053615937508377
184416.26411066292	3000.0	986.9197251168534	0.0	0	0.0	1403.1838357798406	1	0	1	2.9080941478049205
185826.63102613125	3000.0	576.55280964852	0.0	0	0.0	1403.1838357798115	1	0	1	3.3135592559130878
186294.43135994478	1000.0	1108.7524758349691	0.0	0	0.0	1403.1838357798115	1	0	1	0.5670285342428133
187200.74295532255	2000.0	1202.4408804571817	0.0	0	0.0	1403.1838357798115	1	0	1	2.012214413190896
188200.0	2000.0	1203.1838357797649	0.0	0	36.87951623069239	1403.1838357798697	1	0	1	2.7053615937508355
189200.0	1000.0	1203.1838357797444	0.0	0	609.5391482630803	1403.1838357798697	1	0	1	0.9724936423509722
190200.0	1000.0	1203.183835779746	0.0	0	374.4513265750429	1403.1838357798697	1	0	1	1.6656408229109174
191200.0	1000.0	1203.1838357797315	0.0	0	642.521515701781	1403.1838357798697	1	0	1	1.6656408229109174
192200.0	2000.0	1203.183835779727	0.0	0	416.80198952552746	1403.1838357798697	1	0	1	2.01221441319089
193200.0	2000.0	1203.183835779718	0.0	0	280.9837819483073	1403.1838357798697	1	0	1	2.705361593750835
195116.65450548226	2000.0	286.52933029744594	0.0	0	0.0	1403.1838357798406	1	0	1	2.7053615937508377
195483.94410670464	500.0	919.2397290750679	0.0	0	0.0	1403.1838357798115	1	0	1	-0.7603743090488855
196273.66647824147	1000.0	1129.517357538246	0.0	0	0.0	1403.1838357798115	1	0	1	0.9724936423509778
197200.0	1000.0	1203.1838357797405	0.0	0	215.83583025532425	1403.1838357798406	1	0	1	1.66564082291092
198200.0	1000.0	1203.1838357797533	0.0	0	387.015470486047	1403.1838357798406	1	0	1	1.66564082291092
199200.0	1000.0	1203.1838357797637	0.0	0	346.14512974009267	1403.1838357798115	1	0	1	1.6656408229109232
200200.0	1000.0	1203.1838357797135	0.0	0	308.4873265144997	1403.1838357798115	1	0	1	1.6656408229109232
201200.0	1000.0	1203.1838357797283	0.0	0	324.05563117255224	1403.1838357797824	1	0	1	1.6656408229109259
202339.8410178792	1000.0	1063.34281790052	0.0	0	0.0	1403.1838357797824	1	0	1	1.6656408229109259
203200.0	1000.0	1203.1838357797324	0.0	0	57.12969143333612	1403.1838357797533	1	0	1	1.665640822910929
204200.0	1000.0	1203.1838357797471	0.0	0	492.5706699505681	1403.1838357797533	1	0	1	1.665640822910929
205200.0	1000.0	1203.1838357797824	0.0	0	153.77414739027154	1403.1838357797533	1	0	1	1.665640822910929
206200.0	1000.0	1203.1838357797856	0.0	0	237.26368341923808	1403.1838357797242	1	0	1	1.6656408229109314
207200.0	1000.0	1203.1838357797687	0.0	0	408.97805584041635	1403.1838357797533	1	0	1	1.665640822910929
208200.0	1000.0	1203.1838357797665	0.0	0	497.9688154478499	1403.1838357797533	1	0	1	1.665640822910929
209200.0	1000.0	1203.1838357797708	0.0	0	688.7652105726302	1403.1838357797533	1	0	1	1.665640822910929
210200.0	1000.0	1203.1838357797808	0.0	0	651.1051339039404	1403.1838357797824	1	0	1	1.6656408229109259
211200.0	2000.0	1203.183835779793	0.0	0	546.068777602748	1403.1838357797824	1	0	1	2.012214413190899
212200.0	2000.0	1203.1838357798056	0.0	0	525.9652479489159	1403.1838357797533	1	0	1	2.7053615937508466
213200.0	3000.0	1203.1838357797888	0.0	0	398.31740703459946	1403.1838357797533	1	0	1	2.9080941478049294
214200.0	3000.0	1203.1838357797972	0.0	0	148.72474618500564	1403.1838357797533	1	0	1	3.313559255913094
215200.0	3000.0	1203.1838357797933	0.0	0	346.78118405269925	1403.1838357797824	1	0	1	3.3135592559130913
216200.0	3000.0	1203.1838357798072	0.0	0	327.93265929675545	1403.1838357797824	1	0	1	3.3135592559130913
217200.0	3000.0	1203.1838357797858	0.0	0	377.7872457508929	1403.1838357797533	1	0	1	3.313559255913094
218831.45997031196	3000.0	571.7238654678234	0.0	0	0.0	1403.1838357797533	1	0	1	3.313559255913094
219510.77584049964	1000.0	892.4079952801424	0.0	0	0.0	1403.1838357797824	1	0	1	0.5670285342428162
220200.0	1000.0	1203.1838357797772	0.0	0	49.7079292810231	1403.1838357797824	1	0	1	1.6656408229109259
221303.55569047344	2000.0	1099.6281453063548	0.0	0	0.0	1403.1838357798115	1	0	1	2.012214413190896
222200.0	1000.0	1203.183835779782	0.0	0	355.4658986967115	1403.1838357798115	1	0	1	0.972493642350978
223200.0	1000.0	1203.1838357797783	0.0	0	693.2319672530575	1403.1838357798115	1	0	1	1.6656408229109232
224200.0	1000.0	1203.1838357797385	0.0	0	673.2032005582587	1403.1838357798115	1	0	1	1.6656408229109232
225277.52339166636	2000.0	1125.6604441133854	0.0	0	0.0	1403.1838357798115	1	0	1	2.012214413190895
226369.34863291745	2000.0	1033.8352028622671	0.0	0	0.0	1403.1838357798115	1	0	1	2.705361593750841
227200.0	1000.0	1203.1838357796812	0.0	0	139.25133963802364	1403.1838357797824	1	0	1	0.9724936423509808
228321.62154413172	2000.0	1081.5622916479733	0.0	0	0.0	1403.1838357797533	1	0	1	2.012214413190901
229200.0	1000.0	1203.1838357796776	0.0	0	274.1605141592736	1403.1838357797533	1	0	1	0.9724936423509838
230200.0	1000.0	1203.183835779689	0.0	0	364.975485156232	1403.1838357797533	1	0	1	1.665640822910929
231200.0	1000.0	1203.1838357796878	0.0	0	551.3737805909477	1403.1838357797242	1	0	1	1.6656408229109319
232545.22646952485	2000.0	857.957366254854	0.0	0	0.0	1403.1838357797242	1	0	1	2.0122144131909043
233270.57389690544	1000.0	1132.6099388742996	0.0	0	0.0	1403.1838357797242	1	0	1	0.9724936423509867
234200.0	1000.0	1203.1838357797133	0.0	0	291.75941028402303	1403.1838357797533	1	0	1	1.665640822910929
235200.0	1000.0	1203.1838357797417	0.0	0	331.73559854622	1403.1838357797533	1	0	1	1.665640822910929
236200.0	1000.0	1203.183835779753	0.0	0	167.16860971282586	1403.1838357797533	1	0	1	1.665640822910929
237200.0	1000.0	1203.1838357797496	0.0	0	87.76677782429033	1403.1838357797242	1	0	1	1.6656408229109319
238200.0	1000.0	1203.1838357797747	0.0	0	482.9400052598212	1403.1838357797533	1	0	1	1.665640822910929
239200.0	1000.0	1203.1838357797833	0.0	0	252.49707137895166	1403.1838357797824	1	0	1	1.6656408229109259
240200.0	1000.0	1203.183835779752	0.0	0	491.5555358811107	1403.1838357797824	1	0	1	1.6656408229109259
241200.0	1000.0	1203.1838357797785	0.0	0	515.2101815611823	1403.1838357797824	1	0	1	1.6656408229109259
242200.0	1000.0	1203.183835779771	0.0	0	451.22035183015396	1403.1838357798115	1	0	1	1.6656408229109232
243200.0	1000.0	1203.183835779773	0.0	0	282.75514651919366	1403.1838357798115	1	0	1	1.6656408229109232
244200.0	1000.0	1203.1838357797733	0.0	0	234.1319904192933	1403.1838357798115	1	0	1	1.6656408229109232
245200.0	1000.0	1203.1838357797587	0.0	0	325.73202905702055	1403.1838357797824	1	0	1	1.6656408229109259
246200.0	1000.0	1203.1838357797365	0.0	0	498.1868149780785	1403.1838357797533	1	0	1	1.665640822910929
247200.0	1000.0	1203.183835779747	0.0	0	220.31891609815648	1403.1838357797824	1	0	1	1.6656408229109259
248200.0	1000.0	1203.1838357796958	0.0	0	156.4761120362091	1403.1838357797824	1	0	1	1.6656408229109259
249200.0	1000.0	1203.1838357797424	0.0	0	158.3845576402091	1403.1838357797824	1	0	1	1.6656408229109259
250308.32588625277	1000.0	1094.8579495269598	0.0	0	0.0	1403.1838357798115	1	0	1	1.6656408229109232
251200.0	1000.0	1203.1838357797278	0.0	0	254.34854023423395	1403.1838357798115	1	0	1	1.6656408229109232
252200.0	1000.0	1203.1838357797315	0.0	0	158.02526263264008	1403.1838357797824	1	0	1	1.6656408229109254
253200.0	1000.0	1203.1838357797133	0.0	0	435.48964941242593	1403.1838357797824	1	0	1	1.6656408229109259
254200.0	1000.0	1203.1838357796992	0.0	0	546.9963373508363	1403.1838357797824	1	0	1	1.6656408229109259
255200.0	1000.0	1203.1838357797105	0.0	0	637.6186353817757	1403.1838357797824	1	0	1	1.6656408229109259
256200.0	1000.0	1203.1838357797271	0.0	0	636.0908656471875	1403.1838357797824	1	0	1	1.6656408229109259
257200.0	2000.0	1203.1838357797376	0.0	0	106.13528228952782	1403.1838357798115	1	0	1	2.0122144131908968
258200.0	2000.0	1203.1838357797646	0.0	0	304.56538299724343	1403.1838357798115	1	0	1	2.705361593750841
259200.0	2000.0	1203.1838357797567	0.0	0	110.45745118509512	1403.1838357798115	1	0	1	2.705361593750841
260200.0	2000.0	1203.1838357797612	0.0	0	463.44080743953236	1403.1838357798115	1	0	1	2.705361593750841
261200.0	2000.0	1203.1838357797533	0.0	0	342.4859540092293	1403.1838357798115	1	0	1	2.705361593750841
262200.0	3000.0	1203.18383577976	0.0	0	256.64655251643853	1403.1838357798115	1	0	1	2.908094147804923
263200.0	3000.0	1203.183835779737	0.0	0	136.92294932575896	1403.1838357798115	1	0	1	3.3135592559130886
264500.4664365546	3000.0	902.7173992250691	0.0	0	0.0	1403.1838357797824	1	0	1	3.3135592559130913
265601.4376001791	2000.0	801.7462356005368	0.0	0	0.0	1403.1838357797824	1	0	1	2.2998964856426793
266758.22577257105	2000.0	644.9580632086424	0.0	0	0.0	1403.1838357797824	1	0	1	2.705361593750844
267203.0515294905	1000.0	1200.132306289186	0.0	0	0.0	1403.1838357797824	1	0	1	0.9724936423509808
268200.0	2000.0	1203.1838357797087	0.0	0	197.6973368540639	1403.1838357798406	1	0	1	2.012214413190894
269200.0	2000.0	1203.1838357796978	0.0	0	274.1528923131991	1403.1838357797824	1	0	1	2.705361593750844
270200.0	2000.0	1203.1838357796441	0.0	0	227.80642937339144	1403.1838357797242	1	0	1	2.7053615937508475
271200.0	2000.0	1203.183835779593	0.0	0	340.99621685844613	1403.1838357797242	1	0	1	2.7053615937508497
272200.0	2000.0	1203.183835779639	0.0	0	365.89839226496406	1403.1838357797242	1	0	1	2.7053615937508497
273200.0	2000.0	1203.183835779729	0.0	0	115.68321242934326	1403.1838357797824	1	0	1	2.705361593750844
274200.0	2000.0	1203.1838357796864	0.0	0	226.3504468430765	1403.1838357797824	1	0	1	2.705361593750844
275200.0	2000.0	1203.1838357796776	0.0	0	296.4492151517188	1403.1838357798406	1	0	1	2.7053615937508377
276200.0	2000.0	1203.1838357796646	0.0	0	161.42056116112508	1403.1838357798406	1	0	1	2.7053615937508377
277485.80813120044	2000.0	917.3757045792537	0.0	0	0.0	1403.1838357798988	1	0	1	2.7053615937508333
278200.0	1000.0	1203.183835779705	0.0	0	184.60911985993152	1403.1838357798988	1	0	1	0.9724936423509691
279200.0	2000.0	1203.1838357797476	0.0	0	17.865817966114264	1403.1838357798988	1	0	1	2.012214413190887
280200.0	2000.0	1203.1838357797249	0.0	0	112.66775289998623	1403.1838357798988	1	0	1	2.7053615937508324
281200.0	2000.0	1203.1838357797446	0.0	0	121.56028385547688	1403.183835779957	1	0	1	2.705361593750827
282200.0	1000.0	1203.1838357797092	0.0	0	453.38535690971185	1403.1838357798988	1	0	1	0.9724936423509691
283200.0	1000.0	1203.183835779665	0.0	0	434.75309511157684	1403.1838357798988	1	0	1	1.6656408229109143
284200.0	1000.0	1203.183835779583	0.0	0	606.1010876602959	1403.1838357798406	1	0	1	1.66564082291092
285200.0	1000.0	1203.1838357794932	0.0	0	568.575839305704	1403.1838357797824	1	0	1	1.6656408229109259
286200.0	1000.0	1203.1838357794652	0.0	0	543.1884978222079	1403.1838357797824	1	0	1	1.6656408229109259
287200.0	2000.0	1203.1838357795014	0.0	0	334.7926498336601	1403.1838357797824	1	0	1	2.012214413190899
288200.0	2000.0	1203.1838357794932	0.0	0	189.17310509842355	1403.1838357797824	1	0	1	2.705361593750844
289200.0	2000.0	1203.1838357795182	0.0	0	294.0219729053206	1403.1838357797824	1	0	1	2.705361593750844
290200.0	2000.0	1203.1838357794834	0.0	0	481.87510448368266	1403.1838357797824	1	0	1	2.705361593750844
291200.0	2000.0	1203.183835779486	0.0	0	276.66217886528466	1403.1838357797824	1	0	1	2.705361593750844
292200.0	2000.0	1203.1838357794938	0.0	0	70.97252935467986	1403.1838357797824	1	0	1	2.705361593750844
293276.5805507697	2000.0	1126.60328500979	0.0	0	0.0	1403.1838357797824	1	0	1	2.705361593750844
294379.1478046036	2000.0	1024.03603117585	0.0	0	0.0	1403.1838357797824	1	0	1	2.705361593750844
295200.0	2000.0	1203.1838357795116	0.0	0	5.057687477790751	1403.1838357798406	1	0	1	2.7053615937508377
296200.0	2000.0	1203.183835779513	0.0	0	226.2112289724755	1403.1838357797824	1	0	1	2.7053615937508413
297200.0	2000.0	1203.1838357795184	0.0	0	391.0749891733867	1403.1838357797824	1	0	1	2.705361593750844
298268.0885687405	2000.0	1135.0952670390388	0.0	0	0.0	1403.1838357798406	1	0	1	2.7053615937508395
300083.72376909154	2000.0	319.46006668809423	0.0	0	0.0	1403.1838357798988	1	0	1	2.7053615937508324
300455.1333119353	500.0	948.0505238442929	0.0	0	0.0	1403.1838357798988	1	0	1	-0.7603743090488944
301287.667512597	1000.0	1115.516323182641	0.0	0	0.0	1403.1838357798988	1	0	1	0.9724936423509689
302200.0	1000.0	1203.183835779607	0.0	0	172.1373190388549	1403.1838357798988	1	0	1	1.6656408229109143
303200.0	1000.0	1203.1838357796644	0.0	0	292.188240955933	1403.1838357798988	1	0	1	1.6656408229109143
304200.0	1000.0	1203.1838357795891	0.0	0	528.9160207850509	1403.1838357798988	1	0	1	1.6656408229109143
305200.0	1000.0	1203.1838357795957	0.0	0	441.771586306626	1403.1838357798988	1	0	1	1.6656408229109143
306200.0	1000.0	1203.18383577959	0.0	0	620.8535329837468	1403.1838357798988	1	0	1	1.6656408229109143
307200.0	1000.0	1203.1838357795716	0.0	0	497.2902172326576	1403.1838357798988	1	0	1	1.6656408229109143
308200.0	1000.0	1203.183835779626	0.0	0	259.6920643704361	1403.1838357798988	1	0	1	1.6656408229109143
309200.0	2000.0	1203.1838357796255	0.0	0	54.02970479551004	1403.1838357798988	1	0	1	2.012214413190887
310200.0	2000.0	1203.1838357796512	0.0	0	216.74450517405057	1403.1838357798988	1	0	1	2.7053615937508324
311422.8092049595	2000.0	980.3746308202182	0.0	0	0.0	1403.1838357798988	1	0	1	2.7053615937508324
312263.6343889729	1000.0	1139.5494468068518	0.0	0	0.0	1403.1838357798988	1	0	1	0.9724936423509691
313200.0	1000.0	1203.1838357798026	0.0	0	300.9854386516963	1403.1838357798988	1	0	1	1.6656408229109143
314200.0	1000.0	1203.1838357797494	0.0	0	284.2279249309795	1403.1838357798988	1	0	1	1.6656408229109143
315200.0	1000.0	1203.1838357797035	0.0	0	466.6316430387669	1403.183835779957	1	0	1	1.6656408229109085
316200.0	1000.0	1203.183835779675	0.0	0	473.97681474644924	1403.183835779957	1	0	1	1.6656408229109085
317200.0	1000.0	1203.1838357797044	0.0	0	293.0560712616425	1403.183835779957	1	0	1	1.6656408229109085
318200.0	1000.0	1203.1838357796678	0.0	0	379.09599142707884	1403.183835779957	1	0	1	1.6656408229109085
319200.0	1000.0	1203.1838357796512	0.0	0	561.902973165852	1403.183835779957	1	0	1	1.6656408229109085
320200.0	1000.0	1203.1838357796908	0.0	0	536.7576369784656	1403.183835779957	1	0	1	1.6656408229109085
321200.0	1000.0	1203.1838357796612	0.0	0	170.68896140990546	1403.183835779957	1	0	1	1.6656408229109085
322200.0	1000.0	1203.1838357796018	0.0	0	518.6688686583657	1403.183835779957	1	0	1	1.6656408229109085
323200.0	1000.0	1203.1838357796107	0.0	0	476.042806614656	1403.1838357798988	1	0	1	1.6656408229109143
324200.0	1000.0	1203.1838357796125	0.0	0	298.01240455155494	1403.183835779957	1	0	1	1.665640822910911
1.47	1.73	2.29	2.04	2.21	2.75	3.29	3.54	3.46	4.1	4.44	2.5	1.31	2.09	1.85	2.16	1.84	2.68	3.15	3.63	1.47	1.11	1.71	1.56	1.47	1.81	1.74	1.36	1.16	1.15	1.89	1.61	1.07	1.66	2.21	2.86	3.36	3.94	6.05	4.95	4.6	3.93	4.53	4.6	3.06	1.87	1.38	1.92	2.22	2.44	2.95	2.76	1.83	1.62	2.26	2.22	2.04	2.58	2.18	1.34	1.64	1.56	1.08	1.53	1.48	1.69	2.04	2.58	2.77	1.85	1.11	1.66	1.86	1.99	0.88	0.96	0.8	1.08	1.42	2.02	2.56	3.31	3.8	3.27	2.7	2.75	3.29	3.85	4.46	4.4	3.24	3.02	2.0	2.1	1.9	2.9	2.92	3.35	3.35	3.01	2.44	2.72	2.81	2.39	1.53	2.09	2.35	2.0	1.99	1.39	2.53	2.31	2.61	2.8	3.06	2.99	2.78	3.65	3.23	1.7	2.19	2.39	2.78	3.79	3.08	2.11	1.1	1.36	1.68	1.99	1.93	1.89	2.56	2.47	1.7	2.44	2.84	2.63	1.67	1.42	1.49	1.65	1.89	1.34	1.89	2.06	1.92	1.56	1.78	2.86	1.47	1.73	2.29	2.04	2.21	2.75	3.29	3.54	3.46	4.1	4.44	2.5	1.31	2.09	1.85	2.16	1.84	2.68	3.15	3.63	1.47	1.11	1.71	1.56	1.47	1.81	1.74	1.36	1.16	1.15	1.89	1.61	1.07	1.66	2.21	2.86	3.36	3.94	6.05	4.95	4.6	3.93	4.53	4.6	3.06	1.87	1.38	1.92	2.22	2.44	2.95	2.76	1.83	1.62	2.26	2.22	2.04	2.58	2.18	1.34	1.64	1.56	1.08	1.53	1.48	1.69	2.04	2.58	2.77	1.85	1.11	1.66	1.86	1.99	0.88	0.96	0.8	1.08	1.42	2.02	2.56	3.31	3.8	3.27	2.7	2.75	3.29	3.85	4.46	4.4	3.24	3.02	2.0	2.1	1.9	2.9	2.92	3.35	3.35	3.01	2.44	2.72	2.81	2.39	1.53	2.09	2.35	2.0	1.99	1.39	2.53	2.31	2.61	2.8	3.06	2.99	2.78	3.65	3.23	1.7	2.19	2.39	2.78	3.79	3.08	2.11	1.1	1.36	1.68	1.99	1.93	1.89	2.56	2.47	1.7	2.44	2.84	2.63	1.67	1.42	1.49	1.65	1.89	1.34	1.89	2.06	1.92	1.56	1.78	2.86	1.47	1.73	2.29	2.04	2.21	2.75	3.29	3.54	3.46	4.1	4.44	2.5	1.31	2.09	1.85	2.16	1.84	2.68	3.15	3.63	1.47	1.11	1.71	1.56	1.47	1.81
1.0	2.0	3.0	4.0	5.0	6.0	7.0	8.0	9.0	10.0	11.0	12.0	13.0	14.0	15.0	16.0	17.0	18.0	19.0	20.0	21.0	22.0	23.0	24.0	25.0	26.0	27.0	28.0	29.0	30.0	31.0	32.0	33.0	34.0	35.0	36.0	37.0	38.0	39.0	40.0	41.0	42.0	43.0	44.0	45.0	46.0	47.0	48.0	49.0	50.0	51.0	52.0	53.0	54.0	55.0	56.0	57.0	58.0	59.0	60.0	61.0	62.0	63.0	64.0	65.0	66.0	67.0	68.0	69.0	70.0	71.0	72.0	73.0	74.0	75.0	76.0	77.0	78.0	79.0	80.0	81.0	82.0	83.0	84.0	85.0	86.0	87.0	88.0	89.0	90.0	91.0	92.0	93.0	94.0	95.0	96.0	97.0	98.0	99.0	100.0	101.0	102.0	103.0	104.0	105.0	106.0	107.0	108.0	109.0	110.0	111.0	112.0	113.0	114.0	115.0	116.0	117.0	118.0	119.0	120.0	121.0	122.0	123.0	124.0	125.0	126.0	127.0	128.0	129.0	130.0	131.0	132.0	133.0	134.0	135.0	136.0	137.0	138.0	139.0	140.0	141.0	142.0	143.0	144.0	145.0	146.0	147.0	148.0	149.0	149.0	150.0	151.0	152.0	153.0	154.0	155.0	156.0	157.0	158.0	159.0	160.0	161.0	162.0	163.0	164.0	165.0	166.0	167.0	168.0	169.0	170.0	171.0	172.0	173.0	174.0	175.0	176.0	177.0	178.0	179.0	180.0	181.0	182.0	183.0	184.0	185.0	186.0	187.0	188.0	189.0	190.0	191.0	192.0	193.0	194.0	195.0	196.0	197.0	198.0	199.0	200.0	201.0	202.0	203.0	204.0	205.0	206.0	207.0	208.0	209.0	210.0	211.0	212.0	213.0	214.0	215.0	216.0	217.0	218.0	219.0	220.0	221.0	222.0	223.0	224.0	225.0	226.0	227.0	228.0	229.0	230.0	231.0	232.0	233.0	234.0	235.0	236.0	237.0	238.0	239.0	240.0	241.0	242.0	243.0	244.0	245.0	246.0	247.0	248.0	249.0	250.0	251.0	252.0	253.0	254.0	255.0	256.0	257.0	258.0	259.0	260.0	261.0	262.0	263.0	264.0	265.0	266.0	267.0	268.0	269.0	270.0	271.0	272.0	273.0	274.0	275.0	276.0	277.0	278.0	279.0	280.0	281.0	282.0	283.0	284.0	285.0	286.0	287.0	288.0	289.0	290.0	291.0	292.0	293.0	294.0	295.0	296.0	297.0	298.0	298.0	299.0	300.0	301.0	302.0	303.0	304.0	305.0	306.0	307.0	308.0	309.0	310.0	311.0	312.0	313.0	314.0	315.0	316.0	317.0	318.0	319.0	320.0	321.0	322.0	323.0	324.0
2374.7544920633645
