2639.0741061289855	300.0	2000.0	216.80624884859765	0	0.0	2639.0741061289855	1	0	1	-1.5599079577609158
5200.0	1000.0	385.21509589419134	41.92281444926522	0	93.47930972395898	585.2150958941911	1	0	2	-0.11111503948844764
6200.0	300.0	2485.2150958941907	0.0	0	734.2664541891627	2685.2150958941907	1	0	0	-1.8684943139153554
9200.0	1000.0	385.21509589418986	0.0	0	377.30706870198446	585.2150958941893	1	0	2	-0.06034324608194325
10200.0	300.0	2485.215095894191	0.0	0	817.3683254577627	2685.215095894191	1	0	0	-1.8684943139153554
13200.0	2000.0	385.21509589419145	0.0	0	89.62259759568406	585.2150958941929	1	0	2	0.2864745610670103
14200.0	500.0	2485.2150958941925	0.0	0	608.8708997929498	2685.2150958941947	1	0	0	-1.2846029013529887
19097.41709138421	3000.0	200.0	1729.0397314804009	0	0.0	2297.41709138421	1	0	2	-9.504417681206455
20200.0	300.0	66.96437558374808	63.24034143977136	0	729.6010426290741	266.9643755837533	1	0	2	-2.9127235791910495
21200.0	500.0	2166.9643755837487	0.0	0	649.9824170488428	2366.9643755837533	1	0	0	-0.3772836256753799
24572.33705135889	2000.0	231.97452875834023	522.3462815176101	0	0.0	804.311580117228	1	0	2	-2.3586119747793695
25200.0	300.0	2667.077874981343	0.0	0	375.59707687467744	2867.07787498134	1	0	0	-2.580690345595312
28370.013407107188	2000.0	380.06312716344155	0.0	0	0.0	750.076534270629	1	0	2	0.2701532119109007
29200.0	500.0	2633.075193559913	0.0	0	364.25708012168616	2833.0751935599183	1	0	0	-1.29986724097158
33464.14204269941	2000.0	200.0	961.3464121903963	0	0.0	1664.1420426994082	1	0	2	-5.060662338371042
33701.64061468857	300.0	962.5014280108402	0.0	0	0.0	1664.1420426994155	1	0	1	-2.2635341891558234
34313.56063798744	1000.0	1350.581404711983	0.0	0	0.0	1664.1420426994227	1	0	1	0.43557219789302615
35224.37996248745	1000.0	1439.762080211964	0.0	0	0.0	1664.1420426994227	1	0	1	1.639545002218962
36200.0	1000.0	1464.1420426994237	0.0	0	310.67954614067276	1664.1420426994227	1	0	1	1.639545002218962
37200.0	1000.0	1464.1420426994218	0.0	0	108.36344871228357	1664.1420426994227	1	0	1	1.639545002218962
38265.68753163447	1000.0	1398.454511064955	0.0	0	0.0	1664.1420426994155	1	0	1	1.6395450022189628
39200.0	1000.0	1464.1420426994137	0.0	0	162.66832935858838	1664.1420426994082	1	0	1	1.6395450022189633
40200.0	1000.0	1464.142042699409	0.0	0	278.51948578887095	1664.142042699401	1	0	1	1.6395450022189637
41200.0	1000.0	1464.1420426994102	0.0	0	435.74395806411485	1664.142042699401	1	0	1	1.6395450022189642
42200.0	1000.0	1464.1420426994196	0.0	0	139.57198285035702	1664.1420426994155	1	0	1	1.639545002218963
43200.0	1000.0	1464.1420426994184	0.0	0	299.5630928161554	1664.1420426994155	1	0	1	1.6395450022189628
44200.0	1000.0	1464.142042699419	0.0	0	499.3343367712223	1664.1420426994082	1	0	1	1.6395450022189628
46184.728693917205	2000.0	479.4133487822195	0.0	0	0.0	1664.1420426994155	1	0	1	1.986118592498936
46522.0765954732	500.0	1142.0654472262188	0.0	0	0.0	1664.1420426994155	1	0	1	-0.7864701297408458
47200.0	1000.0	1464.1420426994232	0.0	0	160.45848747579294	1664.1420426994155	1	0	1	0.9463978216590174
48200.0	1000.0	1464.1420426994139	0.0	0	528.5320980618853	1664.142042699401	1	0	1	1.6395450022189637
49200.0	1000.0	1464.1420426994168	0.0	0	367.9613606239436	1664.142042699401	1	0	1	1.6395450022189642
50200.0	2000.0	1464.142042699413	0.0	0	11.799930376611883	1664.142042699401	1	0	1	1.9861185924989369
51200.0	1000.0	1464.142042699409	0.0	0	507.461455183191	1664.142042699401	1	0	1	0.946397821659019
52200.12526546835	2000.0	1464.0167772310533	0.0	0	0.0	1664.1420426993936	1	0	1	1.9861185924989373
53627.35008671111	2000.0	1036.7919559882948	0.0	0	0.0	1664.1420426993936	1	0	1	2.6792657730588827
54260.55114334262	1000.0	1403.59089935678	0.0	0	0.0	1664.1420426993936	1	0	1	0.9463978216590199
55213.63397686414	2000.0	1450.5080658352654	0.0	0	0.0	1664.1420426993936	1	0	1	1.9861185924989373
56200.0	2000.0	1464.142042699407	0.0	0	174.1458844818044	1664.1420426993936	1	0	1	2.6792657730588827
57253.2119798478	2000.0	1410.9300628516062	0.0	0	0.0	1664.142042699401	1	0	1	2.679265773058882
58509.16133842041	2000.0	1154.9807042789992	0.0	0	0.0	1664.142042699401	1	0	1	2.679265773058882
59261.703405862376	1000.0	1402.438636837038	0.0	0	0.0	1664.1420426994082	1	0	1	0.9463978216590182
60200.0	1000.0	1464.142042699407	0.0	0	344.6904331073674	1664.1420426994082	1	0	1	1.6395450022189633
61200.0	1000.0	1464.1420426994052	0.0	0	308.11907428481936	1664.1420426994082	1	0	1	1.6395450022189633
62200.0	1000.0	1464.1420426994027	0.0	0	350.9575730405777	1664.1420426994082	1	0	1	1.6395450022189633
63558.184772110246	2000.0	1105.9572705891567	0.0	0	0.0	1664.1420426994082	1	0	1	1.9861185924989364
64306.557326079565	1000.0	1357.5847166198398	0.0	0	0.0	1664.1420426994082	1	0	1	0.9463978216590182
65200.0	1000.0	1464.1420426994018	0.0	0	12.083410315884976	1664.1420426994082	1	0	1	1.6395450022189633
66200.0	1000.0	1464.1420426993966	0.0	0	193.52547819592291	1664.142042699401	1	0	1	1.639545002218964
67200.0	1000.0	1464.1420426994002	0.0	0	464.2827630457032	1664.142042699401	1	0	1	1.6395450022189642
68200.0	1000.0	1464.1420426993996	0.0	0	363.2828966019297	1664.1420426994155	1	0	1	1.6395450022189628
69200.0	1000.0	1464.1420426993932	0.0	0	551.2406998388033	1664.1420426994155	1	0	1	1.6395450022189628
70200.0	1000.0	1464.1420426993934	0.0	0	545.9440207176231	1664.142042699401	1	0	1	1.6395450022189633
71200.0	2000.0	1464.142042699393	0.0	0	362.9070664584142	1664.142042699401	1	0	1	1.9861185924989369
72200.0	2000.0	1464.1420426994025	0.0	0	241.85245271651365	1664.142042699401	1	0	1	2.679265773058882
74091.99095860447	2000.0	572.1510840949388	0.0	0	0.0	1664.1420426994155	1	0	1	2.679265773058882
74613.50846083442	500.0	1050.6335818649766	0.0	0	0.0	1664.142042699401	1	0	1	-0.7864701297408447
75440.66277669989	1000.0	1223.479265999508	0.0	0	0.0	1664.1420426994155	1	0	1	0.9463978216590174
76217.50516173903	1000.0	1446.6368809603684	0.0	0	0.0	1664.1420426994155	1	0	1	1.6395450022189628
77200.0	1000.0	1464.1420426994137	0.0	0	380.25907110224944	1664.1420426994155	1	0	1	1.6395450022189628
78200.0	1000.0	1464.1420426994182	0.0	0	398.452114714426	1664.14204269943	1	0	1	1.6395450022189624
79200.0	1000.0	1464.1420426994355	0.0	0	298.38948969135527	1664.1420426994446	1	0	1	1.6395450022189606
80200.0	1000.0	1464.1420426994318	0.0	0	339.4375505681237	1664.1420426994591	1	0	1	1.6395450022189593
81200.0	1000.0	1464.1420426994266	0.0	0	528.5904566164099	1664.1420426994446	1	0	1	1.6395450022189597
82200.0	1000.0	1464.1420426994334	0.0	0	594.0139339156012	1664.14204269943	1	0	1	1.6395450022189615
83200.0	1000.0	1464.1420426994357	0.0	0	585.5121844748355	1664.14204269943	1	0	1	1.6395450022189615
84200.0	1000.0	1464.1420426994346	0.0	0	579.0621204324561	1664.14204269943	1	0	1	1.6395450022189615
85200.0	2000.0	1464.1420426994448	0.0	0	132.2307533123676	1664.14204269943	1	0	1	1.9861185924989342
86200.0	2000.0	1464.1420426994498	0.0	0	96.09317359732813	1664.14204269943	1	0	1	2.679265773058879
87523.27745413198	2000.0	1140.8645885674628	0.0	0	0.0	1664.1420426994446	1	0	1	2.6792657730588774
88200.0	1000.0	1464.1420426994534	0.0	0	98.4847488841333	1664.1420426994446	1	0	1	0.9463978216590145
89200.0	1000.0	1464.1420426994587	0.0	0	332.4644667161774	1664.1420426994446	1	0	1	1.6395450022189597
90200.0	1000.0	1464.1420426994387	0.0	0	176.05444570964028	1664.1420426994446	1	0	1	1.6395450022189597
91200.0	2000.0	1464.1420426994423	0.0	0	180.35710531991208	1664.1420426994591	1	0	1	1.9861185924989313
92200.0	1000.0	1464.1420426994214	0.0	0	594.7999632552528	1664.1420426994591	1	0	1	0.9463978216590132
93200.0	1000.0	1464.142042699425	0.0	0	653.4618809717358	1664.1420426994591	1	0	1	1.6395450022189584
94200.0	2000.0	1464.1420426994107	0.0	0	309.8040219934046	1664.1420426994591	1	0	1	1.9861185924989313
95523.04682894662	3000.0	1141.0952137527984	0.0	0	0.0	1664.1420426994591	1	0	1	2.881998327112959
96972.29769398159	2000.0	691.8443487178415	0.0	0	0.0	1664.1420426994591	1	0	1	2.273800664950712
97605.59850799061	1000.0	1058.5435347088082	0.0	0	0.0	1664.1420426994591	1	0	1	0.9463978216590132
98437.19342793265	1000.0	1226.9486147667544	0.0	0	0.0	1664.1420426994591	1	0	1	1.6395450022189584
99453.87670646758	1000.0	1210.2653362318404	0.0	0	0.0	1664.1420426994591	1	0	1	1.6395450022189584
100200.0	1000.0	1464.14204269943	0.0	0	58.82166775650694	1664.1420426994591	1	0	1	1.6395450022189584
101200.0	1000.0	1464.1420426994266	0.0	0	331.6219613338908	1664.1420426994591	1	0	1	1.6395450022189584
102200.0	1000.0	1464.1420426994052	0.0	0	479.5130612088542	1664.1420426994591	1	0	1	1.6395450022189584
103259.93835990685	1000.0	1404.2036827925438	0.0	0	0.0	1664.1420426994591	1	0	1	1.6395450022189584
104200.0	1000.0	1464.1420426993955	0.0	0	306.0181329672487	1664.1420426994737	1	0	1	1.639545002218957
105200.0	1000.0	1464.1420426994127	0.0	0	327.88466354986303	1664.1420426994737	1	0	1	1.639545002218957
106200.0	2000.0	1464.1420426994255	0.0	0	168.16141915523622	1664.1420426994737	1	0	1	1.9861185924989297
107200.0	1000.0	1464.1420426994307	0.0	0	545.2689177925786	1664.1420426994737	1	0	1	0.9463978216590119
108200.0	1000.0	1464.1420426994323	0.0	0	660.0457030634861	1664.1420426994882	1	0	1	1.6395450022189557
109200.0	2000.0	1464.1420426994327	0.0	0	426.838812491711	1664.1420426995028	1	0	1	1.9861185924989269
111348.44939923986	3000.0	315.69264345957936	0.0	0	0.0	1664.1420426995173	1	0	1	2.881998327112953
111908.3166566766	500.0	755.8253860228467	0.0	0	0.0	1664.1420426995319	1	0	1	-1.1919352378490218
112593.08172136113	1000.0	1071.0603213383347	0.0	0	0.0	1664.1420426995464	1	0	1	0.9463978216590043
113388.04992419996	1000.0	1276.092118499501	0.0	0	0.0	1664.1420426995464	1	0	1	1.6395450022189497
114200.0	1000.0	1464.142042699465	0.0	0	270.1787352196552	1664.1420426995464	1	0	1	1.6395450022189497
115200.0	1000.0	1464.1420426994596	0.0	0	268.24946899176575	1664.1420426995464	1	0	1	1.6395450022189497
116422.09938099059	1000.0	1242.042661708861	0.0	0	0.0	1664.1420426995464	1	0	1	1.6395450022189497
117267.03645507157	1000.0	1397.1055876278906	0.0	0	0.0	1664.1420426995464	1	0	1	1.6395450022189497
118200.0	1000.0	1464.1420426994791	0.0	0	33.53173433728807	1664.1420426995464	1	0	1	1.6395450022189497
119464.23856042983	1000.0	1199.9034822696494	0.0	0	0.0	1664.1420426995464	1	0	1	1.6395450022189497
120528.93087888887	1000.0	1135.2111638106066	0.0	0	0.0	1664.142042699561	1	0	1	1.6395450022189482
121200.0	500.0	1464.142042699478	0.0	0	179.78588170785224	1664.142042699561	1	0	1	-0.09332294918091527
122200.0	1000.0	1464.1420426994732	0.0	0	218.68627965968335	1664.142042699561	1	0	1	0.9463978216590028
123200.0	1000.0	1464.1420426994734	0.0	0	440.5703617427498	1664.142042699561	1	0	1	1.6395450022189482
124200.0	1000.0	1464.1420426994907	0.0	0	589.655973206085	1664.142042699561	1	0	1	1.6395450022189482
125359.96016417311	1000.0	1304.1818785263754	0.0	0	92.59738047524297	1664.142042699561	1	0	1	1.6395450022189482
126400.6090336139	1000.0	1263.5330090855825	0.0	0	0.0	1664.142042699561	1	0	1	1.6395450022189482
127200.0	1000.0	1464.142042699477	0.0	0	82.64659077537362	1664.142042699561	1	0	1	1.6395450022189482
128200.0	1000.0	1464.1420426994623	0.0	0	230.86397620748903	1664.142042699561	1	0	1	1.6395450022189482
129200.0	2000.0	1464.142042699467	0.0	0	31.099144508581958	1664.142042699561	1	0	1	1.9861185924989209
130200.0	1000.0	1464.1420426994523	0.0	0	621.4073407425894	1664.1420426995464	1	0	1	0.9463978216590045
131200.0	1000.0	1464.1420426994484	0.0	0	486.76638786694093	1664.1420426995464	1	0	1	1.6395450022189497
132200.0	2000.0	1464.1420426994466	0.0	0	249.67508298909524	1664.1420426995464	1	0	1	1.986118592498923
133200.0	2000.0	1464.1420426994373	0.0	0	210.30530820941203	1664.1420426995319	1	0	1	2.6792657730588685
134277.41254697618	2000.0	1386.7294957232507	0.0	0	0.0	1664.1420426995319	1	0	1	2.6792657730588685
135200.0	2000.0	1464.1420426994416	0.0	0	62.8809092558804	1664.1420426995319	1	0	1	2.6792657730588685
136516.31755173966	3000.0	1147.824490959778	0.0	0	0.0	1664.142042699561	1	0	1	2.8819983271129486
137200.0	2000.0	1464.1420426994334	0.0	0	81.75422712694854	1664.14204269959	1	0	1	2.2738006649506985
138255.61840430205	3000.0	1408.5236383973806	0.0	0	115.20418206855538	1664.14204269959	1	0	1	2.8819983271129455
140467.0554856597	2000.0	200.0	2.9134429602464706	0	0.0	1667.055485659832	1	0	1	2.256261738330016
140656.64114289606	300.0	1010.4143427636377	0.0	0	0.0	1667.055485659832	1	0	1	-2.0638255334518645
141200.0	1000.0	1467.055485659678	0.0	0	80.57956926696352	1667.055485659832	1	0	1	0.435280853596985
142200.0	2000.0	1467.055485659672	0.0	0	125.78656970628072	1667.0554856598028	1	0	1	1.9858272482028956
143200.0	1000.0	1467.0554856596632	0.0	0	492.1195617453777	1667.0554856597737	1	0	1	0.9461064773629817
144200.0	1000.0	1467.0554856596768	0.0	0	431.08646966298693	1667.0554856597446	1	0	1	1.6392536579229282
146868.98613726313	2000.0	200.0	401.9306516034271	0	0.0	2068.9861372631276	1	0	1	-0.43793646252327967
147085.4713013623	300.0	983.5148359008225	0.0	0	0.0	2068.9861372631276	1	0	1	-2.1040185986121935
148040.52737507614	1000.0	932.9531548155715	0.0	0	0.0	1973.4805298917054	1	0	2	0.0023888876010045856
148517.4705807192	1000.0	1408.3156286081905	0.0	0	0.0	1925.7862093274016	1	0	2	1.4121879708130325
149200.0	1000.0	1657.5332673993105	0.0	0	28.703168496780563	1857.5332673993544	1	0	2	1.418182478125948
150200.0	1000.0	1557.533267399298	0.0	0	375.74058068802697	1757.5332673993544	1	0	2	1.4264114115743785
151200.0	1000.0	1457.533267399268	0.0	0	352.97171734526637	1657.5332673993253	1	0	2	1.4366109131469582
152200.0	1000.0	1457.5332673992266	0.0	0	511.9937383250799	1657.5332673993253	1	0	1	1.4402058797489716
153200.0	1000.0	1457.5332673992164	0.0	0	613.2569305599318	1657.5332673993253	1	0	1	1.6402058797489718
154200.0	1000.0	1457.5332673991948	0.0	0	543.0378933773027	1657.5332673993253	1	0	1	1.6402058797489718
155200.0	2000.0	1457.5332673991957	0.0	0	278.13223532403936	1657.5332673993253	1	0	1	1.9867794700289445
156200.0	2000.0	1457.5332673992016	0.0	0	211.1837424536352	1657.5332673993253	1	0	1	2.6799266505888895
157219.5326979202	2000.0	1438.0005694790204	0.0	0	0.0	1657.5332673992962	1	0	1	2.6799266505888926
158804.92071823135	2000.0	852.6125491678657	0.0	0	0.0	1657.5332673992962	1	0	1	2.6799266505888926
160357.14519234092	1000.0	322.06389770034514	21.675822642036096	0	0.0	1679.209090041346	1	0	1	0.8148376365067327
160798.77097368584	300.0	880.4381163554115	0.0	0	0.0	1679.209090041346	1	0	1	-1.3718937133300706
161528.5256014997	500.0	1150.6834885415428	0.0	0	0.0	1679.209090041346	1	0	1	0.08749190287886086
162421.0209488041	1000.0	1258.1881412371854	0.0	0	0.0	1679.209090041346	1	0	1	0.9448911169248242
163514.59391814034	1000.0	1164.6151719010038	0.0	0	0.0	1679.209090041346	1	0	1	1.6380382974847696
164200.0	500.0	1479.2090900413389	0.0	0	99.34678588659153	1679.209090041346	1	0	1	-0.09482965391509385
165200.0	1000.0	1479.2090900413361	0.0	0	103.37979347325745	1679.2090900413168	1	0	1	0.9448911169248273
166200.0	1000.0	1479.2090900413439	0.0	0	290.437716274726	1679.2090900413168	1	0	1	1.6380382974847727
167200.0	1000.0	1479.2090900413127	0.0	0	317.5944121313223	1679.2090900413168	1	0	1	1.6380382974847727
168200.0	1000.0	1479.2090900413225	0.0	0	436.1958414222754	1679.2090900413168	1	0	1	1.6380382974847727
169200.0	1000.0	1479.209090041325	0.0	0	358.12140132897184	1679.2090900413168	1	0	1	1.6380382974847727
170200.0	1000.0	1479.2090900413305	0.0	0	391.8184170558234	1679.2090900412877	1	0	1	1.6380382974847758
171200.0	1000.0	1479.209090041342	0.0	0	311.7280958171468	1679.2090900412586	1	0	1	1.6380382974847785
172200.0	1000.0	1479.2090900413543	0.0	0	236.31621713371715	1679.2090900412586	1	0	1	1.6380382974847785
173219.60994542355	1000.0	1459.5991446178057	0.0	0	0.0	1679.2090900412586	1	0	1	1.6380382974847785
174200.0	1000.0	1479.2090900413639	0.0	0	182.21183565905085	1679.2090900412586	1	0	1	1.6380382974847785
175200.0	2000.0	1479.2090900413505	0.0	0	30.94109184035915	1679.2090900412586	1	0	1	1.9846118877647512
176200.0	1000.0	1479.2090900413596	0.0	0	379.8311189675878	1679.2090900412877	1	0	1	0.9448911169248305
177200.0	1000.0	1479.209090041341	0.0	0	366.7963509108813	1679.2090900412877	1	0	1	1.6380382974847758
178519.62878204024	2000.0	1159.580308001092	0.0	0	0.0	1679.2090900412586	1	0	1	1.9846118877647512
179266.2014782027	1000.0	1413.0076118386	0.0	0	0.0	1679.2090900412586	1	0	1	0.9448911169248333
180200.0	1000.0	1479.2090900413252	0.0	0	114.18511061772006	1679.2090900412586	1	0	1	1.6380382974847785
182109.32208579712	2000.0	569.8870042442072	0.0	0	0.0	1679.2090900412877	1	0	1	1.9846118877647498
182616.86451930634	500.0	1062.3445707349981	0.0	0	0.0	1679.2090900413168	1	0	1	-0.7879768344750357
183331.406409332	1000.0	1347.8026807093277	0.0	0	0.0	1679.2090900413168	1	0	1	0.9448911169248273
184200.0	1000.0	1479.2090900413182	0.0	0	30.65461772470735	1679.2090900412877	1	0	1	1.6380382974847758
185200.0	1000.0	1479.2090900413268	0.0	0	295.8489201591001	1679.2090900413168	1	0	1	1.6380382974847727
186200.0	1000.0	1479.2090900413223	0.0	0	238.30356530740391	1679.2090900413168	1	0	1	1.6380382974847727
187273.9331409529	1000.0	1405.2759490884293	0.0	0	0.0	1679.2090900413168	1	0	1	1.6380382974847727
188200.0	1000.0	1479.2090900413662	0.0	0	22.821931051061256	1679.2090900413168	1	0	1	1.6380382974847727
189200.0	1000.0	1479.2090900413666	0.0	0	363.98524175878265	1679.2090900413168	1	0	1	1.6380382974847727
190200.0	1000.0	1479.2090900413518	0.0	0	492.2053839430446	1679.2090900413168	1	0	1	1.6380382974847727
191200.0	1000.0	1479.2090900413345	0.0	0	368.6107211658673	1679.2090900413168	1	0	1	1.6380382974847727
192200.0	1000.0	1479.2090900413286	0.0	0	387.67140015019686	1679.209090041346	1	0	1	1.6380382974847696
193200.0	1000.0	1479.2090900413243	0.0	0	245.45511094506946	1679.209090041346	1	0	1	1.6380382974847696
195082.34853829353	2000.0	596.8605517477806	0.0	0	0.0	1679.209090041346	1	0	1	1.9846118877647425
195574.26107871588	500.0	1104.9480113254172	0.0	0	0.0	1679.209090041346	1	0	1	-0.7879768344750391
196200.0	1000.0	1479.2090900412834	0.0	0	89.51566856296267	1679.209090041346	1	0	1	0.9448911169248242
197200.0	1000.0	1479.2090900413054	0.0	0	419.71071720236796	1679.209090041375	1	0	1	1.638038297484767
198200.0	1000.0	1479.2090900413154	0.0	0	572.7320680237317	1679.209090041375	1	0	1	1.638038297484767
199333.3307136174	2000.0	1345.8783764238794	0.0	0	0.0	1679.209090041346	1	0	1	1.9846118877647425
200200.0	1000.0	1479.2090900412747	0.0	0	277.56223067923565	1679.209090041346	1	0	1	0.9448911169248244
201464.44593400217	2000.0	1214.7631560390935	0.0	0	0.0	1679.209090041346	1	0	1	1.9846118877647425
202204.21317818607	1000.0	1474.9959118552044	0.0	0	0.0	1679.209090041346	1	0	1	0.9448911169248244
203340.29391323242	2000.0	1338.915176808847	0.0	0	0.0	1679.209090041346	1	0	1	1.9846118877647425
204564.04639988046	2000.0	1115.1626901608138	0.0	0	0.0	1679.209090041346	1	0	1	2.6777590683246877
205200.0	1000.0	1479.2090900412638	0.0	0	145.8003880958422	1679.209090041346	1	0	1	0.9448911169248244
206247.24415644593	2000.0	1431.9649335953443	0.0	0	0.0	1679.209090041346	1	0	1	1.9846118877647425
207654.7503681979	2000.0	1024.4587218433485	0.0	0	0.0	1679.209090041346	1	0	1	2.6777590683246877
208408.91921502433	1000.0	1270.2898750169438	0.0	0	0.0	1679.209090041346	1	0	1	0.9448911169248244
209200.0	1000.0	1479.209090041298	0.0	0	33.78030274255434	1679.209090041375	1	0	1	1.6380382974847674
210200.0	1000.0	1479.2090900412923	0.0	0	369.12094054123736	1679.209090041346	1	0	1	1.6380382974847678
211200.0	1000.0	1479.2090900412848	0.0	0	480.23091541967005	1679.209090041346	1	0	1	1.6380382974847696
212488.04767196332	2000.0	1191.1614180779725	0.0	0	0.0	1679.209090041375	1	0	1	1.9846118877647398
213200.0	1000.0	1479.2090900413027	0.0	0	207.22290693523246	1679.2090900414041	1	0	1	0.9448911169248189
214200.0	1000.0	1479.2090900413004	0.0	0	412.7232757105958	1679.2090900414041	1	0	1	1.638038297484764
215200.0	1000.0	1479.2090900412934	0.0	0	405.29199006498675	1679.209090041375	1	0	1	1.6380382974847651
216200.0	1000.0	1479.2090900413227	0.0	0	543.4035528384265	1679.2090900414041	1	0	1	1.6380382974847658
217200.0	1000.0	1479.209090041361	0.0	0	470.01818250201177	1679.2090900414332	1	0	1	1.6380382974847627
218200.0	1000.0	1479.2090900413475	0.0	0	562.2472885666939	1679.2090900414332	1	0	1	1.638038297484761
219200.0	1000.0	1479.2090900413343	0.0	0	404.8378973991785	1679.2090900414332	1	0	1	1.638038297484761
220204.3132145438	2000.0	1474.895875497515	0.0	0	0.0	1679.2090900414332	1	0	1	1.9846118877647336
221263.6515462426	2000.0	1415.5575437987306	0.0	0	0.0	1679.2090900414623	1	0	1	2.677759068324676
223708.45105009398	2000.0	200.0	229.2419600526684	0	0.0	1908.451050094125	1	0	1	1.2967711999262095
223997.40740843688	300.0	882.1480058228067	0.0	0	0.0	1879.555414259812	1	0	2	-2.4857366105996195
224733.4248332206	1000.0	1072.5288385607018	0.0	0	0.0	1805.9536717814335	1	0	2	0.21955692960510687
225277.2472743444	1000.0	1474.3241533245164	0.0	0	0.0	1751.571427669056	1	0	2	1.4295506030441627
226200.0	1000.0	1459.2961551033832	0.0	0	297.80388242704794	1659.2961551035114	1	0	2	1.4366007045120581
227200.0	1000.0	1459.296155103365	0.0	0	205.39135729405098	1659.2961551034823	1	0	1	1.4400295909785559
228200.0	1000.0	1459.2961551033748	0.0	0	348.98108990106266	1659.2961551034823	1	0	1	1.640029590978556
229461.79779429964	2000.0	1197.498360803753	0.0	0	0.0	1659.2961551034823	1	0	1	1.9866031812585285
230200.0	1000.0	1459.2961551033793	0.0	0	90.48258387800888	1659.2961551034823	1	0	1	0.946882410418611
231200.0	1000.0	1459.296155103385	0.0	0	497.6646158352669	1659.2961551034823	1	0	1	1.640029590978556
232200.0	1000.0	1459.2961551034132	0.0	0	532.2995012752363	1659.2961551035114	1	0	1	1.640029590978555
233356.27585132088	2000.0	1303.0203037825263	0.0	0	0.0	1659.2961551035114	1	0	1	1.9866031812585256
234533.47274934914	2000.0	1125.8234057542495	0.0	0	0.0	1659.2961551035114	1	0	1	2.679750361818471
235200.0	1000.0	1459.2961551034166	0.0	0	200.31675577603164	1659.2961551035114	1	0	1	0.946882410418608
236234.12181722003	2000.0	1425.1743378833753	0.0	0	0.0	1659.2961551035405	1	0	1	1.9866031812585236
237385.15274913644	2000.0	1274.1434059669837	0.0	0	0.0	1659.2961551035405	1	0	1	2.679750361818468
238200.0	1000.0	1459.296155103395	0.0	0	223.03000982492813	1659.2961551035405	1	0	1	0.9468824104186051
239200.0	1000.0	1459.2961551033966	0.0	0	171.06691650566063	1659.2961551035405	1	0	1	1.6400295909785503
240315.93989806593	2000.0	1343.3562570374697	0.0	0	0.0	1659.2961551035405	1	0	1	1.986603181258523
241200.0	1000.0	1459.2961551033864	0.0	0	558.0808980560396	1659.2961551035405	1	0	1	0.9468824104186051
242200.0	1000.0	1459.2961551034034	0.0	0	592.25936805323	1659.2961551035696	1	0	1	1.640029590978549
243200.0	2000.0	1459.2961551034227	0.0	0	114.80756329017458	1659.2961551035405	1	0	1	1.986603181258523
244745.87360261884	3000.0	913.422552484587	0.0	0	0.0	1659.2961551035405	1	0	1	2.8824829158725507
245436.44822651352	1000.0	1222.8479285899152	0.0	0	0.0	1659.2961551035405	1	0	1	0.5414173023104405
246360.433339288	2000.0	1298.8628158154518	0.0	0	0.0	1659.2961551035405	1	0	1	1.986603181258523
247582.1189494035	2000.0	1077.1772056999382	0.0	0	0.0	1659.2961551035405	1	0	1	2.679750361818468
248213.45261067944	1000.0	1445.8435444239894	0.0	0	0.0	1659.2961551035696	1	0	1	0.9468824104186021
249384.24363411986	2000.0	1275.052520983566	0.0	0	0.0	1659.2961551035987	1	0	1	1.9866031812585172
250200.0	1000.0	1459.2961551034086	0.0	0	254.91308685322292	1659.2961551035696	1	0	1	0.9468824104186004
251200.0	1000.0	1459.2961551034343	0.0	0	542.985355324694	1659.2961551035987	1	0	1	1.6400295909785463
252200.0	1000.0	1459.2961551034105	0.0	0	386.0709891390288	1659.2961551035987	1	0	1	1.6400295909785445
253200.0	1000.0	1459.2961551034214	0.0	0	170.9921048800752	1659.2961551036278	1	0	1	1.6400295909785414
254200.0	1000.0	1459.296155103401	0.0	0	544.9322547617776	1659.2961551036278	1	0	1	1.6400295909785414
255249.1723818402	2000.0	1410.1237732631776	0.0	0	0.0	1659.2961551036278	1	0	1	1.986603181258514
256200.0	1000.0	1459.2961551034	0.0	0	564.5166033144633	1659.2961551036278	1	0	1	0.9468824104185962
257200.0	1000.0	1459.296155103399	0.0	0	541.4267966558109	1659.2961551036278	1	0	1	1.6400295909785414
258200.0	2000.0	1459.2961551033975	0.0	0	350.2803392295609	1659.2961551036278	1	0	1	1.986603181258514
259906.64545422175	3000.0	752.6507008816773	0.0	0	0.0	1659.2961551036278	1	0	1	2.882482915872542
261081.37638902938	1000.0	577.9197660740326	0.0	0	0.0	1659.2961551036278	1	0	1	0.5414173023104316
261653.3410367869	500.0	1005.9551183165254	0.0	0	0.0	1659.2961551036278	1	0	1	-0.09283836042132208
262399.8935750295	1000.0	1259.4025800739482	0.0	0	0.0	1659.296155103657	1	0	1	0.9468824104185938
263200.0	1000.0	1459.2961551034452	0.0	0	268.0287533646333	1659.2961551036278	1	0	1	1.6400295909785392
264200.0	1000.0	1459.2961551034828	0.0	0	111.7289537844481	1659.296155103657	1	0	1	1.6400295909785416
265351.16184236755	1000.0	1308.1343127359678	0.0	0	0.0	1659.2961551037151	1	0	1	1.640029590978533
266200.0	1000.0	1459.2961551035646	0.0	0	52.946351764316205	1659.2961551037151	1	0	1	1.640029590978533
267200.0	1000.0	1459.2961551035958	0.0	0	407.98919444234343	1659.2961551037151	1	0	1	1.640029590978533
268540.4438626353	1000.0	1118.8522924682834	0.0	0	0.0	1659.296155103657	1	0	1	1.6400295909785365
269622.17748166376	1000.0	1037.1186734398234	0.0	0	0.0	1659.296155103657	1	0	1	1.6400295909785387
270200.0	500.0	1459.2961551035562	0.0	0	45.07692087220494	1659.296155103657	1	0	1	-0.09283836042132489
271200.0	1000.0	1459.2961551035808	0.0	0	250.51028488128213	1659.296155103657	1	0	1	0.9468824104185933
272200.0	1000.0	1459.2961551036155	0.0	0	592.3325575476047	1659.2961551037151	1	0	1	1.6400295909785365
273200.0	1000.0	1459.2961551036212	0.0	0	380.5286437171744	1659.2961551037151	1	0	1	1.640029590978533
274339.38120018796	1000.0	1319.9149549156189	0.0	0	87.36124595545698	1659.2961551037151	1	0	1	1.640029590978533
275451.71591098525	1000.0	1207.5802441183316	0.0	0	0.0	1659.2961551037733	1	0	1	1.640029590978527
276212.3817920553	1000.0	1446.9143630482984	0.0	0	0.0	1659.2961551038316	1	0	1	1.6400295909785223
277489.3685630615	2000.0	1169.92759204209	0.0	0	0.0	1659.2961551038316	1	0	1	1.9866031812584937
278200.0	1000.0	1459.2961551035808	0.0	0	270.5697202628944	1659.2961551038316	1	0	1	0.946882410418576
279200.0	1000.0	1459.2961551035671	0.0	0	524.6816314345342	1659.2961551038316	1	0	1	1.6400295909785212
280200.0	1000.0	1459.2961551035398	0.0	0	470.7545883668354	1659.2961551038316	1	0	1	1.6400295909785212
281200.0	2000.0	1459.296155103537	0.0	0	135.52549412020016	1659.2961551038316	1	0	1	1.9866031812584937
282200.0	2000.0	1459.2961551035096	0.0	0	336.4542107281741	1659.2961551038316	1	0	1	2.6797503618184386
283200.0	2000.0	1459.2961551034787	0.0	0	281.7697996447678	1659.2961551038316	1	0	1	2.6797503618184386
284693.5641173414	3000.0	965.7320377621211	0.0	0	0.0	1659.2961551038316	1	0	1	2.8824829158725214
285396.006961441	2000.0	1263.2891936625424	0.0	0	0.0	1659.2961551038316	1	0	1	2.274285253710274
286658.4929448765	3000.0	1000.8032102269988	0.0	0	0.0	1659.2961551038316	1	0	1	2.8824829158725214
288483.0807699288	2000.0	200.0	23.784614825329868	0	0.0	1683.0807699291618	1	0	1	2.1311018724617883
288840.01642695605	300.0	843.064342972746	0.0	0	0.0	1683.08076992922	1	0	1	-2.0654280618787983
289704.56444139424	1000.0	978.5163285345109	0.0	0	0.0	1683.0807699291618	1	0	1	0.43367832517005184
290349.15674736537	1000.0	1333.9240225634123	0.0	0	0.0	1683.0807699291036	1	0	1	1.637651129495994
291200.0	1000.0	1483.0807699287884	0.0	0	393.5854863374843	1683.0807699290453	1	0	1	1.6376511294959961
292200.0	1000.0	1483.0807699287166	0.0	0	359.444167770911	1683.0807699289871	1	0	1	1.6376511294960054
293200.0	1000.0	1483.080769928737	0.0	0	443.14814136899076	1683.0807699290453	1	0	1	1.6376511294959997
296013.980885095	2000.0	200.0	530.9001151663103	0	0.0	2213.9808850953705	1	0	1	-1.2234687033692735
296469.13702019956	500.0	786.6291020463151	41.785237150894744	0	0.0	2255.7661222462775	1	0	1	-1.0963439606009004
298200.0	500.0	108.47849706149108	138.86308637747993	0	690.7974221408949	308.47849706193665	1	0	2	-0.50178793232209
299200.0	300.0	2208.4784970615588	0.0	0	827.7414107922232	2408.478497061995	1	0	0	-1.1476734734721867
302512.18309066835	2000.0	229.7654519904596	422.4439587855509	0	0.0	741.9485426588217	1	0	2	-2.2637743337522505
303200.0	300.0	2610.7302335919594	0.0	0	481.4015258009895	2810.7302335919812	1	0	0	-2.5747721717882195
306200.0	2000.0	510.73023359190086	0.0	0	120.24630787875503	710.7302335919812	1	0	2	0.2744467266331373
307200.0	500.0	2610.7302335919553	0.0	0	777.3261583140702	2810.7302335919812	1	0	0	-1.2971289488301028
310711.9817407815	3000.0	200.0	229.49971024333306	0	0.0	911.9817407815135	1	0	2	-0.4023273828599103
311200.0	300.0	2760.783566703356	0.0	0	308.6974147747387	2960.7835667033796	1	0	0	-2.99604614680783
314353.9269612474	3000.0	491.4639093311726	0.0	0	0.0	845.3908705786453	1	0	2	0.46363420610666917
315200.0	500.0	2729.998174453879	0.0	0	623.6758679714403	2929.998174453969	1	0	0	-1.714664070492432
320870.8954874774	3000.0	200.0	2279.98805615569	0	0.0	3070.895487477421	1	0	2	-12.850501797351
321285.9604794025	300.0	769.8024612346493	23.976320320236198	0	0.0	1055.7629406371852	1	0	2	-2.7530584164819096
322200.0	500.0	2947.1668926969405	0.0	0	439.7089233532897	3147.1668926969287	1	0	0	-0.45566545725232216
325761.14443714754	2000.0	229.90801183462256	0.0	0	0.0	991.0524489821983	1	0	2	0.7555808791592292
326200.0	300.0	2834.9380052673678	0.0	0	69.27906108659226	3034.9380052674096	1	0	0	-2.5991430199793037
330003.8126393943	2000.0	200.0	317.50536187855664	0	0.0	1203.8126393943094	1	0	2	-1.6746393471622834
330331.9348885727	300.0	871.8777508215833	0.0	0	0.0	1203.8126393943094	1	0	1	-2.2175012488253123
331200.0	500.0	3090.6191505370834	0.0	0	461.8738031408284	3290.6191505371826	1	0	0	-0.26996465589835744
334297.28886857646	2000.0	883.6013951029687	0.0	0	0.0	1180.890263679612	1	0	2	0.7383734992595256
335200.0	1000.0	3071.1613768217608	0.0	0	516.4502301060711	3271.1613768218667	1	0	0	0.38947198611591655
338684.8719756974	3000.0	437.80220355464587	0.0	0	0.0	1122.6741792521207	1	0	2	1.638847029263068
1.27	1.31	1.78	2.0	2.46	1.62	1.71	1.34	1.36	1.37	1.93	1.88	1.76	1.66	1.26	1.39	0.8	1.37	1.52	1.45	1.34	1.11	1.52	1.45	1.75	1.61	1.42	1.9	1.44	1.07	1.44	1.84	1.99	2.04	2.12	2.41	1.68	1.99	2.0	2.27	2.31	1.91	1.56	1.64	1.61	1.62	1.91	2.11	1.53	1.55	1.89	1.75	1.91	2.17	2.49	2.72	1.69	0.9	0.94	1.32	1.83	1.9	1.32	1.75	1.8	2.14	2.33	2.18	2.0	1.89	1.65	1.85	1.36	1.49	1.91	2.51	3.24	3.1	2.42	1.75	1.97	1.77	1.44	1.15	1.63	2.02	1.24	1.34	1.9	2.04	2.34	2.85	3.48	3.56	0.98	0.67	1.22	1.84	1.39	0.9	1.07	1.37	1.12	0.65	0.79	1.34	1.97	2.03	2.02	0.58	1.55	1.59	2.2	2.32	1.91	2.35	3.09	2.91	2.05	2.68	3.2	3.39	1.16	1.11	1.49	2.09	2.13	2.34	1.59	0.5	0.65	1.2	1.74	1.66	1.39	2.06	2.58	2.91	2.34	2.19	2.15	2.18	1.17	0.72	0.97	0.94	1.44	1.1	1.09	2.76	1.27	1.31	1.78	2.0	2.46	1.62	1.71	1.34	1.36	1.37	1.93	1.88	1.76	1.66	1.26	1.39	0.8	1.37	1.52	1.45	1.34	1.11	1.52	1.45	1.75	1.61	1.42	1.9	1.44	1.07	1.44	1.84	1.99	2.04	2.12	2.41	1.68	1.99	2.0	2.27	2.31	1.91	1.56	1.64	1.61	1.62	1.91	2.11	1.53	1.55	1.89	1.75	1.91	2.17	2.49	2.72	1.69	0.9	0.94	1.32	1.83	1.9	1.32	1.75	1.8	2.14	2.33	2.18	2.0	1.89	1.65	1.85	1.36	1.49	1.91	2.51	3.24	3.1	2.42	1.75	1.97	1.77	1.44	1.15	1.63	2.02	1.24	1.34	1.9	2.04	2.34	2.85	3.48	3.56	0.98	0.67	1.22	1.84	1.39	0.9	1.07	1.37	1.12	0.65	0.79	1.34	1.97	2.03	2.02	0.58	1.55	1.59	2.2	2.32	1.91	2.35	3.09	2.91	2.05	2.68	3.2	3.39	1.16	1.11	1.49	2.09	2.13	2.34	1.59	0.5	0.65	1.2	1.74	1.66	1.39	2.06	2.58	2.91	2.34	2.19	2.15	2.18	1.17	0.72	0.97	0.94	1.44	1.1	1.09	2.76	1.27	1.31	1.78	2.0	2.46	1.62	1.71	1.34	1.36	1.37	1.93	1.88	1.76	1.66	1.26	1.39	0.8	1.37	1.52	1.45	1.34	1.11	1.52	1.45	1.75	1.61	1.42	1.9	1.44	1.07	1.44	1.84	1.99	2.04	2.12	2.41	1.68	1.99	2.0
1.0	2.0	3.0	4.0	5.0	6.0	7.0	8.0	9.0	10.0	11.0	12.0	13.0	14.0	15.0	16.0	17.0	18.0	19.0	20.0	21.0	22.0	23.0	24.0	25.0	26.0	27.0	28.0	29.0	30.0	31.0	32.0	33.0	34.0	35.0	36.0	37.0	38.0	39.0	40.0	41.0	42.0	43.0	44.0	45.0	46.0	47.0	48.0	49.0	50.0	51.0	52.0	53.0	54.0	55.0	56.0	57.0	58.0	59.0	60.0	61.0	62.0	63.0	64.0	65.0	66.0	67.0	68.0	69.0	70.0	71.0	72.0	73.0	74.0	75.0	76.0	77.0	78.0	79.0	80.0	81.0	82.0	83.0	84.0	85.0	86.0	87.0	88.0	89.0	90.0	91.0	92.0	93.0	94.0	95.0	96.0	97.0	98.0	99.0	100.0	101.0	102.0	103.0	104.0	105.0	106.0	107.0	108.0	109.0	110.0	111.0	112.0	113.0	114.0	115.0	116.0	117.0	118.0	119.0	120.0	121.0	122.0	123.0	124.0	125.0	126.0	127.0	128.0	129.0	130.0	131.0	132.0	133.0	134.0	135.0	136.0	137.0	138.0	139.0	140.0	141.0	142.0	143.0	144.0	145.0	146.0	147.0	148.0	149.0	149.0	150.0	151.0	152.0	153.0	154.0	155.0	156.0	157.0	158.0	159.0	160.0	161.0	162.0	163.0	164.0	165.0	166.0	167.0	168.0	169.0	170.0	171.0	172.0	173.0	174.0	175.0	176.0	177.0	178.0	179.0	180.0	181.0	182.0	183.0	184.0	185.0	186.0	187.0	188.0	189.0	190.0	191.0	192.0	193.0	194.0	195.0	196.0	197.0	198.0	199.0	200.0	201.0	202.0	203.0	204.0	205.0	206.0	207.0	208.0	209.0	210.0	211.0	212.0	213.0	214.0	215.0	216.0	217.0	218.0	219.0	220.0	221.0	222.0	223.0	224.0	225.0	226.0	227.0	228.0	229.0	230.0	231.0	232.0	233.0	234.0	235.0	236.0	237.0	238.0	239.0	240.0	241.0	242.0	243.0	244.0	245.0	246.0	247.0	248.0	249.0	250.0	251.0	252.0	253.0	254.0	255.0	256.0	257.0	258.0	259.0	260.0	261.0	262.0	263.0	264.0	265.0	266.0	267.0	268.0	269.0	270.0	271.0	272.0	273.0	274.0	275.0	276.0	277.0	278.0	279.0	280.0	281.0	282.0	283.0	284.0	285.0	286.0	287.0	288.0	289.0	290.0	291.0	292.0	293.0	294.0	295.0	296.0	297.0	298.0	298.0	299.0	300.0	301.0	302.0	303.0	304.0	305.0	306.0	307.0	308.0	309.0	310.0	311.0	312.0	313.0	314.0	315.0	316.0	317.0	318.0	319.0	320.0	321.0	322.0	323.0	324.0	325.0	326.0	327.0	328.0	329.0	330.0	331.0	332.0	333.0	334.0	335.0	336.0	337.0
2162.2673223888887
