2714.336338509234	300.0	2000.0	102.78019756538787	0	0.0	2714.336338509234	1	0	1	-0.8863415599943354
5200.0	3000.0	414.2999999999997	0.0	0	269.18351728684956	614.2999999999993	1	0	2	0.6862059226048114
6200.0	1000.0	2514.3	0.0	0	612.8073982987162	2714.2999999999997	1	0	0	0.03991691782079437
11769.865917427827	6000.0	200.0	2375.0477356096444	0	0.0	2969.8659174278273	1	0	2	-12.404562165577152
12200.0	300.0	726.8525091706106	0.0	0	269.1534041344694	926.8525091706124	1	0	2	-3.29072518524408
13200.0	1000.0	2826.852509170611	0.0	0	673.1750782041418	3026.8525091706124	1	0	0	-0.09669884875409324
16275.846798449189	3000.0	643.4210308765032	0.0	0	0.0	919.2678293256904	1	0	2	1.6604490293267946
17200.0	1000.0	2811.683149480776	0.0	0	456.2762830660431	3011.683149480772	1	0	0	0.010023087730636704
21779.455730935813	3000.0	200.0	1114.2892314078351	0	0.0	1979.4557309358133	1	0	2	-5.105232013272052
22061.15452726595	300.0	890.1313240368477	0.0	0	0.0	1951.2858513027968	1	0	2	-2.69845909453706
23094.759076468537	1000.0	753.1663199139989	0.0	0	0.0	1847.9253963825358	1	0	2	0.21493241482724512
23559.329859883586	1000.0	1242.1384581574423	0.0	0	0.0	1801.468318041032	1	0	2	1.4247165532886077
24200.0	1000.0	1537.4013040293808	0.0	0	159.87750581237196	1737.401304029383	1	0	2	1.4299165140611314
25200.0	1000.0	1437.4013040293792	0.0	0	658.6201694062838	1637.401304029383	1	0	2	1.4382190760859657
26200.0	1000.0	1437.4013040293835	0.0	0	681.684165893359	1637.401304029383	1	0	1	1.4422190760859657
27200.0	1000.0	1437.401304029384	0.0	0	656.5231768300182	1637.4013040293794	1	0	1	1.6422190760859665
28200.0	2000.0	1437.4013040293814	0.0	0	466.2998453229411	1637.4013040293794	1	0	1	1.988792666365939
29200.0	3000.0	1437.4013040293826	0.0	0	15.72032405767095	1637.4013040293794	1	0	1	2.8846724009799667
30272.495415154706	3000.0	1364.9058888746779	0.0	0	0.0	1637.4013040293794	1	0	1	3.2901375090881313
32444.026248476475	3000.0	200.0	6.624944447090343	0	0.0	1644.026248476468	1	0	1	3.2502553435166472
32613.47524170698	300.0	1030.5510067694938	0.0	0	0.0	1644.026248476468	1	0	1	-2.466987717841692
33650.96544538978	2000.0	993.060803086689	0.0	0	0.0	1644.0262484764644	1	0	1	0.7841573675952942
34261.35313747967	1000.0	1382.6731109968	0.0	0	0.0	1644.026248476468	1	0	1	0.9484094010813123
35319.20229569325	2000.0	1324.8239527832277	0.0	0	0.0	1644.026248476468	1	0	1	1.9881301719212299
36200.0	1000.0	1444.0262484764776	0.0	0	282.72267973359703	1644.026248476468	1	0	1	0.9484094010813123
37200.0	1000.0	1444.0262484764767	0.0	0	696.413385576052	1644.026248476468	1	0	1	1.6415565816412574
38200.0	2000.0	1444.026248476475	0.0	0	404.7832164362044	1644.026248476468	1	0	1	1.9881301719212299
39200.0	2000.0	1444.0262484764755	0.0	0	391.64391838646407	1644.026248476468	1	0	1	2.681277352481175
40477.1303281019	3000.0	1166.8959203745708	0.0	0	0.0	1644.0262484764608	1	0	1	2.8840099065352587
41579.214874239704	2000.0	1064.8113742367736	0.0	0	0.0	1644.026248476468	1	0	1	2.2758122443730104
42294.25118473629	2000.0	1349.7750637401878	0.0	0	0.0	1644.026248476468	1	0	1	2.681277352481175
43537.15650752179	3000.0	1106.8697409546926	0.0	0	0.0	1644.026248476468	1	0	1	2.8840099065352582
44200.0	2000.0	1444.0262484764773	0.0	0	26.274687576587894	1644.026248476468	1	0	1	2.2758122443730104
45200.0	3000.0	1444.026248476477	0.0	0	184.017716588678	1644.0262484764608	1	0	1	2.8840099065352587
46200.0	2000.0	1444.0262484764776	0.0	0	155.1323144712951	1644.0262484764608	1	0	1	2.2758122443730118
47733.70119008811	3000.0	910.3250583883649	0.0	0	0.0	1644.0262484764608	1	0	1	2.8840099065352587
48619.39086493191	2000.0	1024.6353835445636	0.0	0	0.0	1644.0262484764608	1	0	1	2.2758122443730118
49282.17544940742	2000.0	1361.8507990690548	0.0	0	0.0	1644.026248476468	1	0	1	2.681277352481175
50200.0	2000.0	1444.026248476474	0.0	0	142.13106166828948	1644.026248476468	1	0	1	2.681277352481175
51870.66898084139	2000.0	773.3572676350855	0.0	0	0.0	1644.026248476468	1	0	1	2.681277352481175
52370.506319961205	1000.0	1273.5199285152712	0.0	0	0.0	1644.026248476468	1	0	1	0.9484094010813123
53352.116649200245	2000.0	1291.9095992762316	0.0	0	0.0	1644.0262484764608	1	0	1	1.988130171921231
54200.0	2000.0	1444.0262484764758	0.0	0	207.13668225545553	1644.0262484764608	1	0	1	2.6812773524811764
55200.0	2000.0	1444.0262484764849	0.0	0	396.8753827299224	1644.026248476468	1	0	1	2.681277352481175
56200.0	3000.0	1444.02624847649	0.0	0	141.7748233854145	1644.026248476468	1	0	1	2.8840099065352582
57311.07993790244	3000.0	1332.9463105740526	0.0	0	0.0	1644.0262484764608	1	0	1	3.2894750146434233
58670.80708435185	3000.0	973.2191641246425	0.0	0	0.0	1644.026248476468	1	0	1	3.289475014643423
59718.078317138665	2000.0	925.9479313378284	0.0	0	0.0	1644.026248476468	1	0	1	2.2758122443730104
60512.642872875964	2000.0	1131.3833756005242	0.0	0	0.0	1644.0262484764608	1	0	1	2.6812773524811764
61555.02141628327	2000.0	1089.0048321932184	0.0	0	0.0	1644.026248476468	1	0	1	2.681277352481175
62470.05251517995	2000.0	1173.973733296535	0.0	0	0.0	1644.026248476468	1	0	1	2.681277352481175
63595.69829104263	2000.0	1048.3279574338653	0.0	0	0.0	1644.0262484764753	1	0	1	2.6812773524811746
64200.0	1000.0	1444.0262484764924	0.0	0	68.9264327497076	1644.0262484764753	1	0	1	0.9484094010813116
65200.0	2000.0	1444.0262484765017	0.0	0	233.80296195374103	1644.0262484764826	1	0	1	1.9881301719212288
66200.0	2000.0	1444.0262484764924	0.0	0	389.72647112768027	1644.026248476468	1	0	1	2.6812773524811746
67200.0	2000.0	1444.0262484764992	0.0	0	463.4573087123863	1644.026248476468	1	0	1	2.681277352481175
68200.0	3000.0	1444.026248476496	0.0	0	170.14093561281334	1644.026248476468	1	0	1	2.8840099065352582
69441.03949830987	3000.0	1202.9867501666436	0.0	0	0.0	1644.026248476468	1	0	1	3.289475014643423
70436.96559005504	2000.0	1207.0606584214506	0.0	0	0.0	1644.026248476468	1	0	1	2.2758122443730104
71406.06913454396	2000.0	1237.9571139325342	0.0	0	0.0	1644.0262484764826	1	0	1	2.6812773524811737
72200.0	2000.0	1444.0262484764912	0.0	0	54.671325841220096	1644.0262484764826	1	0	1	2.6812773524811737
73209.70153580242	3000.0	1434.3247126740773	0.0	0	0.0	1644.0262484765117	1	0	1	2.884009906535254
74200.0	3000.0	1444.0262484764917	0.0	0	208.0106328807742	1644.0262484765117	1	0	1	3.2894750146434184
75416.1397682061	3000.0	1227.8864802703815	0.0	0	0.0	1644.0262484765117	1	0	1	3.2894750146434184
77094.82748288226	2000.0	549.1987655942252	0.0	0	0.0	1644.0262484765117	1	0	1	2.2758122443730064
77929.30383404477	1000.0	714.722414431722	0.0	0	0.0	1644.0262484765117	1	0	1	0.9484094010813079
78330.88766462963	1000.0	1313.1385838468636	0.0	0	0.0	1644.0262484764971	1	0	1	1.6415565816412547
79200.0	1000.0	1444.0262484764862	0.0	0	235.173421244559	1644.0262484764971	1	0	1	1.6415565816412547
80200.0	1000.0	1444.026248476474	0.0	0	720.027589818259	1644.0262484764971	1	0	1	1.6415565816412547
81200.0	1000.0	1444.0262484764673	0.0	0	653.2794854833191	1644.0262484765117	1	0	1	1.641556581641253
82200.0	2000.0	1444.0262484764492	0.0	0	206.3575975484855	1644.0262484764971	1	0	1	1.988130171921227
84363.64675130259	3000.0	280.3794971738533	0.0	0	0.0	1644.0262484764971	1	0	1	2.8840099065352547
84665.06316552433	500.0	978.9630829520979	0.0	0	0.0	1644.0262484764826	1	0	1	-1.1899236584267174
85472.52002990524	2000.0	1171.5062185711943	0.0	0	0.0	1644.0262484764826	1	0	1	1.2949829913612834
86428.67395875955	2000.0	1215.3522897168727	0.0	0	0.0	1644.0262484764826	1	0	1	2.6812773524811737
87425.48862369114	2000.0	1218.5376247852957	0.0	0	0.0	1644.0262484764826	1	0	1	2.6812773524811737
88200.0	1000.0	1444.0262484764535	0.0	0	63.69765708499472	1644.0262484764826	1	0	1	0.9484094010813109
89774.57126848817	2000.0	869.4549799882606	0.0	0	0.0	1644.0262484764826	1	0	1	1.9881301719212288
90393.59556460952	1000.0	1250.4306838668965	0.0	0	0.0	1644.0262484764826	1	0	1	0.9484094010813109
91200.0	1000.0	1444.0262484764216	0.0	0	391.25931251764996	1644.026248476468	1	0	1	1.6415565816412574
92200.0	1000.0	1444.0262484764191	0.0	0	601.2703906582028	1644.026248476468	1	0	1	1.6415565816412574
93200.0	1000.0	1444.0262484764098	0.0	0	569.1041942817392	1644.0262484764535	1	0	1	1.641556581641259
94200.0	2000.0	1444.0262484764012	0.0	0	137.3254092669813	1644.0262484764535	1	0	1	1.9881301719212314
95200.0	2000.0	1444.026248476398	0.0	0	417.1574091858929	1644.026248476468	1	0	1	2.6812773524811764
96200.0	3000.0	1444.0262484763768	0.0	0	145.68713365853182	1644.026248476468	1	0	1	2.8840099065352582
97200.0	2000.0	1444.0262484763641	0.0	0	76.87434831754945	1644.026248476468	1	0	1	2.2758122443730104
99369.12174146593	3000.0	274.9045070104354	0.0	0	0.0	1644.026248476468	1	0	1	2.8840099065352582
99698.38745855604	500.0	945.6387899203395	0.0	0	0.0	1644.026248476468	1	0	1	-1.189923658426716
100200.0	1000.0	1444.0262484763953	0.0	0	92.43175290092768	1644.026248476468	1	0	1	0.9484094010813121
101200.0	2000.0	1444.0262484763934	0.0	0	317.4938318068016	1644.026248476468	1	0	1	1.9881301719212299
102200.0	2000.0	1444.026248476397	0.0	0	249.35754569224082	1644.026248476468	1	0	1	2.681277352481175
103522.6786905399	2000.0	1121.3475579364954	0.0	0	0.0	1644.0262484764535	1	0	1	2.681277352481177
104571.5725528246	2000.0	1072.4536956517964	0.0	0	0.0	1644.026248476439	1	0	1	2.681277352481178
105200.0	1000.0	1444.026248476399	0.0	0	54.130556506846915	1644.026248476439	1	0	1	0.9484094010813151
106371.82206844927	2000.0	1272.2041800271409	0.0	0	0.0	1644.0262484764535	1	0	1	1.9881301719212314
107200.0	1000.0	1444.0262484764144	0.0	0	462.203558873618	1644.0262484764535	1	0	1	0.9484094010813138
108200.0	2000.0	1444.0262484764216	0.0	0	348.81629390879243	1644.026248476468	1	0	1	1.9881301719212299
109962.45822128796	2000.0	681.5680271884581	0.0	0	0.0	1644.026248476468	1	0	1	2.681277352481175
110491.1947935826	1000.0	1152.831454893812	0.0	0	0.0	1644.026248476468	1	0	1	0.9484094010813123
111200.0	1000.0	1444.0262484764376	0.0	0	200.44972216644965	1644.0262484764826	1	0	1	1.641556581641256
112200.0	1000.0	1444.0262484764332	0.0	0	525.6923581136361	1644.0262484764826	1	0	1	1.641556581641256
113200.0	1000.0	1444.0262484764223	0.0	0	685.7562682677526	1644.0262484764826	1	0	1	1.641556581641256
114200.0	1000.0	1444.0262484764241	0.0	0	465.6265149827086	1644.026248476468	1	0	1	1.6415565816412574
115444.34503512336	2000.0	1199.6812133530643	0.0	0	0.0	1644.0262484764826	1	0	1	1.9881301719212288
116299.1234880982	2000.0	1344.9027603782397	0.0	0	0.0	1644.0262484764826	1	0	1	2.6812773524811737
117200.0	2000.0	1444.0262484764464	0.0	0	55.888475859959726	1644.0262484764826	1	0	1	2.6812773524811737
118200.0	2000.0	1444.0262484764626	0.0	0	329.1619304323103	1644.0262484764826	1	0	1	2.6812773524811737
119200.0	2000.0	1444.02624847646	0.0	0	149.50678915904427	1644.0262484764826	1	0	1	2.6812773524811737
120394.09907359419	2000.0	1249.9271748822741	0.0	0	0.0	1644.0262484764826	1	0	1	2.6812773524811737
121200.0	2000.0	1444.0262484764512	0.0	0	55.133698814199306	1644.0262484764826	1	0	1	2.6812773524811737
122200.0	3000.0	1444.0262484764526	0.0	0	67.2514755648881	1644.0262484764826	1	0	1	2.8840099065352565
123200.0	2000.0	1444.026248476442	0.0	0	184.954810169118	1644.0262484764826	1	0	1	2.275812244373009
124444.39121439627	2000.0	1199.6350340801769	0.0	0	0.0	1644.0262484764826	1	0	1	2.6812773524811737
125600.74994551805	2000.0	1043.276302958388	0.0	0	0.0	1644.026248476468	1	0	1	2.681277352481175
126368.42094364899	2000.0	1275.605304827447	0.0	0	0.0	1644.0262484764826	1	0	1	2.6812773524811737
127485.54516560974	2000.0	1158.4810828666955	0.0	0	0.0	1644.0262484764826	1	0	1	2.6812773524811737
128310.17608007784	2000.0	1333.8501683986103	0.0	0	0.0	1644.0262484764971	1	0	1	2.6812773524811724
129491.99130858658	2000.0	1152.0349398898918	0.0	0	0.0	1644.0262484764971	1	0	1	2.6812773524811724
130318.15873304992	1000.0	1325.8675154265586	0.0	0	0.0	1644.0262484764971	1	0	1	0.9484094010813096
131200.0	1000.0	1444.0262484764655	0.0	0	105.21958233698388	1644.0262484764971	1	0	1	1.6415565816412547
132200.0	1000.0	1444.0262484764733	0.0	0	529.3466926618712	1644.0262484764971	1	0	1	1.6415565816412552
133200.0	1000.0	1444.0262484764687	0.0	0	612.3660266414518	1644.0262484764971	1	0	1	1.641556581641255
134200.0	2000.0	1444.0262484764294	0.0	0	375.43567716228426	1644.0262484764971	1	0	1	1.988130171921227
135200.0	2000.0	1444.026248476444	0.0	0	135.9982483079657	1644.0262484764971	1	0	1	2.6812773524811724
136695.17292584307	3000.0	948.8533226333632	0.0	0	0.0	1644.0262484764971	1	0	1	2.8840099065352547
137314.6706603568	2000.0	1329.3555881196455	0.0	0	0.0	1644.0262484765262	1	0	1	2.2758122443730047
138826.74418458407	2000.0	817.2820638923449	0.0	0	0.0	1644.0262484765262	1	0	1	2.6812773524811693
139762.7106280436	1000.0	881.31562043282	0.0	0	0.0	1644.0262484765262	1	0	1	0.9484094010813064
140835.9346685164	1000.0	808.0915799600408	0.0	0	0.0	1644.0262484764971	1	0	1	1.6415565816412547
141441.79409343612	1000.0	1202.2321550403021	0.0	0	0.0	1644.0262484765262	1	0	1	1.6415565816412516
142200.0	1000.0	1444.0262484764214	0.0	0	347.50245271713356	1644.0262484765262	1	0	1	1.6415565816412516
143200.0	1000.0	1444.0262484764155	0.0	0	566.0940319177753	1644.0262484764971	1	0	1	1.6415565816412547
144671.53719927793	2000.0	972.489049198497	0.0	0	0.0	1644.0262484764971	1	0	1	1.988130171921227
145200.0	1000.0	1444.0262484763743	0.0	0	153.3349026661308	1644.026248476468	1	0	1	0.9484094010813123
146200.0	2000.0	1444.026248476364	0.0	0	269.0720411517541	1644.026248476468	1	0	1	1.9881301719212299
147200.0	2000.0	1444.0262484763593	0.0	0	356.95156594045693	1644.026248476468	1	0	1	2.681277352481175
148200.0	2000.0	1444.026248476367	0.0	0	188.97660817098222	1644.026248476468	1	0	1	2.681277352481175
149501.9105821647	3000.0	1142.1156663116417	0.0	0	0.0	1644.026248476439	1	0	1	2.884009906535261
151292.5161236001	2000.0	351.510124876247	0.0	0	0.0	1644.026248476439	1	0	1	2.2758122443730135
151716.48238664767	500.0	927.5438618286531	0.0	0	0.0	1644.0262484764098	1	0	1	-0.7844585503185453
152352.23517504227	1000.0	1291.791073434051	0.0	0	0.0	1644.0262484764098	1	0	1	0.948409401081318
153200.0	1000.0	1444.0262484762918	0.0	0	256.08658715037745	1644.0262484763807	1	0	1	1.6415565816412663
154200.0	1000.0	1444.0262484762657	0.0	0	221.64812033585622	1644.0262484763807	1	0	1	1.6415565816412663
155200.0	1000.0	1444.026248476292	0.0	0	380.78014733534656	1644.0262484763807	1	0	1	1.6415565816412663
156200.0	1000.0	1444.0262484763127	0.0	0	561.0926796345739	1644.0262484763807	1	0	1	1.6415565816412663
157200.0	1000.0	1444.026248476334	0.0	0	483.51250795350643	1644.0262484763807	1	0	1	1.6415565816412663
158200.0	1000.0	1444.0262484763616	0.0	0	620.8964917683625	1644.0262484763807	1	0	1	1.6415565816412663
159200.0	2000.0	1444.0262484763366	0.0	0	358.69486988920835	1644.0262484763516	1	0	1	1.9881301719212416
160200.0	2000.0	1444.0262484763591	0.0	0	521.6644711839617	1644.0262484763516	1	0	1	2.6812773524811866
161200.0	2000.0	1444.0262484763612	0.0	0	366.4518620763556	1644.0262484763516	1	0	1	2.6812773524811866
163167.3236885484	3000.0	476.7025599279678	0.0	0	0.0	1644.0262484763516	1	0	1	2.884009906535269
163939.97990482862	1000.0	704.0463436477736	0.0	0	0.0	1644.0262484763516	1	0	1	0.5429442929731593
164372.59733173109	1000.0	1271.4289167453046	0.0	0	0.0	1644.0262484763807	1	0	1	1.6415565816412663
165200.0	1000.0	1444.0262484763825	0.0	0	429.62888725000084	1644.0262484763516	1	0	1	1.6415565816412692
166200.0	1000.0	1444.026248476387	0.0	0	510.616350266122	1644.0262484763516	1	0	1	1.6415565816412692
167200.0	1000.0	1444.026248476388	0.0	0	707.3213002985285	1644.0262484763516	1	0	1	1.6415565816412692
168258.5431482536	2000.0	1385.4831002227766	0.0	0	207.88097631724668	1644.0262484763225	1	0	1	1.9881301719212447
169430.1680742197	2000.0	1213.8581742566735	0.0	0	0.0	1644.0262484763225	1	0	1	2.68127735248119
170659.14882881372	2000.0	984.8774196626422	0.0	0	0.0	1644.0262484763225	1	0	1	2.68127735248119
171619.48259592394	1000.0	1024.543652552382	0.0	0	0.0	1644.0262484763225	1	0	1	0.9484094010813268
172287.18382240535	1000.0	1356.8424260709573	0.0	0	0.0	1644.0262484763225	1	0	1	1.641556581641272
173200.0	1000.0	1444.0262484763095	0.0	0	307.0449431676534	1644.0262484763516	1	0	1	1.6415565816412692
174200.0	1000.0	1444.0262484763264	0.0	0	621.4448542673781	1644.0262484763516	1	0	1	1.6415565816412692
175200.0	1000.0	1444.0262484763418	0.0	0	649.8466580324457	1644.0262484763225	1	0	1	1.641556581641272
176200.0	1000.0	1444.0262484763612	0.0	0	660.2280582461681	1644.0262484763225	1	0	1	1.641556581641272
177200.0	2000.0	1444.0262484763396	0.0	0	153.81288943151594	1644.0262484763225	1	0	1	1.9881301719212447
178398.31781443112	3000.0	1245.708434045234	0.0	0	0.0	1644.0262484763225	1	0	1	2.8840099065352724
179200.0	2000.0	1444.0262484763498	0.0	0	95.52137300709728	1644.0262484763516	1	0	1	2.2758122443730238
181131.04837882664	3000.0	512.9778696497151	0.0	0	0.0	1644.0262484763516	1	0	1	2.884009906535269
181740.93389296462	1000.0	903.0923555117389	0.0	0	0.0	1644.0262484763516	1	0	1	0.5429442929731593
182375.63937296902	1000.0	1268.3868755073615	0.0	0	0.0	1644.0262484763807	1	0	1	1.6415565816412663
183475.22873303152	2000.0	1168.797515444824	0.0	0	0.0	1644.0262484763807	1	0	1	1.9881301719212388
184200.0	1000.0	1444.026248476339	0.0	0	304.79115617560456	1644.0262484763516	1	0	1	0.948409401081324
185200.0	1000.0	1444.026248476309	0.0	0	408.199593770667	1644.0262484763516	1	0	1	1.6415565816412692
186200.0	2000.0	1444.0262484763425	0.0	0	34.09492214847705	1644.0262484763807	1	0	1	1.9881301719212405
187200.0	2000.0	1444.0262484763725	0.0	0	394.89056108292425	1644.0262484763807	1	0	1	2.681277352481184
188200.0	2000.0	1444.0262484763866	0.0	0	313.93772678705864	1644.0262484764098	1	0	1	2.6812773524811813
190177.6314232102	3000.0	466.3948252662185	0.0	0	0.0	1644.0262484764098	1	0	1	2.8840099065352636
190708.3864861018	1000.0	935.6397623745725	0.0	0	0.0	1644.0262484764098	1	0	1	0.5429442929731535
191382.78111386125	2000.0	1261.24513461513	0.0	0	0.0	1644.026248476439	1	0	1	1.9881301719212332
192283.27088931564	2000.0	1360.7553591607161	0.0	0	0.0	1644.026248476439	1	0	1	2.681277352481178
193200.0	2000.0	1444.0262484763202	0.0	0	105.07425846153637	1644.0262484763807	1	0	1	2.681277352481182
194200.0	3000.0	1444.0262484763284	0.0	0	123.19529747171327	1644.0262484764098	1	0	1	2.8840099065352636
195200.0	2000.0	1444.0262484763282	0.0	0	333.4286852919031	1644.026248476439	1	0	1	2.2758122443730135
197140.24160005167	3000.0	503.7846484246759	0.0	0	0.0	1644.026248476439	1	0	1	2.884009906535261
197531.8241562647	1000.0	1112.202092211653	0.0	0	0.0	1644.0262484764098	1	0	1	0.5429442929731535
198579.6827669726	2000.0	1064.3434815037447	0.0	0	0.0	1644.0262484764098	1	0	1	1.9881301719212359
199719.24495499316	2000.0	924.7812934831633	0.0	0	0.0	1644.0262484764098	1	0	1	2.6812773524811813
200470.26179237923	1000.0	1173.764456097143	0.0	0	0.0	1644.0262484764098	1	0	1	0.9484094010813182
201200.0	1000.0	1444.0262484763534	0.0	0	291.89629892021185	1644.0262484763807	1	0	1	1.6415565816412663
202200.0	2000.0	1444.0262484763364	0.0	0	110.09309361554915	1644.0262484763807	1	0	1	1.9881301719212388
203200.0	2000.0	1444.0262484763161	0.0	0	466.9730702411325	1644.0262484763516	1	0	1	2.6812773524811866
204200.0	2000.0	1444.026248476325	0.0	0	409.64176940580364	1644.0262484763516	1	0	1	2.6812773524811866
205200.0	3000.0	1444.0262484763268	0.0	0	128.33230000850745	1644.0262484763516	1	0	1	2.884009906535269
206200.0	3000.0	1444.0262484763455	0.0	0	253.11254620584077	1644.0262484763225	1	0	1	3.289475014643437
207541.68722947454	3000.0	1102.3390190018206	0.0	0	0.0	1644.0262484763225	1	0	1	3.289475014643437
208388.50205454504	2000.0	1255.5241939313216	0.0	0	0.0	1644.0262484762934	1	0	1	2.2758122443730278
209200.0	2000.0	1444.0262484763325	0.0	0	107.86334015917964	1644.0262484762934	1	0	1	2.681277352481193
210200.0	2000.0	1444.0262484763016	0.0	0	43.799485443509184	1644.0262484762643	1	0	1	2.6812773524811937
211200.0	3000.0	1444.0262484762995	0.0	0	26.23747724769055	1644.0262484762643	1	0	1	2.884009906535278
212200.0	2000.0	1444.0262484763218	0.0	0	129.69543324603	1644.0262484762643	1	0	1	2.275812244373031
213200.0	2000.0	1444.0262484763211	0.0	0	169.6069190184062	1644.0262484762643	1	0	1	2.6812773524811955
214200.0	2000.0	1444.0262484762993	0.0	0	356.88894553572754	1644.0262484762643	1	0	1	2.6812773524811955
215200.0	2000.0	1444.0262484763068	0.0	0	223.60760867374483	1644.0262484762643	1	0	1	2.6812773524811955
216200.0	3000.0	1444.0262484762802	0.0	0	308.92123248125426	1644.0262484762643	1	0	1	2.884009906535278
217200.0	3000.0	1444.0262484762889	0.0	0	107.41625348367961	1644.0262484762352	1	0	1	3.2894750146434455
218200.0	2000.0	1444.0262484763175	0.0	0	236.7086822919082	1644.0262484762352	1	0	1	2.275812244373034
220008.2601793866	3000.0	635.7660690897196	0.0	0	0.0	1644.0262484762352	1	0	1	2.884009906535281
220441.93783693985	1000.0	1202.088411536448	0.0	0	0.0	1644.0262484762352	1	0	1	0.5429442929731709
221200.0	2000.0	1444.0262484763182	0.0	0	103.11335555804544	1644.0262484762352	1	0	1	1.9881301719212532
222535.67629109623	3000.0	1108.3499573801148	0.0	0	0.0	1644.0262484762352	1	0	1	2.884009906535281
223349.5827024026	2000.0	1294.4435460737384	0.0	0	0.0	1644.0262484762643	1	0	1	2.2758122443730313
224200.0	2000.0	1444.0262484763327	0.0	0	261.57453842036193	1644.0262484762643	1	0	1	2.6812773524811955
225665.2057623111	2000.0	978.8204861652441	0.0	0	0.0	1644.0262484762643	1	0	1	2.6812773524811955
226531.45155709426	1000.0	1112.5746913820597	0.0	0	0.0	1644.0262484762352	1	0	1	0.9484094010813356
227200.31455893393	1000.0	1443.711689542369	0.0	0	0.0	1644.026248476206	1	0	1	1.6415565816412836
228306.4362723369	2000.0	1337.5899761394146	0.0	0	0.0	1644.0262484762352	1	0	1	1.9881301719212545
229200.0	1000.0	1444.0262484763266	0.0	0	576.6150597078667	1644.026248476206	1	0	1	0.9484094010813384
230200.0	2000.0	1444.0262484763173	0.0	0	322.02347306147567	1644.026248476206	1	0	1	1.9881301719212565
231200.0	2000.0	1444.0262484762982	0.0	0	260.5839672765287	1644.026248476206	1	0	1	2.6812773524812017
232200.0	2000.0	1444.0262484762748	0.0	0	226.97495633224025	1644.026248476206	1	0	1	2.6812773524812017
233565.1247905699	2000.0	1078.9014579063476	0.0	0	0.0	1644.026248476206	1	0	1	2.6812773524812017
234766.71349774292	2000.0	877.3127507333171	0.0	0	0.0	1644.026248476206	1	0	1	2.6812773524812017
235243.8063468449	1000.0	1400.2199016313177	0.0	0	0.0	1644.026248476206	1	0	1	0.9484094010813384
236225.22023634682	2000.0	1418.8060121293931	0.0	0	0.0	1644.0262484762352	1	0	1	1.9881301719212532
237447.28174120435	2000.0	1196.7445072718679	0.0	0	0.0	1644.0262484762352	1	0	1	2.6812773524811986
238200.0	1000.0	1444.0262484762288	0.0	0	185.69740700913826	1644.0262484762643	1	0	1	0.9484094010813329
239656.00371271124	2000.0	988.0225357649764	0.0	0	0.0	1644.0262484762352	1	0	1	1.9881301719212525
240200.0	1000.0	1444.026248476244	0.0	0	47.0173275708803	1644.0262484762643	1	0	1	0.9484094010813329
241200.0	1000.0	1444.026248476234	0.0	0	583.2097527091682	1644.0262484762643	1	0	1	1.641556581641278
242200.0	1000.0	1444.0262484762284	0.0	0	578.781373696198	1644.0262484762352	1	0	1	1.641556581641281
243200.0	2000.0	1444.0262484762434	0.0	0	191.29457847218146	1644.0262484762352	1	0	1	1.9881301719212532
244200.0	2000.0	1444.026248476273	0.0	0	389.7460599829501	1644.0262484762643	1	0	1	2.6812773524811955
245246.00096563253	3000.0	1398.0252828437071	0.0	0	0.0	1644.0262484762352	1	0	1	2.884009906535281
247344.5784184506	3000.0	299.44783002564577	0.0	0	0.0	1644.0262484762643	1	0	1	3.2894750146434424
247596.32361977143	500.0	1047.7026287048202	0.0	0	0.0	1644.0262484762643	1	0	1	-1.1899236584266952
248332.21631498513	1000.0	1311.809933491134	0.0	0	0.0	1644.0262484762643	1	0	1	0.9484094010813326
249200.0	1000.0	1444.0262484762618	0.0	0	155.55730398010928	1644.0262484762643	1	0	1	1.641556581641278
250200.0	1000.0	1444.0262484762422	0.0	0	597.7275291606784	1644.0262484762643	1	0	1	1.641556581641278
251200.0	1000.0	1444.0262484762359	0.0	0	694.4575939265196	1644.0262484762643	1	0	1	1.641556581641278
252497.46978614575	2000.0	1146.55646233046	0.0	0	0.0	1644.0262484762643	1	0	1	1.9881301719212519
254118.94145825782	2000.0	525.0847902184273	0.0	0	0.0	1644.0262484762643	1	0	1	2.6812773524811933
254483.02543529434	500.0	1161.0008131818713	0.0	0	0.0	1644.0262484762643	1	0	1	-0.7844585503185306
255200.0	1000.0	1444.0262484762472	0.0	0	45.66682281694375	1644.0262484762643	1	0	1	0.9484094010813326
256200.0	2000.0	1444.0262484762247	0.0	0	143.16785891150357	1644.0262484762643	1	0	1	1.9881301719212505
257200.0	2000.0	1444.0262484762175	0.0	0	80.85794954496669	1644.0262484762352	1	0	1	2.6812773524811986
259159.8177060079	2000.0	484.20854246834017	0.0	0	0.0	1644.0262484762352	1	0	1	2.6812773524811986
259603.29834925118	500.0	1040.7278992250208	0.0	0	0.0	1644.026248476206	1	0	1	-0.7844585503185251
260278.6413332623	1000.0	1365.3849152138987	0.0	0	0.0	1644.026248476206	1	0	1	0.9484094010813382
261200.0	1000.0	1444.0262484761718	0.0	0	455.4876639829017	1644.0262484762352	1	0	1	1.641556581641281
262200.0	1000.0	1444.0262484761793	0.0	0	586.2989782995137	1644.0262484762352	1	0	1	1.641556581641281
263200.0	1000.0	1444.0262484761981	0.0	0	666.2849959984887	1644.0262484762352	1	0	1	1.6415565816412814
264200.0	2000.0	1444.0262484762573	0.0	0	104.39142704155529	1644.0262484762352	1	0	1	1.9881301719212532
265339.7443060413	2000.0	1304.2819424349177	0.0	0	0.0	1644.026248476177	1	0	1	2.6812773524812044
266200.0	2000.0	1444.0262484762272	0.0	0	5.243158733472228	1644.0262484762352	1	0	1	2.6812773524812012
267311.83435269544	3000.0	1332.1918957807482	0.0	0	0.0	1644.026248476177	1	0	1	2.8840099065352867
268200.0	2000.0	1444.0262484761336	0.0	0	209.90112305630464	1644.026248476177	1	0	1	2.2758122443730397
269382.642947559	2000.0	1261.3833009171456	0.0	0	0.0	1644.026248476177	1	0	1	2.6812773524812044
270200.0	2000.0	1444.0262484760885	0.0	0	120.51686734938994	1644.026248476177	1	0	1	2.6812773524812044
271200.0	3000.0	1444.026248476137	0.0	0	229.0530346997548	1644.026248476177	1	0	1	2.8840099065352867
272200.0	3000.0	1444.026248476046	0.0	0	129.00772633898305	1644.026248476177	1	0	1	3.2894750146434513
273396.80498421885	2000.0	1247.2212642571928	0.0	0	0.0	1644.026248476177	1	0	1	2.2758122443730397
274285.7200209119	2000.0	1358.30622756413	0.0	0	0.0	1644.026248476177	1	0	1	2.6812773524812044
275200.0	2000.0	1444.0262484760365	0.0	0	41.51951170200482	1644.0262484762352	1	0	1	2.681277352481202
276297.65180099703	3000.0	1346.374447478992	0.0	0	0.0	1644.0262484762352	1	0	1	2.8840099065352836
277471.57557906245	2000.0	1172.4506694135544	0.0	0	0.0	1644.0262484762352	1	0	1	2.275812244373034
278200.0	1000.0	1444.026248476072	0.0	0	261.2766104589682	1644.0262484762352	1	0	1	0.9484094010813356
279591.45040011016	2000.0	1052.575848365906	0.0	0	0.0	1644.026248476177	1	0	1	1.9881301719212594
280200.0	1000.0	1444.026248476058	0.0	0	137.2877730036853	1644.026248476177	1	0	1	0.9484094010813415
281200.0	1000.0	1444.0262484760506	0.0	0	500.6805403920007	1644.0262484761188	1	0	1	1.6415565816412925
282200.0	1000.0	1444.0262484760492	0.0	0	652.781099655549	1644.0262484761188	1	0	1	1.6415565816412925
283200.0	2000.0	1444.026248476027	0.0	0	214.0660561734112	1644.026248476177	1	0	1	1.9881301719212594
284200.0	2000.0	1444.0262484760192	0.0	0	373.8505024650949	1644.026248476177	1	0	1	2.6812773524812044
285648.3566755564	3000.0	995.6695729196169	0.0	0	0.0	1644.0262484761188	1	0	1	2.8840099065352924
286278.9732515832	2000.0	1365.0529968927874	0.0	0	0.0	1644.0262484761188	1	0	1	2.2758122443730455
287747.44261820806	2000.0	896.5836302679113	0.0	0	0.0	1644.0262484760606	1	0	1	2.6812773524812163
288564.7311041077	1000.0	1079.2951443681886	0.0	0	0.0	1644.0262484761188	1	0	1	0.9484094010813473
289382.4467676928	1000.0	1261.5794807830919	0.0	0	0.0	1644.0262484761188	1	0	1	1.6415565816412925
290200.0	1000.0	1444.0262484758305	0.0	0	181.7680395352072	1644.0262484761188	1	0	1	1.6415565816412925
291200.0	1000.0	1444.026248475868	0.0	0	308.6264132190263	1644.0262484761188	1	0	1	1.6415565816412925
292200.0	1000.0	1444.0262484759076	0.0	0	434.08063463203143	1644.026248476177	1	0	1	1.6415565816412867
293200.0	1000.0	1444.0262484759182	0.0	0	120.54277177527547	1644.026248476177	1	0	1	1.6415565816412867
294200.0	2000.0	1444.0262484759432	0.0	0	0.8043708284385502	1644.026248476177	1	0	1	1.9881301719212594
295200.0	1000.0	1444.0262484759749	0.0	0	513.1504345893045	1644.026248476177	1	0	1	0.9484094010813415
296200.0	2000.0	1444.0262484759714	0.0	0	348.7156185178901	1644.0262484762352	1	0	1	1.9881301719212532
297200.0	2000.0	1444.0262484759724	0.0	0	217.1415313462494	1644.0262484762352	1	0	1	2.6812773524811986
298200.0	3000.0	1444.0262484760146	0.0	0	61.2562541103689	1644.0262484762352	1	0	1	2.884009906535281
299966.5789538892	2000.0	677.4472945868359	0.0	0	0.0	1644.0262484762352	1	0	1	2.275812244373034
300682.7214172394	1000.0	961.3048312366577	0.0	0	0.0	1644.0262484762352	1	0	1	0.9484094010813356
301481.52315242344	1000.0	1162.503096052602	0.0	0	0.0	1644.026248476177	1	0	1	1.6415565816412867
302247.3886786414	1000.0	1396.637569834592	0.0	0	0.0	1644.026248476177	1	0	1	1.641556581641288
303200.0	1000.0	1444.0262484760146	0.0	0	352.21095127187436	1644.026248476177	1	0	1	1.6415565816412867
304200.0	1000.0	1444.0262484759714	0.0	0	381.58082290604943	1644.026248476177	1	0	1	1.6415565816412867
305200.0	1000.0	1444.0262484760012	0.0	0	276.1205519612995	1644.026248476177	1	0	1	1.6415565816412867
306200.0	2000.0	1444.0262484760349	0.0	0	239.7147676239838	1644.026248476177	1	0	1	1.9881301719212594
307200.0	1000.0	1444.0262484759644	0.0	0	622.9823680350673	1644.026248476177	1	0	1	0.9484094010813415
308200.0	2000.0	1444.0262484760055	0.0	0	160.53393166401656	1644.0262484762352	1	0	1	1.9881301719212532
309200.0	2000.0	1444.0262484759753	0.0	0	392.7899075283203	1644.0262484762352	1	0	1	2.6812773524811986
310200.0	2000.0	1444.0262484759673	0.0	0	290.4632465825998	1644.026248476177	1	0	1	2.6812773524812044
3.37	3.42	1.99	1.3	1.48	1.97	2.56	3.29	3.13	1.09	1.49	1.32	1.1	1.74	2.41	2.94	2.93	3.29	3.3	3.32	2.05	1.81	1.63	2.11	1.96	1.95	2.71	3.36	3.88	2.65	1.67	2.22	2.77	3.01	2.88	3.3	1.83	2.11	2.62	2.37	1.38	1.8	2.51	3.01	3.6	4.29	3.95	2.09	2.35	2.17	2.41	2.77	1.88	2.0	2.49	3.32	3.72	3.13	2.36	2.46	2.03	2.54	2.48	3.13	3.01	1.82	1.09	1.6	2.09	2.81	3.32	3.86	2.22	1.59	2.0	2.36	2.56	1.59	1.59	1.63	1.95	2.02	2.75	2.93	2.97	3.29	1.74	1.31	1.63	1.89	2.34	2.9	2.63	1.24	1.55	1.76	2.41	2.66	1.41	0.97	1.61	2.14	2.77	2.77	2.21	2.1	2.22	2.83	2.48	2.02	2.59	3.15	3.93	2.24	1.61	2.22	2.04	2.09	1.78	1.56	1.62	2.35	2.63	3.45	3.28	1.7	2.54	2.56	1.25	1.38	1.27	1.92	2.14	1.53	1.99	2.61	3.2	3.2	2.73	1.56	1.23	1.47	1.24	1.69	1.73	1.88	2.4	2.95	3.37	2.97	3.37	3.42	1.99	1.3	1.48	1.97	2.56	3.29	3.13	1.09	1.49	1.32	1.1	1.74	2.41	2.94	2.93	3.29	3.3	3.32	2.05	1.81	1.63	2.11	1.96	1.95	2.71	3.36	3.88	2.65	1.67	2.22	2.77	3.01	2.88	3.3	1.83	2.11	2.62	2.37	1.38	1.8	2.51	3.01	3.6	4.29	3.95	2.09	2.35	2.17	2.41	2.77	1.88	2.0	2.49	3.32	3.72	3.13	2.36	2.46	2.03	2.54	2.48	3.13	3.01	1.82	1.09	1.6	2.09	2.81	3.32	3.86	2.22	1.59	2.0	2.36	2.56	1.59	1.59	1.63	1.95	2.02	2.75	2.93	2.97	3.29	1.74	1.31	1.63	1.89	2.34	2.9	2.63	1.24	1.55	1.76	2.41	2.66	1.41	0.97	1.61	2.14	2.77	2.77	2.21	2.1	2.22	2.83	2.48	2.02	2.59	3.15	3.93	2.24	1.61	2.22	2.04	2.09	1.78	1.56	1.62	2.35	2.63	3.45	3.28	1.7	2.54	2.56	1.25	1.38	1.27	1.92	2.14	1.53	1.99	2.61	3.2	3.2	2.73	1.56	1.23	1.47	1.24	1.69	1.73	1.88	2.4	2.95	3.37	2.97	3.37	3.42	1.99	1.3	1.48	1.97	2.56	3.29	3.13	1.09	1.49	1.32
1.0	2.0	3.0	4.0	5.0	6.0	7.0	8.0	9.0	10.0	11.0	12.0	13.0	14.0	15.0	16.0	17.0	18.0	19.0	20.0	21.0	22.0	23.0	24.0	25.0	26.0	27.0	28.0	29.0	30.0	31.0	32.0	33.0	34.0	35.0	36.0	37.0	38.0	39.0	40.0	41.0	42.0	43.0	44.0	45.0	46.0	47.0	48.0	49.0	50.0	51.0	52.0	53.0	54.0	55.0	56.0	57.0	58.0	59.0	60.0	61.0	62.0	63.0	64.0	65.0	66.0	67.0	68.0	69.0	70.0	71.0	72.0	73.0	74.0	75.0	76.0	77.0	78.0	79.0	80.0	81.0	82.0	83.0	84.0	85.0	86.0	87.0	88.0	89.0	90.0	91.0	92.0	93.0	94.0	95.0	96.0	97.0	98.0	99.0	100.0	101.0	102.0	103.0	104.0	105.0	106.0	107.0	108.0	109.0	110.0	111.0	112.0	113.0	114.0	115.0	116.0	117.0	118.0	119.0	120.0	121.0	122.0	123.0	124.0	125.0	126.0	127.0	128.0	129.0	130.0	131.0	132.0	133.0	134.0	135.0	136.0	137.0	138.0	139.0	140.0	141.0	142.0	143.0	144.0	145.0	146.0	147.0	148.0	149.0	149.0	150.0	151.0	152.0	153.0	154.0	155.0	156.0	157.0	158.0	159.0	160.0	161.0	162.0	163.0	164.0	165.0	166.0	167.0	168.0	169.0	170.0	171.0	172.0	173.0	174.0	175.0	176.0	177.0	178.0	179.0	180.0	181.0	182.0	183.0	184.0	185.0	186.0	187.0	188.0	189.0	190.0	191.0	192.0	193.0	194.0	195.0	196.0	197.0	198.0	199.0	200.0	201.0	202.0	203.0	204.0	205.0	206.0	207.0	208.0	209.0	210.0	211.0	212.0	213.0	214.0	215.0	216.0	217.0	218.0	219.0	220.0	221.0	222.0	223.0	224.0	225.0	226.0	227.0	228.0	229.0	230.0	231.0	232.0	233.0	234.0	235.0	236.0	237.0	238.0	239.0	240.0	241.0	242.0	243.0	244.0	245.0	246.0	247.0	248.0	249.0	250.0	251.0	252.0	253.0	254.0	255.0	256.0	257.0	258.0	259.0	260.0	261.0	262.0	263.0	264.0	265.0	266.0	267.0	268.0	269.0	270.0	271.0	272.0	273.0	274.0	275.0	276.0	277.0	278.0	279.0	280.0	281.0	282.0	283.0	284.0	285.0	286.0	287.0	288.0	289.0	290.0	291.0	292.0	293.0	294.0	295.0	296.0	297.0	298.0	298.0	299.0	300.0	301.0	302.0	303.0	304.0	305.0	306.0	307.0	308.0	309.0	310.0
2474.570678688548
