3137.473807550801	300.0	2000.0	163.4341963965425	0	0.0	3137.473807550801	1	0	1	-1.2906193588053325
5276.367370572491	2000.0	753.4958923702598	0.0	0	0.0	1029.863262942752	1	0	2	0.44305094148415713
6200.0	1000.0	2922.226525885502	0.0	0	412.1594154294489	3122.2265258855027	1	0	0	0.40431503144187747
9221.9276833972	3000.0	798.1060741485795	0.0	0	0.0	1020.0337575457797	1	0	2	1.6503281422756015
10200.0	1000.0	2917.8409892060604	0.0	0	365.8536179322782	3117.84098920606	1	0	0	-0.0006131892460968236
14916.510942998233	3000.0	200.0	1154.8373164472719	0	0.0	2116.510942998233	1	0	2	-5.354414131431307
15140.595126527414	300.0	953.5073981178986	0.0	0	0.0	2094.102524645312	1	0	2	-2.7124514127878396
15939.609837723778	1000.0	1074.591215801896	0.0	0	0.0	2014.2010535256704	1	0	2	0.19855889158205248
16580.17084796262	1000.0	1369.974104539169	0.0	0	0.0	1950.1449525017888	1	0	2	1.4092327110278215
17429.586257341834	1000.0	1435.6171542220338	0.0	0	0.0	1865.203411563869	1	0	2	1.4171259935357454
18200.0	1000.0	1588.162037298055	0.0	0	86.84032119278345	1788.1620372980542	1	0	2	1.4251099347096776
19200.0	1000.0	1488.1620372980544	0.0	0	283.48720287599645	1688.1620372980542	1	0	2	1.4336094825838228
20200.0	1000.0	1488.1620372980524	0.0	0	577.9612962824795	1688.1620372980542	1	0	1	1.4371430027590986
21200.0	1000.0	1488.162037298055	0.0	0	543.29425500246	1688.1620372980542	1	0	1	1.6371430027590987
22200.0	1000.0	1488.1620372980547	0.0	0	669.9523904100752	1688.1620372980578	1	0	1	1.6371430027590985
23200.0	2000.0	1488.162037298054	0.0	0	374.076552266848	1688.1620372980578	1	0	1	1.9837165930390712
24598.23659764459	3000.0	1089.9254396534611	0.0	0	0.0	1688.1620372980578	1	0	1	2.8795963276530987
25711.136997439426	2000.0	977.025039858628	0.0	0	0.0	1688.1620372980578	1	0	1	2.271398665490852
26423.985071841314	2000.0	1264.1769654567388	0.0	0	0.0	1688.1620372980578	1	0	1	2.6768637735990164
27200.0	2000.0	1488.1620372980556	0.0	0	48.43367400443822	1688.1620372980578	1	0	1	2.6768637735990164
28200.0	3000.0	1488.1620372980549	0.0	0	50.06395625159712	1688.1620372980578	1	0	1	2.8795963276530987
29200.0	3000.0	1488.1620372980549	0.0	0	355.0291731376783	1688.1620372980615	1	0	1	3.285061435761263
30312.84609146747	3000.0	1375.3159458305838	0.0	0	0.0	1688.1620372980578	1	0	1	3.2850614357612633
31827.99025009699	3000.0	860.1717872010635	0.0	0	0.0	1688.1620372980615	1	0	1	3.285061435761263
33150.29485400683	2000.0	537.8671832912225	0.0	0	0.0	1688.1620372980615	1	0	1	2.2713986654908513
34037.98406235298	1000.0	650.1779749450781	0.0	0	0.0	1688.1620372980688	1	0	1	0.9439958221991525
34996.70247803243	1000.0	691.459559265636	0.0	0	0.0	1688.1620372980688	1	0	1	1.6371430027590974
35411.44787273668	500.0	1276.7141645613917	0.0	0	0.0	1688.1620372980688	1	0	1	-0.09572494864076608
36218.68535323434	1000.0	1469.476684063726	0.0	0	0.0	1688.1620372980688	1	0	1	0.943995822199152
37200.0	1000.0	1488.1620372980692	0.0	0	218.2002886384871	1688.1620372980688	1	0	1	1.6371430027590974
38200.0	1000.0	1488.1620372980765	0.0	0	375.66623393219925	1688.162037298076	1	0	1	1.637143002759097
39200.0	1000.0	1488.162037298071	0.0	0	384.72592138712207	1688.1620372980688	1	0	1	1.6371430027590974
40200.0	2000.0	1488.1620372980788	0.0	0	73.20521859468136	1688.1620372980688	1	0	1	1.98371659303907
41200.0	1000.0	1488.1620372980858	0.0	0	400.67072881066997	1688.1620372980688	1	0	1	0.9439958221991522
42200.0	1000.0	1488.162037298082	0.0	0	401.233744141864	1688.1620372980688	1	0	1	1.6371430027590974
43895.87023285188	2000.0	792.2918044461919	0.0	0	0.0	1688.1620372980615	1	0	1	1.9837165930390706
44466.95007573594	1000.0	1221.2119615621364	0.0	0	0.0	1688.1620372980688	1	0	1	0.9439958221991522
45200.0	1000.0	1488.162037298079	0.0	0	321.7716085747743	1688.1620372980688	1	0	1	1.6371430027590974
46200.0	1000.0	1488.1620372980665	0.0	0	578.2785883715187	1688.1620372980688	1	0	1	1.6371430027590974
47200.0	2000.0	1488.162037298061	0.0	0	252.70741217003524	1688.1620372980688	1	0	1	1.98371659303907
48200.0	2000.0	1488.1620372980624	0.0	0	252.23239268095494	1688.1620372980688	1	0	1	2.676863773599015
49200.0	3000.0	1488.1620372980628	0.0	0	30.68346815906989	1688.1620372980688	1	0	1	2.879596327653098
50200.0	3000.0	1488.162037298056	0.0	0	121.96996686499187	1688.1620372980615	1	0	1	3.285061435761263
52043.060431447404	3000.0	645.1016058506516	0.0	0	0.0	1688.1620372980615	1	0	1	3.285061435761263
52690.899188621705	1000.0	997.2628486763538	0.0	0	0.0	1688.1620372980615	1	0	1	0.5385307140909884
54072.34473729226	2000.0	615.8173000058009	0.0	0	0.0	1688.1620372980615	1	0	1	1.9837165930390706
54668.40199281984	1000.0	1019.7600444782197	0.0	0	0.0	1688.1620372980615	1	0	1	0.9439958221991531
55200.0	1000.0	1488.1620372980606	0.0	0	113.53736167993338	1688.1620372980542	1	0	1	1.6371430027590987
56200.0	2000.0	1488.1620372980528	0.0	0	287.89640931840404	1688.162037298047	1	0	1	1.9837165930390723
57200.0	2000.0	1488.1620372980497	0.0	0	249.64774669220787	1688.162037298047	1	0	1	2.6768637735990177
58200.0	3000.0	1488.16203729805	0.0	0	212.66796281978895	1688.162037298047	1	0	1	2.8795963276531
59326.318787649805	3000.0	1361.8432496482403	0.0	0	0.0	1688.162037298047	1	0	1	3.2850614357612646
61394.31284138216	3000.0	293.8491959158835	0.0	0	0.0	1688.162037298047	1	0	1	3.2850614357612646
61726.806281169294	500.0	961.3557561287416	0.0	0	0.0	1688.1620372980396	1	0	1	-1.1943372373088728
63315.88346097962	2000.0	372.27857631842676	0.0	0	0.0	1688.1620372980396	1	0	1	1.2905694124791274
63664.49513960753	500.0	1023.6668976905106	0.0	0	0.0	1688.1620372980396	1	0	1	-0.7888721292007081
64347.53444588742	1000.0	1340.6275914106125	0.0	0	0.0	1688.1620372980396	1	0	1	0.9439958221991549
65200.0	1000.0	1488.1620372980256	0.0	0	204.93209831964487	1688.162037298047	1	0	1	1.6371430027590996
66200.0	1000.0	1488.1620372980274	0.0	0	525.3902920699329	1688.1620372980542	1	0	1	1.6371430027590987
67200.0	1000.0	1488.1620372980217	0.0	0	592.883023817325	1688.162037298047	1	0	1	1.6371430027591
68200.0	2000.0	1488.1620372980276	0.0	0	108.18143764631532	1688.1620372980396	1	0	1	1.9837165930390728
69200.0	1000.0	1488.1620372980376	0.0	0	633.3262129621871	1688.1620372980396	1	0	1	0.9439958221991551
70200.0	2000.0	1488.1620372980467	0.0	0	293.01317114675476	1688.1620372980396	1	0	1	1.9837165930390728
71933.24289567211	3000.0	754.9191416259171	0.0	0	0.0	1688.1620372980542	1	0	1	2.8795963276530996
72734.7673744473	1000.0	953.3946628507322	0.0	0	0.0	1688.1620372980542	1	0	1	0.5385307140909891
73478.86845525027	1000.0	1209.2935820477492	0.0	0	0.0	1688.1620372980542	1	0	1	1.6371430027590987
74200.0	1000.0	1488.1620372980128	0.0	0	243.76790284160234	1688.1620372980542	1	0	1	1.6371430027590987
75200.0	1000.0	1488.1620372980026	0.0	0	439.3825440166256	1688.1620372980396	1	0	1	1.6371430027591003
76200.0	1000.0	1488.1620372979803	0.0	0	482.01568697764014	1688.1620372980396	1	0	1	1.6371430027591003
77255.24963146893	2000.0	1432.9124058290463	0.0	0	0.0	1688.1620372980396	1	0	1	1.9837165930390728
78212.49793667729	2000.0	1475.6641006206896	0.0	0	0.0	1688.162037298025	1	0	1	2.6768637735990195
79200.0	2000.0	1488.1620372979728	0.0	0	156.15510222208104	1688.1620372980105	1	0	1	2.676863773599021
80269.1956226351	2000.0	1418.9664146628907	0.0	0	0.0	1688.1620372980105	1	0	1	2.676863773599021
81390.26515818892	2000.0	1297.8968791090813	0.0	0	0.0	1688.1620372980105	1	0	1	2.676863773599021
82200.0	2000.0	1488.1620372980067	0.0	0	36.41785872890614	1688.1620372980105	1	0	1	2.676863773599021
83200.0	2000.0	1488.1620372980008	0.0	0	288.00235511104984	1688.1620372980105	1	0	1	2.676863773599021
84843.50746842136	3000.0	844.6545688766369	0.0	0	0.0	1688.1620372980105	1	0	1	2.879596327653103
85263.22078429785	1000.0	1424.941253000146	0.0	0	0.0	1688.1620372980105	1	0	1	0.5385307140909934
86200.0	2000.0	1488.1620372980015	0.0	0	190.71121738330112	1688.1620372980105	1	0	1	1.9837165930390757
87238.86817050829	2000.0	1449.2938667897215	0.0	0	0.0	1688.1620372980105	1	0	1	2.676863773599021
88200.0	2000.0	1488.162037297997	0.0	0	195.561352318211	1688.162037297996	1	0	1	2.6768637735990226
89200.0	2000.0	1488.162037298008	0.0	0	209.43999527563574	1688.1620372979814	1	0	1	2.676863773599024
90200.0	3000.0	1488.1620372980149	0.0	0	166.41946867232036	1688.1620372979814	1	0	1	2.8795963276531067
92176.1873200905	3000.0	511.9747172075133	0.0	0	0.0	1688.1620372979814	1	0	1	3.2850614357612713
92831.31962976264	1000.0	856.8424075353814	0.0	0	0.0	1688.1620372979814	1	0	1	0.5385307140909963
93219.9873380316	1000.0	1468.1746992664157	0.0	0	0.0	1688.1620372979814	1	0	1	1.637143002759106
94200.0	2000.0	1488.1620372980067	0.0	0	69.28336786797445	1688.1620372979814	1	0	1	1.983716593039079
95281.71327778522	2000.0	1406.4487595127891	0.0	0	0.0	1688.1620372979814	1	0	1	2.676863773599024
96723.15786857452	2000.0	965.0041687235032	0.0	0	0.0	1688.1620372979814	1	0	1	2.676863773599024
97443.61735495318	1000.0	1244.544682344833	0.0	0	0.0	1688.1620372979814	1	0	1	0.9439958221991609
98216.67322280708	1000.0	1471.4888144909203	0.0	0	0.0	1688.162037297967	1	0	1	1.6371430027591076
99200.0	1000.0	1488.1620372979962	0.0	0	411.5656950095872	1688.162037297967	1	0	1	1.6371430027591076
100200.0	1000.0	1488.1620372979933	0.0	0	391.6098944910045	1688.1620372979814	1	0	1	1.637143002759106
101200.0	1000.0	1488.162037297998	0.0	0	390.4149166455027	1688.1620372979814	1	0	1	1.637143002759106
102200.0	1000.0	1488.1620372980142	0.0	0	638.5470144454157	1688.162037297996	1	0	1	1.6371430027591047
103200.0	2000.0	1488.1620372980246	0.0	0	20.066053045375156	1688.162037297996	1	0	1	1.9837165930390772
104200.0	2000.0	1488.1620372980262	0.0	0	107.62822417292045	1688.1620372980105	1	0	1	2.676863773599021
105241.7406467539	3000.0	1446.4213905441325	0.0	0	0.0	1688.1620372980105	1	0	1	2.879596327653103
106200.0	2000.0	1488.1620372980121	0.0	0	189.16266206587898	1688.1620372980105	1	0	1	2.2713986654908562
107558.36329504538	3000.0	1129.7987422526617	0.0	0	0.0	1688.162037298025	1	0	1	2.8795963276531023
108451.45612158503	2000.0	1236.7059157130248	0.0	0	0.0	1688.162037298025	1	0	1	2.271398665490855
109200.0	2000.0	1488.1620372980458	0.0	0	12.557677496341057	1688.162037298025	1	0	1	2.6768637735990195
110200.0	3000.0	1488.1620372980535	0.0	0	176.27102826480404	1688.162037298025	1	0	1	2.8795963276531023
111301.0399118948	3000.0	1387.1221254032562	0.0	0	0.0	1688.162037298025	1	0	1	3.285061435761267
113062.04838107183	3000.0	626.1136562262379	0.0	0	0.0	1688.162037298025	1	0	1	3.285061435761267
113798.1825993456	1000.0	889.979437952484	0.0	0	0.0	1688.1620372980396	1	0	1	0.5385307140909904
114236.05608649208	1000.0	1452.105950806002	0.0	0	0.0	1688.1620372980396	1	0	1	1.6371430027591003
115200.0	2000.0	1488.1620372980667	0.0	0	235.04208116864902	1688.1620372980396	1	0	1	1.9837165930390728
116456.7014938131	2000.0	1231.4605434849727	0.0	0	0.0	1688.1620372980396	1	0	1	2.676863773599018
117200.0	1000.0	1488.162037298056	0.0	0	249.02229026251007	1688.1620372980396	1	0	1	0.9439958221991551
118200.0	2000.0	1488.1620372980515	0.0	0	319.3392024562345	1688.1620372980396	1	0	1	1.9837165930390728
119200.0	2000.0	1488.1620372980597	0.0	0	362.7142847338546	1688.1620372980396	1	0	1	2.676863773599018
120655.49938348364	2000.0	1032.6626538144392	0.0	0	0.0	1688.1620372980542	1	0	1	2.6768637735990177
121200.0	1000.0	1488.1620372980606	0.0	0	12.171354412916116	1688.1620372980396	1	0	1	0.9439958221991551
122321.41894240501	2000.0	1366.7430948930416	0.0	0	0.0	1688.1620372980396	1	0	1	1.9837165930390728
123616.3458062232	1000.0	1071.8162310748621	0.0	0	0.0	1688.1620372980396	1	0	1	0.9439958221991551
124405.52567125256	1000.0	1282.636366045504	0.0	0	0.0	1688.1620372980396	1	0	1	1.6371430027591003
125200.0	1000.0	1488.162037298086	0.0	0	237.6498417018738	1688.1620372980396	1	0	1	1.6371430027591003
126200.0	1000.0	1488.16203729807	0.0	0	136.3833181814989	1688.1620372980396	1	0	1	1.6371430027591003
127200.0	1000.0	1488.1620372980824	0.0	0	246.87812903050508	1688.1620372980396	1	0	1	1.6371430027591003
128200.0	1000.0	1488.1620372980858	0.0	0	393.33621431571373	1688.1620372980396	1	0	1	1.6371430027591003
129200.0	2000.0	1488.1620372980833	0.0	0	67.3738934333378	1688.1620372980542	1	0	1	1.9837165930390714
130200.0	1000.0	1488.1620372980788	0.0	0	405.97355431402684	1688.1620372980542	1	0	1	0.9439958221991537
132059.33873910212	2000.0	628.8232981959501	0.0	0	0.0	1688.1620372980688	1	0	1	1.98371659303907
132491.0911579422	500.0	1197.0708793558706	0.0	0	0.0	1688.1620372980542	1	0	1	-0.7888721292007118
133275.39719777767	1000.0	1412.764839520409	0.0	0	0.0	1688.1620372980833	1	0	1	0.9439958221991507
134200.0	1000.0	1488.162037298087	0.0	0	259.9949748578656	1688.1620372981124	1	0	1	1.637143002759093
135200.0	1000.0	1488.1620372980392	0.0	0	574.698777646845	1688.1620372981124	1	0	1	1.637143002759093
136200.0	2000.0	1488.1620372980242	0.0	0	224.99531412366196	1688.1620372981124	1	0	1	1.9837165930390657
137200.0	2000.0	1488.1620372980185	0.0	0	413.18231244341587	1688.1620372980833	1	0	1	2.6768637735990137
138200.0	3000.0	1488.1620372980055	0.0	0	344.88873815658735	1688.1620372980833	1	0	1	2.879596327653098
139200.0	3000.0	1488.162037297987	0.0	0	598.0436394118587	1688.1620372980833	1	0	1	3.2850614357612606
140200.0	3000.0	1488.162037297977	0.0	0	438.6774814625969	1688.1620372980833	1	0	1	3.2850614357612606
141200.0	3000.0	1488.1620372979692	0.0	0	335.2175028731581	1688.1620372980833	1	0	1	3.2850614357612606
142300.1926820138	3000.0	1387.9693552841536	0.0	0	0.0	1688.1620372980833	1	0	1	3.2850614357612606
143200.0	3000.0	1488.1620372979703	0.0	0	150.65163587089046	1688.1620372981124	1	0	1	3.285061435761258
144772.42885225412	3000.0	915.7331850438494	0.0	0	0.0	1688.1620372981124	1	0	1	3.285061435761258
145335.92837303667	2000.0	1352.2336642613236	0.0	0	0.0	1688.1620372981124	1	0	1	2.271398665490846
146200.0	3000.0	1488.162037297985	0.0	0	24.470509369013598	1688.1620372981124	1	0	1	2.8795963276530934
147298.32384723893	3000.0	1389.838190059047	0.0	0	0.0	1688.1620372981124	1	0	1	3.285061435761258
148200.0	3000.0	1488.162037297977	0.0	0	115.68134011194343	1688.1620372980833	1	0	1	3.2850614357612606
149200.0	3000.0	1488.1620372979505	0.0	0	14.651441424182849	1688.1620372980833	1	0	1	3.2850614357612606
150475.84410139444	3000.0	1212.3179359035262	0.0	0	0.0	1688.1620372980833	1	0	1	3.2850614357612606
151379.7019741114	3000.0	1308.4600631865617	0.0	0	0.0	1688.1620372980833	1	0	1	3.2850614357612606
152470.7222743682	3000.0	1217.4397629297612	0.0	0	0.0	1688.1620372980833	1	0	1	3.2850614357612606
153200.0	3000.0	1488.1620372979683	0.0	0	120.09731349631329	1688.1620372980833	1	0	1	3.2850614357612606
154200.0	3000.0	1488.1620372979198	0.0	0	111.51437694494962	1688.1620372980542	1	0	1	3.285061435761264
155200.0	3000.0	1488.1620372979396	0.0	0	492.9538713678776	1688.1620372980542	1	0	1	3.285061435761264
156200.0	3000.0	1488.16203729794	0.0	0	202.91101018007612	1688.162037298025	1	0	1	3.285061435761267
157200.0	3000.0	1488.1620372979648	0.0	0	333.6711654230312	1688.1620372980542	1	0	1	3.285061435761264
158200.0	3000.0	1488.1620372979658	0.0	0	20.010548930586083	1688.1620372980542	1	0	1	3.285061435761264
159672.6994901699	3000.0	1015.462547128042	0.0	0	0.0	1688.162037298025	1	0	1	3.285061435761265
160334.2526900618	2000.0	1353.9093472361608	0.0	0	0.0	1688.1620372980542	1	0	1	2.2713986654908522
161384.50768005126	2000.0	1303.654357246677	0.0	0	0.0	1688.162037297996	1	0	1	2.676863773599022
162604.30460860013	2000.0	1083.8574286977962	0.0	0	0.0	1688.162037297996	1	0	1	2.6768637735990226
163370.14932242542	1000.0	1318.0127148724773	0.0	0	0.0	1688.162037297996	1	0	1	0.9439958221991596
164200.0	1000.0	1488.1620372979005	0.0	0	203.17449631702038	1688.162037297996	1	0	1	1.6371430027591047
165447.67615167346	2000.0	1240.485885624434	0.0	0	0.0	1688.162037298025	1	0	1	1.9837165930390745
166201.52756995463	1000.0	1486.6344673432623	0.0	0	0.0	1688.162037297996	1	0	1	0.9439958221991585
167200.0	1000.0	1488.1620372978975	0.0	0	210.12132273244788	1688.162037297996	1	0	1	1.6371430027591047
168200.0	1000.0	1488.1620372979019	0.0	0	539.7353422118176	1688.162037297996	1	0	1	1.6371430027591047
169200.0	1000.0	1488.1620372978994	0.0	0	657.5561444262567	1688.162037297996	1	0	1	1.6371430027591047
170200.0	2000.0	1488.1620372979003	0.0	0	148.52296403091168	1688.162037297996	1	0	1	1.9837165930390772
171200.0	1000.0	1488.1620372978837	0.0	0	635.1637313826941	1688.162037297967	1	0	1	0.9439958221991626
172200.0	2000.0	1488.1620372978714	0.0	0	498.990502708999	1688.1620372979378	1	0	1	1.9837165930390834
173433.27874662032	3000.0	1254.8832906775556	0.0	0	0.0	1688.1620372979378	1	0	1	2.879596327653111
174535.2186856682	2000.0	1152.943351629648	0.0	0	0.0	1688.1620372979378	1	0	1	2.2713986654908638
175424.6634733552	2000.0	1263.4985639426461	0.0	0	0.0	1688.1620372979378	1	0	1	2.6768637735990284
176200.0	2000.0	1488.1620372978362	0.0	0	283.07100631747744	1688.1620372979378	1	0	1	2.6768637735990284
177200.0	3000.0	1488.1620372978455	0.0	0	99.5393622443371	1688.1620372979378	1	0	1	2.879596327653111
178200.0	3000.0	1488.1620372978177	0.0	0	234.69984944630414	1688.1620372979087	1	0	1	3.2850614357612766
179200.0	3000.0	1488.162037297816	0.0	0	310.01036383598694	1688.1620372978796	1	0	1	3.2850614357612793
180933.39473284569	3000.0	754.7673044521183	0.0	0	0.0	1688.1620372978796	1	0	1	3.285061435761281
182458.71779949684	2000.0	229.44423780096048	0.0	0	0.0	1688.1620372978796	1	0	1	2.2713986654908696
182760.22309111076	300.0	927.9389461870535	0.0	0	0.0	1688.1620372978796	1	0	1	-2.0659361886156695
183530.25404897815	1000.0	1157.9079883196546	0.0	0	0.0	1688.1620372978796	1	0	1	0.4331701984331801
184365.64430849854	1000.0	1322.517728799285	0.0	0	0.0	1688.1620372978796	1	0	1	1.6371430027591163
185218.83573465134	1000.0	1469.3263026464826	0.0	0	0.0	1688.1620372979087	1	0	1	1.6371430027591138
186200.0	1000.0	1488.1620372978043	0.0	0	119.2798569923034	1688.1620372978796	1	0	1	1.6371430027591163
187200.0	1000.0	1488.162037297774	0.0	0	302.6122313357482	1688.1620372978505	1	0	1	1.6371430027591194
188200.0	1000.0	1488.1620372977527	0.0	0	341.77594703104114	1688.1620372978505	1	0	1	1.6371430027591194
189271.9127153375	2000.0	1416.249321960232	0.0	0	0.0	1688.1620372978505	1	0	1	1.9837165930390919
190200.0	1000.0	1488.1620372977704	0.0	0	307.72210805807845	1688.1620372978505	1	0	1	0.9439958221991742
191689.90219558481	2000.0	998.2598417129458	0.0	0	0.0	1688.1620372978505	1	0	1	1.9837165930390919
192617.22110632286	1000.0	1070.9409309749085	0.0	0	0.0	1688.1620372978214	1	0	1	0.943995822199177
193200.0	1000.0	1488.1620372977575	0.0	0	119.01707803388126	1688.1620372978214	1	0	1	1.6371430027591223
194200.0	1000.0	1488.162037297764	0.0	0	487.35415384793305	1688.1620372978214	1	0	1	1.6371430027591223
195200.0	1000.0	1488.1620372977723	0.0	0	665.9896441278688	1688.1620372978214	1	0	1	1.6371430027591223
196200.0	1000.0	1488.1620372977718	0.0	0	594.0691916553478	1688.1620372978214	1	0	1	1.6371430027591223
197200.0	2000.0	1488.1620372977654	0.0	0	444.51596280245576	1688.1620372978214	1	0	1	1.9837165930390945
198305.01049184258	3000.0	1383.1515454551702	0.0	0	0.0	1688.1620372978505	1	0	1	2.87959632765312
199200.0	2000.0	1488.1620372977475	0.0	0	132.11103143700166	1688.1620372978505	1	0	1	2.271398665490872
200807.91019774607	3000.0	880.2518395516909	0.0	0	0.0	1688.1620372978505	1	0	1	2.879596327653119
202256.7429019131	2000.0	431.41913538466895	0.0	0	0.0	1688.1620372978796	1	0	1	2.2713986654908696
202515.8343013026	500.0	1172.3277359951794	0.0	0	0.0	1688.1620372978796	1	0	1	-0.7888721292006926
203702.1064809526	2000.0	986.0555563451669	0.0	0	0.0	1688.1620372979087	1	0	1	1.2905694124791407
204200.0	1000.0	1488.1620372978016	0.0	0	154.5128193127166	1688.1620372979378	1	0	1	0.9439958221991653
205200.0	2000.0	1488.162037297784	0.0	0	380.82635375179234	1688.162037297967	1	0	1	1.98371659303908
206200.0	2000.0	1488.1620372977716	0.0	0	354.4135395028279	1688.162037297967	1	0	1	2.6768637735990253
207200.0	3000.0	1488.1620372977561	0.0	0	106.68404380098218	1688.162037297967	1	0	1	2.8795963276531076
208241.473030976	3000.0	1446.6890063217545	0.0	0	159.3780677348259	1688.162037297967	1	0	1	3.285061435761272
210244.35400336664	3000.0	443.80803393108454	0.0	0	0.0	1688.1620372979378	1	0	1	3.285061435761274
210748.81687567456	1000.0	939.3451616231429	0.0	0	0.0	1688.1620372979378	1	0	1	0.5385307140910007
212342.62125357817	2000.0	345.5407837195089	0.0	0	0.0	1688.1620372979378	1	0	1	1.9837165930390834
212852.73165326536	500.0	835.4303840322897	0.0	0	0.0	1688.1620372979378	1	0	1	-0.7888721292006982
213730.40992636816	1000.0	957.7521109294861	0.0	0	0.0	1688.1620372979087	1	0	1	0.9439958221991679
214278.80432846022	1000.0	1409.357708837467	0.0	0	0.0	1688.1620372979087	1	0	1	1.6371430027591134
215200.0	1000.0	1488.1620372976945	0.0	0	214.05826953903306	1688.1620372979087	1	0	1	1.6371430027591134
216200.0	1000.0	1488.1620372976934	0.0	0	317.3645810907765	1688.1620372979087	1	0	1	1.6371430027591134
217261.79192255874	2000.0	1426.3701147389565	0.0	0	0.0	1688.1620372979087	1	0	1	1.983716593039086
218200.0	2000.0	1488.162037297726	0.0	0	154.6910223562445	1688.1620372979378	1	0	1	2.6768637735990293
219200.0	2000.0	1488.1620372977168	0.0	0	252.2002477333881	1688.1620372979087	1	0	1	2.6768637735990315
221309.48560080316	3000.0	378.676436494528	0.0	0	0.0	1688.1620372979087	1	0	1	2.879596327653114
221627.99515814788	500.0	1060.1668791498041	0.0	0	0.0	1688.1620372979087	1	0	1	-1.1943372373088597
222200.0	1000.0	1488.1620372977288	0.0	0	43.7773685969878	1688.1620372979378	1	0	1	0.9439958221991651
223373.77337198658	2000.0	1314.3886653111147	0.0	0	0.0	1688.1620372979087	1	0	1	1.9837165930390857
224200.0	1000.0	1488.162037297723	0.0	0	376.0300553869165	1688.1620372979087	1	0	1	0.9439958221991681
225200.0	1000.0	1488.1620372977004	0.0	0	633.6200935619418	1688.1620372979087	1	0	1	1.6371430027591134
226200.0	2000.0	1488.1620372977077	0.0	0	219.30086854365072	1688.1620372979087	1	0	1	1.9837165930390879
227408.01438844437	2000.0	1280.1476488533676	0.0	0	0.0	1688.1620372979087	1	0	1	2.6768637735990315
228422.711073286	2000.0	1265.450964011773	0.0	0	0.0	1688.1620372979378	1	0	1	2.6768637735990284
229200.0	2000.0	1488.1620372977636	0.0	0	89.80350200209068	1688.162037297967	1	0	1	2.6768637735990266
230410.03878755058	2000.0	1278.1232497471785	0.0	0	0.0	1688.162037297967	1	0	1	2.6768637735990253
231432.21627402588	2000.0	1255.9457632718636	0.0	0	0.0	1688.162037297967	1	0	1	2.6768637735990253
232324.86036589026	2000.0	1363.3016714074984	0.0	0	0.0	1688.162037297967	1	0	1	2.6768637735990253
233290.34961264214	2000.0	1397.8124246556204	0.0	0	0.0	1688.162037297967	1	0	1	2.6768637735990253
234200.0	2000.0	1488.1620372977732	0.0	0	21.24342065368546	1688.162037297967	1	0	1	2.6768637735990253
235200.0	2000.0	1488.1620372977932	0.0	0	343.6458196474996	1688.162037297967	1	0	1	2.6768637735990253
236200.0	2000.0	1488.162037297784	0.0	0	116.40065251445048	1688.1620372979378	1	0	1	2.6768637735990284
237200.0	2000.0	1488.1620372977836	0.0	0	351.7456279155449	1688.1620372979378	1	0	1	2.6768637735990284
238200.0	2000.0	1488.16203729779	0.0	0	223.06397550323163	1688.162037297967	1	0	1	2.676863773599027
239790.51024687177	3000.0	897.6517904260206	0.0	0	0.0	1688.162037298025	1	0	1	2.8795963276531027
240421.69936419133	1000.0	1266.462673106483	0.0	0	0.0	1688.162037298025	1	0	1	0.5385307140909921
241870.66732211548	2000.0	817.4947151823451	0.0	0	0.0	1688.162037298025	1	0	1	1.9837165930390745
242467.20839679352	1000.0	1220.9536405043145	0.0	0	0.0	1688.162037297996	1	0	1	0.9439958221991596
243200.0	1000.0	1488.1620372978587	0.0	0	113.51753227270092	1688.162037297996	1	0	1	1.6371430027591047
244354.1547403195	2000.0	1334.0072969783919	0.0	0	0.0	1688.162037297996	1	0	1	1.9837165930390772
245200.0	1000.0	1488.1620372979155	0.0	0	200.43213983078022	1688.162037297996	1	0	1	0.9439958221991596
246200.0	2000.0	1488.1620372979237	0.0	0	93.86076787565253	1688.162037297967	1	0	1	1.98371659303908
247549.94632281907	2000.0	1138.215714478865	0.0	0	0.0	1688.162037297967	1	0	1	2.6768637735990253
248249.20372349067	1000.0	1438.9583138072553	0.0	0	0.0	1688.1620372979378	1	0	1	0.9439958221991653
249200.0	1000.0	1488.162037297937	0.0	0	461.23395668013836	1688.1620372979378	1	0	1	1.6371430027591105
250200.0	1000.0	1488.1620372979226	0.0	0	476.5543813977856	1688.1620372979378	1	0	1	1.6371430027591105
251219.6127275346	2000.0	1468.5493097633173	0.0	0	0.0	1688.1620372979378	1	0	1	1.9837165930390834
252200.0	2000.0	1488.1620372978946	0.0	0	16.0313665298454	1688.1620372979087	1	0	1	2.6768637735990315
253200.0	3000.0	1488.162037297902	0.0	0	164.3284964216	1688.1620372979378	1	0	1	2.879596327653113
254200.0	3000.0	1488.1620372979144	0.0	0	253.3717360891751	1688.1620372979378	1	0	1	3.2850614357612757
255200.0	2000.0	1488.1620372979417	0.0	0	416.3799601581122	1688.1620372979378	1	0	1	2.2713986654908638
256200.0	3000.0	1488.162037297957	0.0	0	240.67553767366917	1688.1620372979378	1	0	1	2.879596327653113
257269.09018269245	3000.0	1419.0718546055086	0.0	0	0.0	1688.1620372979378	1	0	1	3.2850614357612757
258305.73879286193	3000.0	1382.423244436051	0.0	0	0.0	1688.162037297967	1	0	1	3.285061435761272
259756.50307400912	3000.0	931.6589632888528	0.0	0	0.0	1688.162037297967	1	0	1	3.285061435761272
260858.95377635423	2000.0	829.2082609437653	0.0	0	0.0	1688.162037297967	1	0	1	2.2713986654908607
261406.5525289421	1000.0	1281.60950835591	0.0	0	0.0	1688.162037297996	1	0	1	0.9439958221991596
262769.7987265919	2000.0	918.363310706068	0.0	0	0.0	1688.162037297967	1	0	1	1.9837165930390785
263260.9670487094	1000.0	1427.1949885886004	0.0	0	0.0	1688.162037297996	1	0	1	0.9439958221991607
264472.77368941304	2000.0	1215.388347884983	0.0	0	0.0	1688.162037298025	1	0	1	1.9837165930390745
265374.6815463054	2000.0	1313.4804909925767	0.0	0	0.0	1688.162037298025	1	0	1	2.6768637735990195
266200.0	1000.0	1488.162037297977	0.0	0	309.9472091969219	1688.162037298025	1	0	1	0.9439958221991567
267205.87813087605	2000.0	1482.2839064219347	0.0	0	0.0	1688.1620372980833	1	0	1	1.983716593039071
268200.0	2000.0	1488.1620372979671	0.0	0	9.666042586497497	1688.1620372980833	1	0	1	2.6768637735990137
269691.0808156289	2000.0	997.081221669028	0.0	0	0.0	1688.1620372980833	1	0	1	2.6768637735990137
270467.51138616685	1000.0	1220.6506511310772	0.0	0	0.0	1688.1620372980833	1	0	1	0.9439958221991509
271346.54724243324	1000.0	1341.6147948647233	0.0	0	0.0	1688.1620372980833	1	0	1	1.637143002759096
272971.44478659285	2000.0	716.7172507051246	0.0	0	0.0	1688.162037298025	1	0	1	1.9837165930390745
273288.6232556613	500.0	1399.5387816367252	0.0	0	0.0	1688.162037298025	1	0	1	-0.788872129200707
274200.0	1000.0	1488.1620372980287	0.0	0	85.53701956896111	1688.1620372980833	1	0	1	0.9439958221991507
275200.0	1000.0	1488.1620372979735	0.0	0	243.1978452662006	1688.162037298025	1	0	1	1.6371430027590983
276200.0	1000.0	1488.1620372980665	0.0	0	442.2570948777138	1688.1620372980833	1	0	1	1.637143002759096
277200.0	1000.0	1488.1620372980342	0.0	0	538.893789768219	1688.1620372981415	1	0	1	1.6371430027590903
278200.0	2000.0	1488.162037298061	0.0	0	197.23834307765355	1688.1620372981997	1	0	1	1.9837165930390606
279200.0	1000.0	1488.1620372980408	0.0	0	387.23046424012864	1688.162037298258	1	0	1	0.9439958221991334
280335.70843403443	1000.0	1352.4536032636531	0.0	0	0.0	1688.162037298258	1	0	1	1.6371430027590785
281447.05038411054	1000.0	1241.1116531875286	0.0	0	0.0	1688.162037298258	1	0	1	1.6371430027590785
282200.0	1000.0	1488.162037298033	0.0	0	210.87834195035975	1688.1620372981997	1	0	1	1.6371430027590823
283200.0	1000.0	1488.162037298049	0.0	0	332.50493635598104	1688.1620372981415	1	0	1	1.6371430027590868
284200.0	1000.0	1488.162037298082	0.0	0	626.1221308230888	1688.1620372981415	1	0	1	1.6371430027590903
285200.0	1000.0	1488.162037298085	0.0	0	727.261384559155	1688.1620372981415	1	0	1	1.6371430027590903
286200.0	1000.0	1488.1620372980826	0.0	0	633.4976965259993	1688.1620372981997	1	0	1	1.6371430027590845
287200.0	2000.0	1488.1620372980537	0.0	0	627.0864462142345	1688.1620372981997	1	0	1	1.9837165930390568
288200.0	3000.0	1488.162037298049	0.0	0	455.0650474774302	1688.1620372981997	1	0	1	2.8795963276530845
289200.0	3000.0	1488.162037298031	0.0	0	71.85399065475212	1688.162037298258	1	0	1	3.2850614357612455
290200.0	3000.0	1488.1620372979864	0.0	0	236.51303161284886	1688.162037298258	1	0	1	3.2850614357612398
291200.0	3000.0	1488.1620372980672	0.0	0	36.263656478433404	1688.1620372983161	1	0	1	3.28506143576124
293416.50299572037	6000.0	271.6590415776884	0.0	0	0.0	1688.1620372983743	1	0	1	3.631635026041208
293771.5102083382	500.0	916.6518289598616	0.0	0	0.0	1688.1620372983743	1	0	1	-1.8874844178688508
294358.5999100924	2000.0	1329.5621272056624	0.0	0	0.0	1688.1620372983743	1	0	1	1.290569412479094
295331.2001386932	3000.0	1356.9618986049006	0.0	0	0.0	1688.1620372984326	1	0	1	2.879596327653061
296200.0	2000.0	1488.1620372981483	0.0	0	279.74015409400454	1688.1620372984326	1	0	1	2.271398665490814
297200.0	3000.0	1488.1620372981558	0.0	0	253.44898197776638	1688.1620372983743	1	0	1	2.8795963276530636
298200.0	3000.0	1488.1620372981947	0.0	0	223.26240487914765	1688.1620372983743	1	0	1	3.2850614357612318
299636.85559165874	3000.0	1051.3064456394518	0.0	0	0.0	1688.1620372983743	1	0	1	3.2850614357612318
300540.93821657146	2000.0	1147.2238207267528	0.0	0	0.0	1688.1620372983743	1	0	1	2.2713986654908203
301200.0	2000.0	1488.1620372982002	0.0	0	163.97162000613753	1688.1620372983161	1	0	1	2.67686377359899
302200.0	3000.0	1488.1620372982056	0.0	0	159.1945573814446	1688.162037298258	1	0	1	2.8795963276530787
303200.0	3000.0	1488.1620372981733	0.0	0	459.3782785576186	1688.162037298258	1	0	1	3.2850614357612433
304200.0	3000.0	1488.1620372981752	0.0	0	208.07459924713476	1688.1620372983161	1	0	1	3.285061435761241
305200.0	3000.0	1488.1620372982536	0.0	0	145.00843029568205	1688.1620372983161	1	0	1	3.2850614357612375
306435.1276753305	3000.0	1253.0343619677012	0.0	0	0.0	1688.1620372981997	1	0	1	3.285061435761247
2.47	2.53	2.9	2.27	1.44	1.25	1.46	1.47	1.56	1.2	1.76	2.36	2.97	3.65	4.26	2.92	2.02	2.5	3.19	3.83	4.31	4.38	2.4	1.55	1.51	1.34	1.26	1.34	1.47	1.91	2.18	1.48	1.9	2.15	1.05	1.48	2.04	2.69	3.23	3.04	3.36	3.82	2.73	1.96	1.63	1.91	2.1	2.77	3.31	3.82	3.56	1.37	2.11	1.9	1.11	1.17	1.48	1.97	1.98	2.21	2.92	3.23	1.55	1.58	1.49	1.76	2.29	2.69	2.33	1.67	2.2	2.42	2.43	1.86	2.64	2.61	1.38	2.41	2.07	2.53	2.46	2.9	2.12	1.56	1.98	2.22	2.32	1.6	1.85	1.34	1.56	2.25	2.26	2.56	2.43	2.95	3.43	3.07	3.36	2.14	2.54	3.13	2.48	2.31	2.2	1.67	2.41	1.75	1.8	2.41	2.84	1.88	1.34	1.66	1.09	0.89	1.39	1.54	1.68	1.85	2.36	2.24	0.83	1.09	1.27	1.84	2.4	3.01	3.7	5.87	8.44	4.37	4.34	3.24	3.9	3.46	1.93	3.73	2.94	3.43	4.05	2.92	2.53	3.09	3.68	4.24	5.03	4.48	3.73	2.18	2.47	2.53	2.9	2.27	1.44	1.25	1.46	1.47	1.56	1.2	1.76	2.36	2.97	3.65	4.26	2.92	2.02	2.5	3.19	3.83	4.31	4.38	2.4	1.55	1.51	1.34	1.26	1.34	1.47	1.91	2.18	1.48	1.9	2.15	1.05	1.48	2.04	2.69	3.23	3.04	3.36	3.82	2.73	1.96	1.63	1.91	2.1	2.77	3.31	3.82	3.56	1.37	2.11	1.9	1.11	1.17	1.48	1.97	1.98	2.21	2.92	3.23	1.55	1.58	1.49	1.76	2.29	2.69	2.33	1.67	2.2	2.42	2.43	1.86	2.64	2.61	1.38	2.41	2.07	2.53	2.46	2.9	2.12	1.56	1.98	2.22	2.32	1.6	1.85	1.34	1.56	2.25	2.26	2.56	2.43	2.95	3.43	3.07	3.36	2.14	2.54	3.13	2.48	2.31	2.2	1.67	2.41	1.75	1.8	2.41	2.84	1.88	1.34	1.66	1.09	0.89	1.39	1.54	1.68	1.85	2.36	2.24	0.83	1.09	1.27	1.84	2.4	3.01	3.7	5.87	8.44	4.37	4.34	3.24	3.9	3.46	1.93	3.73	2.94	3.43	4.05	2.92	2.53	3.09	3.68	4.24	5.03	4.48	3.73	2.18	2.47	2.53	2.9	2.27	1.44	1.25	1.46
1.0	2.0	3.0	4.0	5.0	6.0	7.0	8.0	9.0	10.0	11.0	12.0	13.0	14.0	15.0	16.0	17.0	18.0	19.0	20.0	21.0	22.0	23.0	24.0	25.0	26.0	27.0	28.0	29.0	30.0	31.0	32.0	33.0	34.0	35.0	36.0	37.0	38.0	39.0	40.0	41.0	42.0	43.0	44.0	45.0	46.0	47.0	48.0	49.0	50.0	51.0	52.0	53.0	54.0	55.0	56.0	57.0	58.0	59.0	60.0	61.0	62.0	63.0	64.0	65.0	66.0	67.0	68.0	69.0	70.0	71.0	72.0	73.0	74.0	75.0	76.0	77.0	78.0	79.0	80.0	81.0	82.0	83.0	84.0	85.0	86.0	87.0	88.0	89.0	90.0	91.0	92.0	93.0	94.0	95.0	96.0	97.0	98.0	99.0	100.0	101.0	102.0	103.0	104.0	105.0	106.0	107.0	108.0	109.0	110.0	111.0	112.0	113.0	114.0	115.0	116.0	117.0	118.0	119.0	120.0	121.0	122.0	123.0	124.0	125.0	126.0	127.0	128.0	129.0	130.0	131.0	132.0	133.0	134.0	135.0	136.0	137.0	138.0	139.0	140.0	141.0	142.0	143.0	144.0	145.0	146.0	147.0	148.0	149.0	149.0	150.0	151.0	152.0	153.0	154.0	155.0	156.0	157.0	158.0	159.0	160.0	161.0	162.0	163.0	164.0	165.0	166.0	167.0	168.0	169.0	170.0	171.0	172.0	173.0	174.0	175.0	176.0	177.0	178.0	179.0	180.0	181.0	182.0	183.0	184.0	185.0	186.0	187.0	188.0	189.0	190.0	191.0	192.0	193.0	194.0	195.0	196.0	197.0	198.0	199.0	200.0	201.0	202.0	203.0	204.0	205.0	206.0	207.0	208.0	209.0	210.0	211.0	212.0	213.0	214.0	215.0	216.0	217.0	218.0	219.0	220.0	221.0	222.0	223.0	224.0	225.0	226.0	227.0	228.0	229.0	230.0	231.0	232.0	233.0	234.0	235.0	236.0	237.0	238.0	239.0	240.0	241.0	242.0	243.0	244.0	245.0	246.0	247.0	248.0	249.0	250.0	251.0	252.0	253.0	254.0	255.0	256.0	257.0	258.0	259.0	260.0	261.0	262.0	263.0	264.0	265.0	266.0	267.0	268.0	269.0	270.0	271.0	272.0	273.0	274.0	275.0	276.0	277.0	278.0	279.0	280.0	281.0	282.0	283.0	284.0	285.0	286.0	287.0	288.0	289.0	290.0	291.0	292.0	293.0	294.0	295.0	296.0	297.0	298.0	298.0	299.0	300.0	301.0	302.0	303.0	304.0	305.0
2810.3480522350837
