2592.5387440978943	300.0	2000.0	269.6173583750587	0	0.0	2592.5387440978943	1	0	1	-1.8705535840461869
5200.0	1000.0	292.4999999999997	0.0	0	354.62489515043217	492.4999999999991	1	0	2	0.1489452491126771
6200.0	300.0	2392.5	0.0	0	759.4066537319886	2592.4999999999995	1	0	0	-1.8592228043259362
9200.0	1000.0	437.7114494409588	132.0104085826917	0	19.17857440340231	637.711449440958	1	0	2	-0.8564900502885717
10200.0	300.0	2537.7114494409584	0.0	0	733.4676246467588	2737.711449440959	1	0	0	-1.873743949270032
14542.676533527401	2000.0	200.0	1126.5752158538005	0	0.0	1742.6765335274013	1	0	2	-6.553956268061708
14935.69659369459	300.0	815.7122087606925	8.732268927881194	0	0.0	1751.408802455282	1	0	1	-2.3246544786986965
15431.734824261475	500.0	1270.0701551371183	0.0	0	0.0	1701.804979398592	1	0	2	-0.31594078595022346
16200.0	500.0	1501.8049793985933	0.0	0	258.787438636713	1701.804979398592	1	0	1	0.3960579377091268
17400.55296065765	1000.0	1301.2520187409423	0.0	0	0.0	1701.8049793985901	1	0	1	0.9426315279890998
18200.0	500.0	1501.8049793985888	0.0	0	138.60615105534816	1701.8049793985847	1	0	1	-0.09708924285081806
19200.0	1000.0	1501.8049793985908	0.0	0	279.96281367263146	1701.8049793985847	1	0	1	0.9426315279891004
20200.0	1000.0	1501.8049793985892	0.0	0	244.49175560364165	1701.804979398581	1	0	1	1.635778708549046
21200.0	1000.0	1501.8049793985851	0.0	0	171.29315684890753	1701.804979398581	1	0	1	1.635778708549046
22313.360552261132	1000.0	1388.4444271374518	0.0	0	0.0	1701.8049793985847	1	0	1	1.6357787085490458
23445.570031593394	1000.0	1256.2349478051885	0.0	0	0.0	1701.804979398581	1	0	1	1.635778708549046
24200.0	1000.0	1501.8049793985836	0.0	0	148.55210423031895	1701.804979398581	1	0	1	1.635778708549046
25200.0	1000.0	1501.804979398585	0.0	0	232.55307465767692	1701.8049793985774	1	0	1	1.6357787085490467
26200.0	1000.0	1501.8049793985826	0.0	0	143.08419039002183	1701.8049793985738	1	0	1	1.635778708549047
27649.271314249796	1000.0	1052.5336651487833	0.0	0	0.0	1701.8049793985738	1	0	1	1.635778708549047
28267.90560327296	500.0	1433.8993761256204	0.0	0	0.0	1701.8049793985738	1	0	1	-0.09708924285081665
29200.0	1000.0	1501.8049793985856	0.0	0	97.0260397922575	1701.8049793985738	1	0	1	0.9426315279891015
30554.174652142883	1000.0	1147.6303272557054	0.0	0	0.0	1701.8049793985738	1	0	1	1.635778708549047
31506.667132259125	500.0	1195.1378471394642	0.0	0	0.0	1701.8049793985738	1	0	1	-0.09708924285081665
32200.0	500.0	1501.8049793985867	0.0	0	68.30413464979574	1701.8049793985738	1	0	1	0.5960579377091288
33200.0	500.0	1501.8049793985872	0.0	0	340.12802390015713	1701.8049793985774	1	0	1	0.5960579377091287
34200.0	500.0	1501.804979398588	0.0	0	97.69816538029409	1701.8049793985738	1	0	1	0.5960579377091287
35200.0	500.0	1501.8049793985954	0.0	0	268.1952955535089	1701.8049793985774	1	0	1	0.5960579377091285
36200.0	500.0	1501.804979398596	0.0	0	353.26125201737887	1701.8049793985774	1	0	1	0.5960579377091284
37200.0	500.0	1501.8049793986004	0.0	0	474.4004341009859	1701.8049793985847	1	0	1	0.5960579377091277
38200.0	500.0	1501.8049793986013	0.0	0	449.7775096073674	1701.8049793985847	1	0	1	0.5960579377091277
39292.11710084009	1000.0	1409.6878785585045	0.0	0	0.0	1701.8049793985774	1	0	1	0.9426315279891012
40732.25368122117	1000.0	969.5512981774251	0.0	0	0.0	1701.8049793985774	1	0	1	1.6357787085490467
41392.95429562652	500.0	1308.8506837720784	0.0	0	0.0	1701.8049793985847	1	0	1	-0.09708924285081776
42607.03866685883	500.0	1094.7663125397696	0.0	0	0.0	1701.8049793985847	1	0	1	0.5960579377091277
43246.54873348383	500.0	1455.2562459147737	0.0	0	0.0	1701.8049793985847	1	0	1	0.5960579377091277
44200.0	500.0	1501.8049793986054	0.0	0	217.60360701989703	1701.8049793985847	1	0	1	0.5960579377091277
45200.0	500.0	1501.8049793986033	0.0	0	497.27404031011974	1701.8049793985847	1	0	1	0.5960579377091277
46200.0	500.0	1501.804979398607	0.0	0	331.8997809331195	1701.804979398592	1	0	1	0.596057937709127
47408.91575168448	500.0	1292.8892277141285	0.0	0	0.0	1701.804979398592	1	0	1	0.596057937709127
48406.87510760771	500.0	1294.929871790894	0.0	0	0.0	1701.804979398592	1	0	1	0.596057937709127
49200.0	500.0	1501.8049793985979	0.0	0	179.10204067303857	1701.804979398592	1	0	1	0.596057937709127
50200.0	500.0	1501.8049793985979	0.0	0	516.390949739005	1701.804979398592	1	0	1	0.596057937709127
51200.0	500.0	1501.8049793985917	0.0	0	614.4276043644713	1701.804979398592	1	0	1	0.596057937709127
52200.0	500.0	1501.8049793985947	0.0	0	481.8118535024041	1701.804979398592	1	0	1	0.596057937709127
53200.0	500.0	1501.8049793985997	0.0	0	548.0215472609198	1701.8049793985992	1	0	1	0.5960579377091263
54200.0	1000.0	1501.8049793986024	0.0	0	258.6046586642842	1701.8049793985992	1	0	1	0.942631527989099
55200.0	1000.0	1501.8049793986004	0.0	0	150.86983201969997	1701.8049793985992	1	0	1	1.6357787085490445
56200.0	1000.0	1501.8049793986024	0.0	0	151.20997971019096	1701.8049793985992	1	0	1	1.6357787085490445
57200.0	1000.0	1501.8049793985947	0.0	0	29.55782606288267	1701.804979398592	1	0	1	1.6357787085490452
58200.0	1000.0	1501.8049793985933	0.0	0	309.50089848734933	1701.8049793985847	1	0	1	1.6357787085490458
59246.649996469794	1000.0	1455.1549829288006	0.0	0	0.0	1701.8049793985847	1	0	1	1.6357787085490458
60200.0	1000.0	1501.8049793985956	0.0	0	37.26599262206582	1701.8049793985847	1	0	1	1.6357787085490458
61313.14389231453	1000.0	1388.6610870840655	0.0	0	0.0	1701.804979398592	1	0	1	1.6357787085490452
62337.966043512955	1000.0	1363.838935885646	0.0	0	0.0	1701.804979398592	1	0	1	1.6357787085490452
63405.457807305036	1000.0	1296.347172093572	0.0	0	0.0	1701.8049793985992	1	0	1	1.6357787085490445
64334.55633819402	1000.0	1367.2486412045841	0.0	0	0.0	1701.8049793985992	1	0	1	1.6357787085490445
65200.0	1000.0	1501.804979398599	0.0	0	134.98766759459977	1701.8049793985992	1	0	1	1.6357787085490445
66200.0	1000.0	1501.8049793985756	0.0	0	38.54048933790182	1701.8049793985701	1	0	1	1.6357787085490463
67200.0	1000.0	1501.8049793985606	0.0	0	29.06620675609156	1701.8049793985483	1	0	1	1.6357787085490485
68319.4202776801	1000.0	1382.384701718458	0.0	0	0.0	1701.804979398541	1	0	1	1.6357787085490503
69227.61649600544	1000.0	1474.1884833931113	0.0	0	0.0	1701.804979398541	1	0	1	1.6357787085490503
70200.0	1000.0	1501.8049793985508	0.0	0	172.74971191612713	1701.804979398541	1	0	1	1.6357787085490503
71200.0	1000.0	1501.8049793985676	0.0	0	227.68581585497304	1701.804979398541	1	0	1	1.6357787085490503
72200.0	1000.0	1501.8049793985522	0.0	0	97.57169513103145	1701.8049793985556	1	0	1	1.635778708549049
73200.0	1000.0	1501.8049793985633	0.0	0	96.24508848009282	1701.8049793985556	1	0	1	1.635778708549049
74416.95609194331	1000.0	1284.8488874552454	0.0	0	0.0	1701.8049793985556	1	0	1	1.635778708549049
75728.39782626052	1000.0	973.4071531380206	0.0	0	0.0	1701.8049793985556	1	0	1	1.635778708549049
76371.9771506261	500.0	1329.8278287724327	0.0	0	0.0	1701.8049793985556	1	0	1	-0.09708924285081483
77200.0	1000.0	1501.8049793985451	0.0	0	85.54298944312904	1701.8049793985556	1	0	1	0.9426315279891034
78479.45218880377	1000.0	1222.3527905947685	0.0	0	0.0	1701.8049793985556	1	0	1	1.635778708549049
79200.0	500.0	1501.804979398545	0.0	0	127.4423322963703	1701.8049793985556	1	0	1	-0.09708924285081483
80200.0	1000.0	1501.8049793985256	0.0	0	348.4703275488573	1701.8049793985556	1	0	1	0.9426315279891034
81386.08152302739	1000.0	1315.7234563711418	0.0	0	0.0	1701.8049793985556	1	0	1	1.635778708549049
82348.64505501221	1000.0	1353.1599243863113	0.0	0	0.0	1701.804979398541	1	0	1	1.6357787085490503
83638.2219601927	1000.0	1063.5830192058195	0.0	0	0.0	1701.804979398541	1	0	1	1.6357787085490503
84200.0	500.0	1501.8049793985303	0.0	0	66.36098394582223	1701.804979398541	1	0	1	-0.09708924285081333
85247.04000801328	1000.0	1454.7649713852547	0.0	0	0.0	1701.804979398541	1	0	1	0.9426315279891049
86245.65795257171	1000.0	1456.1470268268204	0.0	0	0.0	1701.804979398541	1	0	1	1.6357787085490503
87538.31654140374	1000.0	1163.4884379948066	0.0	0	0.0	1701.804979398541	1	0	1	1.6357787085490503
88200.0	500.0	1501.8049793985424	0.0	0	63.648512798507	1701.804979398541	1	0	1	-0.09708924285081333
89243.96150347189	1000.0	1457.8434759266404	0.0	0	0.0	1701.804979398541	1	0	1	0.9426315279891049
90200.0	500.0	1501.8049793985188	0.0	0	442.6208336198324	1701.8049793985265	1	0	1	-0.09708924285081187
91200.0	500.0	1501.8049793985224	0.0	0	602.8603826479957	1701.8049793985265	1	0	1	0.5960579377091336
92200.0	500.0	1501.8049793985167	0.0	0	623.4630330548971	1701.8049793985265	1	0	1	0.5960579377091336
93200.0	1000.0	1501.8049793985172	0.0	0	373.27730292113847	1701.8049793985265	1	0	1	0.9426315279891062
94742.25290022178	1000.0	959.552079176739	0.0	0	0.0	1701.804979398541	1	0	1	1.6357787085490503
95305.54940125073	500.0	1396.255578147786	0.0	0	0.0	1701.804979398541	1	0	1	-0.09708924285081333
96665.19439032281	1000.0	1036.6105890756894	0.0	0	0.0	1701.8049793985265	1	0	1	0.9426315279891062
97357.23155948613	500.0	1344.5734199123606	0.0	0	0.0	1701.8049793985265	1	0	1	-0.09708924285081187
98200.0	500.0	1501.8049793984849	0.0	0	233.85332650212513	1701.8049793985265	1	0	1	0.5960579377091336
99200.0	500.0	1501.8049793984671	0.0	0	540.5515699879907	1701.804979398512	1	0	1	0.5960579377091351
100200.0	1000.0	1501.8049793984683	0.0	0	61.50136953793117	1701.804979398512	1	0	1	0.9426315279891079
101200.0	1000.0	1501.8049793984542	0.0	0	201.74158892864943	1701.804979398512	1	0	1	1.6357787085490534
102200.0	1000.0	1501.8049793984485	0.0	0	66.59872994392936	1701.804979398512	1	0	1	1.6357787085490534
103423.72542123146	1000.0	1278.0795581670018	0.0	0	0.0	1701.8049793985265	1	0	1	1.6357787085490516
104843.18884615191	1000.0	858.6161332465458	0.0	0	0.0	1701.804979398541	1	0	1	1.6357787085490503
105514.92904702923	500.0	1186.8759323692207	0.0	0	0.0	1701.804979398541	1	0	1	-0.09708924285081333
106215.41863477246	500.0	1486.3863446259957	0.0	0	0.0	1701.8049793985556	1	0	1	0.5960579377091306
107200.0	500.0	1501.8049793984553	0.0	0	254.25370708214177	1701.8049793985556	1	0	1	0.5960579377091306
108200.0	500.0	1501.8049793984728	0.0	0	509.5938544242672	1701.8049793985701	1	0	1	0.5960579377091292
109200.0	1000.0	1501.8049793984796	0.0	0	6.5682618365535745	1701.8049793985847	1	0	1	0.9426315279891004
110200.0	500.0	1501.8049793984833	0.0	0	361.577036273462	1701.8049793985992	1	0	1	-0.09708924285081921
111200.0	500.0	1501.804979398465	0.0	0	376.1981614545657	1701.8049793985992	1	0	1	0.5960579377091263
112557.81397215108	1000.0	1143.9910072473951	0.0	0	0.0	1701.8049793986138	1	0	1	0.9426315279890976
113200.0	500.0	1501.804979398469	0.0	0	18.329709316647495	1701.8049793986138	1	0	1	-0.09708924285082056
114200.0	500.0	1501.8049793984621	0.0	0	405.3006100155326	1701.8049793986138	1	0	1	0.5960579377091249
115200.0	1000.0	1501.8049793984574	0.0	0	115.00998282716318	1701.8049793986138	1	0	1	0.9426315279890976
117024.32900418025	1000.0	677.4759752182138	0.0	0	0.0	1701.8049793986138	1	0	1	1.635778708549043
117708.45743608355	500.0	993.3475433149144	0.0	0	0.0	1701.8049793986138	1	0	1	-0.09708924285082056
118200.0	500.0	1501.804979398459	0.0	0	30.369120880845003	1701.8049793985992	1	0	1	0.5960579377091263
119200.0	500.0	1501.8049793984608	0.0	0	453.9036829304241	1701.8049793985992	1	0	1	0.5960579377091263
120200.0	500.0	1501.8049793984603	0.0	0	365.83975304335763	1701.8049793986138	1	0	1	0.5960579377091249
121200.0	500.0	1501.8049793984508	0.0	0	532.6993296699511	1701.8049793986138	1	0	1	0.5960579377091249
122217.64831801385	1000.0	1484.156661384594	0.0	0	0.0	1701.8049793986138	1	0	1	0.9426315279890976
123200.0	1000.0	1501.8049793984455	0.0	0	275.2827616368595	1701.8049793986283	1	0	1	1.6357787085490416
124905.5944379573	1000.0	796.210541441146	0.0	0	0.0	1701.8049793986283	1	0	1	1.6357787085490416
125536.65921374672	500.0	1165.1457656517157	0.0	0	0.0	1701.8049793986283	1	0	1	-0.09708924285082204
126200.0	500.0	1501.8049793984458	0.0	0	115.30882361155818	1701.8049793986283	1	0	1	0.5960579377091234
127246.10877394347	1000.0	1455.6962054549772	0.0	0	0.0	1701.8049793986283	1	0	1	0.9426315279890962
128356.25121985762	1000.0	1345.553759540844	0.0	0	0.0	1701.8049793986283	1	0	1	1.6357787085490416
129200.0	500.0	1501.8049793984771	0.0	0	336.00003809161717	1701.804979398643	1	0	1	-0.09708924285082353
130276.57061539247	1000.0	1425.234364006013	0.0	0	0.0	1701.804979398643	1	0	1	0.9426315279890946
132441.19918409252	1000.0	260.6057953059666	0.0	0	0.0	1701.804979398643	1	0	1	1.6357787085490405
133132.06399122468	300.0	576.323927031544	6.582938857756574	0	0.0	1708.3879182563978	1	0	1	-1.4143092292981154
133787.1651945387	300.0	921.2227237175086	0.0	0	0.0	1708.3879182563978	1	0	1	-0.17083879182563982
134715.8447683158	500.0	992.543149940437	0.0	0	0.0	1708.3879182563978	1	0	1	0.08457402005735568
135474.84052022445	300.0	1233.5473980317802	0.0	0	0.0	1708.3879182563978	1	0	1	-0.6816644155916306
136584.32061338436	500.0	1124.0673048718916	0.0	0	0.0	1708.3879182563978	1	0	1	0.08457402005735568
137200.0	300.0	1508.3879182562384	0.0	0	277.1711414557649	1708.3879182563978	1	0	1	-0.6816644155916306
138200.0	500.0	1508.3879182562555	0.0	0	517.13434325048	1708.3879182563978	1	0	1	0.08457402005735568
139200.0	500.0	1508.3879182562634	0.0	0	543.7371554332785	1708.3879182563978	1	0	1	0.5953996438233464
140200.0	500.0	1508.387918256249	0.0	0	499.3529848404578	1708.3879182563978	1	0	1	0.5953996438233464
141200.0	500.0	1508.3879182562255	0.0	0	217.9650263444928	1708.3879182563978	1	0	1	0.5953996438233464
142688.1100941549	1000.0	1020.2778241013364	0.0	0	0.0	1708.3879182563978	1	0	1	0.9419732341033191
143200.0	500.0	1508.387918256236	0.0	0	29.562964173819637	1708.3879182563978	1	0	1	-0.09774753673659907
144200.0	500.0	1508.3879182562525	0.0	0	411.85223484315793	1708.3879182563978	1	0	1	0.5953996438233464
145200.0	500.0	1508.3879182562962	0.0	0	538.9801061823673	1708.3879182563978	1	0	1	0.5953996438233464
146200.0	500.0	1508.387918256284	0.0	0	586.0789072626503	1708.3879182563687	1	0	1	0.5953996438233493
147200.0	1000.0	1508.3879182562935	0.0	0	108.16364305355819	1708.3879182563396	1	0	1	0.9419732341033249
148200.0	1000.0	1508.3879182562816	0.0	0	4.678721477219369	1708.3879182563396	1	0	1	1.6351204146632703
149387.68379169502	1000.0	1320.7041265612895	0.0	0	0.0	1708.3879182563396	1	0	1	1.6351204146632703
150200.0	500.0	1508.3879182562916	0.0	0	125.83326137295808	1708.3879182563687	1	0	1	-0.09774753673659614
151200.0	1000.0	1508.3879182563164	0.0	0	167.21706160262693	1708.3879182563687	1	0	1	0.9419732341033221
152200.0	1000.0	1508.3879182563217	0.0	0	69.92373249918455	1708.3879182563396	1	0	1	1.6351204146632703
153200.0	1000.0	1508.3879182563212	0.0	0	63.894148097373545	1708.3879182563396	1	0	1	1.6351204146632703
154543.49881319102	1000.0	1164.8891050653112	0.0	0	0.0	1708.3879182563396	1	0	1	1.6351204146632703
155397.76976686125	500.0	1310.6181513950548	0.0	0	0.0	1708.3879182563105	1	0	1	-0.09774753673659022
156317.40067808458	500.0	1390.9872401717387	0.0	0	0.0	1708.3879182563105	1	0	1	0.5953996438233552
157200.0	500.0	1508.3879182563003	0.0	0	247.08814557665028	1708.3879182563105	1	0	1	0.5953996438233552
158200.0	500.0	1508.3879182562969	0.0	0	714.1777703787957	1708.3879182563396	1	0	1	0.5953996438233523
159200.0	1000.0	1508.3879182563307	0.0	0	338.5019060552877	1708.3879182563396	1	0	1	0.9419732341033249
160200.0	1000.0	1508.3879182563305	0.0	0	85.20245335521759	1708.3879182563396	1	0	1	1.6351204146632703
161200.0	1000.0	1508.3879182562866	0.0	0	107.56159893027507	1708.3879182563105	1	0	1	1.6351204146632734
162200.0	1000.0	1508.3879182563014	0.0	0	34.77455181797268	1708.3879182563396	1	0	1	1.6351204146632703
163692.75648885182	1000.0	1015.631429404466	0.0	0	0.0	1708.3879182563396	1	0	1	1.6351204146632703
164200.0	500.0	1508.387918256311	0.0	0	42.691050363733666	1708.3879182563687	1	0	1	-0.09774753673659614
165200.0	1000.0	1508.3879182563314	0.0	0	51.853486472566146	1708.3879182563978	1	0	1	0.9419732341033191
166571.54315223402	1000.0	1136.844766022305	0.0	0	0.0	1708.3879182563687	1	0	1	1.6351204146632674
167200.0	500.0	1508.3879182563396	0.0	0	166.2044800571166	1708.3879182563687	1	0	1	-0.09774753673659614
168200.0	500.0	1508.387918256316	0.0	0	594.6521056181809	1708.3879182563978	1	0	1	0.5953996438233464
169200.0	1000.0	1508.3879182562887	0.0	0	192.4164939938928	1708.387918256427	1	0	1	0.9419732341033169
170249.13678884998	1000.0	1459.251129406276	0.0	0	0.0	1708.3879182563978	1	0	1	1.6351204146632645
171200.0	1000.0	1508.3879182562587	0.0	0	105.54480366985081	1708.3879182563978	1	0	1	1.6351204146632645
172327.80481629807	1000.0	1380.5831019582076	0.0	0	0.0	1708.3879182563978	1	0	1	1.6351204146632645
173234.17167179962	1000.0	1474.216246456653	0.0	0	0.0	1708.3879182563978	1	0	1	1.6351204146632645
174200.0	1000.0	1508.387918256259	0.0	0	215.9853680464439	1708.387918256427	1	0	1	1.6351204146632616
175507.2484835159	1000.0	1201.1394347403634	0.0	0	0.0	1708.387918256427	1	0	1	1.6351204146632616
176525.88690702777	1000.0	1182.5010112284858	0.0	0	0.0	1708.387918256427	1	0	1	1.6351204146632616
177286.01713943944	1000.0	1422.3707788168479	0.0	0	0.0	1708.387918256427	1	0	1	1.6351204146632616
178451.9993936416	1000.0	1256.3885246146597	0.0	0	0.0	1708.387918256427	1	0	1	1.6351204146632616
179295.78088350894	500.0	1412.6070347473224	0.0	0	0.0	1708.3879182563978	1	0	1	-0.09774753673659907
180376.61948467587	500.0	1331.7684335804033	0.0	0	0.0	1708.3879182563978	1	0	1	0.5953996438233464
181246.5850021301	500.0	1461.802916126153	0.0	0	0.0	1708.3879182563687	1	0	1	0.5953996438233493
182200.0	500.0	1508.3879182562603	0.0	0	312.727919307159	1708.3879182563687	1	0	1	0.5953996438233493
183200.0	500.0	1508.387918256248	0.0	0	239.81018446441158	1708.3879182563687	1	0	1	0.5953996438233493
184200.0	500.0	1508.3879182562516	0.0	0	275.59668791200966	1708.3879182563978	1	0	1	0.5953996438233464
185200.0	500.0	1508.3879182562669	0.0	0	376.700688476034	1708.387918256427	1	0	1	0.5953996438233435
186200.0	500.0	1508.3879182562239	0.0	0	448.9561397548823	1708.3879182563978	1	0	1	0.5953996438233453
187200.0	500.0	1508.3879182562298	0.0	0	602.4419660830172	1708.387918256427	1	0	1	0.5953996438233435
188431.7619746788	1000.0	1276.625943577412	0.0	0	0.0	1708.387918256427	1	0	1	0.9419732341033162
190138.2918926932	1000.0	570.0960255629956	0.0	0	0.0	1708.387918256427	1	0	1	1.6351204146632616
190652.84430958398	300.0	1055.5436086722193	0.0	0	0.0	1708.387918256427	1	0	1	-1.3748115961515788
191729.34116099478	500.0	979.0467572613965	0.0	0	0.0	1708.387918256427	1	0	1	0.08457402005735284
192242.65514010546	500.0	1465.7327781507274	0.0	0	0.0	1708.387918256456	1	0	1	0.5953996438233407
193200.0	500.0	1508.3879182562107	0.0	0	390.9659958325501	1708.387918256456	1	0	1	0.5953996438233407
194200.0	500.0	1508.387918256195	0.0	0	182.71222308912547	1708.387918256456	1	0	1	0.5953996438233407
195200.0	500.0	1508.3879182562193	0.0	0	147.20306178551982	1708.3879182565142	1	0	1	0.5953996438233353
196297.28783035075	500.0	1411.1000879054482	0.0	0	0.0	1708.3879182565142	1	0	1	0.5953996438233348
197304.6684267241	500.0	1403.7194915321058	0.0	0	0.0	1708.3879182565142	1	0	1	0.5953996438233348
198200.0	500.0	1508.3879182561602	0.0	0	101.4531759400852	1708.3879182564851	1	0	1	0.5953996438233377
199200.0	500.0	1508.387918256146	0.0	0	485.01862414882635	1708.3879182564851	1	0	1	0.5953996438233377
200200.0	500.0	1508.3879182561784	0.0	0	620.5940974235127	1708.3879182564851	1	0	1	0.5953996438233377
201200.0	500.0	1508.3879182561989	0.0	0	472.94323932085535	1708.3879182564851	1	0	1	0.5953996438233377
202200.0	500.0	1508.3879182561986	0.0	0	568.0057185317855	1708.387918256456	1	0	1	0.5953996438233394
203200.0	1000.0	1508.387918256204	0.0	0	242.68888603438972	1708.387918256456	1	0	1	0.9419732341033132
204200.0	1000.0	1508.3879182562218	0.0	0	459.4637483174156	1708.3879182564851	1	0	1	1.635120414663257
205318.4096346083	1000.0	1389.9782836479046	0.0	0	0.0	1708.3879182564851	1	0	1	1.6351204146632559
206200.0	1000.0	1508.3879182562375	0.0	0	47.45976504939608	1708.3879182564851	1	0	1	1.6351204146632559
207200.0	1000.0	1508.3879182562612	0.0	0	326.75004906076356	1708.3879182565142	1	0	1	1.6351204146632539
208421.05331971304	1000.0	1287.3345985432193	0.0	0	0.0	1708.3879182565142	1	0	1	1.6351204146632528
209792.23193797382	1000.0	916.155980282418	0.0	0	0.0	1708.3879182565142	1	0	1	1.6351204146632552
210388.56061036073	500.0	1319.8273078954996	0.0	0	0.0	1708.3879182565142	1	0	1	-0.09774753673661073
211200.0	1000.0	1508.3879182562307	0.0	0	53.443786824907875	1708.3879182565142	1	0	1	0.9419732341033074
212506.92279909327	1000.0	1201.4651191629557	0.0	0	0.0	1708.3879182565142	1	0	1	1.6351204146632528
213200.0	500.0	1508.38791825621	0.0	0	236.35297152944258	1708.3879182565142	1	0	1	-0.09774753673661073
214226.9545385503	1000.0	1481.4333797059348	0.0	0	0.0	1708.3879182565142	1	0	1	0.9419732341033074
215200.0	1000.0	1508.3879182562089	0.0	0	167.71560008774395	1708.3879182565142	1	0	1	1.6351204146632528
216200.0	1000.0	1508.3879182562314	0.0	0	92.89233214291744	1708.3879182565142	1	0	1	1.6351204146632528
217200.0	1000.0	1508.3879182562328	0.0	0	198.52462934193318	1708.3879182565142	1	0	1	1.6351204146632528
218584.87488217416	1000.0	1123.5130360820733	0.0	0	0.0	1708.3879182565142	1	0	1	1.6351204146632528
219454.38447888242	1000.0	1254.0034393738536	0.0	0	0.0	1708.3879182565142	1	0	1	1.6351204146632528
220383.1619779909	1000.0	1325.225940265363	0.0	0	0.0	1708.3879182565142	1	0	1	1.6351204146632528
221200.0	1000.0	1508.3879182563016	0.0	0	81.16160184371984	1708.3879182565142	1	0	1	1.6351204146632528
222200.0	1000.0	1508.3879182562891	0.0	0	134.51556126584182	1708.3879182565142	1	0	1	1.6351204146632528
223689.78846005775	1000.0	1018.5994581985234	0.0	0	0.0	1708.3879182565433	1	0	1	1.6351204146632523
224463.84937367373	500.0	1244.5385445825577	0.0	0	0.0	1708.3879182565433	1	0	1	-0.09774753673661353
225700.13647659848	1000.0	1008.2514416578066	0.0	0	0.0	1708.3879182565142	1	0	1	0.9419732341033074
226200.0	500.0	1508.3879182562725	0.0	0	30.31531507166801	1708.3879182565142	1	0	1	-0.09774753673661073
227304.034422135	1000.0	1404.353496121241	0.0	0	0.0	1708.3879182565142	1	0	1	0.9419732341033074
228200.0	500.0	1508.3879182562914	0.0	0	283.5404620880727	1708.3879182565433	1	0	1	-0.09774753673661353
229243.55039519523	1000.0	1464.8375230610675	0.0	0	0.0	1708.3879182565142	1	0	1	0.9419732341033074
230200.0	1000.0	1508.3879182563103	0.0	0	10.338061305315932	1708.3879182565433	1	0	1	1.63512041466325
231200.0	1000.0	1508.3879182563237	0.0	0	8.643724790308625	1708.3879182565724	1	0	1	1.635120414663247
232462.86554195988	1000.0	1245.522376296452	0.0	0	0.0	1708.3879182566016	1	0	1	1.6351204146632443
233200.0	500.0	1508.3879182562998	0.0	0	152.2594180564629	1708.3879182566016	1	0	1	-0.0977475367366194
234247.26505995903	1000.0	1461.1228582972462	0.0	0	0.0	1708.3879182566016	1	0	1	0.9419732341032988
235200.0	1000.0	1508.3879182562857	0.0	0	164.1944847278064	1708.3879182566016	1	0	1	1.6351204146632443
236496.52722254762	1000.0	1211.860695708654	0.0	0	0.0	1708.3879182566016	1	0	1	1.6351204146632443
237271.98603656355	500.0	1436.4018816927078	0.0	0	0.0	1708.3879182566016	1	0	1	-0.0977475367366194
238797.45859746463	1000.0	910.929320791617	0.0	0	0.0	1708.3879182565724	1	0	1	0.9419732341033016
239200.0	500.0	1508.3879182562587	0.0	0	67.92641440604348	1708.3879182565724	1	0	1	-0.09774753673661646
240200.0	1000.0	1508.3879182562755	0.0	0	212.82708088957588	1708.3879182566016	1	0	1	0.9419732341032988
241200.0	1000.0	1508.38791825626	0.0	0	226.66199909348506	1708.3879182566307	1	0	1	1.6351204146632412
242200.0	1000.0	1508.3879182562391	0.0	0	218.2626592530869	1708.3879182566307	1	0	1	1.6351204146632412
243200.0	1000.0	1508.3879182562598	0.0	0	200.47364409381407	1708.3879182566307	1	0	1	1.6351204146632412
244378.7828187097	1000.0	1329.6050995465555	0.0	0	0.0	1708.3879182566307	1	0	1	1.6351204146632412
245624.48680534377	1000.0	1083.9011129125076	0.0	0	0.0	1708.3879182566307	1	0	1	1.6351204146632412
246290.16936126596	500.0	1418.2185569903315	0.0	0	0.0	1708.3879182566307	1	0	1	-0.09774753673662223
247200.0	500.0	1508.3879182562832	0.0	0	434.6135694166587	1708.3879182566307	1	0	1	0.5953996438233232
248200.0	500.0	1508.387918256269	0.0	0	678.7281965414877	1708.3879182566016	1	0	1	0.5953996438233261
249200.0	1000.0	1508.387918256269	0.0	0	438.0399210388423	1708.3879182566016	1	0	1	0.9419732341032988
250200.0	1000.0	1508.387918256281	0.0	0	194.43638069651206	1708.3879182566016	1	0	1	1.6351204146632443
251200.0	1000.0	1508.3879182562835	0.0	0	351.20713532567606	1708.3879182565724	1	0	1	1.635120414663247
252459.26872969916	1000.0	1249.1191885571054	0.0	0	0.0	1708.3879182565724	1	0	1	1.635120414663247
253632.75583015053	1000.0	1075.6320881057186	0.0	0	0.0	1708.3879182565724	1	0	1	1.635120414663247
255023.2513380953	1000.0	685.1365801609961	0.0	0	0.0	1708.3879182565724	1	0	1	1.635120414663247
255553.27170752792	500.0	1155.1162107283787	0.0	0	0.0	1708.3879182565724	1	0	1	-0.09774753673661646
256307.5630943321	500.0	1400.8248239242287	0.0	0	0.0	1708.3879182565724	1	0	1	0.595399643823329
257200.0	500.0	1508.3879182563473	0.0	0	213.0161075918586	1708.3879182565433	1	0	1	0.5953996438233319
258200.0	500.0	1508.387918256321	0.0	0	350.6691112272674	1708.3879182565433	1	0	1	0.5953996438233319
259200.0	500.0	1508.3879182562855	0.0	0	499.3640491949045	1708.3879182565433	1	0	1	0.5953996438233319
260200.0	500.0	1508.387918256312	0.0	0	351.2629457365838	1708.3879182565433	1	0	1	0.5953996438233319
261216.63269134125	1000.0	1491.755226915072	0.0	0	0.0	1708.3879182565433	1	0	1	0.9419732341033047
262289.64431301714	1000.0	1418.7436052391786	0.0	0	0.0	1708.3879182565433	1	0	1	1.6351204146632483
263200.0	500.0	1508.387918256331	0.0	0	376.51868570788065	1708.3879182565433	1	0	1	-0.09774753673661242
264200.0	1000.0	1508.3879182562987	0.0	0	128.41688946814975	1708.387918256456	1	0	1	0.941973234103311
265200.0	1000.0	1508.3879182562755	0.0	0	74.81274139718153	1708.387918256456	1	0	1	1.6351204146632585
266200.0	500.0	1508.3879182562623	0.0	0	181.6237131038215	1708.387918256456	1	0	1	-0.09774753673660484
267200.0	500.0	1508.3879182563087	0.0	0	420.93749524338637	1708.387918256456	1	0	1	0.5953996438233407
268200.0	500.0	1508.3879182563337	0.0	0	613.0934255959583	1708.3879182563978	1	0	1	0.5953996438233441
269200.0	500.0	1508.3879182563448	0.0	0	565.5719941133284	1708.3879182563396	1	0	1	0.59539964382335
270200.0	500.0	1508.3879182563467	0.0	0	505.3707651750301	1708.3879182563978	1	0	1	0.5953996438233464
271200.0	1000.0	1508.387918256355	0.0	0	316.71271387004526	1708.3879182563396	1	0	1	0.9419732341033249
272538.3706239973	1000.0	1170.017294259032	0.0	0	0.0	1708.3879182563396	1	0	1	1.6351204146632703
274032.4244042795	1000.0	675.9635139767947	0.0	0	0.0	1708.3879182562814	1	0	1	1.635120414663276
274641.6030748656	500.0	1066.7848433907157	0.0	0	0.0	1708.3879182563396	1	0	1	-0.09774753673659319
275200.0	500.0	1508.3879182563405	0.0	0	71.84149814752163	1708.3879182563396	1	0	1	0.5953996438233523
276200.0	1000.0	1508.387918256367	0.0	0	287.4296786458581	1708.3879182563396	1	0	1	0.9419732341033249
277200.0	1000.0	1508.3879182564	0.0	0	75.35548257204937	1708.3879182563978	1	0	1	1.6351204146632645
278270.66901558207	1000.0	1437.7189026743185	0.0	0	0.0	1708.387918256456	1	0	1	1.6351204146632585
279304.4667235277	1000.0	1403.9211947287242	0.0	0	0.0	1708.387918256456	1	0	1	1.6351204146632585
281226.5625646109	1000.0	481.8253536454858	0.0	0	0.0	1708.3879182565142	1	0	1	1.6351204146632528
281959.82460889773	300.0	748.5633093587063	0.0	0	0.0	1708.3879182565724	1	0	1	-1.3748115961515932
282598.48451276723	300.0	1109.9034054891854	0.0	0	0.0	1708.3879182565724	1	0	1	-0.17083879182565725
283338.6732573215	500.0	1369.7146609349402	0.0	0	0.0	1708.3879182565724	1	0	1	0.08457402005733825
284200.0	500.0	1508.3879182564845	0.0	0	51.77112092508469	1708.3879182565724	1	0	1	0.595399643823329
285200.0	500.0	1508.3879182564442	0.0	0	26.145719266321976	1708.3879182565724	1	0	1	0.595399643823329
286200.0	500.0	1508.387918256392	0.0	0	150.13505944330245	1708.3879182565724	1	0	1	0.595399643823329
287200.0	500.0	1508.3879182563899	0.0	0	415.06735959323123	1708.3879182566307	1	0	1	0.5953996438233232
288200.0	500.0	1508.3879182563521	0.0	0	495.6994968348299	1708.3879182565724	1	0	1	0.5953996438233267
289200.0	1000.0	1508.3879182562841	0.0	0	70.02036757813767	1708.3879182565724	1	0	1	0.9419732341033016
290200.0	500.0	1508.3879182563048	0.0	0	284.42990862223087	1708.3879182565724	1	0	1	-0.09774753673661646
291634.2611571266	1000.0	1074.1267611297776	0.0	0	0.0	1708.3879182565724	1	0	1	0.9419732341033016
292229.75463389046	500.0	1478.6332843659068	0.0	0	0.0	1708.3879182565724	1	0	1	-0.09774753673661646
293200.0	500.0	1508.387918256369	0.0	0	400.8056426094263	1708.3879182566307	1	0	1	0.5953996438233256
294200.0	500.0	1508.387918256387	0.0	0	414.5183224803186	1708.3879182566307	1	0	1	0.5953996438233232
295200.0	500.0	1508.3879182564099	0.0	0	514.2906977678067	1708.3879182566307	1	0	1	0.5953996438233232
296580.50768642384	1000.0	1127.8802318325102	0.0	0	0.0	1708.3879182566889	1	0	1	0.9419732341032899
297200.0	500.0	1508.3879182563433	0.0	0	189.42698231321992	1708.3879182566889	1	0	1	-0.09774753673662812
298438.99292945716	1000.0	1269.3949887991425	0.0	0	0.0	1708.3879182566889	1	0	1	0.9419732341032899
299200.0	500.0	1508.387918256229	0.0	0	161.45297027484048	1708.3879182566307	1	0	1	-0.09774753673662223
300200.0	1000.0	1508.3879182562614	0.0	0	184.1271532679093	1708.3879182566889	1	0	1	0.9419732341032899
301286.66444822756	1000.0	1421.7234700286715	0.0	0	0.0	1708.3879182566307	1	0	1	1.6351204146632412
302398.1268968877	1000.0	1310.2610213685446	0.0	0	0.0	1708.3879182566307	1	0	1	1.6351204146632412
303551.20137327746	1000.0	1157.1865449788402	0.0	0	0.0	1708.3879182566307	1	0	1	1.6351204146632412
304521.35271159426	500.0	1187.0352066620314	0.0	0	0.0	1708.3879182566307	1	0	1	-0.09774753673662223
305297.5115667577	500.0	1410.8763514986224	0.0	0	0.0	1708.3879182566307	1	0	1	0.5953996438233232
306200.0	500.0	1508.3879182563119	0.0	0	409.09591551159974	1708.3879182566307	1	0	1	0.5953996438233232
1.41	1.51	1.02	0.98	1.37	1.03	0.79	0.89	0.96	0.98	1.02	1.24	1.22	1.34	0.97	1.14	1.42	1.29	0.66	1.04	1.0	0.98	0.61	0.61	0.78	0.66	0.82	0.97	1.16	1.3	1.05	0.93	0.57	0.61	0.45	0.8	0.81	0.69	0.58	0.53	0.57	0.92	1.08	1.14	1.19	1.26	1.74	1.12	1.19	1.26	1.22	1.04	1.01	1.04	1.12	0.87	1.24	1.2	1.07	1.3	1.1	0.93	1.03	1.52	1.42	0.97	0.83	0.8	0.97	1.19	1.01	1.24	1.12	0.95	1.02	0.71	1.14	1.12	0.87	0.93	0.82	0.76	1.2	1.27	1.83	1.19	0.72	0.85	0.73	0.83	1.32	1.38	1.46	1.54	0.92	1.0	0.8	0.82	0.75	0.82	1.08	1.0	1.18	0.76	0.76	0.86	1.29	1.22	0.52	0.64	1.15	0.85	1.23	1.54	1.24	0.83	0.61	0.83	1.34	1.14	0.93	1.18	0.67	0.52	0.64	0.42	0.64	0.5	0.52	1.02	1.54	1.08	0.86	0.87	0.59	1.11	1.04	1.14	0.97	0.9	1.11	0.87	1.03	1.55	1.0	0.89	0.92	0.72	0.73	1.16	1.41	1.51	1.02	0.98	1.37	1.03	0.79	0.89	0.96	0.98	1.02	1.24	1.22	1.34	0.97	1.14	1.42	1.29	0.66	1.04	1.0	0.98	0.61	0.61	0.78	0.66	0.82	0.97	1.16	1.3	1.05	0.93	0.57	0.61	0.45	0.8	0.81	0.69	0.58	0.53	0.57	0.92	1.08	1.14	1.19	1.26	1.74	1.12	1.19	1.26	1.22	1.04	1.01	1.04	1.12	0.87	1.24	1.2	1.07	1.3	1.1	0.93	1.03	1.52	1.42	0.97	0.83	0.8	0.97	1.19	1.01	1.24	1.12	0.95	1.02	0.71	1.14	1.12	0.87	0.93	0.82	0.76	1.2	1.27	1.83	1.19	0.72	0.85	0.73	0.83	1.32	1.38	1.46	1.54	0.92	1.0	0.8	0.82	0.75	0.82	1.08	1.0	1.18	0.76	0.76	0.86	1.29	1.22	0.52	0.64	1.15	0.85	1.23	1.54	1.24	0.83	0.61	0.83	1.34	1.14	0.93	1.18	0.67	0.52	0.64	0.42	0.64	0.5	0.52	1.02	1.54	1.08	0.86	0.87	0.59	1.11	1.04	1.14	0.97	0.9	1.11	0.87	1.03	1.55	1.0	0.89	0.92	0.72	0.73	1.16	1.41	1.51	1.02	0.98	1.37	1.03	0.79	0.89
1.0	2.0	3.0	4.0	5.0	6.0	7.0	8.0	9.0	10.0	11.0	12.0	13.0	14.0	15.0	16.0	17.0	18.0	19.0	20.0	21.0	22.0	23.0	24.0	25.0	26.0	27.0	28.0	29.0	30.0	31.0	32.0	33.0	34.0	35.0	36.0	37.0	38.0	39.0	40.0	41.0	42.0	43.0	44.0	45.0	46.0	47.0	48.0	49.0	50.0	51.0	52.0	53.0	54.0	55.0	56.0	57.0	58.0	59.0	60.0	61.0	62.0	63.0	64.0	65.0	66.0	67.0	68.0	69.0	70.0	71.0	72.0	73.0	74.0	75.0	76.0	77.0	78.0	79.0	80.0	81.0	82.0	83.0	84.0	85.0	86.0	87.0	88.0	89.0	90.0	91.0	92.0	93.0	94.0	95.0	96.0	97.0	98.0	99.0	100.0	101.0	102.0	103.0	104.0	105.0	106.0	107.0	108.0	109.0	110.0	111.0	112.0	113.0	114.0	115.0	116.0	117.0	118.0	119.0	120.0	121.0	122.0	123.0	124.0	125.0	126.0	127.0	128.0	129.0	130.0	131.0	132.0	133.0	134.0	135.0	136.0	137.0	138.0	139.0	140.0	141.0	142.0	143.0	144.0	145.0	146.0	147.0	148.0	149.0	149.0	150.0	151.0	152.0	153.0	154.0	155.0	156.0	157.0	158.0	159.0	160.0	161.0	162.0	163.0	164.0	165.0	166.0	167.0	168.0	169.0	170.0	171.0	172.0	173.0	174.0	175.0	176.0	177.0	178.0	179.0	180.0	181.0	182.0	183.0	184.0	185.0	186.0	187.0	188.0	189.0	190.0	191.0	192.0	193.0	194.0	195.0	196.0	197.0	198.0	199.0	200.0	201.0	202.0	203.0	204.0	205.0	206.0	207.0	208.0	209.0	210.0	211.0	212.0	213.0	214.0	215.0	216.0	217.0	218.0	219.0	220.0	221.0	222.0	223.0	224.0	225.0	226.0	227.0	228.0	229.0	230.0	231.0	232.0	233.0	234.0	235.0	236.0	237.0	238.0	239.0	240.0	241.0	242.0	243.0	244.0	245.0	246.0	247.0	248.0	249.0	250.0	251.0	252.0	253.0	254.0	255.0	256.0	257.0	258.0	259.0	260.0	261.0	262.0	263.0	264.0	265.0	266.0	267.0	268.0	269.0	270.0	271.0	272.0	273.0	274.0	275.0	276.0	277.0	278.0	279.0	280.0	281.0	282.0	283.0	284.0	285.0	286.0	287.0	288.0	289.0	290.0	291.0	292.0	293.0	294.0	295.0	296.0	297.0	298.0	298.0	299.0	300.0	301.0	302.0	303.0	304.0	305.0	306.0
2018.6043003120026
