2709.9123539505194	300.0	2000.0	240.36375473898127	0	0.0	2709.9123539505194	1	0	1	-1.7076887246027255
5385.566569460846	1000.0	307.5141372744366	92.48851243760708	0	0.0	693.0807067352825	1	0	2	-0.42540112823542137
6200.0	300.0	2574.5240497891978	0.0	0	586.3830723575938	2774.5240497891978	1	0	0	-1.8776496281173758
9382.657621192639	2000.0	343.5663377264698	63.60515568106992	0	0.0	726.2239589191086	1	0	2	-0.10868689689118338
10200.0	300.0	2607.9581967998433	0.0	0	612.4735289818618	2807.9581967998447	1	0	0	-2.574118836146364
13535.104309822684	2000.0	200.0	55.142312731916235	0	0.0	735.1043098226855	1	0	2	-0.05565986747098617
14200.0	300.0	2601.593878840417	0.0	0	399.0982774095064	2801.5938788404183	1	0	0	-2.574064130495655
17664.476345094346	2000.0	200.0	190.30009160306014	0	0.0	864.4763450943465	1	0	2	-0.8773134033226955
18200.0	300.0	2718.0287105849106	0.0	0	254.35266607802623	2918.028710584911	1	0	0	-2.5864421884361115
21854.233925485267	2000.0	232.83746386314525	304.0600648291167	0	0.0	1087.0713893484135	1	0	2	-1.5852553631727466
22200.0	500.0	887.0713893484115	0.0	0	2.648226083292684	1087.0713893484135	1	0	1	-0.9287630644057462
23200.0	1000.0	2987.071389348414	0.0	0	609.8735171716617	3187.07138934841	1	0	0	0.5980693558295566
26200.0	2000.0	887.0713893484118	0.0	0	417.44841898211234	1087.0713893484099	1	0	2	1.4400362952050456
27200.0	1000.0	2987.071389348416	0.0	0	706.4368828438674	3187.0713893484135	1	0	0	0.39810488699411756
30443.2071953124	3000.0	619.5434745047717	0.0	0	0.0	1062.7506698171746	1	0	2	1.644860397408591
31380.897964398493	1000.0	2775.6217823272823	0.0	0	0.0	3156.519746725782	1	0	0	-0.0060269915982467115
35492.98747841831	3000.0	200.0	696.1494944844179	0	0.0	1692.987478418312	1	0	2	-2.570640197372206
35715.75937776612	300.0	977.2281006522004	0.0	0	0.0	1692.9874784183194	1	0	1	-2.671883840835879
36442.821297378665	1000.0	1250.1661810396572	0.0	0	0.0	1692.9874784183194	1	0	1	0.4326876543211362
37253.42461563927	1000.0	1439.5628627790518	0.0	0	0.0	1692.9874784183194	1	0	1	1.6366604586470723
38615.213945349424	2000.0	1077.773533068901	0.0	0	0.0	1692.9874784183194	1	0	1	1.9832340489270452
39259.80345466975	1000.0	1433.184023748581	0.0	0	0.0	1692.9874784183194	1	0	1	0.9435132780871271
40200.0	1000.0	1492.9874784183332	0.0	0	273.1562240978965	1692.9874784183194	1	0	1	1.6366604586470723
41200.0	1000.0	1492.9874784183392	0.0	0	309.8337171011517	1692.9874784183194	1	0	1	1.6366604586470723
42200.0	1000.0	1492.9874784183419	0.0	0	338.1081215232698	1692.9874784183194	1	0	1	1.6366604586470723
43200.0	2000.0	1492.9874784183503	0.0	0	34.267384255173965	1692.9874784183266	1	0	1	1.9832340489270441
44200.0	2000.0	1492.9874784183503	0.0	0	260.48248134501773	1692.987478418334	1	0	1	2.6763812294869886
45200.0	2000.0	1492.987478418342	0.0	0	32.9436957939688	1692.987478418334	1	0	1	2.6763812294869886
46451.713634884574	2000.0	1241.2738435337724	0.0	0	0.0	1692.987478418334	1	0	1	2.6763812294869886
47369.579099173905	2000.0	1323.408379244442	0.0	0	0.0	1692.987478418334	1	0	1	2.6763812294869886
48200.0	2000.0	1492.9874784183448	0.0	0	217.3022003988226	1692.987478418334	1	0	1	2.6763812294869886
49200.0	2000.0	1492.9874784183428	0.0	0	311.21645744194393	1692.987478418334	1	0	1	2.6763812294869886
50638.785063617564	2000.0	1054.2024148007802	0.0	0	0.0	1692.9874784183266	1	0	1	2.6763812294869895
51350.63872023718	1000.0	1342.3487581811642	0.0	0	0.0	1692.9874784183194	1	0	1	0.9435132780871271
52200.0	1000.0	1492.9874784183514	0.0	0	413.9323169453928	1692.9874784183266	1	0	1	1.6366604586470719
53932.97346781199	2000.0	760.0140106063643	0.0	0	0.0	1692.9874784183266	1	0	1	1.9832340489270441
54526.81050633187	1000.0	1166.1769720864836	0.0	0	0.0	1692.987478418334	1	0	1	0.9435132780871258
55200.0	1000.0	1492.9874784183564	0.0	0	116.35226917753607	1692.987478418334	1	0	1	1.636660458647071
56200.0	1000.0	1492.9874784183626	0.0	0	480.0941995432004	1692.987478418334	1	0	1	1.636660458647071
57204.77673931982	2000.0	1488.2107390985445	0.0	0	0.0	1692.987478418334	1	0	1	1.9832340489270437
58918.279335804604	2000.0	774.7081426137722	0.0	0	0.0	1692.987478418334	1	0	1	2.6763812294869886
59816.750293286925	1000.0	876.2371851314463	0.0	0	0.0	1692.9874784183266	1	0	1	0.9435132780871266
60425.62172915737	1000.0	1267.3657492610014	0.0	0	0.0	1692.9874784183194	1	0	1	1.6366604586470723
61200.0	1000.0	1492.9874784183805	0.0	0	288.98288201638934	1692.9874784183194	1	0	1	1.6366604586470723
62200.0	1000.0	1492.9874784183817	0.0	0	343.9535430948745	1692.9874784183194	1	0	1	1.6366604586470723
63200.0	1000.0	1492.9874784183794	0.0	0	395.5379552737868	1692.9874784183194	1	0	1	1.6366604586470723
64200.0	1000.0	1492.9874784183803	0.0	0	339.1007841953833	1692.9874784183194	1	0	1	1.6366604586470723
65200.0	1000.0	1492.9874784183837	0.0	0	256.4698663368472	1692.9874784183194	1	0	1	1.6366604586470723
66200.0	1000.0	1492.9874784183812	0.0	0	206.03453742392594	1692.9874784183048	1	0	1	1.6366604586470737
67200.0	1000.0	1492.9874784183826	0.0	0	452.9496835997561	1692.987478418312	1	0	1	1.6366604586470737
68200.0	1000.0	1492.9874784183755	0.0	0	414.3882104722288	1692.9874784182903	1	0	1	1.6366604586470754
69200.0	1000.0	1492.9874784183885	0.0	0	576.4358225672186	1692.9874784182757	1	0	1	1.6366604586470768
70200.0	1000.0	1492.9874784184005	0.0	0	516.1106312194606	1692.9874784182612	1	0	1	1.636660458647078
71200.0	1000.0	1492.9874784183833	0.0	0	582.0502318649087	1692.987478418232	1	0	1	1.6366604586470808
72200.0	2000.0	1492.987478418386	0.0	0	404.09833432185405	1692.9874784182466	1	0	1	1.9832340489270526
73200.0	2000.0	1492.9874784183858	0.0	0	160.55534043554508	1692.987478418232	1	0	1	2.676381229486999
75048.9657461912	3000.0	644.0217322271919	0.0	0	0.0	1692.987478418232	1	0	1	2.879113783541081
75430.42949049915	1000.0	1262.5579879192333	0.0	0	0.0	1692.987478418232	1	0	1	0.5380481699789713
76200.0	2000.0	1492.9874784183928	0.0	0	202.67322161638003	1692.987478418232	1	0	1	1.9832340489270535
77200.0	3000.0	1492.9874784183974	0.0	0	73.10381817942834	1692.987478418232	1	0	1	2.879113783541081
79211.17876452937	3000.0	481.80871388902716	0.0	0	0.0	1692.9874784182466	1	0	1	3.284578891649245
79565.23242507418	500.0	1127.7550533442218	0.0	0	0.0	1692.9874784182612	1	0	1	-1.1948197814208938
81085.93912046833	1000.0	607.0483579500582	0.0	0	0.0	1692.9874784182466	1	0	1	0.9435132780871341
81498.04020961543	500.0	1194.9472688029696	0.0	0	0.0	1692.9874784182612	1	0	1	-0.0962074927527854
82342.63055960917	1000.0	1350.3569188092258	0.0	0	0.0	1692.9874784182612	1	0	1	0.9435132780871327
83200.0	1000.0	1492.9874784184083	0.0	0	224.4446317537804	1692.9874784182612	1	0	1	1.636660458647078
84200.0	1000.0	1492.9874784184074	0.0	0	567.0808300144272	1692.9874784182466	1	0	1	1.6366604586470794
85200.0	1000.0	1492.9874784184203	0.0	0	354.8831893514871	1692.9874784182466	1	0	1	1.6366604586470794
86200.0	1000.0	1492.9874784184267	0.0	0	598.2829054880422	1692.9874784182466	1	0	1	1.6366604586470794
87200.0	1000.0	1492.9874784184228	0.0	0	509.0292694899399	1692.9874784182466	1	0	1	1.6366604586470794
88445.64755334787	2000.0	1247.3399250705606	0.0	0	0.0	1692.9874784182466	1	0	1	1.9832340489270526
89239.4727645024	1000.0	1453.5147139160367	0.0	0	0.0	1692.9874784182612	1	0	1	0.9435132780871329
90200.0	1000.0	1492.9874784184276	0.0	0	311.8288963645464	1692.9874784182612	1	0	1	1.636660458647078
91200.0	1000.0	1492.9874784184374	0.0	0	488.13105209912464	1692.9874784182612	1	0	1	1.636660458647078
92200.0	1000.0	1492.987478418448	0.0	0	414.13709586742334	1692.9874784182757	1	0	1	1.6366604586470768
93200.0	1000.0	1492.987478418468	0.0	0	1.6785222722683102	1692.9874784182903	1	0	1	1.6366604586470754
94203.39353656225	1000.0	1489.5939418562223	0.0	0	0.0	1692.9874784182757	1	0	1	1.6366604586470768
95631.41798239115	2000.0	1061.5694960273363	0.0	0	0.0	1692.9874784182757	1	0	1	1.9832340489270495
96200.0	1000.0	1492.9874784184751	0.0	0	49.21842802877654	1692.9874784182757	1	0	1	0.9435132780871316
97200.0	1000.0	1492.9874784184817	0.0	0	620.4846653088025	1692.9874784182757	1	0	1	1.6366604586470768
98200.0	2000.0	1492.98747841848	0.0	0	214.29809235644643	1692.9874784182757	1	0	1	1.9832340489270495
99200.0	1000.0	1492.9874784184824	0.0	0	378.1870203809958	1692.9874784182757	1	0	1	0.9435132780871316
100517.5480867174	2000.0	1175.4393917010802	0.0	0	0.0	1692.9874784182903	1	0	1	1.9832340489270481
101329.43878726431	1000.0	1363.548691154157	0.0	0	0.0	1692.9874784182757	1	0	1	0.9435132780871316
102343.30496541732	1000.0	1349.6825130011575	0.0	0	0.0	1692.9874784182903	1	0	1	1.6366604586470754
103200.0	1000.0	1492.9874784184863	0.0	0	112.39615687205514	1692.9874784182903	1	0	1	1.6366604586470754
104200.0	1000.0	1492.9874784184872	0.0	0	405.85088956169784	1692.9874784182903	1	0	1	1.6366604586470754
105200.0	1000.0	1492.9874784184792	0.0	0	479.99644563124457	1692.9874784182757	1	0	1	1.6366604586470768
106200.0	1000.0	1492.9874784184926	0.0	0	438.64197852379584	1692.9874784182757	1	0	1	1.6366604586470768
107200.0	1000.0	1492.9874784184965	0.0	0	473.5886474805593	1692.9874784182757	1	0	1	1.6366604586470768
108200.0	1000.0	1492.9874784184929	0.0	0	418.53692689603486	1692.9874784182757	1	0	1	1.6366604586470768
109200.0	2000.0	1492.9874784184944	0.0	0	204.90075083565898	1692.9874784182612	1	0	1	1.9832340489270508
110792.29399797221	2000.0	900.6934804462799	0.0	0	0.0	1692.9874784182612	1	0	1	2.6763812294869957
111599.32312642058	1000.0	1093.6643519979234	0.0	0	0.0	1692.9874784182612	1	0	1	0.9435132780871329
112200.0	1000.0	1492.987478418502	0.0	0	132.04128804756328	1692.9874784182612	1	0	1	1.636660458647078
113200.0	1000.0	1492.9874784185015	0.0	0	255.99285418899672	1692.9874784182612	1	0	1	1.636660458647078
114200.0	1000.0	1492.9874784185017	0.0	0	384.02636139073	1692.9874784182612	1	0	1	1.636660458647078
115200.0	1000.0	1492.9874784184835	0.0	0	305.17183613467205	1692.9874784182612	1	0	1	1.636660458647078
116200.0	1000.0	1492.9874784184678	0.0	0	362.3139283759374	1692.9874784182612	1	0	1	1.636660458647078
117200.0	1000.0	1492.9874784184706	0.0	0	423.7607721450913	1692.9874784182612	1	0	1	1.636660458647078
118200.0	1000.0	1492.9874784184774	0.0	0	409.22270206091343	1692.9874784182612	1	0	1	1.636660458647078
119200.0	1000.0	1492.987478418476	0.0	0	186.51312833139673	1692.9874784182612	1	0	1	1.636660458647078
120200.0	2000.0	1492.9874784184774	0.0	0	97.54446101450594	1692.9874784182612	1	0	1	1.9832340489270508
121200.0	1000.0	1492.987478418479	0.0	0	511.70615319271747	1692.9874784182757	1	0	1	0.9435132780871316
122200.0	1000.0	1492.9874784184724	0.0	0	467.0080221888784	1692.9874784182612	1	0	1	1.636660458647078
123591.98163631301	2000.0	1101.0058421054568	0.0	0	0.0	1692.9874784182612	1	0	1	1.9832340489270508
124200.0	1000.0	1492.9874784184701	0.0	0	57.3708936454932	1692.9874784182612	1	0	1	0.9435132780871329
125749.92211651772	2000.0	943.0653619007679	0.0	0	0.0	1692.9874784182612	1	0	1	1.9832340489270508
126507.33276997897	1000.0	1185.6547084395222	0.0	0	0.0	1692.9874784182757	1	0	1	0.9435132780871316
127200.0	1000.0	1492.9874784184865	0.0	0	107.00021444354206	1692.9874784182612	1	0	1	1.636660458647078
128200.0	1000.0	1492.9874784184974	0.0	0	230.22307283384725	1692.9874784182612	1	0	1	1.636660458647078
129200.0	1000.0	1492.9874784185004	0.0	0	405.8783053186198	1692.9874784182466	1	0	1	1.6366604586470794
130200.0	1000.0	1492.9874784185195	0.0	0	420.98044460739766	1692.9874784182612	1	0	1	1.636660458647078
131200.0	1000.0	1492.987478418521	0.0	0	580.2238638419076	1692.9874784182757	1	0	1	1.6366604586470768
132200.0	1000.0	1492.9874784185413	0.0	0	303.74819194650627	1692.9874784182903	1	0	1	1.6366604586470754
133200.0	1000.0	1492.987478418524	0.0	0	189.7269597487757	1692.9874784182757	1	0	1	1.6366604586470768
134200.0	1000.0	1492.9874784185522	0.0	0	436.6519234936568	1692.9874784182757	1	0	1	1.6366604586470768
135776.59102294227	2000.0	916.396455476261	0.0	0	0.0	1692.9874784182757	1	0	1	1.9832340489270495
136200.0	1000.0	1492.9874784185113	0.0	0	37.864801115123555	1692.9874784182757	1	0	1	0.9435132780871316
137200.0	2000.0	1492.987478418516	0.0	0	214.9606597312668	1692.9874784182757	1	0	1	1.9832340489270495
138200.0	1000.0	1492.987478418515	0.0	0	558.9747267233324	1692.9874784182466	1	0	1	0.9435132780871338
139239.55534995775	2000.0	1453.4321284607622	0.0	0	0.0	1692.9874784182757	1	0	1	1.9832340489270495
140268.3414320918	2000.0	1424.6460463267363	0.0	0	0.0	1692.9874784183048	1	0	1	2.6763812294869913
141336.74570676062	2000.0	1356.2417716579325	0.0	0	0.0	1692.987478418334	1	0	1	2.6763812294869886
142619.9673639777	2000.0	1073.020114440861	0.0	0	0.0	1692.987478418334	1	0	1	2.6763812294869886
143510.22628715838	1000.0	1182.761191260137	0.0	0	0.0	1692.9874784183048	1	0	1	0.9435132780871264
144200.0	1000.0	1492.987478418545	0.0	0	81.45100498612737	1692.9874784183048	1	0	1	1.636660458647074
145200.0	1000.0	1492.9874784185738	0.0	0	424.72362009921926	1692.9874784182757	1	0	1	1.6366604586470768
146200.0	1000.0	1492.987478418558	0.0	0	397.3809317346895	1692.9874784182466	1	0	1	1.6366604586470794
147200.0	1000.0	1492.9874784185404	0.0	0	486.587005698384	1692.9874784182466	1	0	1	1.6366604586470794
148200.0	1000.0	1492.9874784185429	0.0	0	282.2341504728538	1692.9874784182175	1	0	1	1.6366604586470825
149411.24785495937	2000.0	1281.73962345914	0.0	0	0.0	1692.9874784181884	1	0	1	1.983234048927058
150350.33578327685	1000.0	1342.6516951416377	0.0	0	0.0	1692.9874784181884	1	0	1	0.9435132780871403
151200.0	1000.0	1492.9874784185108	0.0	0	109.37730436355923	1692.9874784181593	1	0	1	1.6366604586470883
152200.0	1000.0	1492.987478418562	0.0	0	186.93979748734273	1692.9874784181884	1	0	1	1.6366604586470854
153555.422140844	2000.0	1137.5653375745953	0.0	0	0.0	1692.9874784182175	1	0	1	1.9832340489270552
154200.0	1000.0	1492.9874784185834	0.0	0	16.072119982767617	1692.9874784181884	1	0	1	0.9435132780871403
155200.0	1000.0	1492.987478418567	0.0	0	384.3883692192321	1692.9874784181884	1	0	1	1.6366604586470854
156200.0	1000.0	1492.9874784185772	0.0	0	549.6888746809855	1692.9874784181884	1	0	1	1.6366604586470854
157200.0	2000.0	1492.9874784185836	0.0	0	100.89193040435202	1692.9874784181884	1	0	1	1.983234048927058
158200.0	1000.0	1492.9874784185595	0.0	0	628.9952382617339	1692.9874784181884	1	0	1	0.9435132780871403
159200.0	2000.0	1492.987478418534	0.0	0	435.1335904469597	1692.9874784181884	1	0	1	1.983234048927058
160292.81596455164	2000.0	1400.1715138669197	0.0	0	0.0	1692.9874784181884	1	0	1	2.6763812294870033
161669.69049875435	2000.0	1023.2969796642064	0.0	0	0.0	1692.9874784181884	1	0	1	2.6763812294870033
162755.4645294809	1000.0	937.5229489376702	0.0	0	0.0	1692.9874784181884	1	0	1	0.9435132780871403
163811.85254338928	1000.0	881.1349350292979	0.0	0	0.0	1692.9874784181884	1	0	1	1.6366604586470854
164863.67980127642	1000.0	829.307677142172	0.0	0	0.0	1692.9874784181884	1	0	1	1.6366604586470854
165335.6518632175	500.0	1357.3356152010629	0.0	0	0.0	1692.9874784181884	1	0	1	-0.09620749275277801
166200.0	1000.0	1492.987478418543	0.0	0	3.3170670427498408	1692.9874784181884	1	0	1	0.94351327808714
167200.0	1000.0	1492.9874784185565	0.0	0	94.62771287624491	1692.9874784181884	1	0	1	1.6366604586470854
168200.0	1000.0	1492.9874784185533	0.0	0	266.5248324488639	1692.9874784181884	1	0	1	1.6366604586470854
169200.0	1000.0	1492.9874784185306	0.0	0	343.00779527632403	1692.9874784181884	1	0	1	1.6366604586470854
170200.0	1000.0	1492.9874784185063	0.0	0	254.51572728753672	1692.9874784181884	1	0	1	1.6366604586470854
171200.0	1000.0	1492.9874784184894	0.0	0	414.1886270837567	1692.9874784181884	1	0	1	1.6366604586470854
172200.0	1000.0	1492.9874784184597	0.0	0	315.66271093848627	1692.9874784181593	1	0	1	1.6366604586470879
173200.0	1000.0	1492.9874784184763	0.0	0	189.30511319858488	1692.9874784181593	1	0	1	1.6366604586470883
174308.29417151315	1000.0	1384.6933069053207	0.0	0	0.0	1692.9874784181593	1	0	1	1.6366604586470879
175200.0	1000.0	1492.9874784185051	0.0	0	56.37739474707632	1692.9874784181593	1	0	1	1.6366604586470883
176200.0	1000.0	1492.9874784184835	0.0	0	285.9441228953656	1692.9874784181302	1	0	1	1.6366604586470912
177200.0	1000.0	1492.9874784184724	0.0	0	542.764839906391	1692.9874784181302	1	0	1	1.6366604586470912
178200.0	1000.0	1492.9874784184542	0.0	0	584.3219353353197	1692.9874784181302	1	0	1	1.6366604586470912
179200.0	1000.0	1492.9874784184567	0.0	0	623.2399040101154	1692.9874784181302	1	0	1	1.6366604586470912
180200.0	1000.0	1492.9874784184851	0.0	0	544.755486093025	1692.9874784181302	1	0	1	1.6366604586470912
181200.0	2000.0	1492.9874784184815	0.0	0	5.462649337336188	1692.9874784181302	1	0	1	1.9832340489270641
182400.71744432067	2000.0	1292.2700340978151	0.0	0	0.0	1692.9874784181593	1	0	1	2.676381229487006
183710.88235105568	2000.0	982.1051273628173	0.0	0	0.0	1692.9874784181302	1	0	1	2.6763812294870073
184209.50473415808	1000.0	1483.4827442604144	0.0	0	0.0	1692.9874784181302	1	0	1	0.943513278087146
185200.0	1000.0	1492.9874784184974	0.0	0	251.14534126585932	1692.9874784181302	1	0	1	1.6366604586470912
186200.0	1000.0	1492.9874784185051	0.0	0	462.3628641460964	1692.9874784181302	1	0	1	1.6366604586470912
187200.0	1000.0	1492.9874784184956	0.0	0	53.47023273826926	1692.987478418101	1	0	1	1.6366604586470943
188200.0	1000.0	1492.9874784185124	0.0	0	489.78774826115114	1692.987478418101	1	0	1	1.6366604586470943
189200.0	1000.0	1492.9874784185301	0.0	0	427.35952402837574	1692.9874784181302	1	0	1	1.6366604586470912
190200.0	1000.0	1492.9874784185322	0.0	0	280.7298485294741	1692.9874784181302	1	0	1	1.6366604586470912
191200.0	1000.0	1492.9874784185365	0.0	0	331.2996619614423	1692.987478418101	1	0	1	1.6366604586470943
192200.0	1000.0	1492.9874784185527	0.0	0	495.34498201461975	1692.987478418101	1	0	1	1.6366604586470943
193200.0	2000.0	1492.9874784185672	0.0	0	169.66804263653466	1692.987478418072	1	0	1	1.9832340489270697
194200.0	2000.0	1492.9874784185727	0.0	0	294.7283126162365	1692.987478418072	1	0	1	2.676381229487015
195200.0	2000.0	1492.9874784185301	0.0	0	2.1347961936844513	1692.987478418072	1	0	1	2.676381229487015
196303.38067012318	2000.0	1389.6068082953532	0.0	0	0.0	1692.987478418072	1	0	1	2.676381229487015
197200.0	2000.0	1492.9874784185422	0.0	0	107.21880727846292	1692.987478418072	1	0	1	2.676381229487015
198200.0	2000.0	1492.9874784185558	0.0	0	254.47370283305645	1692.987478418072	1	0	1	2.676381229487015
199692.1162479899	2000.0	1000.8712304286785	0.0	0	0.0	1692.9874784181302	1	0	1	2.676381229487011
200368.71045546362	1000.0	1324.2770229549851	0.0	0	0.0	1692.9874784181593	1	0	1	0.9435132780871432
201200.0	1000.0	1492.9874784186065	0.0	0	330.3136542950524	1692.9874784181593	1	0	1	1.6366604586470883
202990.30780805272	2000.0	702.6796703658974	0.0	0	0.0	1692.9874784181593	1	0	1	1.9832340489270608
203516.23394900459	1000.0	1176.7535294140444	0.0	0	0.0	1692.9874784181302	1	0	1	0.9435132780871444
204200.0	1000.0	1492.9874784186152	0.0	0	148.98331682870048	1692.9874784181302	1	0	1	1.6366604586470912
205200.0	2000.0	1492.987478418651	0.0	0	172.10428250062978	1692.9874784181302	1	0	1	1.9832340489270641
206361.60046891106	2000.0	1331.387009507573	0.0	0	0.0	1692.9874784181593	1	0	1	2.676381229487006
207454.0084555886	2000.0	1238.9790228300378	0.0	0	0.0	1692.9874784181302	1	0	1	2.676381229487009
208235.78740570473	1000.0	1457.200072713925	0.0	0	0.0	1692.9874784181593	1	0	1	0.9435132780871432
209200.0	1000.0	1492.9874784186607	0.0	0	118.93885038318695	1692.9874784181593	1	0	1	1.6366604586470883
210200.0	1000.0	1492.987478418686	0.0	0	454.91496028524125	1692.9874784181593	1	0	1	1.6366604586470883
211325.41122777286	2000.0	1367.5762506458416	0.0	0	0.0	1692.9874784181593	1	0	1	1.9832340489270608
212200.0	1000.0	1492.9874784187275	0.0	0	367.50336572679225	1692.9874784181593	1	0	1	0.9435132780871432
213245.44599453104	2000.0	1447.54148388767	0.0	0	0.0	1692.9874784181593	1	0	1	1.9832340489270608
214200.0	1000.0	1492.987478418699	0.0	0	198.17128583876183	1692.9874784181593	1	0	1	0.9435132780871432
215200.0	1000.0	1492.9874784186582	0.0	0	356.98956834251294	1692.9874784181593	1	0	1	1.6366604586470883
216200.0	1000.0	1492.9874784186393	0.0	0	294.6752782627009	1692.9874784181302	1	0	1	1.6366604586470912
217200.0	1000.0	1492.987478418651	0.0	0	357.1241999232152	1692.9874784181593	1	0	1	1.6366604586470883
218200.0	1000.0	1492.987478418655	0.0	0	362.3244718340575	1692.9874784181593	1	0	1	1.6366604586470883
219200.0	1000.0	1492.9874784186359	0.0	0	430.11555051099276	1692.9874784181593	1	0	1	1.6366604586470883
220200.0	1000.0	1492.9874784186609	0.0	0	546.8076471161621	1692.9874784181593	1	0	1	1.6366604586470883
221200.0	2000.0	1492.987478418639	0.0	0	227.87777478524367	1692.9874784181593	1	0	1	1.9832340489270608
222200.0	2000.0	1492.987478418641	0.0	0	264.5312419202528	1692.9874784181593	1	0	1	2.676381229487006
223880.13778604032	3000.0	812.8496923783655	0.0	0	0.0	1692.9874784181593	1	0	1	2.8791137835410883
224412.4379922368	1000.0	1280.5494861818793	0.0	0	0.0	1692.9874784181302	1	0	1	0.5380481699789814
225200.0	2000.0	1492.987478418665	0.0	0	100.74827504402492	1692.9874784181302	1	0	1	1.9832340489270641
226306.53512663278	3000.0	1386.452351785887	0.0	0	0.0	1692.9874784181302	1	0	1	2.879113783541092
227380.9182434691	2000.0	1312.0692349495853	0.0	0	0.0	1692.9874784181302	1	0	1	2.2709161213788445
228347.30370162806	2000.0	1345.6837767906222	0.0	0	0.0	1692.9874784181302	1	0	1	2.676381229487009
231199.2198096039	2000.0	200.0	706.2323311852522	0	0.0	2399.2198096033535	1	0	1	-1.615124074761192
232200.0	300.0	99.20000000001434	0.0	0	705.3245251491026	299.19999999945867	1	0	2	-2.3310399848858268
233200.0	500.0	2199.1999999999985	0.0	0	732.3645804040134	2399.1999999994878	1	0	0	-0.3805071881169534
236200.0	2000.0	303.1241503908858	185.38559126447814	0	173.42102971914574	503.1241503908823	1	0	2	-0.3067340443325588
237200.0	300.0	2403.124150390869	0.0	0	766.9784326514637	2603.124150390853	1	0	0	-2.5534323999249673
240200.0	2000.0	403.20491460078847	90.98251291809028	0	66.58691802452086	603.204914600763	1	0	2	-0.2605617436349028
241200.0	500.0	2503.204914600763	0.0	0	579.5202155132138	2703.204914600705	1	0	0	-1.2863917462837948
245459.2620850864	3000.0	200.0	1074.5303445402812	0	0.0	1659.262085086404	1	0	2	-5.5385631132686095
245659.53564278493	300.0	999.7264423014431	0.0	0	0.0	1659.262085086404	1	0	1	-2.668511301502686
246200.0	1000.0	1459.2620850863898	0.0	0	21.974586591677507	1659.2620850864332	1	0	1	0.43606019365432486
247200.0	1000.0	1459.2620850864032	0.0	0	367.9505012622976	1659.262085086404	1	0	1	1.640032997980264
248223.6696418051	1000.0	1435.592443281326	0.0	0	0.0	1659.262085086404	1	0	1	1.640032997980264
249239.74274292993	1000.0	1419.51934215651	0.0	0	0.0	1659.2620850864332	1	0	1	1.640032997980261
250200.0	1000.0	1459.2620850864514	0.0	0	292.991348726413	1659.2620850864332	1	0	1	1.640032997980261
251200.0	1000.0	1459.2620850864648	0.0	0	326.5351385498943	1659.2620850864332	1	0	1	1.640032997980261
252200.0	1000.0	1459.2620850864234	0.0	0	624.4611040045565	1659.262085086404	1	0	1	1.640032997980264
253200.0	1000.0	1459.2620850863987	0.0	0	558.7621783013456	1659.262085086404	1	0	1	1.6400329979802635
254200.0	1000.0	1459.2620850863925	0.0	0	400.6020758848754	1659.262085086375	1	0	1	1.640032997980267
255200.0	1000.0	1459.2620850864253	0.0	0	109.30952452524798	1659.262085086346	1	0	1	1.6400329979802697
256200.0	1000.0	1459.2620850864237	0.0	0	219.35901294875657	1659.262085086346	1	0	1	1.6400329979802697
257200.0	1000.0	1459.2620850864137	0.0	0	46.86543441738468	1659.262085086346	1	0	1	1.6400329979802697
258536.24606334153	2000.0	1123.016021744853	0.0	0	0.0	1659.262085086346	1	0	1	1.9866065882602426
259280.10318485447	1000.0	1379.1589002319183	0.0	0	0.0	1659.262085086346	1	0	1	0.9468858174203245
260200.0	1000.0	1459.2620850863948	0.0	0	317.20223962300224	1659.262085086346	1	0	1	1.6400329979802697
261200.0	1000.0	1459.2620850864123	0.0	0	557.2148282848357	1659.262085086346	1	0	1	1.6400329979802692
262200.0	1000.0	1459.2620850863918	0.0	0	437.54142112773843	1659.262085086346	1	0	1	1.6400329979802697
263200.0	1000.0	1459.2620850863746	0.0	0	410.84722229250474	1659.2620850863168	1	0	1	1.6400329979802717
264200.0	2000.0	1459.2620850864569	0.0	0	193.89059289504075	1659.262085086375	1	0	1	1.9866065882602417
265872.2681903056	2000.0	786.9938947808298	0.0	0	0.0	1659.262085086375	1	0	1	2.6797537688201842
266563.0883994135	1000.0	1096.173685672921	0.0	0	0.0	1659.2620850863168	1	0	1	0.9468858174203276
267298.7222286067	1000.0	1360.5398564796783	0.0	0	0.0	1659.2620850863168	1	0	1	1.6400329979802728
268200.0	1000.0	1459.2620850863966	0.0	0	134.61349373252597	1659.2620850862586	1	0	1	1.6400329979802786
269200.0	1000.0	1459.262085086394	0.0	0	290.0934441383579	1659.2620850862586	1	0	1	1.6400329979802786
270200.0	1000.0	1459.2620850864241	0.0	0	528.6768946058	1659.2620850863168	1	0	1	1.6400329979802741
271200.0	1000.0	1459.262085086377	0.0	0	544.3887329833815	1659.2620850862586	1	0	1	1.6400329979802775
272200.0	1000.0	1459.2620850863655	0.0	0	447.1838792359922	1659.2620850863168	1	0	1	1.6400329979802728
273200.0	1000.0	1459.2620850863625	0.0	0	219.7946817224729	1659.2620850863168	1	0	1	1.6400329979802728
274200.0	1000.0	1459.2620850863677	0.0	0	366.1292997234268	1659.2620850863168	1	0	1	1.6400329979802728
275413.48147982947	2000.0	1245.780605256928	0.0	0	0.0	1659.2620850863168	1	0	1	1.9866065882602455
276200.0	1000.0	1459.26208508641	0.0	0	98.05693793582032	1659.2620850863168	1	0	1	0.9468858174203276
277200.0	1000.0	1459.2620850863052	0.0	0	133.33747824188322	1659.2620850862586	1	0	1	1.6400329979802786
278552.7048785568	2000.0	1106.5572065294891	0.0	0	0.0	1659.2620850862586	1	0	1	1.9866065882602508
279200.0	1000.0	1459.262085086286	0.0	0	175.32917412754614	1659.2620850862586	1	0	1	0.9468858174203334
280293.06027971755	2000.0	1366.2018053687207	0.0	0	0.0	1659.2620850862586	1	0	1	1.9866065882602508
281316.4810857237	1000.0	1342.780999362591	0.0	0	0.0	1659.2620850862586	1	0	1	0.9468858174203334
282200.0	1000.0	1459.2620850863332	0.0	0	28.90139125927817	1659.2620850863168	1	0	1	1.6400329979802728
283200.0	1000.0	1459.2620850862484	0.0	0	445.3333093567635	1659.2620850862586	1	0	1	1.6400329979802786
284200.0	1000.0	1459.2620850862843	0.0	0	456.4156153833028	1659.2620850863168	1	0	1	1.6400329979802728
285200.0	1000.0	1459.2620850863345	0.0	0	571.2382292612456	1659.2620850863168	1	0	1	1.6400329979802728
286200.0	1000.0	1459.262085086334	0.0	0	293.02271726337494	1659.2620850863168	1	0	1	1.6400329979802728
287200.0	1000.0	1459.262085086323	0.0	0	253.44349037337815	1659.2620850863168	1	0	1	1.6400329979802728
288200.0	1000.0	1459.2620850863325	0.0	0	492.6234091456281	1659.2620850863168	1	0	1	1.6400329979802728
289200.0	1000.0	1459.2620850863598	0.0	0	188.00122512871167	1659.2620850862586	1	0	1	1.6400329979802786
290244.1048978911	2000.0	1415.1571871951812	0.0	0	0.0	1659.2620850862586	1	0	1	1.9866065882602508
291200.0	1000.0	1459.262085086247	0.0	0	492.16371397458715	1659.2620850862586	1	0	1	0.9468858174203334
292200.0	1000.0	1459.2620850862431	0.0	0	393.82650830817875	1659.2620850862586	1	0	1	1.6400329979802786
293200.0	1000.0	1459.2620850862427	0.0	0	450.9682321625878	1659.2620850862586	1	0	1	1.6400329979802786
294200.0	1000.0	1459.2620850862845	0.0	0	406.7223595835385	1659.2620850862586	1	0	1	1.6400329979802786
295200.0	2000.0	1459.2620850862609	0.0	0	146.41124401876004	1659.2620850862004	1	0	1	1.986606588260257
296399.1496591721	2000.0	1260.1124259141297	0.0	0	0.0	1659.2620850862586	1	0	1	2.6797537688201962
297866.52929727756	2000.0	792.7327878086594	0.0	0	0.0	1659.2620850862586	1	0	1	2.6797537688201962
298816.2839830154	1000.0	842.9781020708537	0.0	0	0.0	1659.2620850862586	1	0	1	0.9468858174203334
299541.22816615895	1000.0	1118.0339189272368	0.0	0	0.0	1659.2620850862586	1	0	1	1.6400329979802786
300200.0	1000.0	1459.2620850861242	0.0	0	160.89793423272204	1659.2620850862586	1	0	1	1.6400329979802786
301200.0	1000.0	1459.2620850861679	0.0	0	554.3040165827842	1659.2620850862586	1	0	1	1.6400329979802786
302200.0	1000.0	1459.2620850861942	0.0	0	257.1816955752438	1659.2620850863168	1	0	1	1.6400329979802728
303200.0	1000.0	1459.2620850862118	0.0	0	383.60142108239233	1659.2620850863168	1	0	1	1.6400329979802728
304424.6718261702	2000.0	1234.5902589160173	0.0	0	0.0	1659.2620850863168	1	0	1	1.9866065882602455
305327.53777896473	1000.0	1331.7243061214708	0.0	0	0.0	1659.262085086375	1	0	1	0.9468858174203217
306373.56095565733	1000.0	1285.7011294289355	0.0	0	0.0	1659.262085086375	1	0	1	1.640032997980267
307311.02877933497	1000.0	1348.2333057512997	0.0	0	0.0	1659.2620850863168	1	0	1	1.6400329979802728
308200.0	1000.0	1459.2620850862718	0.0	0	367.0001824765932	1659.2620850863168	1	0	1	1.6400329979802728
309200.0	1000.0	1459.2620850863686	0.0	0	431.2415199985844	1659.262085086375	1	0	1	1.640032997980267
310200.0	1000.0	1459.262085086329	0.0	0	274.1243628344382	1659.262085086375	1	0	1	1.640032997980267
311200.0	1000.0	1459.2620850863186	0.0	0	296.1329134198022	1659.262085086375	1	0	1	1.640032997980267
312200.0	1000.0	1459.262085086389	0.0	0	470.66461065626936	1659.2620850864332	1	0	1	1.640032997980261
313200.0	1000.0	1459.2620850863814	0.0	0	570.6592715351144	1659.2620850864332	1	0	1	1.640032997980261
314200.0	1000.0	1459.2620850863086	0.0	0	707.1107244650484	1659.262085086375	1	0	1	1.640032997980267
315200.0	2000.0	1459.2620850863232	0.0	0	193.718151719484	1659.262085086375	1	0	1	1.9866065882602393
316751.2119230865	2000.0	908.0501619998265	0.0	0	0.0	1659.262085086375	1	0	1	2.6797537688201842
317848.7831984091	1000.0	810.4788866772894	0.0	0	0.0	1659.262085086375	1	0	1	0.9468858174203217
318942.66481357295	1000.0	716.5972715133953	0.0	0	0.0	1659.262085086375	1	0	1	1.640032997980267
319355.5443685889	500.0	1303.7177164975058	0.0	0	0.0	1659.262085086375	1	0	1	-0.09283495341959674
320491.96570329217	1000.0	1167.296381794241	0.0	0	0.0	1659.262085086375	1	0	1	0.9468858174203215
321200.0	1000.0	1459.2620850863832	0.0	0	60.69863885710947	1659.2620850863168	1	0	1	1.6400329979802728
322231.86956936325	1000.0	1427.392515723199	0.0	0	0.0	1659.2620850863168	1	0	1	1.6400329979802728
323296.47887130774	1000.0	1362.7832137786631	0.0	0	0.0	1659.2620850862586	1	0	1	1.6400329979802786
324200.0	1000.0	1459.2620850864198	0.0	0	19.3182674110285	1659.2620850863168	1	0	1	1.6400329979802728
1.15	1.11	1.42	1.6	2.1	1.26	1.4	0.92	1.16	1.51	2.07	2.61	3.17	2.61	1.55	1.39	1.8	1.83	1.83	1.52	1.41	2.15	1.85	1.73	2.22	2.15	2.87	1.93	1.76	2.24	2.59	2.26	0.94	1.92	1.83	1.2	1.7	2.39	2.66	2.37	1.49	1.14	1.54	2.12	1.87	1.58	1.81	1.8	1.68	1.48	1.74	2.39	2.24	2.77	3.26	2.32	1.92	2.15	2.94	2.47	1.84	2.02	0.46	0.94	1.27	1.91	1.96	1.82	2.11	1.85	1.39	1.63	2.11	1.99	1.87	1.1	1.27	1.69	1.97	2.28	2.54	0.94	1.68	1.58	1.24	1.44	1.78	2.02	2.21	2.32	2.36	1.97	1.49	1.61	1.85	1.7	2.03	1.67	1.75	1.58	1.54	1.59	1.87	1.84	1.44	1.15	1.75	1.41	1.37	1.56	1.69	1.83	2.17	1.86	1.37	1.54	1.32	1.69	2.12	2.19	2.46	2.48	1.64	2.38	1.58	1.17	1.77	2.08	1.85	1.63	2.15	2.11	1.44	1.23	1.36	1.52	1.6	1.67	1.95	2.11	2.56	3.15	1.92	1.38	1.39	0.74	1.11	1.09	1.25	1.2	1.15	1.11	1.42	1.6	2.1	1.26	1.4	0.92	1.16	1.51	2.07	2.61	3.17	2.61	1.55	1.39	1.8	1.83	1.83	1.52	1.41	2.15	1.85	1.73	2.22	2.15	2.87	1.93	1.76	2.24	2.59	2.26	0.94	1.92	1.83	1.2	1.7	2.39	2.66	2.37	1.49	1.14	1.54	2.12	1.87	1.58	1.81	1.8	1.68	1.48	1.74	2.39	2.24	2.77	3.26	2.32	1.92	2.15	2.94	2.47	1.84	2.02	0.46	0.94	1.27	1.91	1.96	1.82	2.11	1.85	1.39	1.63	2.11	1.99	1.87	1.1	1.27	1.69	1.97	2.28	2.54	0.94	1.68	1.58	1.24	1.44	1.78	2.02	2.21	2.32	2.36	1.97	1.49	1.61	1.85	1.7	2.03	1.67	1.75	1.58	1.54	1.59	1.87	1.84	1.44	1.15	1.75	1.41	1.37	1.56	1.69	1.83	2.17	1.86	1.37	1.54	1.32	1.69	2.12	2.19	2.46	2.48	1.64	2.38	1.58	1.17	1.77	2.08	1.85	1.63	2.15	2.11	1.44	1.23	1.36	1.52	1.6	1.67	1.95	2.11	2.56	3.15	1.92	1.38	1.39	0.74	1.11	1.09	1.25	1.2	1.15	1.11	1.42	1.6	2.1	1.26	1.4	0.92	1.16	1.51	2.07	2.61	3.17	2.61	1.55	1.39	1.8	1.83	1.83	1.52	1.41	2.15	1.85	1.73	2.22	2.15
1.0	2.0	3.0	4.0	5.0	6.0	7.0	8.0	9.0	10.0	11.0	12.0	13.0	14.0	15.0	16.0	17.0	18.0	19.0	20.0	21.0	22.0	23.0	24.0	25.0	26.0	27.0	28.0	29.0	30.0	31.0	32.0	33.0	34.0	35.0	36.0	37.0	38.0	39.0	40.0	41.0	42.0	43.0	44.0	45.0	46.0	47.0	48.0	49.0	50.0	51.0	52.0	53.0	54.0	55.0	56.0	57.0	58.0	59.0	60.0	61.0	62.0	63.0	64.0	65.0	66.0	67.0	68.0	69.0	70.0	71.0	72.0	73.0	74.0	75.0	76.0	77.0	78.0	79.0	80.0	81.0	82.0	83.0	84.0	85.0	86.0	87.0	88.0	89.0	90.0	91.0	92.0	93.0	94.0	95.0	96.0	97.0	98.0	99.0	100.0	101.0	102.0	103.0	104.0	105.0	106.0	107.0	108.0	109.0	110.0	111.0	112.0	113.0	114.0	115.0	116.0	117.0	118.0	119.0	120.0	121.0	122.0	123.0	124.0	125.0	126.0	127.0	128.0	129.0	130.0	131.0	132.0	133.0	134.0	135.0	136.0	137.0	138.0	139.0	140.0	141.0	142.0	143.0	144.0	145.0	146.0	147.0	148.0	149.0	149.0	150.0	151.0	152.0	153.0	154.0	155.0	156.0	157.0	158.0	159.0	160.0	161.0	162.0	163.0	164.0	165.0	166.0	167.0	168.0	169.0	170.0	171.0	172.0	173.0	174.0	175.0	176.0	177.0	178.0	179.0	180.0	181.0	182.0	183.0	184.0	185.0	186.0	187.0	188.0	189.0	190.0	191.0	192.0	193.0	194.0	195.0	196.0	197.0	198.0	199.0	200.0	201.0	202.0	203.0	204.0	205.0	206.0	207.0	208.0	209.0	210.0	211.0	212.0	213.0	214.0	215.0	216.0	217.0	218.0	219.0	220.0	221.0	222.0	223.0	224.0	225.0	226.0	227.0	228.0	229.0	230.0	231.0	232.0	233.0	234.0	235.0	236.0	237.0	238.0	239.0	240.0	241.0	242.0	243.0	244.0	245.0	246.0	247.0	248.0	249.0	250.0	251.0	252.0	253.0	254.0	255.0	256.0	257.0	258.0	259.0	260.0	261.0	262.0	263.0	264.0	265.0	266.0	267.0	268.0	269.0	270.0	271.0	272.0	273.0	274.0	275.0	276.0	277.0	278.0	279.0	280.0	281.0	282.0	283.0	284.0	285.0	286.0	287.0	288.0	289.0	290.0	291.0	292.0	293.0	294.0	295.0	296.0	297.0	298.0	298.0	299.0	300.0	301.0	302.0	303.0	304.0	305.0	306.0	307.0	308.0	309.0	310.0	311.0	312.0	313.0	314.0	315.0	316.0	317.0	318.0	319.0	320.0	321.0	322.0	323.0	324.0
2145.302794710103
