2997.218429724235	300.0	2000.0	178.4014213104391	0	0.0	2997.218429724235	1	0	1	-1.3664445081914327
5200.0	2000.0	697.1999999999998	0.0	0	12.64171489236378	897.1999999999998	1	0	2	0.45651691161436314
6200.0	1000.0	2797.2000000000003	0.0	0	527.5860436562562	2997.2000000000003	1	0	0	0.41699773801360646
9779.446228328085	3000.0	200.0	127.4462283280825	0	0.0	979.4462283280845	1	0	2	0.8965007431579124
10200.0	300.0	2821.5016054952766	0.0	0	234.46082709949587	3021.5016054952766	1	0	0	-3.0025244171450725
13645.028338278767	3000.0	231.97043338863168	0.0	0	0.0	876.9987716673986	1	0	2	0.4598436632069004
14200.0	300.0	2732.4959378395215	0.0	0	354.8923705770394	2932.4959378395233	1	0	0	-2.992919987636709
17566.10152770103	3000.0	229.78425736838545	0.0	0	0.0	795.8857850694149	1	0	2	0.4672677592188961
18200.0	300.0	2659.2756322993155	0.0	0	369.2468065197427	2859.275632299312	1	0	0	-2.9854161759390525
22178.24069532346	3000.0	200.0	651.6264841422608	0	0.0	1378.2406953234604	1	0	2	-3.494274904056174
22341.745747703757	300.0	1036.4949476197035	0.0	0	0.0	1378.2406953234604	1	0	1	-2.6404091625263924
23200.0	1000.0	1178.24069532346	0.0	0	455.06902552720567	1378.2406953234604	1	0	1	0.4641623326306221
24200.0	1000.0	1178.2406953234595	0.0	0	484.51238210433075	1378.2406953234604	1	0	1	1.6681351369565585
25200.0	1000.0	1178.2406953234588	0.0	0	419.4170193173413	1378.2406953234604	1	0	1	1.6681351369565585
26611.91218702545	2000.0	766.3285082980096	0.0	0	0.0	1378.2406953234604	1	0	1	2.0147087272365307
27325.55514636262	1000.0	1052.6855489608347	0.0	0	0.0	1378.2406953234604	1	0	1	0.9749879563966132
28200.0	1000.0	1178.2406953234604	0.0	0	428.7276930346925	1378.2406953234604	1	0	1	1.6681351369565585
29200.0	1000.0	1178.2406953234618	0.0	0	611.0769870083313	1378.2406953234604	1	0	1	1.6681351369565585
30200.0	1000.0	1178.240695323464	0.0	0	646.622873970482	1378.2406953234604	1	0	1	1.6681351369565585
31200.0	1000.0	1178.2406953234636	0.0	0	649.0793795813006	1378.2406953234604	1	0	1	1.6681351369565585
32837.75697915278	2000.0	540.4837161706864	0.0	0	0.0	1378.2406953234604	1	0	1	2.0147087272365307
33460.312205753464	1000.0	917.9284895700051	0.0	0	0.0	1378.240695323464	1	0	1	0.9749879563966128
34232.208153619744	1000.0	1146.0325417037284	0.0	0	0.0	1378.240695323475	1	0	1	1.6681351369565576
35200.0	1000.0	1178.240695323464	0.0	0	326.60102517293126	1378.240695323475	1	0	1	1.6681351369565567
36200.0	1000.0	1178.2406953234686	0.0	0	345.11409822077985	1378.2406953234822	1	0	1	1.6681351369565567
37200.0	1000.0	1178.2406953234631	0.0	0	557.7631489186388	1378.2406953234822	1	0	1	1.6681351369565562
38325.37733475596	1000.0	1052.8633605674984	0.0	0	0.0	1378.2406953234822	1	0	1	1.6681351369565562
39543.26142016975	1000.0	834.9792751537141	0.0	0	0.0	1378.240695323475	1	0	1	1.6681351369565567
40200.0	1000.0	1178.240695323466	0.0	0	21.10222471907764	1378.2406953234677	1	0	1	1.6681351369565576
41200.0	1000.0	1178.2406953234633	0.0	0	260.9675769352034	1378.2406953234604	1	0	1	1.6681351369565585
42200.0	1000.0	1178.2406953234702	0.0	0	264.23084714452125	1378.2406953234604	1	0	1	1.6681351369565585
43200.0	1000.0	1178.24069532347	0.0	0	274.67479060721234	1378.240695323453	1	0	1	1.6681351369565585
44200.0	1000.0	1178.2406953234702	0.0	0	120.20540269945195	1378.2406953234604	1	0	1	1.668135136956559
45200.0	1000.0	1178.2406953234763	0.0	0	435.4057449686152	1378.2406953234604	1	0	1	1.6681351369565585
46200.0	1000.0	1178.2406953234727	0.0	0	605.7329096546891	1378.2406953234604	1	0	1	1.6681351369565585
47200.0	1000.0	1178.2406953234683	0.0	0	500.10551021178253	1378.2406953234604	1	0	1	1.6681351369565585
48200.0	1000.0	1178.24069532347	0.0	0	592.5567433372562	1378.2406953234604	1	0	1	1.6681351369565585
49200.0	1000.0	1178.2406953234702	0.0	0	678.6176207063327	1378.2406953234604	1	0	1	1.6681351369565585
50200.0	2000.0	1178.2406953234672	0.0	0	225.9098511134216	1378.2406953234604	1	0	1	2.0147087272365307
51583.200441454814	2000.0	795.0402538686584	0.0	0	0.0	1378.240695323453	1	0	1	2.707855907796477
52200.0	1000.0	1178.2406953234665	0.0	0	84.53137390133634	1378.240695323453	1	0	1	0.9749879563966137
53200.0	2000.0	1178.2406953234736	0.0	0	413.1388286262736	1378.240695323453	1	0	1	2.014708727236532
54200.0	2000.0	1178.2406953234783	0.0	0	432.9197085327396	1378.240695323453	1	0	1	2.707855907796477
55200.0	2000.0	1178.240695323479	0.0	0	339.6900735394229	1378.240695323453	1	0	1	2.707855907796477
56217.50739737282	2000.0	1160.7332979506543	0.0	0	0.0	1378.2406953234604	1	0	1	2.7078559077964757
57283.834245222286	2000.0	1094.4064501011896	0.0	0	0.0	1378.2406953234604	1	0	1	2.7078559077964757
58543.46113618539	2000.0	834.7795591380922	0.0	0	0.0	1378.2406953234604	1	0	1	2.7078559077964757
59306.186847688	1000.0	1072.0538476354895	0.0	0	0.0	1378.2406953234677	1	0	1	0.9749879563966124
60200.0	1000.0	1178.2406953234927	0.0	0	140.0229428283783	1378.240695323475	1	0	1	1.6681351369565567
61200.0	1000.0	1178.2406953234934	0.0	0	622.4949195141598	1378.2406953234822	1	0	1	1.6681351369565562
62200.0	1000.0	1178.240695323492	0.0	0	486.97956002336286	1378.2406953234822	1	0	1	1.6681351369565562
63200.0	1000.0	1178.2406953234918	0.0	0	665.0280271228912	1378.2406953234822	1	0	1	1.6681351369565562
64200.0	2000.0	1178.2406953234938	0.0	0	261.4618340141751	1378.2406953234822	1	0	1	2.0147087272365285
65200.0	2000.0	1178.2406953234963	0.0	0	182.83898386277724	1378.2406953234822	1	0	1	2.707855907796474
66293.22611544683	2000.0	1085.014579876667	0.0	0	0.0	1378.2406953234895	1	0	1	2.707855907796473
67200.0	2000.0	1178.2406953235109	0.0	0	63.90094492054777	1378.240695323504	1	0	1	2.707855907796472
68977.9622161835	2000.0	400.27847914001245	0.0	0	0.0	1378.2406953234895	1	0	1	2.707855907796473
69440.5450954857	500.0	937.6955998378207	0.0	0	0.0	1378.240695323504	1	0	1	-0.7578799950032546
70335.04767321548	1000.0	1043.193022108042	0.0	0	0.0	1378.2406953234895	1	0	1	0.97498795639661
71200.0	1000.0	1178.2406953235175	0.0	0	352.2828658991639	1378.2406953234895	1	0	1	1.6681351369565554
72200.0	1000.0	1178.2406953235156	0.0	0	438.0236820754508	1378.240695323475	1	0	1	1.6681351369565567
73200.0	1000.0	1178.2406953235297	0.0	0	583.7734505859116	1378.2406953234895	1	0	1	1.6681351369565554
74200.0	1000.0	1178.2406953235238	0.0	0	590.0311301070324	1378.2406953234895	1	0	1	1.6681351369565554
75200.0	2000.0	1178.2406953235293	0.0	0	573.1964115753071	1378.2406953234895	1	0	1	2.014708727236528
76200.0	2000.0	1178.2406953235109	0.0	0	590.4451868960023	1378.2406953234895	1	0	1	2.707855907796473
77200.0	3000.0	1178.2406953235072	0.0	0	299.96188897948014	1378.2406953234604	1	0	1	2.910588461850558
78564.81315271881	3000.0	813.4275426047063	0.0	0	0.0	1378.2406953234458	1	0	1	3.316053569958725
79408.58822416203	2000.0	969.6524711614886	0.0	0	0.0	1378.2406953234313	1	0	1	2.3023907996883146
80271.99497338402	2000.0	1106.2457219395033	0.0	0	0.0	1378.2406953234313	1	0	1	2.7078559077964792
81200.0	2000.0	1178.2406953235222	0.0	0	273.06649429404933	1378.2406953234313	1	0	1	2.7078559077964792
82200.0	2000.0	1178.240695323533	0.0	0	364.7683575399278	1378.2406953234458	1	0	1	2.7078559077964774
83200.0	2000.0	1178.2406953235218	0.0	0	339.04753373833955	1378.2406953234458	1	0	1	2.7078559077964774
84249.17222852792	2000.0	1129.0684667955993	0.0	0	0.0	1378.2406953234458	1	0	1	2.7078559077964774
85203.93146843712	2000.0	1174.3092268864143	0.0	0	0.0	1378.2406953234604	1	0	1	2.7078559077964757
87170.29662063185	2000.0	207.94407469169147	0.0	0	0.0	1378.2406953234604	1	0	1	2.7078559077964757
87364.25920716711	300.0	1013.9814881564434	0.0	0	0.0	1378.2406953234604	1	0	1	-2.0349440544182276
88200.0	1000.0	1178.240695323557	0.0	0	212.82158773030096	1378.2406953234604	1	0	1	0.4641623326306221
89200.0	1000.0	1178.2406953235584	0.0	0	448.16020482174645	1378.2406953234604	1	0	1	1.6681351369565585
90200.0	1000.0	1178.2406953235761	0.0	0	414.7785742024571	1378.2406953234458	1	0	1	1.6681351369565598
91200.0	1000.0	1178.2406953235607	0.0	0	566.7170125069824	1378.2406953234458	1	0	1	1.6681351369565598
92200.0	1000.0	1178.2406953235625	0.0	0	565.3350256730773	1378.2406953234458	1	0	1	1.6681351369565598
93200.0	1000.0	1178.2406953235563	0.0	0	735.3077570390888	1378.2406953234313	1	0	1	1.6681351369565611
94200.0	2000.0	1178.2406953235607	0.0	0	400.68407636856136	1378.2406953234313	1	0	1	2.014708727236534
95200.0	2000.0	1178.2406953235604	0.0	0	612.2974537763075	1378.2406953234313	1	0	1	2.7078559077964792
96200.0	2000.0	1178.240695323562	0.0	0	173.94703042317997	1378.2406953234313	1	0	1	2.7078559077964792
97604.96411997722	3000.0	773.2765753463445	0.0	0	0.0	1378.2406953234458	1	0	1	2.91058846185056
98662.3897516932	2000.0	715.8509436303532	0.0	0	0.0	1378.2406953234458	1	0	1	2.302390799688313
99200.0	1000.0	1178.2406953235463	0.0	0	31.98067212686874	1378.2406953234458	1	0	1	0.9749879563966146
100200.0	2000.0	1178.2406953235406	0.0	0	195.03500722133322	1378.2406953234458	1	0	1	2.0147087272365325
101200.0	2000.0	1178.2406953235488	0.0	0	159.12847866707307	1378.2406953234604	1	0	1	2.7078559077964757
102200.0	2000.0	1178.2406953235302	0.0	0	214.17509684532706	1378.2406953234458	1	0	1	2.7078559077964774
103200.0	2000.0	1178.2406953235295	0.0	0	58.12137764484214	1378.2406953234458	1	0	1	2.7078559077964774
104200.0	2000.0	1178.2406953235343	0.0	0	31.93878891445638	1378.2406953234458	1	0	1	2.7078559077964774
105200.0	2000.0	1178.2406953235454	0.0	0	199.7735008317395	1378.2406953234604	1	0	1	2.7078559077964757
106410.75658993518	2000.0	967.4841053883696	0.0	0	0.0	1378.240695323475	1	0	1	2.707855907796475
107200.0	1000.0	1178.240695323552	0.0	0	226.58776818147453	1378.2406953234895	1	0	1	0.9749879563966102
108200.0	1000.0	1178.2406953235545	0.0	0	371.3386856209545	1378.2406953234895	1	0	1	1.6681351369565554
109200.0	1000.0	1178.2406953235475	0.0	0	423.7439244911948	1378.2406953234895	1	0	1	1.6681351369565554
110200.0	1000.0	1178.2406953235493	0.0	0	257.33118778489006	1378.2406953234895	1	0	1	1.6681351369565554
111200.0	1000.0	1178.2406953235393	0.0	0	493.1717859755008	1378.2406953234895	1	0	1	1.6681351369565554
112200.0	1000.0	1178.2406953235327	0.0	0	633.0170402094227	1378.2406953234895	1	0	1	1.6681351369565554
113200.0	1000.0	1178.2406953235227	0.0	0	640.8433161136345	1378.2406953234895	1	0	1	1.6681351369565554
114200.0	1000.0	1178.2406953235177	0.0	0	660.0712602133281	1378.2406953234895	1	0	1	1.6681351369565554
115200.0	2000.0	1178.2406953235075	0.0	0	443.8328663015127	1378.240695323504	1	0	1	2.0147087272365263
116200.0	2000.0	1178.2406953235238	0.0	0	301.8413246675336	1378.2406953235186	1	0	1	2.7078559077964703
117200.0	2000.0	1178.2406953235336	0.0	0	139.8123371184338	1378.2406953235186	1	0	1	2.7078559077964703
118200.0	2000.0	1178.2406953235334	0.0	0	461.9868996258883	1378.2406953235186	1	0	1	2.7078559077964703
119200.0	2000.0	1178.2406953235252	0.0	0	409.51153021716163	1378.2406953235186	1	0	1	2.7078559077964703
120200.0	2000.0	1178.2406953235197	0.0	0	240.85086784798477	1378.240695323504	1	0	1	2.7078559077964712
121260.45856504052	2000.0	1117.7821302830175	0.0	0	0.0	1378.240695323504	1	0	1	2.7078559077964712
122200.0	2000.0	1178.2406953235459	0.0	0	42.177897573434166	1378.240695323504	1	0	1	2.7078559077964712
123200.0	2000.0	1178.2406953235677	0.0	0	9.240933958848473	1378.240695323504	1	0	1	2.7078559077964712
124200.0	2000.0	1178.2406953235725	0.0	0	502.6962022478983	1378.240695323504	1	0	1	2.7078559077964712
125200.0	2000.0	1178.2406953235713	0.0	0	234.96529928826203	1378.240695323504	1	0	1	2.7078559077964712
126200.0	2000.0	1178.2406953235602	0.0	0	78.8902200992452	1378.240695323504	1	0	1	2.7078559077964712
127200.0	2000.0	1178.240695323566	0.0	0	168.01190126188158	1378.240695323504	1	0	1	2.7078559077964712
128489.15644254872	2000.0	889.0842527748613	0.0	0	0.0	1378.2406953235186	1	0	1	2.7078559077964703
129200.0	1000.0	1178.240695323589	0.0	0	55.7800474959804	1378.2406953235186	1	0	1	0.9749879563966073
130200.0	1000.0	1178.2406953235668	0.0	0	533.1978915613727	1378.2406953235186	1	0	1	1.6681351369565525
131200.0	1000.0	1178.2406953235622	0.0	0	537.2024847667635	1378.2406953235186	1	0	1	1.6681351369565525
132200.0	1000.0	1178.240695323556	0.0	0	605.342190666619	1378.2406953235186	1	0	1	1.6681351369565522
133200.0	1000.0	1178.2406953235577	0.0	0	612.5078198294214	1378.240695323504	1	0	1	1.668135136956554
134200.0	2000.0	1178.2406953235475	0.0	0	430.0538515631051	1378.240695323504	1	0	1	2.0147087272365263
135348.33515436805	2000.0	1029.9055409555265	0.0	0	0.0	1378.2406953235331	1	0	1	2.7078559077964686
136232.77127909657	2000.0	1145.4694162269993	0.0	0	0.0	1378.2406953235622	1	0	1	2.707855907796467
137665.20654217983	2000.0	713.0341531437476	0.0	0	0.0	1378.2406953235914	1	0	1	2.7078559077964632
138200.0	1000.0	1178.240695323576	0.0	0	30.822851307602832	1378.2406953235622	1	0	1	0.9749879563966029
139200.0	1000.0	1178.240695323543	0.0	0	413.02584485005355	1378.2406953235331	1	0	1	1.6681351369565511
140200.0	1000.0	1178.2406953235447	0.0	0	574.3253228490357	1378.2406953235622	1	0	1	1.668135136956548
141200.0	1000.0	1178.2406953235338	0.0	0	569.3073490248644	1378.2406953235622	1	0	1	1.668135136956548
142200.0	1000.0	1178.240695323549	0.0	0	490.2133017516753	1378.2406953235622	1	0	1	1.668135136956548
143241.2713890586	2000.0	1136.9693062649694	0.0	0	0.0	1378.2406953235331	1	0	1	2.0147087272365236
144200.0	2000.0	1178.2406953235422	0.0	0	80.57892250129953	1378.2406953235331	1	0	1	2.7078559077964686
145306.36516323776	2000.0	1071.8755320857977	0.0	0	0.0	1378.2406953235331	1	0	1	2.7078559077964686
146200.0	1000.0	1178.2406953235595	0.0	0	213.25370640767505	1378.240695323504	1	0	1	0.9749879563966087
147200.0	1000.0	1178.2406953235827	0.0	0	326.9108339276572	1378.240695323504	1	0	1	1.668135136956554
148200.0	1000.0	1178.2406953235925	0.0	0	487.462403658923	1378.240695323504	1	0	1	1.668135136956554
149200.0	1000.0	1178.2406953235388	0.0	0	378.1021686682943	1378.240695323475	1	0	1	1.6681351369565567
150200.0	1000.0	1178.2406953235484	0.0	0	444.97681351503707	1378.240695323475	1	0	1	1.6681351369565567
151200.0	1000.0	1178.2406953235493	0.0	0	363.66372350856545	1378.240695323504	1	0	1	1.668135136956554
152200.0	1000.0	1178.240695323555	0.0	0	611.6587063391053	1378.240695323504	1	0	1	1.668135136956554
153200.0	1000.0	1178.240695323523	0.0	0	512.7735409288725	1378.240695323475	1	0	1	1.6681351369565567
154200.0	1000.0	1178.2406953235213	0.0	0	383.69915494386805	1378.240695323475	1	0	1	1.6681351369565567
155200.0	1000.0	1178.2406953234981	0.0	0	39.352226186019834	1378.240695323475	1	0	1	1.6681351369565567
156200.0	1000.0	1178.240695323503	0.0	0	490.86740702277166	1378.240695323475	1	0	1	1.6681351369565567
157200.0	1000.0	1178.240695323493	0.0	0	425.4082739596197	1378.240695323475	1	0	1	1.6681351369565567
158200.0	1000.0	1178.2406953235266	0.0	0	43.51619585402659	1378.240695323475	1	0	1	1.6681351369565567
159398.32530995083	1000.0	979.9153853727184	0.0	0	0.0	1378.240695323504	1	0	1	1.668135136956554
160200.0	1000.0	1178.240695323516	0.0	0	87.04001340796822	1378.240695323475	1	0	1	1.6681351369565567
161200.0	1000.0	1178.2406953234984	0.0	0	369.11378383170813	1378.240695323475	1	0	1	1.6681351369565567
162200.0	1000.0	1178.24069532351	0.0	0	655.3658130698022	1378.240695323475	1	0	1	1.6681351369565567
163200.0	1000.0	1178.2406953234843	0.0	0	608.3475250196061	1378.240695323475	1	0	1	1.6681351369565567
164200.0	1000.0	1178.2406953234881	0.0	0	648.9436560945469	1378.240695323475	1	0	1	1.6681351369565567
165200.0	1000.0	1178.2406953235195	0.0	0	372.4676974831964	1378.240695323504	1	0	1	1.6681351369565558
166200.0	2000.0	1178.2406953235204	0.0	0	77.51646659211838	1378.240695323504	1	0	1	2.0147087272365263
167200.0	2000.0	1178.2406953235416	0.0	0	199.81989392338437	1378.240695323504	1	0	1	2.7078559077964712
168406.3903896642	2000.0	971.850305659372	0.0	0	0.0	1378.240695323504	1	0	1	2.7078559077964712
169387.8465658152	1000.0	990.3941295083088	0.0	0	0.0	1378.240695323475	1	0	1	0.9749879563966115
170207.53727506017	1000.0	1170.7034202633824	0.0	0	0.0	1378.240695323475	1	0	1	1.6681351369565567
171200.0	1000.0	1178.2406953235059	0.0	0	325.67793797687045	1378.240695323475	1	0	1	1.6681351369565567
172200.0	1000.0	1178.240695323531	0.0	0	570.6164122417395	1378.240695323475	1	0	1	1.6681351369565567
173200.0	1000.0	1178.24069532353	0.0	0	631.748223029048	1378.240695323475	1	0	1	1.6681351369565567
174200.0	1000.0	1178.2406953235163	0.0	0	367.75105132791214	1378.240695323475	1	0	1	1.6681351369565567
176059.09354941573	2000.0	319.1471459077702	0.0	0	0.0	1378.2406953234458	1	0	1	2.0147087272365307
176351.85975441683	500.0	1026.3809409066962	0.0	0	0.0	1378.2406953234458	1	0	1	-0.7578799950032487
177200.0	1000.0	1178.240695323501	0.0	0	148.4170414263208	1378.2406953234458	1	0	1	0.9749879563966144
178200.0	1000.0	1178.2406953235263	0.0	0	489.37220555217937	1378.2406953234458	1	0	1	1.6681351369565598
179200.0	1000.0	1178.2406953235247	0.0	0	685.079114158696	1378.240695323475	1	0	1	1.6681351369565567
180200.0	1000.0	1178.2406953235131	0.0	0	662.2551950209017	1378.240695323475	1	0	1	1.6681351369565567
181825.1430815181	2000.0	553.097613805412	0.0	0	0.0	1378.2406953234458	1	0	1	2.0147087272365325
182443.39845777905	1000.0	934.8422375444611	0.0	0	0.0	1378.2406953234458	1	0	1	0.9749879563966146
183288.69491746777	1000.0	1089.5457778557263	0.0	0	0.0	1378.2406953234167	1	0	1	1.6681351369565618
184200.0	1000.0	1178.2406953235072	0.0	0	317.39458267058944	1378.2406953234167	1	0	1	1.6681351369565625
185200.0	1000.0	1178.2406953235316	0.0	0	272.064349373366	1378.2406953234458	1	0	1	1.6681351369565616
186200.0	1000.0	1178.2406953235206	0.0	0	331.1158126620867	1378.2406953234167	1	0	1	1.6681351369565625
187214.1994484726	1000.0	1164.0412468509285	0.0	0	196.53296721974039	1378.2406953234167	1	0	1	1.6681351369565625
188297.1947663161	1000.0	1081.0459290074286	0.0	0	0.0	1378.2406953234167	1	0	1	1.6681351369565625
189200.0	1000.0	1178.2406953235313	0.0	0	225.96006587633747	1378.2406953234458	1	0	1	1.6681351369565598
190200.0	1000.0	1178.2406953235215	0.0	0	298.74830328967073	1378.2406953234458	1	0	1	1.6681351369565598
191200.0	1000.0	1178.240695323547	0.0	0	502.95382502369466	1378.240695323475	1	0	1	1.6681351369565567
192200.0	1000.0	1178.240695323561	0.0	0	154.86999935586937	1378.240695323475	1	0	1	1.6681351369565567
193200.0	1000.0	1178.2406953235636	0.0	0	380.61362786445534	1378.240695323475	1	0	1	1.6681351369565567
194200.0	1000.0	1178.240695323579	0.0	0	487.40969522934756	1378.240695323475	1	0	1	1.6681351369565567
195200.0	1000.0	1178.2406953235986	0.0	0	404.7833098398405	1378.240695323504	1	0	1	1.6681351369565558
196200.0	1000.0	1178.2406953236334	0.0	0	456.0841596254031	1378.240695323504	1	0	1	1.668135136956554
197200.0	1000.0	1178.2406953235973	0.0	0	589.4549271610449	1378.240695323504	1	0	1	1.668135136956554
198200.0	1000.0	1178.2406953235673	0.0	0	546.8521012832061	1378.240695323504	1	0	1	1.668135136956554
199200.0	2000.0	1178.2406953235725	0.0	0	35.155382797762286	1378.240695323504	1	0	1	2.0147087272365263
200524.030833088	2000.0	854.2098622355448	0.0	0	0.0	1378.240695323504	1	0	1	2.7078559077964712
201200.0	1000.0	1178.2406953235543	0.0	0	234.66648450435605	1378.240695323504	1	0	1	0.9749879563966087
202200.0	2000.0	1178.2406953235543	0.0	0	196.7067317412293	1378.240695323504	1	0	1	2.0147087272365263
203200.0	2000.0	1178.2406953235131	0.0	0	226.1388686231221	1378.240695323504	1	0	1	2.7078559077964712
204200.0	2000.0	1178.2406953235345	0.0	0	342.20222851773724	1378.240695323504	1	0	1	2.7078559077964712
205236.91699073007	2000.0	1141.3237045934563	0.0	0	0.0	1378.240695323504	1	0	1	2.7078559077964712
206200.0	2000.0	1178.2406953235102	0.0	0	198.62987358894316	1378.240695323504	1	0	1	2.7078559077964712
207262.8269725227	2000.0	1115.4137228008267	0.0	0	0.0	1378.240695323475	1	0	1	2.707855907796474
208564.0696356847	2000.0	814.1710596388193	0.0	0	0.0	1378.240695323504	1	0	1	2.707855907796472
209200.0	1000.0	1178.2406953235056	0.0	0	106.07371885780594	1378.240695323504	1	0	1	0.9749879563966087
210200.0	1000.0	1178.2406953235077	0.0	0	377.77788714456256	1378.2406953235331	1	0	1	1.6681351369565511
211200.0	1000.0	1178.2406953235088	0.0	0	462.55589046524256	1378.240695323504	1	0	1	1.6681351369565522
212200.0	1000.0	1178.2406953234834	0.0	0	598.2957491795532	1378.2406953235331	1	0	1	1.6681351369565511
213200.0	2000.0	1178.2406953234645	0.0	0	462.197456269525	1378.2406953235331	1	0	1	2.0147087272365236
214200.0	2000.0	1178.2406953234686	0.0	0	211.87343949294882	1378.2406953235622	1	0	1	2.707855907796466
215403.21867722657	2000.0	975.022018096897	0.0	0	0.0	1378.2406953235331	1	0	1	2.7078559077964686
216616.2381023238	2000.0	762.0025929996505	0.0	0	0.0	1378.2406953235331	1	0	1	2.7078559077964686
217349.46859885144	1000.0	1028.7720964720502	0.0	0	0.0	1378.2406953235622	1	0	1	0.9749879563966029
218328.69772167352	1000.0	1049.5429736499566	0.0	0	0.0	1378.2406953235914	1	0	1	1.668135136956546
219200.0	1000.0	1178.2406953234586	0.0	0	181.07833771355217	1378.2406953235914	1	0	1	1.6681351369565454
220200.0	1000.0	1178.2406953234429	0.0	0	301.7693006385234	1378.2406953236205	1	0	1	1.6681351369565434
221200.0	1000.0	1178.24069532345	0.0	0	609.2021703908104	1378.2406953236496	1	0	1	1.6681351369565394
222200.0	1000.0	1178.2406953234417	0.0	0	520.1429426885443	1378.2406953236787	1	0	1	1.6681351369565365
223200.0	1000.0	1178.2406953234342	0.0	0	685.5479600949329	1378.2406953237078	1	0	1	1.6681351369565336
224200.0	1000.0	1178.2406953234586	0.0	0	700.0692702096712	1378.2406953237078	1	0	1	1.6681351369565336
225200.0	2000.0	1178.2406953234558	0.0	0	482.1509167813929	1378.2406953237078	1	0	1	2.0147087272365063
226200.0	3000.0	1178.2406953234688	0.0	0	295.30097761790967	1378.2406953237369	1	0	1	2.9105884618505327
227333.85890950455	3000.0	1044.381785818911	0.0	0	0.0	1378.2406953237369	1	0	1	3.3160535699586955
228753.70825922568	3000.0	624.5324360977829	0.0	0	0.0	1378.2406953237369	1	0	1	3.3160535699586955
229200.0	1000.0	1178.2406953234356	0.0	0	86.37370704545174	1378.2406953237078	1	0	1	0.5695228482884238
230200.0	2000.0	1178.240695323442	0.0	0	410.2314149918675	1378.2406953237078	1	0	1	2.0147087272365063
231200.0	2000.0	1178.2406953234436	0.0	0	514.4206005547312	1378.2406953237078	1	0	1	2.7078559077964517
232200.0	2000.0	1178.2406953234376	0.0	0	471.34767114176066	1378.2406953237078	1	0	1	2.7078559077964517
233200.0	2000.0	1178.2406953234295	0.0	0	350.9861634093977	1378.2406953236787	1	0	1	2.7078559077964526
234200.0	2000.0	1178.2406953233992	0.0	0	145.19819138824823	1378.2406953236496	1	0	1	2.7078559077964552
235963.98005829306	2000.0	414.2606370303758	0.0	0	0.0	1378.2406953236496	1	0	1	2.707855907796457
236311.121730516	500.0	1067.1189648074587	0.0	0	0.0	1378.2406953236496	1	0	1	-0.7578799950032695
237200.0	1000.0	1178.2406953234024	0.0	0	285.27999830638873	1378.2406953236496	1	0	1	0.9749879563965941
238200.0	1000.0	1178.2406953233726	0.0	0	401.9876013918256	1378.2406953236205	1	0	1	1.6681351369565423
239200.0	1000.0	1178.2406953233422	0.0	0	596.6527658694831	1378.2406953236205	1	0	1	1.6681351369565423
240200.0	1000.0	1178.240695323336	0.0	0	665.7665060942818	1378.2406953236205	1	0	1	1.6681351369565423
241200.0	1000.0	1178.2406953232992	0.0	0	557.0379923967994	1378.2406953236205	1	0	1	1.6681351369565423
242200.0	1000.0	1178.240695323288	0.0	0	611.0413712346926	1378.2406953236205	1	0	1	1.6681351369565423
243200.0	2000.0	1178.2406953232742	0.0	0	351.184170311928	1378.2406953235914	1	0	1	2.0147087272365165
244200.0	2000.0	1178.2406953232733	0.0	0	343.44022365432465	1378.2406953236205	1	0	1	2.7078559077964623
245200.0	2000.0	1178.240695323248	0.0	0	127.14553493578569	1378.2406953235914	1	0	1	2.7078559077964632
246242.83394866536	3000.0	1135.406746657868	0.0	0	0.0	1378.2406953235914	1	0	1	2.910588461850546
247200.0	2000.0	1178.240695323217	0.0	0	206.29722376650898	1378.2406953235914	1	0	1	2.3023907996882986
248331.64296205022	2000.0	1046.597733272991	0.0	0	0.0	1378.2406953235914	1	0	1	2.7078559077964632
249224.30815558572	2000.0	1153.9325397374864	0.0	0	0.0	1378.2406953235914	1	0	1	2.7078559077964632
250200.0	2000.0	1178.24069532319	0.0	0	157.0496546351642	1378.2406953236205	1	0	1	2.7078559077964623
251200.0	2000.0	1178.2406953231841	0.0	0	169.09171335431165	1378.2406953236205	1	0	1	2.7078559077964606
252200.0	2000.0	1178.240695323176	0.0	0	108.62039948353777	1378.2406953235914	1	0	1	2.7078559077964632
253200.0	2000.0	1178.2406953231684	0.0	0	126.23650887681288	1378.2406953235914	1	0	1	2.7078559077964632
254200.0	2000.0	1178.2406953231448	0.0	0	183.07925794285256	1378.2406953235914	1	0	1	2.7078559077964632
255200.0	2000.0	1178.2406953231266	0.0	0	193.20328427894856	1378.2406953235914	1	0	1	2.7078559077964632
256405.4067076589	2000.0	972.8339876642319	0.0	0	0.0	1378.2406953235914	1	0	1	2.7078559077964632
257200.0	1000.0	1178.240695323164	0.0	0	104.05139430746203	1378.2406953235914	1	0	1	0.9749879563966002
258200.0	1000.0	1178.2406953232041	0.0	0	143.05773342773318	1378.2406953235914	1	0	1	1.6681351369565454
259200.0	1000.0	1178.2406953232253	0.0	0	248.3031019468326	1378.2406953235914	1	0	1	1.6681351369565454
260200.0	1000.0	1178.240695323217	0.0	0	470.7870245647209	1378.2406953236205	1	0	1	1.668135136956544
261200.0	1000.0	1178.2406953232125	0.0	0	545.00347742741	1378.2406953236205	1	0	1	1.6681351369565423
262200.0	1000.0	1178.2406953232294	0.0	0	692.6579082536045	1378.2406953236205	1	0	1	1.6681351369565423
263200.0	1000.0	1178.2406953232187	0.0	0	599.642221734859	1378.2406953235622	1	0	1	1.6681351369565458
264200.0	2000.0	1178.24069532322	0.0	0	321.30731561029097	1378.2406953235622	1	0	1	2.0147087272365205
265200.0	2000.0	1178.2406953232107	0.0	0	207.33537605335005	1378.2406953236205	1	0	1	2.707855907796464
266200.0	2000.0	1178.2406953232064	0.0	0	356.52160568046384	1378.240695323504	1	0	1	2.7078559077964677
267200.0	2000.0	1178.2406953232587	0.0	0	335.644746527134	1378.2406953235622	1	0	1	2.7078559077964695
268200.0	2000.0	1178.2406953232348	0.0	0	163.4618164014537	1378.240695323504	1	0	1	2.7078559077964677
269200.0	2000.0	1178.2406953232585	0.0	0	208.38286453933688	1378.2406953235622	1	0	1	2.707855907796466
270320.5312169959	2000.0	1057.7094783273087	0.0	0	0.0	1378.240695323504	1	0	1	2.7078559077964703
271357.34485607175	2000.0	1020.8958392514946	0.0	0	0.0	1378.240695323504	1	0	1	2.7078559077964712
272200.0	2000.0	1178.2406953232532	0.0	0	221.36227212910308	1378.2406953235622	1	0	1	2.7078559077964695
273200.0	2000.0	1178.2406953233087	0.0	0	214.1654182889033	1378.2406953235622	1	0	1	2.707855907796466
274200.0	2000.0	1178.2406953232792	0.0	0	239.69850893167313	1378.2406953235622	1	0	1	2.707855907796466
275227.10596919234	2000.0	1151.1347261309159	0.0	0	0.0	1378.2406953235622	1	0	1	2.707855907796466
276279.6695055365	2000.0	1098.5711897867536	0.0	0	0.0	1378.240695323504	1	0	1	2.7078559077964703
277547.95489443606	2000.0	830.285800887243	0.0	0	0.0	1378.240695323504	1	0	1	2.7078559077964712
278276.22138286306	1000.0	1102.0193124602297	0.0	0	0.0	1378.2406953234458	1	0	1	0.9749879563966146
279200.0	1000.0	1178.2406953233003	0.0	0	466.51589381025406	1378.2406953234458	1	0	1	1.6681351369565598
280200.0	1000.0	1178.2406953233224	0.0	0	516.1190187422908	1378.2406953234458	1	0	1	1.6681351369565598
281200.0	1000.0	1178.2406953232664	0.0	0	523.9661578407977	1378.2406953234458	1	0	1	1.6681351369565598
282200.0	1000.0	1178.2406953232849	0.0	0	589.1402659721789	1378.2406953234458	1	0	1	1.6681351369565598
283200.0	2000.0	1178.240695323345	0.0	0	76.62213313550455	1378.2406953235622	1	0	1	2.014708727236524
284200.0	2000.0	1178.2406953233005	0.0	0	173.08168501360342	1378.2406953236205	1	0	1	2.707855907796464
285267.9580598435	2000.0	1110.2826354797548	0.0	0	0.0	1378.2406953235622	1	0	1	2.7078559077964637
286343.15798408474	2000.0	1035.0827112385098	0.0	0	0.0	1378.2406953235622	1	0	1	2.707855907796466
287200.0	1000.0	1178.2406953232212	0.0	0	177.3781995086465	1378.2406953235622	1	0	1	0.9749879563966029
288200.0	1000.0	1178.240695323249	0.0	0	629.266088292643	1378.2406953236205	1	0	1	1.6681351369565423
289200.0	1000.0	1178.2406953232576	0.0	0	519.0704813927296	1378.2406953236205	1	0	1	1.6681351369565423
290200.0	1000.0	1178.2406953232423	0.0	0	474.4179538679309	1378.2406953236205	1	0	1	1.6681351369565423
291200.0	1000.0	1178.240695323221	0.0	0	508.8559681629995	1378.2406953236205	1	0	1	1.6681351369565423
292200.0	2000.0	1178.2406953232057	0.0	0	138.91343221405987	1378.2406953236205	1	0	1	2.014708727236515
293375.174800484	2000.0	1003.0658948392453	0.0	0	0.0	1378.2406953236205	1	0	1	2.7078559077964606
294200.0	1000.0	1178.24069532322	0.0	0	256.1318772985833	1378.2406953236205	1	0	1	0.9749879563965971
295386.7526590532	2000.0	991.4880362700868	0.0	0	0.0	1378.2406953236205	1	0	1	2.014708727236515
296200.0	1000.0	1178.2406953232662	0.0	0	207.74258282250958	1378.2406953236205	1	0	1	0.9749879563965971
297200.0	1000.0	1178.2406953232814	0.0	0	412.3097400063416	1378.2406953236205	1	0	1	1.6681351369565423
298200.0	1000.0	1178.2406953232978	0.0	0	516.3524601813406	1378.2406953236787	1	0	1	1.6681351369565365
299200.0	1000.0	1178.2406953232826	0.0	0	228.08577004360268	1378.2406953236205	1	0	1	1.6681351369565387
300200.0	1000.0	1178.240695323223	0.0	0	534.4643152723438	1378.2406953236205	1	0	1	1.6681351369565423
301200.0	1000.0	1178.240695323256	0.0	0	455.18594407796627	1378.2406953236205	1	0	1	1.6681351369565423
302200.0	1000.0	1178.2406953232187	0.0	0	588.9331092305947	1378.2406953235622	1	0	1	1.668135136956548
303200.0	1000.0	1178.240695323208	0.0	0	345.2158924920368	1378.2406953235622	1	0	1	1.668135136956548
304200.0	1000.0	1178.2406953231778	0.0	0	148.60528003878426	1378.240695323504	1	0	1	1.668135136956554
305200.0	1000.0	1178.240695323222	0.0	0	479.7129796521622	1378.240695323504	1	0	1	1.668135136956554
306200.0	1000.0	1178.240695323299	0.0	0	510.08070585952373	1378.240695323504	1	0	1	1.668135136956554
307200.0	1000.0	1178.2406953233547	0.0	0	379.65747678431217	1378.240695323504	1	0	1	1.668135136956554
308200.0	1000.0	1178.2406953233365	0.0	0	146.57764453464188	1378.2406953235622	1	0	1	1.6681351369565514
309200.0	1000.0	1178.2406953233476	0.0	0	208.55029048712458	1378.2406953235622	1	0	1	1.668135136956548
310200.0	1000.0	1178.2406953233638	0.0	0	454.1438613711507	1378.2406953235622	1	0	1	1.668135136956548
2.21	2.92	2.81	2.2	2.06	1.99	2.2	1.38	1.37	2.06	2.71	2.5	2.33	0.92	1.25	1.8	2.32	2.99	3.52	1.73	1.36	1.61	1.51	1.61	1.96	1.55	0.61	1.23	1.49	1.93	1.4	1.18	1.54	2.07	2.32	2.48	2.87	2.73	1.82	2.06	2.61	2.81	2.57	2.62	2.29	1.52	2.04	1.78	2.15	2.51	3.17	3.26	2.31	1.9	2.21	1.46	1.07	1.1	1.62	2.26	2.58	3.36	3.9	5.0	5.31	2.06	2.07	2.76	3.35	3.54	3.36	2.46	2.65	1.58	1.12	1.48	1.71	2.11	2.64	2.5	3.13	3.67	4.34	3.48	2.33	2.56	2.25	2.73	2.71	2.88	3.06	1.9	2.48	2.11	1.55	1.87	1.42	1.42	1.78	2.35	2.95	3.63	3.32	2.57	2.77	2.95	2.98	3.44	1.66	1.9	2.46	3.2	3.7	2.56	1.7	2.17	1.68	1.68	2.42	2.93	2.8	2.81	2.27	2.03	1.58	1.59	2.04	2.33	2.43	2.61	2.19	1.83	2.04	1.73	1.93	2.2	2.37	1.56	1.95	2.27	2.69	2.07	1.24	1.53	2.02	1.54	1.04	1.14	1.4	1.31	2.21	2.92	2.81	2.2	2.06	1.99	2.2	1.38	1.37	2.06	2.71	2.5	2.33	0.92	1.25	1.8	2.32	2.99	3.52	1.73	1.36	1.61	1.51	1.61	1.96	1.55	0.61	1.23	1.49	1.93	1.4	1.18	1.54	2.07	2.32	2.48	2.87	2.73	1.82	2.06	2.61	2.81	2.57	2.62	2.29	1.52	2.04	1.78	2.15	2.51	3.17	3.26	2.31	1.9	2.21	1.46	1.07	1.1	1.62	2.26	2.58	3.36	3.9	5.0	5.31	2.06	2.07	2.76	3.35	3.54	3.36	2.46	2.65	1.58	1.12	1.48	1.71	2.11	2.64	2.5	3.13	3.67	4.34	3.48	2.33	2.56	2.25	2.73	2.71	2.88	3.06	1.9	2.48	2.11	1.55	1.87	1.42	1.42	1.78	2.35	2.95	3.63	3.32	2.57	2.77	2.95	2.98	3.44	1.66	1.9	2.46	3.2	3.7	2.56	1.7	2.17	1.68	1.68	2.42	2.93	2.8	2.81	2.27	2.03	1.58	1.59	2.04	2.33	2.43	2.61	2.19	1.83	2.04	1.73	1.93	2.2	2.37	1.56	1.95	2.27	2.69	2.07	1.24	1.53	2.02	1.54	1.04	1.14	1.4	1.31	2.21	2.92	2.81	2.2	2.06	1.99	2.2	1.38	1.37	2.06	2.71
1.0	2.0	3.0	4.0	5.0	6.0	7.0	8.0	9.0	10.0	11.0	12.0	13.0	14.0	15.0	16.0	17.0	18.0	19.0	20.0	21.0	22.0	23.0	24.0	25.0	26.0	27.0	28.0	29.0	30.0	31.0	32.0	33.0	34.0	35.0	36.0	37.0	38.0	39.0	40.0	41.0	42.0	43.0	44.0	45.0	46.0	47.0	48.0	49.0	50.0	51.0	52.0	53.0	54.0	55.0	56.0	57.0	58.0	59.0	60.0	61.0	62.0	63.0	64.0	65.0	66.0	67.0	68.0	69.0	70.0	71.0	72.0	73.0	74.0	75.0	76.0	77.0	78.0	79.0	80.0	81.0	82.0	83.0	84.0	85.0	86.0	87.0	88.0	89.0	90.0	91.0	92.0	93.0	94.0	95.0	96.0	97.0	98.0	99.0	100.0	101.0	102.0	103.0	104.0	105.0	106.0	107.0	108.0	109.0	110.0	111.0	112.0	113.0	114.0	115.0	116.0	117.0	118.0	119.0	120.0	121.0	122.0	123.0	124.0	125.0	126.0	127.0	128.0	129.0	130.0	131.0	132.0	133.0	134.0	135.0	136.0	137.0	138.0	139.0	140.0	141.0	142.0	143.0	144.0	145.0	146.0	147.0	148.0	149.0	149.0	150.0	151.0	152.0	153.0	154.0	155.0	156.0	157.0	158.0	159.0	160.0	161.0	162.0	163.0	164.0	165.0	166.0	167.0	168.0	169.0	170.0	171.0	172.0	173.0	174.0	175.0	176.0	177.0	178.0	179.0	180.0	181.0	182.0	183.0	184.0	185.0	186.0	187.0	188.0	189.0	190.0	191.0	192.0	193.0	194.0	195.0	196.0	197.0	198.0	199.0	200.0	201.0	202.0	203.0	204.0	205.0	206.0	207.0	208.0	209.0	210.0	211.0	212.0	213.0	214.0	215.0	216.0	217.0	218.0	219.0	220.0	221.0	222.0	223.0	224.0	225.0	226.0	227.0	228.0	229.0	230.0	231.0	232.0	233.0	234.0	235.0	236.0	237.0	238.0	239.0	240.0	241.0	242.0	243.0	244.0	245.0	246.0	247.0	248.0	249.0	250.0	251.0	252.0	253.0	254.0	255.0	256.0	257.0	258.0	259.0	260.0	261.0	262.0	263.0	264.0	265.0	266.0	267.0	268.0	269.0	270.0	271.0	272.0	273.0	274.0	275.0	276.0	277.0	278.0	279.0	280.0	281.0	282.0	283.0	284.0	285.0	286.0	287.0	288.0	289.0	290.0	291.0	292.0	293.0	294.0	295.0	296.0	297.0	298.0	298.0	299.0	300.0	301.0	302.0	303.0	304.0	305.0	306.0	307.0	308.0	309.0
2666.4104711248383
