3003.7361886018816	300.0	2000.0	134.0852372823745	0	0.0	3003.7361886018816	1	0	1	-1.102216623200228
5200.0	3000.0	703.7000000000003	0.0	0	241.7547953708863	903.6999999999998	1	0	2	0.6574114141282469
6200.0	1000.0	2803.7000000000003	0.0	0	428.2282429184688	3003.7	1	0	0	0.010876053536463426
11152.920825741727	6000.0	200.0	1495.011734832635	0	0.0	2352.9208257417267	1	0	2	-7.079238333461985
12200.0	300.0	52.90000000000191	0.0	0	884.6222368477447	252.90000000000146	1	0	2	-3.2250222735539906
13200.0	500.0	2152.9000000000005	0.0	0	757.0289218242888	2352.899999999996	1	0	0	-0.3758771881170045
16200.0	3000.0	417.0194795647275	331.0177086952063	0	18.932066349727393	617.0194795647221	1	0	2	-0.9883524413439402
17200.0	500.0	2517.0194795647244	0.0	0	845.7146559035882	2717.019479564724	1	0	0	-1.693222981535541
20200.0	3000.0	417.0194795647255	0.0	0	252.43287298408904	617.019479564733	1	0	2	0.996965028916652
21200.0	1000.0	2517.0194795647226	0.0	0	704.6495275385605	2717.019479564733	1	0	0	0.039644969864321145
25236.529549395564	6000.0	200.0	839.2391134276348	0	0.0	1436.5295493955637	1	0	2	-3.0669878012237253
25384.916502348817	500.0	1051.613047046746	0.0	0	0.0	1436.5295493955637	1	0	1	-2.06232116907857
26200.0	2000.0	1236.529549395561	0.0	0	83.39640828180563	1436.52954939556	1	0	1	1.3157326612693754
27200.0	3000.0	1236.5295493955614	0.0	0	279.92220005274794	1436.52954939556	1	0	1	2.9047595764433485
28321.74952567635	3000.0	1114.78002371921	0.0	0	0.0	1436.52954939556	1	0	1	3.310224684551513
29500.03826361173	3000.0	936.49128578383	0.0	0	0.0	1436.52954939556	1	0	1	3.310224684551513
30200.0	2000.0	1236.5295493955568	0.0	0	231.95711283525452	1436.5295493955637	1	0	1	2.296561914281101
31200.0	3000.0	1236.5295493955591	0.0	0	142.43628996342522	1436.52954939556	1	0	1	2.9047595764433485
32200.0	3000.0	1236.529549395561	0.0	0	239.70991532343032	1436.5295493955637	1	0	1	3.3102246845515126
33200.0	3000.0	1236.5295493955587	0.0	0	62.271378424426075	1436.52954939556	1	0	1	3.3102246845515126
34200.0	3000.0	1236.5295493955555	0.0	0	56.93868820917851	1436.5295493955527	1	0	1	3.310224684551514
35200.0	3000.0	1236.5295493955505	0.0	0	92.81037317557639	1436.529549395549	1	0	1	3.3102246845515144
36200.0	3000.0	1236.5295493955507	0.0	0	46.47276424674783	1436.5295493955418	1	0	1	3.310224684551515
37200.0	3000.0	1236.5295493955512	0.0	0	257.76392924218817	1436.5295493955418	1	0	1	3.310224684551515
38200.0	3000.0	1236.5295493955462	0.0	0	272.75041136011714	1436.5295493955418	1	0	1	3.310224684551515
39200.0	3000.0	1236.5295493955434	0.0	0	79.59167500823969	1436.5295493955346	1	0	1	3.3102246845515158
40200.0	3000.0	1236.5295493955507	0.0	0	59.693637768643384	1436.5295493955346	1	0	1	3.3102246845515158
41592.70337200156	3000.0	843.8261773939796	0.0	0	0.0	1436.5295493955346	1	0	1	3.3102246845515158
42317.47741794953	2000.0	1119.0521314460084	0.0	0	0.0	1436.5295493955346	1	0	1	2.296561914281104
43200.0	2000.0	1236.529549395535	0.0	0	258.53899894393544	1436.5295493955418	1	0	1	2.702027022389268
44200.0	2000.0	1236.5295493955282	0.0	0	494.5672465687967	1436.529549395549	1	0	1	2.7020270223892675
45200.0	2000.0	1236.5295493955298	0.0	0	530.5601569745559	1436.529549395549	1	0	1	2.7020270223892675
46200.0	2000.0	1236.5295493955252	0.0	0	382.3238469983844	1436.529549395549	1	0	1	2.7020270223892675
47200.0	2000.0	1236.5295493955316	0.0	0	93.76444799840101	1436.529549395549	1	0	1	2.7020270223892675
48200.0	2000.0	1236.5295493955339	0.0	0	407.5558337343973	1436.529549395549	1	0	1	2.7020270223892675
49200.0	3000.0	1236.5295493955346	0.0	0	392.43558860402845	1436.529549395549	1	0	1	2.90475957644335
50200.0	3000.0	1236.5295493955284	0.0	0	220.70040651681484	1436.529549395549	1	0	1	3.3102246845515144
51200.0	3000.0	1236.529549395533	0.0	0	160.27704195077968	1436.5295493955564	1	0	1	3.310224684551514
52202.915926933565	3000.0	1233.6136224619634	0.0	0	0.0	1436.5295493955564	1	0	1	3.310224684551514
53200.0	3000.0	1236.5295493955232	0.0	0	107.7284667631684	1436.5295493955564	1	0	1	3.310224684551514
54200.0	3000.0	1236.5295493955184	0.0	0	410.15098595066956	1436.529549395549	1	0	1	3.3102246845515144
55200.0	3000.0	1236.529549395522	0.0	0	64.88632714023697	1436.529549395549	1	0	1	3.3102246845515144
56336.68486511111	3000.0	1099.8446842844148	0.0	0	0.0	1436.529549395549	1	0	1	3.3102246845515144
57201.749263602236	3000.0	1234.7802857932893	0.0	0	0.0	1436.529549395549	1	0	1	3.3102246845515144
58200.0	3000.0	1236.529549395528	0.0	0	485.6413712654903	1436.5295493955564	1	0	1	3.310224684551514
59200.0	3000.0	1236.5295493955284	0.0	0	391.15514019762486	1436.5295493955564	1	0	1	3.310224684551514
60235.03674501654	3000.0	1201.4928043789814	0.0	0	0.0	1436.5295493955564	1	0	1	3.310224684551514
61200.0	3000.0	1236.5295493955286	0.0	0	127.56572314727964	1436.5295493955637	1	0	1	3.3102246845515126
62200.0	3000.0	1236.529549395528	0.0	0	138.54650025104638	1436.5295493955637	1	0	1	3.3102246845515126
63200.0	3000.0	1236.529549395526	0.0	0	281.5659585439207	1436.5295493955637	1	0	1	3.3102246845515126
64200.0	3000.0	1236.5295493955352	0.0	0	330.21953636840044	1436.5295493955564	1	0	1	3.310224684551514
65200.0	3000.0	1236.529549395538	0.0	0	171.29535271498025	1436.5295493955564	1	0	1	3.310224684551514
66200.0	3000.0	1236.5295493955396	0.0	0	150.1802011613472	1436.529549395549	1	0	1	3.310224684551514
67227.13911272673	3000.0	1209.390436668817	0.0	0	0.0	1436.529549395549	1	0	1	3.3102246845515144
68200.0	3000.0	1236.5295493955507	0.0	0	231.48416697817447	1436.5295493955346	1	0	1	3.3102246845515158
69200.0	3000.0	1236.5295493955418	0.0	0	18.921203528763726	1436.52954939552	1	0	1	3.310224684551516
70441.53312158577	3000.0	994.9964278097622	0.0	0	0.0	1436.52954939552	1	0	1	3.310224684551517
71200.0	2000.0	1236.5295493955452	0.0	0	142.34944127679046	1436.52954939552	1	0	1	2.2965619142811056
72320.61070155377	3000.0	1115.9188478417623	0.0	0	0.0	1436.5295493955055	1	0	1	2.904759576443354
73200.0	2000.0	1236.5295493955305	0.0	0	148.30323655517714	1436.5295493955055	1	0	1	2.2965619142811073
74200.0	3000.0	1236.5295493955307	0.0	0	486.2107428265299	1436.5295493955055	1	0	1	2.9047595764433543
75200.0	3000.0	1236.5295493955307	0.0	0	333.8951070466719	1436.5295493955055	1	0	1	3.310224684551519
76200.0	3000.0	1236.5295493955423	0.0	0	8.496982870201464	1436.52954939552	1	0	1	3.310224684551517
77275.53558610051	3000.0	1160.9939632950334	0.0	0	0.0	1436.52954939552	1	0	1	3.310224684551518
78573.62741165416	3000.0	862.9021377413759	0.0	0	0.0	1436.52954939552	1	0	1	3.310224684551517
79326.39318504317	2000.0	1110.1363643523666	0.0	0	0.0	1436.52954939552	1	0	1	2.2965619142811056
80611.23003396967	3000.0	825.2995154258631	0.0	0	0.0	1436.5295493955055	1	0	1	2.9047595764433543
81200.0	2000.0	1236.5295493955348	0.0	0	87.31952111594728	1436.5295493955055	1	0	1	2.2965619142811073
82200.0	3000.0	1236.5295493955464	0.0	0	131.7103731968382	1436.529549395491	1	0	1	2.904759576443355
83200.0	3000.0	1236.5295493955489	0.0	0	72.49557915101468	1436.529549395491	1	0	1	3.3102246845515197
84200.0	3000.0	1236.529549395544	0.0	0	478.93289541098056	1436.5295493954764	1	0	1	3.3102246845515215
85200.0	3000.0	1236.529549395532	0.0	0	19.805194961372763	1436.5295493954764	1	0	1	3.3102246845515215
86258.87964216796	3000.0	1177.6499072275865	0.0	0	0.0	1436.5295493954764	1	0	1	3.3102246845515215
87200.0	3000.0	1236.5295493955407	0.0	0	136.20255440688925	1436.5295493954618	1	0	1	3.3102246845515233
88200.0	3000.0	1236.5295493955364	0.0	0	395.21053089441557	1436.5295493954618	1	0	1	3.3102246845515233
89200.0	3000.0	1236.5295493955311	0.0	0	288.72395250691625	1436.5295493954618	1	0	1	3.3102246845515233
90200.0	3000.0	1236.5295493955236	0.0	0	147.47384832738317	1436.5295493954618	1	0	1	3.3102246845515233
91200.0	3000.0	1236.529549395515	0.0	0	113.7820961291145	1436.5295493954618	1	0	1	3.3102246845515233
92397.85005789444	3000.0	1038.6794915010632	0.0	0	0.0	1436.5295493954618	1	0	1	3.3102246845515233
93200.0	3000.0	1236.5295493954832	0.0	0	46.81658902076015	1436.5295493954618	1	0	1	3.3102246845515233
94200.0	3000.0	1236.5295493954732	0.0	0	437.9894920240913	1436.5295493954618	1	0	1	3.3102246845515233
96014.36617427127	3000.0	422.16337512419017	0.0	0	0.0	1436.5295493954618	1	0	1	3.3102246845515233
96503.9263766189	1000.0	932.6031727765561	0.0	0	0.0	1436.5295493954472	1	0	1	0.5636939628812496
97200.0	2000.0	1236.5295493954466	0.0	0	164.47849098133156	1436.5295493954618	1	0	1	2.008879841829331
98200.0	2000.0	1236.5295493954368	0.0	0	591.1653650715161	1436.5295493954618	1	0	1	2.7020270223892764
99200.0	2000.0	1236.5295493954377	0.0	0	95.15782775441767	1436.5295493954764	1	0	1	2.7020270223892746
100200.0	2000.0	1236.529549395434	0.0	0	269.32769205694785	1436.5295493954764	1	0	1	2.7020270223892746
101200.0	3000.0	1236.5295493954413	0.0	0	62.942625601790496	1436.5295493954764	1	0	1	2.904759576443357
102200.0	3000.0	1236.5295493954436	0.0	0	323.5940447255707	1436.5295493954764	1	0	1	3.3102246845515215
103231.52087366505	3000.0	1205.0086757303823	0.0	0	0.0	1436.5295493954618	1	0	1	3.3102246845515233
104200.0	3000.0	1236.5295493954281	0.0	0	34.37869149752078	1436.5295493954618	1	0	1	3.3102246845515233
105200.0	3000.0	1236.5295493954386	0.0	0	318.50532399193617	1436.5295493954618	1	0	1	3.3102246845515233
106200.0	3000.0	1236.5295493954509	0.0	0	102.4637161527935	1436.5295493954764	1	0	1	3.3102246845515215
107200.0	3000.0	1236.5295493954518	0.0	0	94.38072729320265	1436.5295493954764	1	0	1	3.3102246845515215
108200.0	3000.0	1236.5295493954477	0.0	0	137.26439448575547	1436.5295493954764	1	0	1	3.3102246845515215
109340.27188436923	3000.0	1096.257665026205	0.0	0	0.0	1436.5295493954764	1	0	1	3.3102246845515215
110262.47204526038	3000.0	1174.0575041350392	0.0	0	0.0	1436.5295493954764	1	0	1	3.3102246845515215
111200.0	3000.0	1236.5295493954243	0.0	0	208.47843163611833	1436.5295493954764	1	0	1	3.3102246845515215
112200.0	3000.0	1236.5295493954227	0.0	0	7.956402092167991	1436.5295493954764	1	0	1	3.3102246845515215
113200.0	3000.0	1236.5295493954	0.0	0	310.3175652316713	1436.5295493954618	1	0	1	3.3102246845515233
114200.0	3000.0	1236.5295493953759	0.0	0	325.4425540340162	1436.5295493954472	1	0	1	3.310224684551524
115200.0	3000.0	1236.5295493953543	0.0	0	13.866860643858672	1436.5295493954472	1	0	1	3.310224684551524
116200.0	3000.0	1236.529549395365	0.0	0	29.803334878306487	1436.5295493954472	1	0	1	3.310224684551524
117200.0	3000.0	1236.5295493953581	0.0	0	395.131961456369	1436.5295493954472	1	0	1	3.310224684551524
118200.0	3000.0	1236.529549395358	0.0	0	298.3802924253978	1436.5295493954472	1	0	1	3.310224684551524
119200.0	3000.0	1236.5295493953427	0.0	0	314.4107537355303	1436.5295493954327	1	0	1	3.310224684551526
120200.0	3000.0	1236.5295493953367	0.0	0	291.9668241949985	1436.5295493954327	1	0	1	3.310224684551526
121200.0	3000.0	1236.5295493953365	0.0	0	123.32584940645029	1436.5295493954327	1	0	1	3.310224684551526
122200.0	3000.0	1236.5295493953574	0.0	0	89.4642012482509	1436.5295493954327	1	0	1	3.310224684551526
123200.0	3000.0	1236.5295493953709	0.0	0	164.2330955752259	1436.5295493954327	1	0	1	3.310224684551526
124200.0	3000.0	1236.529549395365	0.0	0	362.4807542723138	1436.5295493954327	1	0	1	3.310224684551526
125200.0	3000.0	1236.5295493953583	0.0	0	312.6466176427057	1436.5295493954327	1	0	1	3.310224684551526
126200.0	3000.0	1236.529549395352	0.0	0	235.4032260177337	1436.5295493954327	1	0	1	3.310224684551526
127200.0	3000.0	1236.5295493953786	0.0	0	112.30832215519331	1436.5295493954327	1	0	1	3.310224684551526
128200.0	3000.0	1236.5295493953868	0.0	0	82.55741514441615	1436.5295493954327	1	0	1	3.310224684551526
129200.0	3000.0	1236.5295493953834	0.0	0	214.47185147600248	1436.5295493954327	1	0	1	3.310224684551526
130200.0	3000.0	1236.529549395369	0.0	0	393.0146304112568	1436.5295493954327	1	0	1	3.310224684551526
131200.0	3000.0	1236.5295493953745	0.0	0	235.99102550253156	1436.5295493954472	1	0	1	3.3102246845515255
132200.0	3000.0	1236.529549395356	0.0	0	221.24565055657877	1436.5295493954181	1	0	1	3.3102246845515255
133200.0	3000.0	1236.529549395361	0.0	0	282.0009535625577	1436.5295493954036	1	0	1	3.3102246845515286
134200.0	3000.0	1236.5295493953886	0.0	0	108.7816339933488	1436.5295493954327	1	0	1	3.310224684551526
135200.0	3000.0	1236.5295493953827	0.0	0	430.715645403543	1436.5295493954036	1	0	1	3.3102246845515286
136200.0	3000.0	1236.5295493953947	0.0	0	166.3466883606743	1436.5295493954327	1	0	1	3.310224684551526
137200.0	3000.0	1236.529549395385	0.0	0	443.929023550445	1436.5295493954036	1	0	1	3.3102246845515286
138200.0	3000.0	1236.5295493953952	0.0	0	37.32868634336046	1436.5295493954036	1	0	1	3.3102246845515286
139200.0	3000.0	1236.5295493953927	0.0	0	196.92261133083957	1436.5295493954036	1	0	1	3.3102246845515286
140200.0	3000.0	1236.529549395365	0.0	0	468.19675995217403	1436.5295493954036	1	0	1	3.3102246845515286
141236.05577880098	3000.0	1200.4737705943646	0.0	0	0.0	1436.5295493954036	1	0	1	3.3102246845515286
142293.01205149255	3000.0	1143.5174979027838	0.0	0	0.0	1436.5295493954327	1	0	1	3.310224684551527
143371.91108031836	3000.0	1064.618469077012	0.0	0	0.0	1436.5295493954618	1	0	1	3.3102246845515233
144200.0	3000.0	1236.5295493953731	0.0	0	199.30098646425176	1436.5295493954618	1	0	1	3.3102246845515233
145200.0	3000.0	1236.529549395398	0.0	0	110.40900265940581	1436.5295493954618	1	0	1	3.3102246845515233
146200.0	3000.0	1236.5295493954102	0.0	0	251.20308848435525	1436.529549395491	1	0	1	3.3102246845515197
147200.0	3000.0	1236.5295493954316	0.0	0	282.5126790116192	1436.529549395491	1	0	1	3.3102246845515197
148200.0	3000.0	1236.5295493954284	0.0	0	8.952825286774896	1436.529549395491	1	0	1	3.3102246845515197
149325.26117834644	3000.0	1111.26837104898	0.0	0	0.0	1436.529549395491	1	0	1	3.3102246845515197
150395.57560015778	3000.0	1040.9539492376744	0.0	0	0.0	1436.529549395491	1	0	1	3.3102246845515197
151200.0	3000.0	1236.5295493954745	0.0	0	158.6778804436326	1436.529549395491	1	0	1	3.3102246845515197
152284.0939777712	3000.0	1152.4355716242867	0.0	0	0.0	1436.529549395491	1	0	1	3.3102246845515197
153200.0	3000.0	1236.5295493954677	0.0	0	282.01481333124684	1436.529549395491	1	0	1	3.3102246845515197
154200.0	3000.0	1236.529549395469	0.0	0	9.424951901019085	1436.529549395491	1	0	1	3.3102246845515197
155200.0	3000.0	1236.529549395458	0.0	0	353.9430982020567	1436.5295493954618	1	0	1	3.3102246845515233
156200.0	3000.0	1236.5295493954748	0.0	0	33.32046464207815	1436.529549395491	1	0	1	3.3102246845515197
157200.0	3000.0	1236.5295493954866	0.0	0	277.11662304471247	1436.529549395491	1	0	1	3.3102246845515197
158200.0	3000.0	1236.5295493954789	0.0	0	48.63327358098468	1436.529549395491	1	0	1	3.3102246845515197
159200.0	3000.0	1236.52954939549	0.0	0	10.922442458104342	1436.529549395491	1	0	1	3.3102246845515197
160246.71652864432	3000.0	1189.8130207511851	0.0	0	0.0	1436.529549395491	1	0	1	3.3102246845515197
161200.0	2000.0	1236.5295493954993	0.0	0	81.55050219557597	1436.529549395491	1	0	1	2.2965619142811082
162200.0	2000.0	1236.5295493954918	0.0	0	446.1664206171117	1436.529549395491	1	0	1	2.702027022389273
163208.79480885886	2000.0	1227.7347405366177	0.0	0	157.50429664261173	1436.529549395491	1	0	1	2.702027022389273
164497.3557543605	2000.0	939.1737950349661	0.0	0	0.0	1436.52954939552	1	0	1	2.70202702238927
165600.6944007568	2000.0	835.8351486386528	0.0	0	0.0	1436.52954939552	1	0	1	2.70202702238927
166200.0	1000.0	1236.5295493954522	0.0	0	290.7573559599987	1436.52954939552	1	0	1	0.9691590709894071
167200.0	2000.0	1236.529549395502	0.0	0	288.66688527041697	1436.52954939552	1	0	1	2.0088798418293248
168200.0	2000.0	1236.5295493954993	0.0	0	337.1928634294309	1436.529549395549	1	0	1	2.7020270223892675
169200.0	2000.0	1236.5295493955045	0.0	0	454.4462955451745	1436.529549395549	1	0	1	2.7020270223892675
170200.0	2000.0	1236.5295493954713	0.0	0	239.3419378439139	1436.529549395549	1	0	1	2.7020270223892675
171200.0	2000.0	1236.5295493954163	0.0	0	279.13820061730803	1436.52954939552	1	0	1	2.70202702238927
172200.0	3000.0	1236.5295493954573	0.0	0	308.2214662680344	1436.52954939552	1	0	1	2.9047595764433525
173706.5511591856	3000.0	729.9783902098441	0.0	0	0.0	1436.529549395549	1	0	1	3.3102246845515144
174210.70321371587	1000.0	1225.8263356795615	0.0	0	0.0	1436.529549395549	1	0	1	0.5636939628812396
175200.0	3000.0	1236.5295493954502	0.0	0	92.32832544925623	1436.52954939552	1	0	1	2.2116123958834057
176200.0	3000.0	1236.529549395454	0.0	0	245.5990350767097	1436.52954939552	1	0	1	3.310224684551517
177368.57514038574	3000.0	1067.954409009743	0.0	0	0.0	1436.5295493955782	1	0	1	3.310224684551512
178200.0	2000.0	1236.529549395467	0.0	0	256.3117691100342	1436.5295493955782	1	0	1	2.2965619142811
179200.0	3000.0	1236.5295493954422	0.0	0	125.34640026057605	1436.5295493955782	1	0	1	2.9047595764433467
180265.84152056222	3000.0	1170.6880288331995	0.0	0	0.0	1436.529549395549	1	0	1	3.3102246845515135
181200.0	3000.0	1236.5295493953981	0.0	0	271.79250780309667	1436.529549395549	1	0	1	3.3102246845515144
182200.0	3000.0	1236.5295493954113	0.0	0	409.6036103031074	1436.529549395549	1	0	1	3.3102246845515144
183200.0	3000.0	1236.5295493954063	0.0	0	192.07140950110625	1436.529549395549	1	0	1	3.3102246845515144
184200.0	3000.0	1236.5295493954134	0.0	0	78.68324314328493	1436.5295493955782	1	0	1	3.3102246845515113
185200.0	3000.0	1236.5295493954336	0.0	0	130.9985424982151	1436.5295493955782	1	0	1	3.3102246845515113
186200.0	3000.0	1236.5295493954322	0.0	0	485.8150584116811	1436.5295493955782	1	0	1	3.3102246845515113
187200.0	3000.0	1236.5295493953938	0.0	0	131.21685124427313	1436.5295493955782	1	0	1	3.3102246845515113
188372.47219118403	3000.0	1064.0573582113802	0.0	0	0.0	1436.5295493955782	1	0	1	3.3102246845515113
189244.71662860873	3000.0	1191.8129207866696	0.0	0	0.0	1436.529549395549	1	0	1	3.3102246845515135
190200.0	3000.0	1236.5295493954357	0.0	0	199.9938062595902	1436.5295493955782	1	0	1	3.3102246845515113
191694.77996880122	3000.0	741.7495805942085	0.0	0	0.0	1436.529549395549	1	0	1	3.3102246845515144
192550.0540217875	2000.0	886.4755276078944	0.0	0	0.0	1436.529549395549	1	0	1	2.296561914281103
193272.48282175555	2000.0	1164.046727639859	0.0	0	0.0	1436.529549395549	1	0	1	2.7020270223892675
194200.0	2000.0	1236.5295493953843	0.0	0	378.8932821568451	1436.529549395549	1	0	1	2.7020270223892675
195213.28411369745	3000.0	1223.2454356979351	0.0	0	0.0	1436.52954939552	1	0	1	2.9047595764433507
196200.0	2000.0	1236.5295493953956	0.0	0	68.04090859479038	1436.52954939552	1	0	1	2.2965619142811056
197207.54025298462	3000.0	1228.9892964108165	0.0	0	0.0	1436.529549395549	1	0	1	2.904759576443351
198200.0	3000.0	1236.5295493954227	0.0	0	350.8499026231584	1436.529549395549	1	0	1	3.3102246845515144
199200.0	3000.0	1236.5295493954109	0.0	0	311.32828348418116	1436.52954939552	1	0	1	3.310224684551517
200251.99308176554	3000.0	1184.5364676298686	0.0	0	0.0	1436.529549395491	1	0	1	3.310224684551518
201536.1980758699	3000.0	900.3314735255027	0.0	0	0.0	1436.529549395491	1	0	1	3.3102246845515197
202200.0	2000.0	1236.5295493953943	0.0	0	21.96825764569803	1436.529549395491	1	0	1	2.2965619142811082
203200.0	3000.0	1236.529549395404	0.0	0	258.85712688058265	1436.529549395491	1	0	1	2.904759576443355
204200.0	3000.0	1236.5295493953797	0.0	0	274.38787085399963	1436.529549395491	1	0	1	3.3102246845515197
205200.0	3000.0	1236.5295493953777	0.0	0	242.16351893459796	1436.529549395491	1	0	1	3.3102246845515197
206200.0	3000.0	1236.5295493954072	0.0	0	138.84032484141062	1436.529549395491	1	0	1	3.3102246845515197
207200.0	3000.0	1236.5295493954072	0.0	0	137.41089280197048	1436.5295493954618	1	0	1	3.3102246845515233
208200.0	3000.0	1236.529549395375	0.0	0	284.5877235229709	1436.529549395491	1	0	1	3.3102246845515197
209200.0	3000.0	1236.529549395364	0.0	0	163.67256264958996	1436.529549395491	1	0	1	3.3102246845515197
210200.0	3000.0	1236.5295493953506	0.0	0	288.9867628146603	1436.529549395491	1	0	1	3.3102246845515197
211236.72790437524	3000.0	1199.8016450201267	0.0	0	0.0	1436.529549395491	1	0	1	3.3102246845515197
212200.0	3000.0	1236.5295493953718	0.0	0	351.9720777942857	1436.529549395491	1	0	1	3.3102246845515197
213200.0	3000.0	1236.5295493953593	0.0	0	112.1341956104443	1436.529549395491	1	0	1	3.3102246845515197
214203.61403139986	3000.0	1232.915517995471	0.0	0	0.0	1436.529549395491	1	0	1	3.3102246845515197
215200.0	3000.0	1236.5295493953163	0.0	0	106.13428096487769	1436.529549395491	1	0	1	3.3102246845515197
216212.64732164142	3000.0	1223.8822277538761	0.0	0	0.0	1436.52954939552	1	0	1	3.310224684551517
217200.0	3000.0	1236.529549395256	0.0	0	116.70340135606239	1436.52954939552	1	0	1	3.310224684551517
218589.52254679613	3000.0	847.0070025991442	0.0	0	0.0	1436.529549395549	1	0	1	3.3102246845515153
219385.32832231474	2000.0	1051.2012270805549	0.0	0	0.0	1436.529549395549	1	0	1	2.296561914281103
220200.0	2000.0	1236.5295493952926	0.0	0	134.007312242029	1436.529549395549	1	0	1	2.7020270223892675
221249.3228670266	3000.0	1187.2066823687005	0.0	0	0.0	1436.529549395549	1	0	1	2.90475957644335
222286.8708354195	3000.0	1149.658713975782	0.0	0	0.0	1436.529549395549	1	0	1	3.3102246845515144
223200.0	3000.0	1236.5295493952833	0.0	0	394.02251861419063	1436.529549395549	1	0	1	3.3102246845515144
224200.0	3000.0	1236.5295493952747	0.0	0	433.27405011685914	1436.529549395549	1	0	1	3.3102246845515144
225200.0	3000.0	1236.52954939528	0.0	0	176.82971284817904	1436.52954939552	1	0	1	3.310224684551517
226200.0	3000.0	1236.5295493952765	0.0	0	260.31969433196355	1436.52954939552	1	0	1	3.310224684551517
227200.0	3000.0	1236.5295493952422	0.0	0	2.2990934672707226	1436.52954939552	1	0	1	3.310224684551517
228419.82595111136	3000.0	1016.7035982839099	0.0	0	0.0	1436.52954939552	1	0	1	3.310224684551517
229612.40041554984	3000.0	824.129133845459	0.0	0	0.0	1436.529549395549	1	0	1	3.3102246845515144
230228.01757023268	2000.0	1208.5119791626435	0.0	0	0.0	1436.529549395549	1	0	1	2.296561914281103
231200.0	3000.0	1236.5295493953101	0.0	0	197.7270808001922	1436.529549395549	1	0	1	2.90475957644335
232200.0	3000.0	1236.5295493953213	0.0	0	101.84248919325182	1436.5295493955782	1	0	1	3.310224684551513
233200.0	3000.0	1236.529549395313	0.0	0	202.6274189419346	1436.529549395549	1	0	1	3.3102246845515144
234200.0	3000.0	1236.529549395317	0.0	0	267.09339208636084	1436.52954939552	1	0	1	3.310224684551517
235218.94962721897	3000.0	1217.579922176359	0.0	0	0.0	1436.529549395549	1	0	1	3.3102246845515158
236233.03005006458	3000.0	1203.4994993307541	0.0	0	0.0	1436.5295493955782	1	0	1	3.310224684551512
237200.0	3000.0	1236.5295493953565	0.0	0	21.23113286762964	1436.5295493956073	1	0	1	3.31022468455151
238200.0	3000.0	1236.5295493953404	0.0	0	73.85054357111221	1436.529549395549	1	0	1	3.3102246845515126
239200.0	3000.0	1236.5295493953417	0.0	0	142.9749007227656	1436.5295493955782	1	0	1	3.3102246845515113
240200.0	3000.0	1236.5295493953283	0.0	0	69.2719144038565	1436.529549395549	1	0	1	3.3102246845515126
241200.0	3000.0	1236.529549395354	0.0	0	272.7961189642956	1436.529549395549	1	0	1	3.3102246845515144
242201.04150813876	3000.0	1235.488041256581	0.0	0	0.0	1436.52954939552	1	0	1	3.310224684551516
243200.0	3000.0	1236.5295493953515	0.0	0	109.77689350553555	1436.52954939552	1	0	1	3.310224684551517
244448.78647969468	3000.0	987.7430697006923	0.0	0	0.0	1436.52954939552	1	0	1	3.310224684551517
245612.06898908011	2000.0	824.4605603152587	0.0	0	0.0	1436.52954939552	1	0	1	2.2965619142811056
246250.22164632444	2000.0	1186.3079030709218	0.0	0	0.0	1436.52954939552	1	0	1	2.70202702238927
247200.0	3000.0	1236.5295493953524	0.0	0	155.2363659440307	1436.52954939552	1	0	1	2.9047595764433525
248200.0	3000.0	1236.5295493953663	0.0	0	69.05249730366631	1436.52954939552	1	0	1	3.310224684551517
249200.0	3000.0	1236.52954939536	0.0	0	41.70574648620095	1436.529549395549	1	0	1	3.3102246845515144
250200.0	3000.0	1236.5295493953506	0.0	0	220.9891392819991	1436.529549395549	1	0	1	3.3102246845515144
251200.0	3000.0	1236.5295493953606	0.0	0	393.38789518584963	1436.529549395549	1	0	1	3.3102246845515144
252200.0	3000.0	1236.5295493953688	0.0	0	387.4331850819581	1436.529549395549	1	0	1	3.3102246845515144
253372.43062304787	3000.0	1064.0989263475224	0.0	0	0.0	1436.529549395549	1	0	1	3.3102246845515144
254200.0	3000.0	1236.5295493953963	0.0	0	77.66664359497372	1436.5295493955782	1	0	1	3.3102246845515113
255200.0	3000.0	1236.5295493953577	0.0	0	34.595258309389465	1436.5295493955782	1	0	1	3.3102246845515113
256200.0	3000.0	1236.5295493953893	0.0	0	256.9948246854474	1436.5295493956073	1	0	1	3.310224684551508
257200.0	3000.0	1236.529549395381	0.0	0	96.87947580145556	1436.5295493956073	1	0	1	3.310224684551508
258222.68964620787	3000.0	1213.8399031875115	0.0	0	0.0	1436.5295493956364	1	0	1	3.3102246845515055
259200.0	3000.0	1236.52954939543	0.0	0	328.2772354374174	1436.5295493956364	1	0	1	3.3102246845515055
260200.0	3000.0	1236.529549395413	0.0	0	309.8043680341507	1436.5295493956364	1	0	1	3.3102246845515055
261266.66147948476	3000.0	1169.868069910684	0.0	0	0.0	1436.5295493956364	1	0	1	3.3102246845515055
262200.0	3000.0	1236.5295493954466	0.0	0	50.64469129766803	1436.5295493956364	1	0	1	3.3102246845515055
263200.0	3000.0	1236.529549395458	0.0	0	352.70894015335944	1436.5295493956655	1	0	1	3.3102246845515007
264200.0	3000.0	1236.5295493954982	0.0	0	175.65618993056705	1436.5295493956655	1	0	1	3.3102246845515024
265200.0	3000.0	1236.5295493955014	0.0	0	191.34264375187922	1436.5295493956655	1	0	1	3.3102246845515024
266200.0	3000.0	1236.5295493955427	0.0	0	134.84390684694517	1436.5295493956655	1	0	1	3.3102246845515024
267200.0	3000.0	1236.5295493955493	0.0	0	310.9979398425785	1436.5295493956655	1	0	1	3.3102246845515024
268200.0	3000.0	1236.5295493955566	0.0	0	313.72094364260556	1436.5295493956655	1	0	1	3.3102246845515024
269200.0	3000.0	1236.529549395572	0.0	0	206.27866827964317	1436.5295493956655	1	0	1	3.3102246845515024
270324.9277371386	3000.0	1111.601812256953	0.0	0	0.0	1436.5295493956655	1	0	1	3.3102246845515024
271465.4316158578	3000.0	971.0979335377359	0.0	0	0.0	1436.5295493956655	1	0	1	3.3102246845515024
272200.0	3000.0	1236.529549395535	0.0	0	21.401370256440714	1436.5295493956073	1	0	1	3.310224684551506
273200.0	3000.0	1236.5295493955869	0.0	0	337.87244680098956	1436.5295493956073	1	0	1	3.310224684551508
274200.0	3000.0	1236.5295493955014	0.0	0	269.6822068229667	1436.529549395549	1	0	1	3.3102246845515144
275200.0	3000.0	1236.529549395519	0.0	0	79.59929587249644	1436.529549395549	1	0	1	3.3102246845515144
276200.0	3000.0	1236.5295493955655	0.0	0	270.3055414480041	1436.529549395549	1	0	1	3.3102246845515144
277200.0	3000.0	1236.5295493956264	0.0	0	107.60445369401714	1436.529549395549	1	0	1	3.3102246845515144
278200.0	3000.0	1236.5295493956319	0.0	0	312.476635272149	1436.529549395549	1	0	1	3.3102246845515144
279200.0	3000.0	1236.5295493955955	0.0	0	104.42365016415715	1436.5295493956073	1	0	1	3.310224684551508
280200.0	3000.0	1236.5295493956364	0.0	0	245.04417515039677	1436.5295493956073	1	0	1	3.310224684551508
281200.0	3000.0	1236.5295493956833	0.0	0	398.2434688254725	1436.5295493956655	1	0	1	3.3102246845515024
282200.0	3000.0	1236.5295493956744	0.0	0	150.46049251157092	1436.5295493957237	1	0	1	3.3102246845514967
283200.0	3000.0	1236.5295493956621	0.0	0	365.0280882582301	1436.5295493956655	1	0	1	3.3102246845515024
284200.0	3000.0	1236.5295493956132	0.0	0	449.1814887476503	1436.5295493956655	1	0	1	3.3102246845515024
285200.0	3000.0	1236.5295493955819	0.0	0	279.9624149919837	1436.5295493956073	1	0	1	3.310224684551508
286200.0	3000.0	1236.5295493955734	0.0	0	225.9634177981643	1436.5295493956073	1	0	1	3.310224684551508
287200.0	3000.0	1236.5295493955964	0.0	0	83.72081001556944	1436.5295493956073	1	0	1	3.310224684551508
288200.0	3000.0	1236.5295493955573	0.0	0	94.86717237328412	1436.5295493956073	1	0	1	3.310224684551508
289200.0	3000.0	1236.5295493955532	0.0	0	212.6932462217519	1436.5295493956655	1	0	1	3.3102246845515024
290247.0759680869	3000.0	1189.453581308608	0.0	0	0.0	1436.5295493956655	1	0	1	3.3102246845515024
291200.0	3000.0	1236.5295493955177	0.0	0	198.49209830292966	1436.5295493956655	1	0	1	3.3102246845515024
292215.01307305414	3000.0	1221.5164763414316	0.0	0	0.0	1436.5295493956655	1	0	1	3.3102246845515024
293200.0	3000.0	1236.5295493956296	0.0	0	346.3735358538688	1436.5295493957237	1	0	1	3.3102246845514967
294200.0	3000.0	1236.5295493956428	0.0	0	82.76255775010213	1436.5295493956655	1	0	1	3.3102246845515024
295200.0	3000.0	1236.5295493956594	0.0	0	261.373046870227	1436.5295493956655	1	0	1	3.3102246845515024
296200.0	3000.0	1236.5295493956662	0.0	0	195.0419958863058	1436.5295493956655	1	0	1	3.3102246845515024
297200.0	3000.0	1236.5295493956455	0.0	0	38.69162665453041	1436.5295493956073	1	0	1	3.310224684551508
298349.86916267435	3000.0	1086.6603867212696	0.0	0	0.0	1436.5295493956073	1	0	1	3.310224684551508
299200.0	3000.0	1236.5295493956241	0.0	0	127.35882653016597	1436.5295493956073	1	0	1	3.310224684551508
300200.0	3000.0	1236.529549395658	0.0	0	313.135885412863	1436.5295493956073	1	0	1	3.310224684551508
301200.0	3000.0	1236.5295493956298	0.0	0	56.28620518621756	1436.529549395549	1	0	1	3.3102246845515144
302200.0	3000.0	1236.529549395623	0.0	0	186.32652751519345	1436.5295493956073	1	0	1	3.310224684551508
303200.0	3000.0	1236.5295493955932	0.0	0	17.922556966310367	1436.529549395549	1	0	1	3.310224684551512
304200.0	3000.0	1236.52954939555	0.0	0	133.33307065902045	1436.529549395549	1	0	1	3.3102246845515144
305417.552978631	3000.0	1018.9765707645226	0.0	0	0.0	1436.529549395549	1	0	1	3.3102246845515144
306200.0	2000.0	1236.5295493955036	0.0	0	293.3617208094802	1436.5295493956073	1	0	1	2.2965619142810967
307200.0	3000.0	1236.5295493955348	0.0	0	155.07862019358436	1436.5295493956073	1	0	1	2.9047595764433436
308470.23781430477	3000.0	966.2917350907092	0.0	0	0.0	1436.529549395549	1	0	1	3.3102246845515144
309231.32488625956	2000.0	1205.2046631359199	0.0	0	0.0	1436.529549395549	1	0	1	2.296561914281103
310200.0	2000.0	1236.5295493954973	0.0	0	275.1383789536776	1436.529549395549	1	0	1	2.7020270223892675
311200.0	2000.0	1236.52954939549	0.0	0	215.62769869563635	1436.529549395491	1	0	1	2.702027022389273
312223.1085291469	2000.0	1213.4210202486097	0.0	0	127.06210573349381	1436.529549395491	1	0	1	2.702027022389273
3.14	2.84	1.22	2.1	2.84	2.97	2.92	3.05	3.39	3.8	3.64	2.37	2.47	3.15	4.38	3.79	2.81	4.12	3.52	3.76	3.88	4.29	3.46	3.41	4.56	4.33	3.85	2.59	3.29	2.47	2.84	3.06	3.54	3.07	2.79	3.21	4.09	3.86	3.34	2.37	3.82	4.47	3.66	3.65	3.41	4.8	3.79	3.39	4.78	3.76	3.89	3.73	3.26	3.72	2.4	3.22	2.99	2.73	3.68	3.05	3.31	4.46	4.89	4.25	3.37	3.28	2.98	3.08	3.29	4.98	3.09	5.47	3.35	3.75	3.88	4.15	4.09	3.82	4.07	3.38	3.13	5.09	3.01	1.55	2.83	4.56	2.88	3.31	4.01	4.31	4.03	3.17	3.89	3.52	3.9	2.88	2.64	4.31	3.46	3.67	4.43	4.38	4.18	4.01	4.25	4.36	5.16	4.84	2.8	3.45	3.38	4.92	6.26	4.0	4.15	4.1	3.57	4.0	4.44	5.19	3.68	4.45	4.04	4.68	4.2	4.29	3.73	5.0	3.15	3.44	2.78	3.92	2.9	4.39	4.41	3.71	3.66	3.02	4.56	3.13	3.81	2.69	3.93	2.92	3.22	3.27	3.14	2.64	2.72	4.31	3.14	2.84	1.22	2.1	2.84	2.97	2.92	3.05	3.39	3.8	3.64	2.37	2.47	3.15	4.38	3.79	2.81	4.12	3.52	3.76	3.88	4.29	3.46	3.41	4.56	4.33	3.85	2.59	3.29	2.47	2.84	3.06	3.54	3.07	2.79	3.21	4.09	3.86	3.34	2.37	3.82	4.47	3.66	3.65	3.41	4.8	3.79	3.39	4.78	3.76	3.89	3.73	3.26	3.72	2.4	3.22	2.99	2.73	3.68	3.05	3.31	4.46	4.89	4.25	3.37	3.28	2.98	3.08	3.29	4.98	3.09	5.47	3.35	3.75	3.88	4.15	4.09	3.82	4.07	3.38	3.13	5.09	3.01	1.55	2.83	4.56	2.88	3.31	4.01	4.31	4.03	3.17	3.89	3.52	3.9	2.88	2.64	4.31	3.46	3.67	4.43	4.38	4.18	4.01	4.25	4.36	5.16	4.84	2.8	3.45	3.38	4.92	6.26	4.0	4.15	4.1	3.57	4.0	4.44	5.19	3.68	4.45	4.04	4.68	4.2	4.29	3.73	5.0	3.15	3.44	2.78	3.92	2.9	4.39	4.41	3.71	3.66	3.02	4.56	3.13	3.81	2.69	3.93	2.92	3.22	3.27	3.14	2.64	2.72	4.31	3.14	2.84	1.22	2.1	2.84	2.97	2.92	3.05	3.39	3.8	3.64	2.37	2.47
1.0	2.0	3.0	4.0	5.0	6.0	7.0	8.0	9.0	10.0	11.0	12.0	13.0	14.0	15.0	16.0	17.0	18.0	19.0	20.0	21.0	22.0	23.0	24.0	25.0	26.0	27.0	28.0	29.0	30.0	31.0	32.0	33.0	34.0	35.0	36.0	37.0	38.0	39.0	40.0	41.0	42.0	43.0	44.0	45.0	46.0	47.0	48.0	49.0	50.0	51.0	52.0	53.0	54.0	55.0	56.0	57.0	58.0	59.0	60.0	61.0	62.0	63.0	64.0	65.0	66.0	67.0	68.0	69.0	70.0	71.0	72.0	73.0	74.0	75.0	76.0	77.0	78.0	79.0	80.0	81.0	82.0	83.0	84.0	85.0	86.0	87.0	88.0	89.0	90.0	91.0	92.0	93.0	94.0	95.0	96.0	97.0	98.0	99.0	100.0	101.0	102.0	103.0	104.0	105.0	106.0	107.0	108.0	109.0	110.0	111.0	112.0	113.0	114.0	115.0	116.0	117.0	118.0	119.0	120.0	121.0	122.0	123.0	124.0	125.0	126.0	127.0	128.0	129.0	130.0	131.0	132.0	133.0	134.0	135.0	136.0	137.0	138.0	139.0	140.0	141.0	142.0	143.0	144.0	145.0	146.0	147.0	148.0	149.0	149.0	150.0	151.0	152.0	153.0	154.0	155.0	156.0	157.0	158.0	159.0	160.0	161.0	162.0	163.0	164.0	165.0	166.0	167.0	168.0	169.0	170.0	171.0	172.0	173.0	174.0	175.0	176.0	177.0	178.0	179.0	180.0	181.0	182.0	183.0	184.0	185.0	186.0	187.0	188.0	189.0	190.0	191.0	192.0	193.0	194.0	195.0	196.0	197.0	198.0	199.0	200.0	201.0	202.0	203.0	204.0	205.0	206.0	207.0	208.0	209.0	210.0	211.0	212.0	213.0	214.0	215.0	216.0	217.0	218.0	219.0	220.0	221.0	222.0	223.0	224.0	225.0	226.0	227.0	228.0	229.0	230.0	231.0	232.0	233.0	234.0	235.0	236.0	237.0	238.0	239.0	240.0	241.0	242.0	243.0	244.0	245.0	246.0	247.0	248.0	249.0	250.0	251.0	252.0	253.0	254.0	255.0	256.0	257.0	258.0	259.0	260.0	261.0	262.0	263.0	264.0	265.0	266.0	267.0	268.0	269.0	270.0	271.0	272.0	273.0	274.0	275.0	276.0	277.0	278.0	279.0	280.0	281.0	282.0	283.0	284.0	285.0	286.0	287.0	288.0	289.0	290.0	291.0	292.0	293.0	294.0	295.0	296.0	297.0	298.0	298.0	299.0	300.0	301.0	302.0	303.0	304.0	305.0	306.0	307.0	308.0	309.0	310.0	311.0
2726.32742734748
