3247.8304649532774	300.0	2000.0	125.56284855171864	0	0.0	3247.8304649532774	1	0	1	-1.0757317872389474
5390.837349252116	3000.0	737.8789158226722	0.0	0	0.0	1128.7162650747878	1	0	2	0.6357276610028062
6200.0	1000.0	3009.632530149578	0.0	0	561.2207287391939	3209.6325301495776	1	0	0	-0.009858104015940727
10147.907420303363	6000.0	200.0	302.7869383492011	0	0.0	1347.9074203033633	1	0	2	0.16263221635910846
10291.088924037947	500.0	1056.8184962654145	0.0	0	0.0	1347.9074203033633	1	0	1	-2.0534589561693504
11211.002025591342	3000.0	1136.9053947120196	0.0	0	0.0	1347.9074203033615	1	0	1	1.5273274282326776
12200.0	3000.0	1147.907420303361	0.0	0	41.88282402639925	1347.9074203033633	1	0	1	3.319086897460733
13261.614436876405	3000.0	1086.2929834269569	0.0	0	0.0	1347.9074203033633	1	0	1	3.319086897460733
14200.0	3000.0	1147.9074203033606	0.0	0	14.490163863954876	1347.9074203033633	1	0	1	3.319086897460733
15200.0	3000.0	1147.90742030336	0.0	0	100.47625350618182	1347.9074203033615	1	0	1	3.319086897460733
16200.0	3000.0	1147.9074203033613	0.0	0	73.81157616369092	1347.9074203033597	1	0	1	3.319086897460733
17200.0	3000.0	1147.907420303361	0.0	0	156.5101690108786	1347.9074203033597	1	0	1	3.319086897460733
18200.0	3000.0	1147.90742030336	0.0	0	322.09709045184354	1347.9074203033597	1	0	1	3.319086897460733
19200.0	3000.0	1147.9074203033579	0.0	0	532.1871530076351	1347.9074203033597	1	0	1	3.319086897460733
20200.0	3000.0	1147.9074203033583	0.0	0	92.88853530985216	1347.9074203033633	1	0	1	3.319086897460733
21200.0	3000.0	1147.9074203033588	0.0	0	215.38645187684233	1347.9074203033633	1	0	1	3.319086897460733
22200.0	3000.0	1147.9074203033547	0.0	0	411.0181128963013	1347.9074203033633	1	0	1	3.319086897460733
23200.0	3000.0	1147.9074203033563	0.0	0	271.90460955962044	1347.9074203033633	1	0	1	3.319086897460733
24200.0	3000.0	1147.9074203033551	0.0	0	208.12233543194452	1347.9074203033633	1	0	1	3.319086897460733
25200.0	3000.0	1147.907420303352	0.0	0	359.1665237581765	1347.9074203033633	1	0	1	3.319086897460733
26200.0	3000.0	1147.9074203033522	0.0	0	500.0301425535836	1347.9074203033633	1	0	1	3.319086897460733
27200.0	3000.0	1147.9074203033538	0.0	0	246.64885233786117	1347.9074203033633	1	0	1	3.319086897460733
28423.536802679635	3000.0	924.3706176237205	0.0	0	0.0	1347.907420303367	1	0	1	3.3190868974607324
29351.76444407438	3000.0	996.1429762289756	0.0	0	0.0	1347.907420303367	1	0	1	3.3190868974607324
30200.0	3000.0	1147.9074203033513	0.0	0	168.3376131469704	1347.9074203033633	1	0	1	3.319086897460733
31200.0	3000.0	1147.9074203033524	0.0	0	391.9164322498	1347.9074203033633	1	0	1	3.319086897460733
32332.663757449947	3000.0	1015.2436628534045	0.0	0	0.0	1347.9074203033633	1	0	1	3.319086897460733
33204.63136662426	3000.0	1143.2760536790997	0.0	0	0.0	1347.907420303367	1	0	1	3.3190868974607324
34200.0	3000.0	1147.9074203033542	0.0	0	197.96456705567107	1347.907420303367	1	0	1	3.3190868974607324
35200.0	3000.0	1147.9074203033463	0.0	0	14.059965243621264	1347.907420303367	1	0	1	3.3190868974607324
36365.612770318716	3000.0	982.2946499846299	0.0	0	0.0	1347.9074203033597	1	0	1	3.3190868974607324
37200.0	3000.0	1147.9074203033367	0.0	0	200.78329711165134	1347.9074203033524	1	0	1	3.3190868974607337
38200.0	3000.0	1147.907420303335	0.0	0	542.7727429114966	1347.9074203033524	1	0	1	3.319086897460734
39200.0	3000.0	1147.9074203033376	0.0	0	192.89444538032694	1347.9074203033524	1	0	1	3.319086897460734
40200.0	3000.0	1147.9074203033472	0.0	0	366.9774980164584	1347.9074203033597	1	0	1	3.319086897460733
41200.0	3000.0	1147.9074203033447	0.0	0	104.7857209550275	1347.9074203033524	1	0	1	3.319086897460734
42200.0	3000.0	1147.9074203033397	0.0	0	349.014405081376	1347.9074203033524	1	0	1	3.319086897460734
43200.0	3000.0	1147.9074203033388	0.0	0	353.18423209874163	1347.9074203033524	1	0	1	3.319086897460734
44200.0	3000.0	1147.9074203033335	0.0	0	400.97047375726106	1347.9074203033597	1	0	1	3.319086897460733
45254.40423909424	3000.0	1093.5031812090933	0.0	0	18.865842230406997	1347.9074203033597	1	0	1	3.319086897460733
46503.21758931748	3000.0	844.6898309858594	0.0	0	0.0	1347.9074203033597	1	0	1	3.319086897460733
47200.0	2000.0	1147.9074203033379	0.0	0	97.24765494186431	1347.9074203033524	1	0	1	2.3054241271903226
48200.0	3000.0	1147.9074203033338	0.0	0	244.6058626580416	1347.9074203033597	1	0	1	2.913621789352568
49398.74881862046	3000.0	949.1586016828817	0.0	0	0.0	1347.9074203033597	1	0	1	3.319086897460733
50230.78477817449	2000.0	1117.1226421288452	0.0	0	0.0	1347.9074203033597	1	0	1	2.3054241271903213
51200.0	3000.0	1147.9074203033422	0.0	0	327.4376475734389	1347.9074203033597	1	0	1	2.913621789352568
52264.96302108004	3000.0	1082.9443992233055	0.0	0	0.0	1347.9074203033597	1	0	1	3.319086897460733
53200.0	2000.0	1147.907420303348	0.0	0	392.8777776994393	1347.9074203033597	1	0	1	2.3054241271903213
54200.29673879256	3000.0	1147.610681510792	0.0	0	52.1924198911438	1347.9074203033597	1	0	1	2.913621789352568
55460.64142570482	3000.0	887.2659945985232	0.0	0	0.0	1347.9074203033524	1	0	1	3.319086897460734
56200.0	2000.0	1147.9074203033374	0.0	0	169.39283546467777	1347.9074203033524	1	0	1	2.3054241271903226
57200.0	3000.0	1147.907420303335	0.0	0	440.0772236107441	1347.9074203033524	1	0	1	2.9136217893525695
58200.0	3000.0	1147.9074203033351	0.0	0	471.14382299535646	1347.9074203033524	1	0	1	3.319086897460734
59200.0	3000.0	1147.9074203033304	0.0	0	4.998953771602828	1347.9074203033451	1	0	1	3.3190868974607346
60200.0	3000.0	1147.9074203033329	0.0	0	38.45215488368558	1347.9074203033524	1	0	1	3.319086897460734
61409.42582165519	3000.0	938.4815986481432	0.0	0	0.0	1347.9074203033524	1	0	1	3.319086897460734
62767.56799869662	3000.0	580.3394216067101	0.0	0	0.0	1347.9074203033524	1	0	1	3.319086897460734
63232.25098109353	1000.0	1115.6564392097998	0.0	0	0.0	1347.9074203033524	1	0	1	0.5725561757904594
64200.0	2000.0	1147.9074203033304	0.0	0	80.03092694147927	1347.9074203033524	1	0	1	2.017742054738542
65200.0	2000.0	1147.9074203033383	0.0	0	299.0526927261453	1347.9074203033524	1	0	1	2.7108892352984872
66200.0	2000.0	1147.907420303341	0.0	0	497.7683859612953	1347.9074203033451	1	0	1	2.7108892352984872
67200.0	2000.0	1147.9074203033474	0.0	0	386.44228082157497	1347.9074203033524	1	0	1	2.7108892352984872
68243.41028888804	3000.0	1104.4971314152976	0.0	0	0.0	1347.9074203033524	1	0	1	2.9136217893525695
69296.37522422771	3000.0	1051.5321960756378	0.0	0	0.0	1347.9074203033524	1	0	1	3.319086897460734
70578.44599610977	3000.0	769.4614241935747	0.0	0	0.0	1347.9074203033524	1	0	1	3.319086897460734
71464.70318229988	2000.0	883.2042380034572	0.0	0	0.0	1347.9074203033524	1	0	1	2.3054241271903226
72200.0	2000.0	1147.9074203033342	0.0	0	144.96424782155373	1347.9074203033524	1	0	1	2.7108892352984872
73200.0	2000.0	1147.907420303344	0.0	0	536.4764783111023	1347.9074203033379	1	0	1	2.710889235298488
74200.0	3000.0	1147.9074203033435	0.0	0	271.7269864214468	1347.9074203033379	1	0	1	2.9136217893525704
75200.0	3000.0	1147.9074203033424	0.0	0	227.92988824394706	1347.9074203033379	1	0	1	3.319086897460735
76200.0	3000.0	1147.9074203033501	0.0	0	213.56342433601094	1347.9074203033379	1	0	1	3.319086897460735
77200.0	3000.0	1147.9074203033392	0.0	0	165.50203119376965	1347.9074203033233	1	0	1	3.319086897460737
78307.37663498466	3000.0	1040.5307853186755	0.0	0	0.0	1347.9074203033233	1	0	1	3.319086897460737
79200.0	2000.0	1147.9074203033178	0.0	0	102.92768098275701	1347.9074203033233	1	0	1	2.3054241271903253
80200.0	2000.0	1147.9074203033272	0.0	0	210.91162821295438	1347.9074203033379	1	0	1	2.710889235298488
81200.0	2000.0	1147.907420303317	0.0	0	167.40204116380482	1347.9074203033379	1	0	1	2.710889235298488
82200.0	2000.0	1147.9074203033247	0.0	0	158.43506781212636	1347.9074203033524	1	0	1	2.7108892352984872
83200.0	2000.0	1147.9074203033254	0.0	0	408.79144236007414	1347.9074203033524	1	0	1	2.7108892352984872
84200.0	3000.0	1147.9074203033272	0.0	0	202.0218220068491	1347.9074203033524	1	0	1	2.913621789352569
85200.0	3000.0	1147.9074203033165	0.0	0	167.38840166114096	1347.9074203033524	1	0	1	3.319086897460734
86200.0	3000.0	1147.9074203033128	0.0	0	260.47176161296375	1347.9074203033524	1	0	1	3.319086897460734
87325.16568678383	3000.0	1022.7417335194913	0.0	0	0.0	1347.9074203033524	1	0	1	3.319086897460734
88743.55041549944	3000.0	604.3570048038812	0.0	0	0.0	1347.9074203033524	1	0	1	3.319086897460734
89200.0	1000.0	1147.907420303308	0.0	0	74.00151041222853	1347.9074203033524	1	0	1	0.5725561757904594
90336.67022521458	3000.0	1011.2371950887369	0.0	0	0.0	1347.9074203033524	1	0	1	2.220474608792624
91246.10042724815	2000.0	1101.8069930551512	0.0	0	0.0	1347.9074203033379	1	0	1	2.3054241271903235
92200.0	2000.0	1147.9074203033013	0.0	0	174.6249774771568	1347.9074203033379	1	0	1	2.710889235298488
93200.0	2000.0	1147.9074203032978	0.0	0	373.145690835634	1347.9074203033379	1	0	1	2.710889235298488
94200.0	2000.0	1147.9074203032994	0.0	0	374.83357436952065	1347.9074203033379	1	0	1	2.710889235298488
95200.0	2000.0	1147.9074203033033	0.0	0	218.79168136048247	1347.9074203033379	1	0	1	2.710889235298488
96200.0	2000.0	1147.9074203032872	0.0	0	514.1331538521481	1347.9074203033233	1	0	1	2.71088923529849
97200.0	3000.0	1147.9074203032744	0.0	0	146.2899572236056	1347.9074203033233	1	0	1	2.913621789352572
98200.0	3000.0	1147.9074203032912	0.0	0	479.0329316486459	1347.9074203033088	1	0	1	3.3190868974607386
99328.8552936705	3000.0	1019.0521266327928	0.0	0	0.0	1347.9074203033088	1	0	1	3.3190868974607386
100200.0	3000.0	1147.907420303291	0.0	0	57.859295433110674	1347.9074203033088	1	0	1	3.3190868974607386
101200.0	3000.0	1147.9074203032803	0.0	0	225.2823885879625	1347.9074203032942	1	0	1	3.3190868974607395
102200.0	3000.0	1147.9074203032721	0.0	0	29.64839170666528	1347.9074203032797	1	0	1	3.3190868974607413
103200.0	3000.0	1147.9074203032876	0.0	0	355.7925684848742	1347.9074203032797	1	0	1	3.3190868974607413
104200.0	3000.0	1147.9074203032792	0.0	0	126.64782632913557	1347.9074203032797	1	0	1	3.3190868974607413
105200.0	3000.0	1147.9074203032756	0.0	0	71.06741104168759	1347.907420303265	1	0	1	3.3190868974607426
106200.0	3000.0	1147.907420303288	0.0	0	66.50072974484647	1347.907420303265	1	0	1	3.3190868974607426
107200.0	3000.0	1147.9074203032899	0.0	0	253.52484327647835	1347.907420303265	1	0	1	3.3190868974607426
108200.0	3000.0	1147.9074203032847	0.0	0	209.59313991868112	1347.907420303265	1	0	1	3.3190868974607426
109200.0	3000.0	1147.9074203032833	0.0	0	378.61241260071984	1347.907420303265	1	0	1	3.3190868974607426
110200.0	3000.0	1147.907420303287	0.0	0	162.46888124753605	1347.907420303265	1	0	1	3.3190868974607426
111200.0	3000.0	1147.9074203032853	0.0	0	191.59277153555013	1347.907420303265	1	0	1	3.3190868974607426
112338.84013600001	3000.0	1009.067284303277	0.0	0	0.0	1347.907420303265	1	0	1	3.3190868974607426
113200.0	3000.0	1147.9074203033065	0.0	0	111.78210394180496	1347.9074203032797	1	0	1	3.3190868974607413
114615.13709291122	3000.0	732.770327392089	0.0	0	0.0	1347.9074203032797	1	0	1	3.3190868974607413
115628.33097908489	2000.0	719.5764412184274	0.0	0	0.0	1347.907420303265	1	0	1	2.3054241271903315
116200.0	1000.0	1147.9074203033108	0.0	0	204.78966569705517	1347.907420303265	1	0	1	0.9780212838986326
117200.0	2000.0	1147.9074203033033	0.0	0	345.1402063824644	1347.907420303265	1	0	1	2.0177420547385507
118200.0	2000.0	1147.9074203033135	0.0	0	100.49269941219245	1347.9074203032797	1	0	1	2.7108892352984943
119200.0	2000.0	1147.9074203033051	0.0	0	456.5390880129853	1347.907420303265	1	0	1	2.710889235298496
120200.0	2000.0	1147.9074203032942	0.0	0	390.6990850117436	1347.907420303265	1	0	1	2.710889235298496
121289.80999177365	3000.0	1058.0974285296425	0.0	0	0.0	1347.907420303265	1	0	1	2.913621789352578
122200.0	3000.0	1147.907420303304	0.0	0	77.28109545409097	1347.9074203032797	1	0	1	3.3190868974607413
123200.0	3000.0	1147.9074203032856	0.0	0	447.41601966539747	1347.9074203032797	1	0	1	3.3190868974607413
124200.0	3000.0	1147.9074203032737	0.0	0	317.0457618764776	1347.907420303265	1	0	1	3.3190868974607426
125200.0	3000.0	1147.907420303269	0.0	0	286.9037613183755	1347.9074203032797	1	0	1	3.3190868974607413
126205.01289604086	3000.0	1142.8945242624031	0.0	0	0.0	1347.9074203032797	1	0	1	3.3190868974607413
127200.0	3000.0	1147.907420303283	0.0	0	82.92850116967747	1347.9074203032797	1	0	1	3.3190868974607413
128200.0	3000.0	1147.9074203032915	0.0	0	252.12376690756355	1347.9074203032942	1	0	1	3.3190868974607395
129200.0	3000.0	1147.9074203033097	0.0	0	93.38746207488293	1347.9074203032942	1	0	1	3.3190868974607395
130200.0	3000.0	1147.9074203033092	0.0	0	117.0882413538202	1347.9074203032942	1	0	1	3.3190868974607395
131324.5856041684	3000.0	1023.321816134918	0.0	0	0.0	1347.9074203032797	1	0	1	3.319086897460739
132279.981998144	3000.0	1067.9254221592842	0.0	0	0.0	1347.907420303265	1	0	1	3.319086897460741
133276.1985308328	3000.0	1071.708889470481	0.0	0	0.0	1347.907420303265	1	0	1	3.3190868974607426
134200.0	3000.0	1147.9074203032621	0.0	0	109.42144493706292	1347.907420303207	1	0	1	3.3190868974607466
135200.0	3000.0	1147.9074203032783	0.0	0	73.43051482748706	1347.907420303207	1	0	1	3.3190868974607484
136200.0	3000.0	1147.9074203032808	0.0	0	212.21754175348906	1347.907420303236	1	0	1	3.3190868974607457
137200.0	3000.0	1147.9074203032817	0.0	0	150.5358310684096	1347.907420303236	1	0	1	3.3190868974607457
138200.0	3000.0	1147.9074203032867	0.0	0	439.8331709865015	1347.907420303236	1	0	1	3.3190868974607457
139200.0	3000.0	1147.9074203032828	0.0	0	202.6788991401845	1347.907420303236	1	0	1	3.3190868974607457
140200.0	3000.0	1147.907420303306	0.0	0	158.6706962347962	1347.907420303236	1	0	1	3.3190868974607457
141200.0	3000.0	1147.9074203033047	0.0	0	221.3201054262754	1347.907420303236	1	0	1	3.3190868974607457
142200.0	3000.0	1147.907420303278	0.0	0	264.9482803849678	1347.907420303236	1	0	1	3.3190868974607457
143200.0	3000.0	1147.9074203032199	0.0	0	119.85387412252021	1347.907420303236	1	0	1	3.3190868974607457
144222.14552161028	3000.0	1125.7618986929356	0.0	0	0.0	1347.907420303236	1	0	1	3.3190868974607457
145200.0	3000.0	1147.9074203032446	0.0	0	358.3498081464495	1347.907420303236	1	0	1	3.3190868974607457
146200.0	3000.0	1147.9074203032121	0.0	0	555.6697396675881	1347.907420303207	1	0	1	3.3190868974607484
147200.0	3000.0	1147.9074203032303	0.0	0	280.9499210876529	1347.907420303207	1	0	1	3.3190868974607484
148200.0	3000.0	1147.9074203032214	0.0	0	204.55922206791	1347.9074203031778	1	0	1	3.3190868974607515
149323.93408181082	3000.0	1023.973338492355	0.0	0	0.0	1347.9074203031778	1	0	1	3.3190868974607515
150387.64530782987	3000.0	960.2621124733063	0.0	0	0.0	1347.9074203031778	1	0	1	3.3190868974607515
151200.0	3000.0	1147.907420303189	0.0	0	185.21924239394139	1347.9074203031778	1	0	1	3.3190868974607515
152200.0	3000.0	1147.9074203032103	0.0	0	271.72338926704833	1347.9074203031778	1	0	1	3.3190868974607515
153200.0	3000.0	1147.9074203032383	0.0	0	44.803571699390886	1347.907420303207	1	0	1	3.3190868974607484
154200.0	3000.0	1147.9074203032294	0.0	0	213.0499099647568	1347.907420303207	1	0	1	3.3190868974607484
155200.0	3000.0	1147.9074203032458	0.0	0	225.6817198219651	1347.907420303207	1	0	1	3.3190868974607484
156200.0	3000.0	1147.9074203032442	0.0	0	51.22465499184909	1347.907420303207	1	0	1	3.3190868974607484
157200.0	3000.0	1147.9074203032073	0.0	0	282.25213239030563	1347.9074203031778	1	0	1	3.3190868974607515
158200.0	3000.0	1147.907420303201	0.0	0	102.44473015554831	1347.9074203031196	1	0	1	3.319086897460755
159200.0	3000.0	1147.9074203031664	0.0	0	258.75289842826896	1347.9074203031196	1	0	1	3.3190868974607572
160259.5176716077	3000.0	1088.3897486954847	0.0	0	0.0	1347.9074203031196	1	0	1	3.3190868974607572
161200.0	3000.0	1147.907420303163	0.0	0	292.474006723176	1347.9074203030905	1	0	1	3.3190868974607604
162200.0	3000.0	1147.9074203031428	0.0	0	258.9995515838382	1347.9074203030614	1	0	1	3.319086897460763
163200.0	3000.0	1147.9074203031266	0.0	0	355.17260445744614	1347.9074203030614	1	0	1	3.319086897460763
164200.0	3000.0	1147.9074203031184	0.0	0	214.12928040747647	1347.9074203030905	1	0	1	3.3190868974607604
165200.0	3000.0	1147.907420303119	0.0	0	181.75707273578155	1347.9074203030905	1	0	1	3.3190868974607604
166200.0	3000.0	1147.9074203031216	0.0	0	102.03564485604875	1347.9074203030905	1	0	1	3.3190868974607604
167200.0	3000.0	1147.9074203031034	0.0	0	334.18381734139984	1347.9074203030905	1	0	1	3.3190868974607604
168200.0	3000.0	1147.9074203030996	0.0	0	359.2781632633705	1347.9074203030905	1	0	1	3.3190868974607604
169200.0	3000.0	1147.9074203031112	0.0	0	317.16022893440095	1347.9074203030905	1	0	1	3.3190868974607604
170200.0	3000.0	1147.9074203030966	0.0	0	422.35105157084763	1347.9074203030905	1	0	1	3.3190868974607604
171200.0	3000.0	1147.9074203030948	0.0	0	500.3423862529453	1347.9074203031196	1	0	1	3.3190868974607572
172200.0	3000.0	1147.9074203030868	0.0	0	174.57291630795226	1347.9074203031487	1	0	1	3.319086897460754
173200.0	3000.0	1147.9074203030837	0.0	0	168.67174369023996	1347.9074203031196	1	0	1	3.3190868974607572
174200.0	3000.0	1147.9074203030746	0.0	0	546.8980753917422	1347.9074203031196	1	0	1	3.3190868974607572
175200.0	3000.0	1147.9074203030334	0.0	0	417.79325075351517	1347.9074203031196	1	0	1	3.3190868974607572
176200.0	3000.0	1147.9074203030264	0.0	0	14.765366939653177	1347.9074203031487	1	0	1	3.319086897460754
177200.0	3000.0	1147.9074203030702	0.0	0	107.12292726925807	1347.907420303207	1	0	1	3.31908689746075
178200.0	3000.0	1147.9074203030768	0.0	0	32.45087865096866	1347.907420303207	1	0	1	3.3190868974607484
179200.0	3000.0	1147.9074203030618	0.0	0	276.49796559271635	1347.907420303207	1	0	1	3.3190868974607484
180200.0	3000.0	1147.9074203030295	0.0	0	61.22222426821827	1347.9074203031778	1	0	1	3.3190868974607515
181308.7281613234	3000.0	1039.179258979658	0.0	0	0.0	1347.907420303207	1	0	1	3.3190868974607484
182348.25870265765	3000.0	999.6487176454008	0.0	0	0.0	1347.907420303236	1	0	1	3.3190868974607457
183200.0	3000.0	1147.9074203030436	0.0	0	193.86075895102113	1347.907420303265	1	0	1	3.3190868974607426
184313.9470708172	3000.0	1033.9603494858547	0.0	0	0.0	1347.907420303265	1	0	1	3.3190868974607426
185200.0	3000.0	1147.9074203030664	0.0	0	123.71330475708237	1347.907420303265	1	0	1	3.3190868974607426
186200.0	3000.0	1147.9074203030327	0.0	0	162.11054355965462	1347.907420303265	1	0	1	3.3190868974607426
187200.0	3000.0	1147.9074203030368	0.0	0	342.594586073712	1347.907420303265	1	0	1	3.3190868974607426
188200.0	3000.0	1147.9074203030204	0.0	0	78.73885016303393	1347.907420303265	1	0	1	3.3190868974607426
189200.0	3000.0	1147.9074203030673	0.0	0	169.63026343806996	1347.907420303265	1	0	1	3.3190868974607426
190200.0	3000.0	1147.9074203030723	0.0	0	374.8328448381799	1347.907420303265	1	0	1	3.3190868974607426
191200.0	3000.0	1147.9074203031196	0.0	0	374.8252165975282	1347.9074203032942	1	0	1	3.3190868974607395
192200.0	3000.0	1147.9074203031164	0.0	0	161.876189796807	1347.9074203032942	1	0	1	3.3190868974607377
193200.0	3000.0	1147.907420303126	0.0	0	161.92575562169077	1347.9074203033233	1	0	1	3.3190868974607386
194302.3133772849	3000.0	1045.5940430182266	0.0	0	0.0	1347.9074203032942	1	0	1	3.3190868974607377
195552.90457230952	3000.0	795.0028479936063	0.0	0	0.0	1347.9074203033233	1	0	1	3.319086897460737
196200.0	2000.0	1147.9074203031164	0.0	0	131.04831637028838	1347.9074203033233	1	0	1	2.3054241271903253
197200.0	3000.0	1147.9074203031137	0.0	0	265.3826325194095	1347.9074203032942	1	0	1	2.913621789352575
198366.02247793402	3000.0	981.884942369088	0.0	0	0.0	1347.9074203032942	1	0	1	3.3190868974607395
199200.0	2000.0	1147.9074203031441	0.0	0	35.87636941348319	1347.9074203032942	1	0	1	2.305424127190328
200200.0	3000.0	1147.907420303113	0.0	0	43.299674658628646	1347.907420303265	1	0	1	2.913621789352576
201200.0	3000.0	1147.9074203031391	0.0	0	32.734864672034746	1347.907420303265	1	0	1	3.3190868974607426
202200.0	3000.0	1147.9074203031525	0.0	0	262.007088540995	1347.907420303265	1	0	1	3.3190868974607426
203200.0	3000.0	1147.907420303171	0.0	0	190.8442986716109	1347.907420303265	1	0	1	3.3190868974607426
204220.78055851007	3000.0	1127.1268617931328	0.0	0	0.0	1347.9074203032942	1	0	1	3.3190868974607395
205292.96037268586	3000.0	1054.9470476173526	0.0	0	0.0	1347.9074203033233	1	0	1	3.3190868974607377
206200.0	3000.0	1147.9074203032044	0.0	0	90.75600833745557	1347.9074203032942	1	0	1	3.319086897460738
207200.0	3000.0	1147.9074203031719	0.0	0	263.89280365611194	1347.9074203032942	1	0	1	3.3190868974607395
208312.7505665682	3000.0	1035.1568537349851	0.0	0	0.0	1347.9074203032942	1	0	1	3.3190868974607395
209200.0	3000.0	1147.9074203031728	0.0	0	111.28360106251785	1347.9074203032942	1	0	1	3.3190868974607395
210200.0	3000.0	1147.90742030316	0.0	0	269.8217691364407	1347.9074203032942	1	0	1	3.3190868974607395
211200.0	3000.0	1147.9074203031744	0.0	0	22.779785419494146	1347.9074203033233	1	0	1	3.3190868974607377
212323.96316058736	3000.0	1023.9442597157981	0.0	0	0.0	1347.9074203033233	1	0	1	3.319086897460737
213214.5888262632	2000.0	1133.3185940399467	0.0	0	0.0	1347.9074203033524	1	0	1	2.3054241271903226
214200.0	2000.0	1147.9074203031414	0.0	0	289.84615037054755	1347.9074203033524	1	0	1	2.7108892352984872
215200.0	2000.0	1147.9074203031475	0.0	0	492.31316632346716	1347.9074203033524	1	0	1	2.7108892352984872
216200.0	2000.0	1147.9074203031587	0.0	0	325.02282190704136	1347.9074203033233	1	0	1	2.71088923529849
217200.0	3000.0	1147.907420303181	0.0	0	328.8327164045477	1347.9074203033233	1	0	1	2.913621789352572
218383.13212082186	3000.0	964.7752994813359	0.0	0	0.0	1347.9074203033233	1	0	1	3.3190868974607377
219200.0	2000.0	1147.9074203032035	0.0	0	323.98484499860206	1347.9074203033233	1	0	1	2.3054241271903253
220416.71466406173	3000.0	931.1927562415084	0.0	0	0.0	1347.9074203033524	1	0	1	2.9136217893525695
221200.0	2000.0	1147.9074203032421	0.0	0	100.04197663223022	1347.9074203033233	1	0	1	2.3054241271903244
222200.0	3000.0	1147.9074203032394	0.0	0	244.80278153994004	1347.9074203033233	1	0	1	2.913621789352572
223343.4754728445	3000.0	1004.4319474587357	0.0	0	0.0	1347.9074203033233	1	0	1	3.319086897460737
224200.0	2000.0	1147.907420303237	0.0	0	225.31340206513414	1347.9074203033233	1	0	1	2.3054241271903253
225200.0	3000.0	1147.9074203032533	0.0	0	140.4725092718436	1347.9074203033815	1	0	1	2.913621789352568
226313.257930409	3000.0	1034.6494898942688	0.0	0	0.0	1347.9074203033815	1	0	1	3.319086897460731
227232.97993048935	3000.0	1114.9274898139274	0.0	0	0.0	1347.9074203033815	1	0	1	3.319086897460731
228504.92121842544	3000.0	842.986201877824	0.0	0	0.0	1347.9074203033815	1	0	1	3.319086897460731
229200.0	2000.0	1147.907420303257	0.0	0	0.21164214721648023	1347.9074203033815	1	0	1	2.305424127190319
230200.0	2000.0	1147.9074203032749	0.0	0	307.8141218892706	1347.9074203033815	1	0	1	2.7108892352984837
231200.0	2000.0	1147.907420303292	0.0	0	348.07691882850486	1347.9074203033815	1	0	1	2.7108892352984837
232200.0	2000.0	1147.907420303302	0.0	0	381.4045241115964	1347.9074203033524	1	0	1	2.7108892352984872
233200.0	2000.0	1147.9074203032962	0.0	0	447.21384775068145	1347.9074203033524	1	0	1	2.7108892352984872
234200.0	3000.0	1147.907420303293	0.0	0	371.43392967499676	1347.9074203033524	1	0	1	2.9136217893525695
235200.0	3000.0	1147.9074203032997	0.0	0	349.4729028643924	1347.9074203033524	1	0	1	3.319086897460734
236322.48781600816	3000.0	1025.4196042951398	0.0	0	0.0	1347.9074203033524	1	0	1	3.3190868974607337
237250.6270470273	3000.0	1097.2803732760296	0.0	0	0.0	1347.9074203033524	1	0	1	3.319086897460734
238522.51962510776	3000.0	825.3877951955678	0.0	0	0.0	1347.9074203033524	1	0	1	3.3190868974607337
239285.5771637796	2000.0	1062.3302565237288	0.0	0	0.0	1347.9074203033233	1	0	1	2.3054241271903253
240297.09927430723	2000.0	1050.8081459961154	0.0	0	0.0	1347.9074203033233	1	0	1	2.71088923529849
241342.9074017869	2000.0	1005.0000185164287	0.0	0	0.0	1347.9074203033233	1	0	1	2.71088923529849
242200.0	2000.0	1147.907420303347	0.0	0	233.76080175704556	1347.9074203032942	1	0	1	2.7108892352984926
243200.0	2000.0	1147.9074203033592	0.0	0	385.79991541148047	1347.9074203033233	1	0	1	2.71088923529849
244200.0	3000.0	1147.9074203033467	0.0	0	129.5260091360833	1347.9074203033233	1	0	1	2.913621789352572
245200.0	3000.0	1147.9074203033492	0.0	0	241.62888132565422	1347.9074203033233	1	0	1	3.319086897460737
246200.0	3000.0	1147.907420303334	0.0	0	143.10613530280534	1347.9074203033524	1	0	1	3.319086897460736
247200.0	3000.0	1147.907420303355	0.0	0	353.84967083481024	1347.9074203033524	1	0	1	3.319086897460734
248209.05362773096	3000.0	1138.8537925724368	0.0	0	0.0	1347.9074203033524	1	0	1	3.319086897460734
249200.0	3000.0	1147.907420303375	0.0	0	68.60921190335648	1347.9074203033524	1	0	1	3.319086897460734
250200.0	3000.0	1147.9074203033756	0.0	0	311.6734577746247	1347.9074203033524	1	0	1	3.319086897460734
251397.3914521534	3000.0	950.5159681499708	0.0	0	0.0	1347.9074203033524	1	0	1	3.319086897460735
252434.67698132677	3000.0	913.230438976618	0.0	0	0.0	1347.9074203033524	1	0	1	3.319086897460734
253200.0	2000.0	1147.9074203034272	0.0	0	280.0197515099426	1347.9074203033524	1	0	1	2.3054241271903226
254200.0	3000.0	1147.9074203034388	0.0	0	160.96538774616783	1347.9074203033524	1	0	1	2.9136217893525695
255200.0	3000.0	1147.9074203034456	0.0	0	84.90433203167049	1347.9074203033815	1	0	1	3.319086897460731
256200.0	3000.0	1147.907420303443	0.0	0	223.9978167230147	1347.9074203033815	1	0	1	3.319086897460731
257200.0	3000.0	1147.9074203034388	0.0	0	287.1948399008834	1347.9074203033815	1	0	1	3.319086897460731
258200.0	3000.0	1147.9074203034234	0.0	0	268.9355677991989	1347.9074203033815	1	0	1	3.319086897460731
259203.44405327935	3000.0	1144.4633670240655	0.0	0	0.0	1347.9074203033815	1	0	1	3.319086897460731
260200.0	3000.0	1147.9074203034015	0.0	0	252.73970908444608	1347.9074203033815	1	0	1	3.319086897460731
261200.0	3000.0	1147.9074203033927	0.0	0	199.63197948643938	1347.9074203033815	1	0	1	3.319086897460731
262200.0	3000.0	1147.9074203033952	0.0	0	63.43025747942738	1347.9074203033815	1	0	1	3.319086897460731
263539.04729501624	3000.0	808.8601252871412	0.0	0	0.0	1347.9074203033815	1	0	1	3.31908689746073
264474.8894466676	2000.0	873.0179736356579	0.0	0	0.0	1347.9074203033815	1	0	1	2.305424127190319
265200.0	2000.0	1147.9074203033472	0.0	0	52.630027038336266	1347.9074203033815	1	0	1	2.710889235298485
266200.0	2000.0	1147.9074203033272	0.0	0	414.3172374605201	1347.9074203033815	1	0	1	2.7108892352984837
267200.0	2000.0	1147.9074203033117	0.0	0	268.9453437096672	1347.9074203033815	1	0	1	2.7108892352984837
268200.0	2000.0	1147.9074203033206	0.0	0	232.21972926531453	1347.9074203033815	1	0	1	2.7108892352984837
269200.0	2000.0	1147.9074203032542	0.0	0	615.2597460248508	1347.9074203033815	1	0	1	2.7108892352984837
270200.0	3000.0	1147.9074203033015	0.0	0	49.816244740388356	1347.9074203034397	1	0	1	2.9136217893525607
271200.0	3000.0	1147.9074203033492	0.0	0	243.60994970588945	1347.907420303498	1	0	1	3.3190868974607195
272200.0	3000.0	1147.9074203033313	0.0	0	109.14572944352403	1347.9074203033815	1	0	1	3.3190868974607275
273200.0	3000.0	1147.9074203033792	0.0	0	68.42405843711458	1347.9074203033815	1	0	1	3.319086897460731
274209.392087614	3000.0	1138.5153326894585	0.0	0	84.19256565341493	1347.9074203034397	1	0	1	3.3190868974607253
275200.0	3000.0	1147.9074203034716	0.0	0	1.0327660962357186	1347.9074203034397	1	0	1	3.3190868974607253
276200.0	3000.0	1147.9074203034725	0.0	0	54.332432536175475	1347.9074203034397	1	0	1	3.3190868974607253
277200.0	3000.0	1147.9074203034686	0.0	0	299.0432583874208	1347.9074203034397	1	0	1	3.3190868974607253
278200.72786471527	3000.0	1147.179555588184	0.0	0	0.0	1347.9074203033815	1	0	1	3.3190868974607284
279216.05025487184	3000.0	1131.8571654316418	0.0	0	0.0	1347.9074203033815	1	0	1	3.319086897460731
280218.70196268085	3000.0	1129.2054576225626	0.0	0	0.0	1347.907420303265	1	0	1	3.319086897460739
281340.5072936973	3000.0	1007.4001266061769	0.0	0	0.0	1347.907420303265	1	0	1	3.3190868974607426
282422.872062086	3000.0	925.0353582174102	0.0	0	0.0	1347.907420303265	1	0	1	3.3190868974607426
283200.0	2000.0	1147.9074203034115	0.0	0	102.97800746944267	1347.907420303265	1	0	1	2.3054241271903315
284200.0	3000.0	1147.9074203034982	0.0	0	134.81887004035525	1347.9074203033233	1	0	1	2.9136217893525758
285200.0	3000.0	1147.9074203035275	0.0	0	180.9288655105629	1347.9074203033233	1	0	1	3.319086897460737
286233.9652167535	3000.0	1113.9422035500597	0.0	0	0.0	1347.9074203033815	1	0	1	3.3190868974607337
287200.0	3000.0	1147.9074203035564	0.0	0	76.59376048488775	1347.9074203033233	1	0	1	3.319086897460737
288200.0	3000.0	1147.907420303553	0.0	0	113.32634773186874	1347.9074203033815	1	0	1	3.3190868974607346
289307.0066615764	3000.0	1040.9007587270683	0.0	0	0.0	1347.9074203033815	1	0	1	3.319086897460731
290200.0	3000.0	1147.90742030343	0.0	0	230.90289238927653	1347.9074203033815	1	0	1	3.319086897460731
291200.0	3000.0	1147.9074203034347	0.0	0	308.11554666026495	1347.9074203033815	1	0	1	3.319086897460731
292200.0	3000.0	1147.907420303513	0.0	0	421.8742876922479	1347.9074203034397	1	0	1	3.3190868974607253
293213.7525106258	3000.0	1134.1549096777558	0.0	0	0.0	1347.9074203034397	1	0	1	3.3190868974607253
294200.0	3000.0	1147.907420303515	0.0	0	104.52411620196654	1347.9074203034397	1	0	1	3.3190868974607253
295200.0	3000.0	1147.9074203035054	0.0	0	359.33851806871826	1347.9074203034397	1	0	1	3.3190868974607253
296200.0	3000.0	1147.9074203035038	0.0	0	152.49628496385412	1347.9074203034397	1	0	1	3.3190868974607253
297200.0	3000.0	1147.9074203035257	0.0	0	431.3993200053228	1347.9074203034397	1	0	1	3.3190868974607253
298200.0	3000.0	1147.9074203035034	0.0	0	115.8246592033538	1347.9074203034397	1	0	1	3.3190868974607253
299200.0	3000.0	1147.9074203034356	0.0	0	375.5746870386065	1347.9074203034397	1	0	1	3.3190868974607253
300200.0	3000.0	1147.9074203034593	0.0	0	178.2195702449535	1347.9074203034397	1	0	1	3.3190868974607253
301200.0	3000.0	1147.9074203035632	0.0	0	391.5428217682056	1347.9074203034397	1	0	1	3.3190868974607253
302200.0	3000.0	1147.9074203034938	0.0	0	9.931731976103038	1347.9074203033815	1	0	1	3.319086897460731
303292.89679815876	3000.0	1055.010622144762	0.0	0	0.0	1347.9074203033815	1	0	1	3.319086897460731
304465.3806880498	3000.0	882.5267322536926	0.0	0	0.0	1347.9074203033233	1	0	1	3.319086897460736
2.98	4.16	4.12	3.76	3.58	4.12	3.61	3.93	2.9	3.6	4.69	4.02	5.25	3.59	5.51	5.57	4.19	3.51	5.79	5.13	3.56	3.09	2.88	3.97	4.09	3.06	3.24	4.0	4.11	2.93	4.01	6.31	4.26	4.81	3.86	3.6	3.88	4.18	4.26	1.99	3.6	3.59	3.05	2.68	3.79	3.36	3.24	4.76	2.91	3.42	4.09	5.31	4.07	3.36	3.76	2.43	2.94	2.73	3.59	3.88	3.6	3.44	3.64	3.35	2.36	2.97	4.12	3.54	3.43	3.1	3.41	3.49	2.79	3.16	3.1	2.66	4.41	3.29	5.22	3.95	2.54	3.07	2.76	3.16	3.24	2.03	3.43	4.68	3.39	3.65	4.7	5.38	3.08	4.29	4.09	2.92	3.63	3.85	3.63	4.65	3.41	3.61	4.29	4.05	4.47	3.9	3.15	3.19	1.69	2.63	3.86	2.69	3.17	4.61	3.46	3.48	4.52	3.46	4.82	2.56	2.77	5.87	2.79	3.63	3.61	3.04	3.46	3.73	3.13	2.99	3.64	4.62	4.58	3.34	4.33	4.1	5.15	2.88	4.29	5.73	4.23	4.05	3.16	3.72	3.7	3.82	4.4	3.39	3.46	2.26	2.98	4.16	4.12	3.76	3.58	4.12	3.61	3.93	2.9	3.6	4.69	4.02	5.25	3.59	5.51	5.57	4.19	3.51	5.79	5.13	3.56	3.09	2.88	3.97	4.09	3.06	3.24	4.0	4.11	2.93	4.01	6.31	4.26	4.81	3.86	3.6	3.88	4.18	4.26	1.99	3.6	3.59	3.05	2.68	3.79	3.36	3.24	4.76	2.91	3.42	4.09	5.31	4.07	3.36	3.76	2.43	2.94	2.73	3.59	3.88	3.6	3.44	3.64	3.35	2.36	2.97	4.12	3.54	3.43	3.1	3.41	3.49	2.79	3.16	3.1	2.66	4.41	3.29	5.22	3.95	2.54	3.07	2.76	3.16	3.24	2.03	3.43	4.68	3.39	3.65	4.7	5.38	3.08	4.29	4.09	2.92	3.63	3.85	3.63	4.65	3.41	3.61	4.29	4.05	4.47	3.9	3.15	3.19	1.69	2.63	3.86	2.69	3.17	4.61	3.46	3.48	4.52	3.46	4.82	2.56	2.77	5.87	2.79	3.63	3.61	3.04	3.46	3.73	3.13	2.99	3.64	4.62	4.58	3.34	4.33	4.1	5.15	2.88	4.29	5.73	4.23	4.05	3.16	3.72	3.7	3.82	4.4	3.39	3.46	2.26	2.98	4.16	4.12	3.76	3.58
1.0	2.0	3.0	4.0	5.0	6.0	7.0	8.0	9.0	10.0	11.0	12.0	13.0	14.0	15.0	16.0	17.0	18.0	19.0	20.0	21.0	22.0	23.0	24.0	25.0	26.0	27.0	28.0	29.0	30.0	31.0	32.0	33.0	34.0	35.0	36.0	37.0	38.0	39.0	40.0	41.0	42.0	43.0	44.0	45.0	46.0	47.0	48.0	49.0	50.0	51.0	52.0	53.0	54.0	55.0	56.0	57.0	58.0	59.0	60.0	61.0	62.0	63.0	64.0	65.0	66.0	67.0	68.0	69.0	70.0	71.0	72.0	73.0	74.0	75.0	76.0	77.0	78.0	79.0	80.0	81.0	82.0	83.0	84.0	85.0	86.0	87.0	88.0	89.0	90.0	91.0	92.0	93.0	94.0	95.0	96.0	97.0	98.0	99.0	100.0	101.0	102.0	103.0	104.0	105.0	106.0	107.0	108.0	109.0	110.0	111.0	112.0	113.0	114.0	115.0	116.0	117.0	118.0	119.0	120.0	121.0	122.0	123.0	124.0	125.0	126.0	127.0	128.0	129.0	130.0	131.0	132.0	133.0	134.0	135.0	136.0	137.0	138.0	139.0	140.0	141.0	142.0	143.0	144.0	145.0	146.0	147.0	148.0	149.0	149.0	150.0	151.0	152.0	153.0	154.0	155.0	156.0	157.0	158.0	159.0	160.0	161.0	162.0	163.0	164.0	165.0	166.0	167.0	168.0	169.0	170.0	171.0	172.0	173.0	174.0	175.0	176.0	177.0	178.0	179.0	180.0	181.0	182.0	183.0	184.0	185.0	186.0	187.0	188.0	189.0	190.0	191.0	192.0	193.0	194.0	195.0	196.0	197.0	198.0	199.0	200.0	201.0	202.0	203.0	204.0	205.0	206.0	207.0	208.0	209.0	210.0	211.0	212.0	213.0	214.0	215.0	216.0	217.0	218.0	219.0	220.0	221.0	222.0	223.0	224.0	225.0	226.0	227.0	228.0	229.0	230.0	231.0	232.0	233.0	234.0	235.0	236.0	237.0	238.0	239.0	240.0	241.0	242.0	243.0	244.0	245.0	246.0	247.0	248.0	249.0	250.0	251.0	252.0	253.0	254.0	255.0	256.0	257.0	258.0	259.0	260.0	261.0	262.0	263.0	264.0	265.0	266.0	267.0	268.0	269.0	270.0	271.0	272.0	273.0	274.0	275.0	276.0	277.0	278.0	279.0	280.0	281.0	282.0	283.0	284.0	285.0	286.0	287.0	288.0	289.0	290.0	291.0	292.0	293.0	294.0	295.0	296.0	297.0	298.0	298.0	299.0	300.0	301.0	302.0	303.0
2967.4588828672945
