2850.4942857020883	300.0	2000.0	80.7856329422374	0	0.0	2850.4942857020883	1	0	1	-0.7684487935520644
5200.0	6000.0	550.4999999999997	0.0	0	144.6472199343525	750.4999999999991	1	0	2	1.0195337164918952
6200.0	3000.0	2650.5000000000005	0.0	0	652.4743020230953	2850.5	1	0	0	2.079680458931124
9200.0	6000.0	550.5000000000011	0.0	0	100.2692926645941	750.5000000000018	1	0	2	3.1222440865381182
10200.0	3000.0	2650.500000000001	0.0	0	638.3697506352491	2850.500000000002	1	0	0	2.079680458931124
13361.815287416692	6000.0	422.88369979848324	45.800469051676714	0	0.0	784.6989872151735	1	0	2	2.8447337711101786
14200.0	2000.0	2668.5174584735073	0.0	0	499.0730378088665	2868.517458473505	1	0	0	1.0639482466988612
17200.0	6000.0	568.5174584735037	0.0	0	156.98850132099324	768.5174584735032	1	0	2	2.7147898326114515
18200.0	2000.0	2668.517458473504	0.0	0	345.9328736037205	2868.517458473503	1	0	0	1.0639254819490505
21200.0	6000.0	568.5174584735038	0.0	0	68.42908783615712	768.5174584735068	1	0	2	2.715254978753486
22200.0	2000.0	2668.5174584735023	0.0	0	721.6916159691027	2868.517458473503	1	0	0	1.064215942813362
25331.680727866053	6000.0	423.6686578208437	0.0	0	0.0	755.3493856868954	1	0	2	2.716532729072456
26200.0	1000.0	2642.181312900292	0.0	0	649.9060206009926	2842.181312900295	1	0	0	-0.6661400290405572
29631.51517003815	6000.0	211.81526076167958	131.18239536668165	0	0.0	843.3304307998333	1	0	2	1.2274060752346467
30200.0	1000.0	2700.1789137960136	0.0	0	359.15300695553015	2900.1789137960186	1	0	0	-0.6728714327542531
33200.0	6000.0	600.1789137960147	0.0	0	53.335705837685964	800.1789137960222	1	0	2	2.0191661298327728
34200.0	2000.0	2700.1789137960163	0.0	0	723.911439425443	2900.178913796026	1	0	0	1.0610497972811102
37251.83947595526	6000.0	543.1554902452372	0.0	0	0.0	794.9949662005165	1	0	2	2.712763245566315
38200.0	2000.0	2689.8110186049757	0.0	0	501.58231318987237	2889.811018604989	1	0	0	1.0619472843323363
41252.280079641394	6000.0	532.3029309994454	0.0	0	0.0	784.5830106408393	1	0	2	2.7135997147002224
42200.0	2000.0	2679.3550026766998	0.0	0	489.6674199935587	2879.3550026766825	1	0	0	1.062953400917052
45378.19678934594	6000.0	383.3385343961651	0.0	0	0.0	761.5353237420859	1	0	2	2.7153247491805046
46200.0	1000.0	2643.7156448075116	0.0	0	620.9644739847208	2843.7156448074966	1	0	0	-0.6663580619855942
49324.202305913204	6000.0	407.0931083029921	0.0	0	0.0	731.2954142161834	1	0	2	2.026218235951684
50200.0	1000.0	2618.8751836248744	0.0	0	688.14188862437	2818.875183624863	1	0	0	-0.6637506843370637
53609.77159559747	6000.0	241.51417138684997	157.62522083563115	0	0.0	851.285766984307	1	0	2	1.0677744254039394
54200.0	1000.0	2710.308607424565	0.0	0	288.95607455184654	2910.308607424551	1	0	0	-0.6740266229187806
57461.12469924457	6000.0	323.0714382555391	0.0	0	0.0	784.1961375000828	1	0	2	2.0202761699321847
58200.0	1000.0	2658.083667575653	0.0	0	513.3016487610294	2858.083667575629	1	0	0	-0.6679931189085568
61278.99283721416	6000.0	471.1915466400725	0.0	0	0.0	750.1843838541972	1	0	2	2.024268080475273
62200.0	2000.0	2642.2851001328045	0.0	0	594.6883402814055	2842.2851001327726	1	0	0	1.0667608339777912
65215.48562748035	6000.0	525.2509099044172	0.0	0	0.0	740.7365373847424	1	0	2	2.7185458238581326
66200.0	2000.0	2639.1879746367295	0.0	0	650.3825179242558	2839.187974636705	1	0	0	1.0671488911970415
69917.03953134414	6000.0	200.0	408.6868271289444	0	0.0	1117.0395313441404	1	0	2	0.23157918429210278
70200.0	1000.0	2945.335578209731	0.0	0	34.02848731838458	3145.3355782097206	1	0	0	-0.6995220117649107
73386.16985159632	6000.0	640.5487414537772	0.0	0	0.0	1026.7185930501	1	0	2	1.9958448383535006
74200.0	3000.0	2908.101607890469	0.0	0	287.07571551129513	3108.1016078904504	1	0	0	2.053151607698555
77408.45576736744	6000.0	578.8002637862774	0.0	0	0.0	987.2560311536945	1	0	2	3.099036162507798
78200.0	2000.0	2866.4104544169786	0.0	0	469.9050732764881	3066.4104544169386	1	0	0	1.0440235646493192
81200.0	6000.0	766.4104544169817	0.0	0	196.70539248968998	966.4104544169531	1	0	2	2.6950799590983694
82200.0	3000.0	2866.410454416987	0.0	0	529.3622970586439	3066.410454416953	1	0	0	2.0580345501259956
85976.4838522992	6000.0	209.3902608241961	270.1018581239544	0	0.0	1185.8741131233983	1	0	2	1.4576122844551578
86270.03797436698	1000.0	2945.191550963195	0.0	0	0.0	3215.2295253301563	1	0	0	-0.7065535188047745
89483.96505354147	6000.0	602.8299920675549	0.0	0	0.0	1086.7950456089893	1	0	2	1.9907680226126039
90200.0	2000.0	2958.3985402548724	0.0	0	344.92295533155266	3158.398540254828	1	0	0	1.034487785531191
93332.05331086305	6000.0	713.1398983055478	0.0	0	0.0	1045.1932091685449	1	0	2	2.686969259878913
94200.0	3000.0	2931.9878780822905	0.0	0	217.7717650650884	3131.9878780822473	1	0	0	2.0508538098608495
97516.84822397056	6000.0	483.45483171467174	0.0	0	0.0	1000.3030556851882	1	0	2	3.0972334033315474
98200.0	2000.0	2868.6182332881826	0.0	0	233.17373937364027	3068.6182332881144	1	0	0	1.0429722782596222
101200.0	6000.0	768.6182332881644	0.0	0	84.97374068858335	968.6182332880853	1	0	2	2.694908979619906
102200.0	3000.0	2868.6182332881726	0.0	0	404.53341014910256	3068.6182332880853	1	0	0	2.057707195904151
105200.0	6000.0	768.6182332881647	0.0	0	77.60115427336132	968.6182332880853	1	0	2	3.1010948851528557
106200.0	3000.0	2868.618233288161	0.0	0	658.8291264286963	3068.6182332880708	1	0	0	2.0578686356023166
109200.0	6000.0	768.6182332881701	0.0	0	179.83847471112676	968.6182332880562	1	0	2	3.1000538669791102
110200.0	3000.0	2868.6182332881745	0.0	0	273.05412005666585	3068.618233288056	1	0	0	2.057403304339685
113516.26400111843	6000.0	420.72783205789415	0.0	0	0.0	936.9918331762165	1	0	2	3.103249180991048
114200.0	2000.0	2805.36543306448	0.0	0	197.33918791639735	3005.3654330643767	1	0	0	1.0491927738198368
117200.0	6000.0	705.3654330644806	0.0	0	9.150542907882482	905.3654330643767	1	0	2	2.7020318384020103
118200.0	3000.0	2805.365433064492	0.0	0	610.2946615063702	3005.365433064406	1	0	0	2.064193915624684
121556.41874677522	6000.0	411.89512649884307	89.62755898826498	0	0.0	968.3138732740626	1	0	2	2.563167998485989
122200.0	1000.0	2832.671998596557	0.0	0	435.59055445679405	3032.6719985965465	1	0	0	-0.6858001781727054
125503.00493379796	6000.0	399.3665714188088	0.0	0	0.0	902.3715052167681	1	0	2	2.008821126055852
126200.0	1000.0	2772.0710118369648	0.0	0	524.5440900504618	2972.0710118369607	1	0	0	-0.6794692244351952
129212.9305817965	6000.0	657.8473718607938	0.0	0	0.0	870.7779536572925	1	0	2	2.0120957012313077
130200.0	3000.0	2769.484895477653	0.0	0	543.6742728785903	2969.484895477668	1	0	0	2.0676904535076783
133318.7874174718	6000.0	538.8187362586626	0.0	0	0.0	857.6061537304486	1	0	2	3.111515796008592
134200.0	2000.0	2745.727411983249	0.0	0	380.7751239031786	2945.7274119832728	1	0	0	1.0560913501411748
137200.0	6000.0	645.7274119832642	0.0	0	223.47640521204448	845.7274119832437	1	0	2	2.7069282968044073
138200.0	3000.0	2745.7274119832537	0.0	0	552.7803114263515	2945.7274119832437	1	0	0	2.070101162400956
141443.03854562543	6000.0	378.38501179530454	0.0	0	0.0	821.4235574207269	1	0	2	3.115025833514956
142200.0	2000.0	2697.119702858202	0.0	0	472.8357230612892	2897.119702858152	1	0	0	1.060911872056221
145200.0	6000.0	597.1197028582063	0.0	0	123.19235179453972	797.1197028581519	1	0	2	2.7120320699007134
146200.0	3000.0	2697.119702858203	0.0	0	343.5708154339809	2897.119702858152	1	0	0	2.0747307809966418
149200.0	6000.0	597.1197028582238	0.0	0	38.055443353863666	797.1197028581519	1	0	2	3.11817561818869
150200.0	3000.0	2697.1197028582205	0.0	0	672.3024590358254	2897.119702858152	1	0	0	2.075018488645308
153319.30295468777	6000.0	485.7675709074939	18.073743823469954	0	0.0	805.0705255951907	1	0	2	3.0092955927219016
154200.0	3000.0	2693.140230126501	0.0	0	481.8992804286536	2893.140230126446	1	0	0	2.075194218761715
157200.0	6000.0	593.1402301264745	0.0	0	168.31404366026982	793.1402301263879	1	0	2	3.117895732993507
158200.0	3000.0	2693.140230126479	0.0	0	572.8496091125708	2893.140230126388	1	0	0	2.075416435918486
161200.0	6000.0	593.1402301264483	0.0	0	8.012536076945253	793.1402301263588	1	0	2	3.11900369702874
162200.0	3000.0	2693.1402301264698	0.0	0	389.9412476865982	2893.140230126388	1	0	0	2.0752550585552587
165483.86774391396	6000.0	318.2948503582399	34.00830776102896	0	0.0	802.1625942721148	1	0	2	2.913083236520748
166200.0	1000.0	2673.7758198808015	0.0	0	484.16319336090237	2873.7758198807132	1	0	0	-0.669664010342101
169247.23548703638	6000.0	521.8167841407951	0.0	0	0.0	769.0522711770609	1	0	2	2.0227062723976594
170200.0	2000.0	2664.32872247353	0.0	0	684.4165470518637	2864.3287224734086	1	0	0	1.064634816413371
173200.0	6000.0	564.3287224735268	0.0	0	313.2304555339215	764.3287224733795	1	0	2	2.714924421095109
174200.0	3000.0	2664.328722473531	0.0	0	466.2326984105748	2864.3287224733504	1	0	0	2.0781297515566863
177626.93250092247	6000.0	200.0	95.72457140109722	0	0.0	826.9325009222957	1	0	2	2.546477923987988
178200.0	1000.0	2684.2392508302028	0.0	0	320.06569014661363	2884.2392508300254	1	0	0	-0.6713239571396916
181458.65413894015	6000.0	388.43439689457637	80.64972627138445	0	0.0	847.0885358345404	1	0	2	1.5305115376837848
182200.0	1000.0	2721.2231219407145	0.0	0	561.7296369907272	2921.2231219405076	1	0	0	-0.6742467623371016
185320.52551132068	6000.0	488.6450594879476	0.0	0	0.0	809.1705708084337	1	0	2	2.018110676841283
186200.0	2000.0	2697.118019676537	0.0	0	540.638920493453	2897.1180196763307	1	0	0	1.0611408094878412
189673.55453025512	6000.0	200.0	112.53814873101163	0	0.0	873.5545302549726	1	0	2	2.0367483843897736
190254.13577464846	2000.0	2677.4768800459724	0.0	0	0.0	2931.6126546942687	1	0	0	1.0551532471827603
193386.09506698995	6000.0	426.8723063570191	0.0	0	0.0	812.9673733468226	1	0	2	2.710105628126604
194200.0	2000.0	2694.3578666479607	0.0	0	363.9921903227514	2894.357866647857	1	0	0	1.0610585722873977
197226.9659646074	6000.0	564.6953055797885	0.0	0	0.0	791.66127018712	1	0	2	2.712913898261177
198200.0	2000.0	2688.964673726424	0.0	0	531.4110044954286	2888.964673726354	1	0	0	1.0620770426608692
201756.39204042175	6000.0	200.0	202.7877915795234	0	0.0	956.3920404217497	1	0	2	1.483843706293496
202200.0	500.0	2800.752836379605	0.0	0	278.9684967909416	3000.75283637963	1	0	0	-2.416351630403557
205512.02695459643	6000.0	462.0027346611114	94.98140757961868	0	0.0	974.0296892575279	1	0	2	0.7389661648259761
206200.0	1000.0	2842.8269937978953	0.0	0	508.24130158813205	3042.8269937979057	1	0	0	-0.6865782144161817
209447.80528740937	6000.0	470.2411776475968	0.0	0	0.0	918.0464650569775	1	0	2	2.0065309612304216
210200.0	2000.0	2793.265936316015	0.0	0	362.3012480768375	2993.26593631602	1	0	0	1.0510823922100592
213200.0	6000.0	693.265936315997	0.0	0	258.43825253643445	893.2659363160492	1	0	2	2.701980564315138
214200.0	3000.0	2793.265936316019	0.0	0	370.15110447086045	2993.265936316049	1	0	0	2.0650480130173845
217200.0	6000.0	693.2659363160539	0.0	0	337.8421217830037	893.2659363160492	1	0	2	3.1073426532825463
218200.0	3000.0	2793.2659363160556	0.0	0	153.53992516640574	2993.265936316049	1	0	0	2.0643690053899517
221412.8767089476	6000.0	459.1015564736949	0.0	0	0.0	871.9782654212613	1	0	2	3.1092643930972597
222200.0	2000.0	2750.690594526485	0.0	0	357.6131385793269	2950.6905945264734	1	0	0	1.0553388172628124
225200.0	6000.0	650.6905945264923	0.0	0	54.77914977478213	850.6905945264443	1	0	2	2.706787375508468
226200.0	3000.0	2750.6905945264893	0.0	0	470.3528756964952	2950.6905945264443	1	0	0	2.0695084646709585
229550.50536318947	6000.0	403.4522992084172	125.74327653668934	0	0.0	953.9576623979083	1	0	2	2.347865179968574
230200.0	2000.0	2818.9071260789146	0.0	0	321.0578209297382	3018.907126078964	1	0	0	1.0482074613845052
233200.0	6000.0	718.9071260789223	0.0	0	59.826009813754354	918.9071260789642	1	0	2	2.700434748494311
234200.0	3000.0	2818.907126078946	0.0	0	546.7161257948901	3018.9071260789933	1	0	0	2.062839473138047
237436.16602851113	6000.0	459.12449471669515	0.0	0	0.0	895.2905232278572	1	0	2	3.1081853930508143
238200.0	2000.0	2771.6739203767424	0.0	0	329.6558623810124	2971.67392037675	1	0	0	1.0531403646701674
241278.3685373699	6000.0	585.4685292698663	0.0	0	0.0	863.8370666397677	1	0	2	2.7063344919744248
242200.0	3000.0	2756.000212902781	0.0	0	434.3182017513609	2956.0002129027853	1	0	0	2.068920958828254
245200.0	6000.0	656.0002129028096	0.0	0	46.86681543287705	856.0002129027562	1	0	2	3.1122871807738854
246200.0	3000.0	2756.000212902812	0.0	0	498.8841176723654	2956.000212902756	1	0	0	2.0690259102641653
249200.0	6000.0	656.0002129028131	0.0	0	290.12252406962216	856.0002129027271	1	0	2	3.111234748446061
250200.0	3000.0	2756.0002129028253	0.0	0	619.9029279791866	2956.0002129027853	1	0	0	2.069127170699957
253200.0	6000.0	656.0002129028102	0.0	0	55.20753777970094	856.0002129027562	1	0	2	3.111922792826746
254200.0	3000.0	2756.0002129027985	0.0	0	460.1783997671155	2956.000212902727	1	0	0	2.0689725770813103
257290.2580125673	6000.0	556.7163990788035	0.0	0	0.0	846.9744116460206	1	0	2	3.113406575461427
258200.0	3000.0	2737.94861038938	0.0	0	447.66902048230986	2937.948610389285	1	0	0	2.070670784749221
261200.0	6000.0	637.9486103893692	0.0	0	264.7789540530648	837.9486103892559	1	0	2	3.113076427556689
262200.0	3000.0	2737.9486103893755	0.0	0	517.1807625761139	2937.948610389256	1	0	0	2.070872175390023
265200.0	6000.0	637.9486103894676	0.0	0	249.37421279458795	837.9486103893723	1	0	2	3.113107260649528
266200.0	3000.0	2737.9486103894533	0.0	0	457.14044445415493	2937.948610389256	1	0	0	2.0708253208502994
269677.43565882725	6000.0	200.0	79.30055847323584	0	0.0	877.4356588271912	1	0	2	2.638957937270071
270200.0	1000.0	2729.6920929445027	0.0	0	227.313123733853	2929.692092944577	1	0	0	-0.6764858458225812
273309.85946054687	6000.0	508.84668634289244	0.0	0	0.0	818.7061468898901	1	0	2	2.0167886804296185
274200.0	2000.0	2707.7202008350973	0.0	0	520.8368419989129	2907.720200835145	1	0	0	1.060066831194905
277305.27223988593	6000.0	491.9207369605559	0.0	0	0.0	797.1929768465343	1	0	2	2.7125229705637524
278200.0	2000.0	2686.6657528578326	0.0	0	558.5908726819325	2886.6657528578653	1	0	0	1.0622442019041745
281200.0	6000.0	586.6657528578263	0.0	0	130.5727231646306	786.6657528578071	1	0	2	2.7128906734970557
282200.0	3000.0	2686.6657528578653	0.0	0	376.17535142274573	2886.665752857807	1	0	0	2.0757928513383477
285542.922549101	6000.0	214.9463984501265	4.99586327581676	0	0.0	757.8689475510619	1	0	2	3.0910662930030486
286200.0	1000.0	2623.5766926409933	0.0	0	379.69214400160126	2823.576692640898	1	0	0	-0.6649972353484888
289200.0	6000.0	523.5766926409873	0.0	0	236.95452011883026	723.5766926408396	1	0	2	2.025860402236404
290200.0	2000.0	2623.5766926410147	0.0	0	504.71152163966326	2823.576692640898	1	0	0	1.0686102946361469
293585.683875194	6000.0	328.85342993475945	208.6627272792578	0	0.0	914.5373051287606	1	0	2	1.4485513126010034
294200.0	1000.0	2775.96891760936	0.0	0	434.64271916018333	2975.9689176094253	1	0	0	-0.680220324759582
297200.0	6000.0	675.9689176093365	0.0	0	214.62150917114923	875.9689176094253	1	0	2	2.010805419011036
298200.0	3000.0	2775.9689176093307	0.0	0	558.3359847574029	2975.9689176094253	1	0	0	2.0671335671701816
301200.0	6000.0	675.9689176094023	0.0	0	140.21958241483662	875.9689176094253	1	0	2	3.109701672734045
302200.0	3000.0	2775.968917609377	0.0	0	583.4704877150361	2975.9689176094253	1	0	0	2.067094479036814
305200.0	6000.0	675.9689176093891	0.0	0	416.5577794700512	875.9689176094835	1	0	2	3.1089903235163217
306200.0	3000.0	2775.968917609381	0.0	0	311.84652750444366	2975.9689176094835	1	0	0	2.0668349475132928
309670.3217150553	6000.0	200.0	37.622699046841035	0	0.0	870.3217150553828	1	0	2	2.8864463153982336
310200.0	1000.0	2723.2895435497912	0.0	0	283.08717730577337	2923.2895435499377	1	0	0	-0.6755628140546763
313200.0	6000.0	623.2895435497636	0.0	0	245.44255026977044	823.2895435498795	1	0	2	2.015886155577753
314200.0	3000.0	2723.289543549799	0.0	0	249.43101207719883	2923.2895435498212	1	0	0	2.0720944024140002
317537.1460534907	6000.0	385.31113782290697	120.80204828443946	0	0.0	922.4571913135587	1	0	2	2.380608868566906
318200.0	1000.0	2788.7425859645577	0.0	0	473.71107738121646	2988.742585964501	1	0	0	-0.6812877611396191
321642.73139785154	6000.0	201.73804832782963	0.0	0	0.0	844.4694461793988	1	0	2	2.013051808407801
322200.0	1000.0	2700.1963063942444	0.0	0	274.6047061771387	2900.1963063942967	1	0	0	-0.6732132641096782
325248.04250776954	6000.0	547.3495478476977	0.0	0	0.0	795.3920556172961	1	0	2	2.0191812954340236
326200.0	2000.0	2690.587804840247	0.0	0	535.4836813803995	2890.5878048402956	1	0	0	1.0618744547787484
329589.93239557504	6000.0	200.0	34.852572993015315	0	0.0	789.9323955751024	1	0	2	2.5055196269367186
330200.0	500.0	2650.9391560175222	0.0	0	497.36437704082346	2850.9391560176155	1	0	0	-2.400420038913432
333200.0	6000.0	550.9391560175912	0.0	0	324.73126105911797	750.9391560176737	1	0	2	1.3299516551460036
334200.0	2000.0	2650.939156017595	0.0	0	689.6341912148637	2850.939156017732	1	0	0	1.0659737730589405
337451.88921936776	6000.0	273.86101471307825	0.0	0	0.0	725.7502340810024	1	0	2	2.718908509106995
338200.0	1000.0	2600.561312144043	0.0	0	564.2550139661762	2800.5613121442148	1	0	0	-0.6621591244196203
341225.33624482783	6000.0	472.6914428334264	0.0	0	0.0	698.0276876615244	1	0	2	2.029641618089327
342200.0	2000.0	2595.49406317842	0.0	0	629.5241728845285	2795.4940631787176	1	0	0	1.0715018742617453
345381.0440552851	6000.0	296.34560236482315	0.0	0	0.0	677.3896576502011	1	0	2	2.724041115581923
346200.0	1000.0	2559.2852521214845	0.0	0	619.1091503383941	2759.2852521216846	1	0	0	-0.6579312348077293
349200.0	6000.0	459.2852521214956	0.0	0	328.21174434549175	659.2852521216846	1	0	2	2.0320769282495585
350200.0	2000.0	2559.2852521214995	0.0	0	315.0357047149446	2759.2852521216846	1	0	0	1.074864263812583
353200.0	6000.0	459.2852521215425	0.0	0	54.528965720150154	659.2852521217428	1	0	2	2.7264211546363493
354200.0	1000.0	2559.2852521215727	0.0	0	828.7421507700346	2759.285252121743	1	0	0	-0.6577287879513248
357442.5030865137	6000.0	283.6064543720397	82.79508855960086	0	0.0	726.1095408858964	1	0	2	1.52922434153361
358200.0	1000.0	2601.8592322343798	0.0	0	523.448194288474	2801.8592322345357	1	0	0	-0.66233622534889
361200.0	6000.0	501.85923223438124	0.0	0	177.33618830144405	701.8592322344775	1	0	2	2.028167675571015
362200.0	2000.0	2601.8592322343457	0.0	0	696.6059227120713	2801.859232234361	1	0	0	1.0708817654372682
365230.0538211808	6000.0	468.80002893544196	0.0	0	0.0	698.8538501161966	1	0	2	2.7219256183101534
366200.0	2000.0	2595.8484679981348	0.0	0	335.3650019109482	2795.8484679981484	1	0	0	1.0710620710992091
369334.99935982435	6000.0	420.2936740060562	66.3131834679333	0	0.0	755.2930338304141	1	0	2	2.3190268753521983
370200.0	2000.0	2641.793097847952	0.0	0	520.3698608900886	2841.7930978479562	1	0	0	1.066656370037687
373200.0	6000.0	541.793097847978	0.0	0	84.79187747917604	741.7930978479562	1	0	2	2.717850786126735
374200.0	2000.0	2641.793097848016	0.0	0	575.4795373341767	2841.7930978480144	1	0	0	1.066865445038555
377305.6911375579	6000.0	425.5328465343266	0.0	0	0.0	731.2239840922412	1	0	2	2.718642939064111
378200.0	2000.0	2620.65487033646	0.0	0	604.5038976013893	2820.6548703365843	1	0	0	1.0688839439656714
381277.04798199044	6000.0	435.9020901469084	0.0	0	130.8793512400007	712.9500721374061	1	0	2	2.719509109924039
382200.0	2000.0	2605.245273938255	0.0	0	344.61011586670065	2805.2452739384025	1	0	0	1.0701118334833533
385732.6239874389	6000.0	200.0	255.12828385867405	0	0.0	932.6239874390303	1	0	2	1.1768728200183247
386200.0	500.0	2779.3615886950515	0.0	0	275.3654910775367	2979.3615886951447	1	0	0	-2.4142277658749736
389200.0	6000.0	679.3615886949883	0.0	0	15.454411654558498	879.3615886950283	1	0	2	1.3179201360550046
390200.0	2000.0	2779.3615886949856	0.0	0	541.0658787212451	2979.3615886950283	1	0	0	1.0530792435613496
393235.75973122247	6000.0	640.0258843502564	0.0	0	0.0	875.7856155727641	1	0	2	2.704449020404046
394200.0	2000.0	2772.209642450429	0.0	0	270.72922377858777	2972.2096424504416	1	0	0	1.0533409085426328
397241.76867365855	6000.0	626.2641014260166	0.0	0	0.0	868.0327750846045	1	0	2	2.705935507936716
398200.0	2000.0	2763.8559077186915	0.0	0	568.7827061606804	2963.855907718709	1	0	0	1.0546299342522816
401338.8880501579	6000.0	511.0790525449685	0.0	0	0.0	849.9671027028817	1	0	2	2.7071753279426805
402200.0	2000.0	2736.078297687103	0.0	0	463.90372294175904	2936.0782976871706	1	0	0	1.0571761180840746
405200.0	6000.0	636.0782976870397	0.0	0	233.66460075968644	836.0782976871124	1	0	2	2.707719773780441
406200.0	3000.0	2736.078297687047	0.0	0	552.0576341739506	2936.0782976871706	1	0	0	2.071075627650962
409438.5151788715	6000.0	373.7116009284245	0.0	0	0.0	812.2267798000248	1	0	2	3.116186089631633
410200.0	1000.0	2688.375261912779	0.0	0	558.2576769861626	2888.375261912879	1	0	0	-0.6709459025217768
413625.4285204482	6000.0	282.64741877600017	147.49411759656783	0	0.0	908.0759392242762	1	0	2	1.122783613771488
414200.0	1000.0	2765.533087179408	0.0	0	343.4178741470678	2965.5330871795304	1	0	0	-0.6794206365173971
417408.67620258813	6000.0	435.9892643324377	0.0	0	0.0	844.6654669205891	1	0	2	2.0130445717860885
418200.0	2000.0	2723.797846661759	0.0	0	112.20666591473855	2923.797846661764	1	0	0	1.0568690925632698
421506.61562251934	6000.0	286.5206618905049	0.0	0	0.0	793.1362844098476	1	0	2	2.7120314741553013
422200.0	1000.0	2662.474722157933	0.0	0	401.0100587779307	2862.474722157989	1	0	0	-0.668795598900899
425200.0	6000.0	562.4747221579931	0.0	0	65.47047016583383	762.4747221579892	1	0	2	2.022695325845556
426200.0	2000.0	2662.47472215803	0.0	0	671.5334654102917	2862.474722157989	1	0	0	1.0648202164449136
429200.0	6000.0	562.4747221580428	0.0	0	271.9277434987598	762.474722157931	1	0	2	2.7151717907254826
430200.0	2000.0	2662.474722158051	0.0	0	654.7836643555784	2862.4747221578727	1	0	0	1.0648202164449252
433200.0	6000.0	562.4747221580458	0.0	0	65.70944223494735	762.4747221578727	1	0	2	2.7158950933782706
434200.0	3000.0	2662.4747221580724	0.0	0	476.44661640311824	2862.4747221578145	1	0	0	2.0783267567243566
437294.99234511435	6000.0	457.983142532323	0.0	0	0.0	752.975487646414	1	0	2	3.1219930375535947
438200.0	2000.0	2643.4762531352417	0.0	0	526.4862749608001	2843.476253134897	1	0	0	1.0665312366033604
441210.4078955066	6000.0	532.0275680779607	0.0	0	0.0	742.4354635842028	1	0	2	2.7185719832117465
442200.0	2000.0	2641.394674033894	0.0	0	753.0586865756777	2841.394674033567	1	0	0	1.0669282212573559
445345.6812354068	6000.0	408.25309837549275	24.643439353694475	0	0.0	753.9343337818864	1	0	2	2.5691396379431968
446200.0	2000.0	2639.3662102416088	0.0	0	618.4006042513065	2839.3662102411618	1	0	0	1.0669921596246037
449200.0	6000.0	539.366210241633	0.0	0	80.78927217464661	739.3662102411618	1	0	2	2.71780480486948
450200.0	3000.0	2639.3662102416433	0.0	0	491.12224546878133	2839.3662102411618	1	0	0	2.0806975784757475
453200.0	6000.0	539.3662102416827	0.0	0	414.0138571287971	739.36621024122	1	0	2	3.122659892401325
454200.0	3000.0	2639.3662102416574	0.0	0	425.6091526389937	2839.36621024122	1	0	0	2.0805821341555983
457340.46792688384	6000.0	384.8514906694238	0.0	0	0.0	725.3194175528479	1	0	2	3.1242129759052304
458200.0	2000.0	2611.272624864825	0.0	0	406.3365567387664	2811.2726248644176	1	0	0	1.0695048285231634
461200.0	6000.0	511.2726248648854	0.0	0	56.38469453161815	711.272624864534	1	0	2	2.7207143240440548
462200.0	2000.0	2611.2726248648464	0.0	0	455.9639109292766	2811.272624864592	1	0	0	1.069766625358076
465377.5126723351	6000.0	340.9274430695591	22.653416157463994	0	0.0	718.4401154044317	1	0	2	2.584337147158681
466200.0	1000.0	2600.6888481711376	0.0	0	609.6309185310383	2800.6888481709757	1	0	0	-0.662049744258177
469200.0	6000.0	500.68884817106533	0.0	0	150.81476706184912	700.6888481708593	1	0	2	2.0283990684823663
470200.0	2000.0	2600.688848171081	0.0	0	641.7867986775236	2800.6888481709175	1	0	0	1.0709988038436253
473272.6563400507	6000.0	420.7668741153153	0.0	0	0.0	693.4232141657849	1	0	2	2.7227898492707934
474200.0	2000.0	2586.1575801609533	0.0	0	509.4084570526611	2786.157580160827	1	0	0	1.0723160672658296
477452.8576405981	6000.0	221.04609338462114	11.847198074121366	0	0.0	673.90373398253	1	0	2	2.652927089310779
478200.0	1000.0	2548.6179699229456	0.0	0	428.8187590637244	2748.617969922838	1	0	0	-0.6572590419976179
481200.0	6000.0	448.61796992289857	0.0	0	29.333048434869852	648.6179699227796	1	0	2	2.0342987325798925
482200.0	1000.0	2548.617969922896	0.0	0	768.6849404081586	2748.617969922838	1	0	0	-0.6566620597314343
485200.0	6000.0	448.61796992290357	0.0	0	170.91279470158042	648.6179699228378	1	0	2	2.033732628645857
486200.0	2000.0	2548.6179699229187	0.0	0	728.442701715976	2748.617969922838	1	0	0	1.0762058916684287
490034.118548708	6000.0	200.0	608.1022124144943	0	0.0	1234.1185487079783	1	0	2	-0.9757328349294755
490316.22465024376	1000.0	2946.104508617766	0.0	0	0.0	3262.3291588615393	1	0	0	-0.7113367699686016
493241.0164389068	6000.0	917.1864258202907	0.0	0	0.0	1158.2028647270636	1	0	2	1.9835187384397281
494200.0	3000.0	3054.101220836338	0.0	0	327.14984721440123	3254.101220836339	1	0	0	2.0390700060197657
497482.4504975921	6000.0	643.4056734850044	0.0	0	0.0	1125.8561710771173	1	0	2	3.0848684586379433
498200.0	2000.0	2997.6111213178665	0.0	0	159.0451192733599	3197.611121317779	1	0	0	1.0300448742621393
501968.2300518956	6000.0	267.6797304577075	195.56515111365243	0	0.0	1235.9097823532065	1	0	2	1.5011611499501933
502200.0	1000.0	3059.0867771637863	0.0	0	33.98822026170092	3259.0867771636113	1	0	0	-0.7110326188038583
505200.0	6000.0	959.0867771638241	0.0	0	317.30102408427047	1159.086777163553	1	0	2	1.9821242488240174
506200.0	3000.0	3059.086777163771	0.0	0	322.95276199269574	3259.0867771633784	1	0	0	2.0385320958547943
509200.0	6000.0	959.0867771637493	0.0	0	236.4762385764625	1159.0867771633784	1	0	2	3.0810311126490113
510200.0	3000.0	3059.0867771637186	0.0	0	561.5926377308206	3259.086777163262	1	0	0	2.0388209892467324
513200.0	6000.0	959.0867771636625	0.0	0	122.71248501254013	1159.0867771632038	1	0	2	3.081976259764653
514200.0	3000.0	3059.086777163647	0.0	0	456.8199745333404	3259.0867771631456	1	0	0	2.0387634076515617
517200.0	6000.0	959.0867771636288	0.0	0	69.45767102722311	1159.0867771631456	1	0	2	3.0823632327898753
518200.0	3000.0	3059.0867771636076	0.0	0	529.3645626761136	3259.086777163262	1	0	0	2.03877449569539
521251.5124266358	6000.0	902.4231078642645	0.0	0	0.0	1153.935534499702	1	0	2	3.0828433164060742
522200.0	3000.0	3048.784291836417	0.0	0	367.38808117614826	3248.7842918359675	1	0	0	2.0396087954093804
525455.84107554	6000.0	667.3591087424201	0.0	0	0.0	1123.2001842820318	1	0	2	3.08478331888588
526200.0	3000.0	2997.6160767284887	0.0	0	97.79862445499748	3197.61607672798	1	0	0	2.043000410702456
529200.0	6000.0	897.6160767284384	0.0	0	13.248387019033544	1097.6160767278634	1	0	2	3.088087619521137
530200.0	3000.0	2997.6160767283604	0.0	0	590.5162028606283	3197.616076727747	1	0	0	2.0449263011962104
533200.0	6000.0	897.6160767284739	0.0	0	155.9305922180647	1097.6160767278634	1	0	2	3.0869863362587115
534200.0	3000.0	2997.616076728416	0.0	0	527.2395664383657	3197.6160767278634	1	0	0	2.044890668537505
537200.0	6000.0	897.6160767283794	0.0	0	161.03658299252857	1097.6160767279798	1	0	2	3.087311770636422
538200.0	3000.0	2997.616076728362	0.0	0	453.58419928583317	3197.6160767280962	1	0	0	2.044799470612814
541200.0	6000.0	897.6160767283285	0.0	0	268.0075525069842	1097.6160767279798	1	0	2	3.0870337873204248
542200.0	3000.0	2997.6160767283704	0.0	0	444.4317346914904	3197.6160767280962	1	0	0	2.0448004027730082
545200.0	6000.0	897.6160767283653	0.0	0	330.6957200905308	1097.6160767280962	1	0	2	3.0868972534160792
546200.0	3000.0	2997.616076728362	0.0	0	629.252489509643	3197.6160767282126	1	0	0	2.044968851258312
549200.0	6000.0	897.6160767283874	0.0	0	172.5393609761959	1097.6160767280962	1	0	2	3.087404339507626
550200.0	3000.0	2997.616076728372	0.0	0	410.8484432644909	3197.6160767278634	1	0	0	2.0447788031770004
553426.8103673992	6000.0	648.1246725890796	0.0	0	0.0	1074.9350399877876	1	0	2	3.0898043524717504
554200.0	3000.0	2952.254003248341	0.0	0	330.4512537071714	3152.2540032479446	1	0	0	2.0486692602447882
557200.0	6000.0	852.2540032484908	0.0	0	41.36964308365714	1052.2540032481775	1	0	2	3.0920132968740432
558200.0	3000.0	2952.2540032484785	0.0	0	511.616438819794	3152.2540032481775	1	0	0	2.049376834622335
561208.16739325	6000.0	843.2698706735464	0.0	0	0.0	1051.4372639232315	1	0	2	3.092686343224997
562200.0	3000.0	2950.620524598601	0.0	0	506.37370563170407	3150.6205245982856	1	0	0	2.049575064559022
565200.0	6000.0	850.6205245986678	0.0	0	142.77513464097865	1050.620524598402	1	0	2	3.092221543467446
566200.0	3000.0	2950.6205245988117	0.0	0	435.03198248683475	3150.6205245985184	1	0	0	2.049623553160468
569306.8569398081	6000.0	733.0778908099318	0.0	0	0.0	1039.9348306177417	1	0	2	3.094275600781421
570200.0	3000.0	2929.2491366371632	0.0	0	415.3479087871965	3129.2491366366157	1	0	0	2.0515287537975655
573433.8392842427	6000.0	572.0259239700416	0.0	0	0.0	1005.8652082121698	1	0	2	3.097110499959419
574200.0	2000.0	2882.4812797883437	0.0	0	478.25564572471194	3082.4812797876075	1	0	0	1.0424023431951994
577308.023056258	6000.0	663.6559179046744	0.0	0	0.0	971.6789741618559	1	0	2	2.694663553887013
578200.0	3000.0	2860.8766685368596	0.0	0	389.18169509177096	3060.876668535988	1	0	0	2.058360161481562
581252.5362207834	6000.0	703.0868256751919	0.0	0	0.0	955.6230464577675	1	0	2	3.1028297257197077
582200.0	3000.0	2850.3694243802456	0.0	0	329.12596635660157	3050.369424379198	1	0	0	2.059322433605252
585238.9508420667	6000.0	707.523498106935	0.0	0	0.0	946.4743401727173	1	0	2	3.103384652495015
586200.0	3000.0	2842.5792559669426	0.0	0	555.1529985668603	3042.579255966004	1	0	0	2.060364742661819
589502.7164673605	6000.0	409.5911418703821	0.0	0	0.0	912.3076092298143	1	0	2	3.1049693153168105
590200.0	1000.0	2782.0359624947696	0.0	0	452.9259329958586	2982.0359624936245	1	0	0	-0.6806583742940355
593428.3041378771	6000.0	430.90141082998514	0.0	0	0.0	859.2055487058824	1	0	2	2.013157522291015
594200.0	1000.0	2736.375134919239	0.0	0	582.2596174277132	2936.3751349181402	1	0	0	-0.675706962727818
597200.0	6000.0	636.3751349193573	0.0	0	353.6050487376051	836.3751349183731	1	0	2	2.014391052341145
598200.0	3000.0	2736.375134919352	0.0	0	565.3215272941161	2936.375134918373	1	0	0	2.0710654405329723
7.32	8.87	5.62	6.83	4.34	6.32	5.76	3.95	7.04	5.94	4.98	5.55	4.47	5.53	5.19	7.48	7.04	6.3	5.54	4.87	5.98	4.97	4.84	7.65	3.73	4.66	5.55	5.77	6.2	7.69	5.72	6.87	4.03	4.74	5.9	5.51	6.39	8.02	5.99	8.53	3.28	4.99	4.0	7.55	6.6	4.58	3.85	5.0	7.22	4.24	4.83	7.67	6.61	5.46	5.32	5.2	5.85	6.95	3.32	5.31	4.75	6.82	7.02	6.22	6.15	5.4	6.19	7.1	6.31	6.49	9.15	5.97	7.91	8.72	6.57	9.3	5.78	7.23	4.12	6.5	5.02	5.24	6.58	8.83	7.46	7.43	6.53	4.26	3.98	5.47	6.16	6.89	7.34	3.39	5.05	4.07	5.19	4.08	5.17	4.39	3.7	8.2	6.05	5.95	6.57	4.31	8.44	4.31	7.89	4.71	6.63	5.36	4.98	7.27	6.7	8.42	4.88	6.96	5.73	8.63	5.85	8.39	6.55	6.63	7.42	6.01	5.72	8.73	6.21	7.8	7.33	6.61	6.31	3.41	6.41	5.64	7.29	7.29	6.28	4.0	5.87	5.03	6.37	5.47	3.23	5.53	7.67	9.52	6.37	4.43	7.32	8.87	5.62	6.83	4.34	6.32	5.76	3.95	7.04	5.94	4.98	5.55	4.47	5.53	5.19	7.48	7.04	6.3	5.54	4.87	5.98	4.97	4.84	7.65	3.73	4.66	5.55	5.77	6.2	7.69	5.72	6.87	4.03	4.74	5.9	5.51	6.39	8.02	5.99	8.53	3.28	4.99	4.0	7.55	6.6	4.58	3.85	5.0	7.22	4.24	4.83	7.67	6.61	5.46	5.32	5.2	5.85	6.95	3.32	5.31	4.75	6.82	7.02	6.22	6.15	5.4	6.19	7.1	6.31	6.49	9.15	5.97	7.91	8.72	6.57	9.3	5.78	7.23	4.12	6.5	5.02	5.24	6.58	8.83	7.46	7.43	6.53	4.26	3.98	5.47	6.16	6.89	7.34	3.39	5.05	4.07	5.19	4.08	5.17	4.39	3.7	8.2	6.05	5.95	6.57	4.31	8.44	4.31	7.89	4.71	6.63	5.36	4.98	7.27	6.7	8.42	4.88	6.96	5.73	8.63	5.85	8.39	6.55	6.63	7.42	6.01	5.72	8.73	6.21	7.8	7.33	6.61	6.31	3.41	6.41	5.64	7.29	7.29	6.28	4.0	5.87	5.03	6.37	5.47	3.23	5.53	7.67	9.52	6.37	4.43	7.32	8.87	5.62	6.83	4.34	6.32	5.76	3.95	7.04	5.94	4.98	5.55	4.47	5.53	5.19	7.48	7.04	6.3	5.54	4.87	5.98	4.97	4.84	7.65	3.73	4.66	5.55	5.77	6.2	7.69	5.72	6.87	4.03	4.74	5.9	5.51	6.39	8.02	5.99	8.53	3.28	4.99	4.0	7.55	6.6	4.58	3.85	5.0	7.22	4.24	4.83	7.67	6.61	5.46	5.32	5.2	5.85	6.95	3.32	5.31	4.75	6.82	7.02	6.22	6.15	5.4	6.19	7.1	6.31	6.49	9.15	5.97	7.91	8.72	6.57	9.3	5.78	7.23	4.12	6.5	5.02	5.24	6.58	8.83	7.46	7.43	6.53	4.26	3.98	5.47	6.16	6.89	7.34	3.39	5.05	4.07	5.19	4.08	5.17	4.39	3.7	8.2	6.05	5.95	6.57	4.31	8.44	4.31	7.89	4.71	6.63	5.36	4.98	7.27	6.7	8.42	4.88	6.96	5.73	8.63	5.85	8.39	6.55	6.63	7.42	6.01	5.72	8.73	6.21	7.8	7.33	6.61	6.31	3.41	6.41	5.64	7.29	7.29	6.28	4.0	5.87	5.03	6.37	5.47	3.23	5.53	7.67	9.52	6.37	4.43	7.32	8.87	5.62	6.83	4.34	6.32	5.76	3.95	7.04	5.94	4.98	5.55	4.47	5.53	5.19	7.48	7.04	6.3	5.54	4.87	5.98	4.97	4.84	7.65	3.73	4.66	5.55	5.77	6.2	7.69	5.72	6.87	4.03	4.74	5.9	5.51	6.39	8.02	5.99	8.53	3.28	4.99	4.0	7.55	6.6	4.58	3.85	5.0	7.22	4.24	4.83	7.67	6.61	5.46	5.32	5.2	5.85	6.95	3.32	5.31	4.75	6.82	7.02	6.22	6.15	5.4	6.19	7.1	6.31	6.49	9.15	5.97	7.91	8.72	6.57	9.3	5.78	7.23	4.12	6.5	5.02	5.24	6.58	8.83	7.46	7.43	6.53	4.26	3.98	5.47	6.16	6.89	7.34	3.39	5.05	4.07	5.19	4.08	5.17	4.39	3.7	8.2	6.05	5.95	6.57	4.31	8.44	4.31	7.89	4.71	6.63	5.36	4.98	7.27	6.7	8.42	4.88	6.96	5.73	8.63	5.85	8.39	6.55	6.63	7.42	6.01	5.72	8.73	6.21	7.8	7.33	6.61	6.31	3.41	6.41	5.64	7.29	7.29	6.28	4.0	5.87	5.03	6.37	5.47	3.23	5.53	7.67	9.52	6.37	4.43	7.32	8.87	5.62
1.0	2.0	3.0	4.0	5.0	6.0	7.0	8.0	9.0	10.0	11.0	12.0	13.0	14.0	15.0	16.0	17.0	18.0	19.0	20.0	21.0	22.0	23.0	24.0	25.0	26.0	27.0	28.0	29.0	30.0	31.0	32.0	33.0	34.0	35.0	36.0	37.0	38.0	39.0	40.0	41.0	42.0	43.0	44.0	45.0	46.0	47.0	48.0	49.0	50.0	51.0	52.0	53.0	54.0	55.0	56.0	57.0	58.0	59.0	60.0	61.0	62.0	63.0	64.0	65.0	66.0	67.0	68.0	69.0	70.0	71.0	72.0	73.0	74.0	75.0	76.0	77.0	78.0	79.0	80.0	81.0	82.0	83.0	84.0	85.0	86.0	87.0	88.0	89.0	90.0	91.0	92.0	93.0	94.0	95.0	96.0	97.0	98.0	99.0	100.0	101.0	102.0	103.0	104.0	105.0	106.0	107.0	108.0	109.0	110.0	111.0	112.0	113.0	114.0	115.0	116.0	117.0	118.0	119.0	120.0	121.0	122.0	123.0	124.0	125.0	126.0	127.0	128.0	129.0	130.0	131.0	132.0	133.0	134.0	135.0	136.0	137.0	138.0	139.0	140.0	141.0	142.0	143.0	144.0	145.0	146.0	147.0	148.0	149.0	149.0	150.0	151.0	152.0	153.0	154.0	155.0	156.0	157.0	158.0	159.0	160.0	161.0	162.0	163.0	164.0	165.0	166.0	167.0	168.0	169.0	170.0	171.0	172.0	173.0	174.0	175.0	176.0	177.0	178.0	179.0	180.0	181.0	182.0	183.0	184.0	185.0	186.0	187.0	188.0	189.0	190.0	191.0	192.0	193.0	194.0	195.0	196.0	197.0	198.0	199.0	200.0	201.0	202.0	203.0	204.0	205.0	206.0	207.0	208.0	209.0	210.0	211.0	212.0	213.0	214.0	215.0	216.0	217.0	218.0	219.0	220.0	221.0	222.0	223.0	224.0	225.0	226.0	227.0	228.0	229.0	230.0	231.0	232.0	233.0	234.0	235.0	236.0	237.0	238.0	239.0	240.0	241.0	242.0	243.0	244.0	245.0	246.0	247.0	248.0	249.0	250.0	251.0	252.0	253.0	254.0	255.0	256.0	257.0	258.0	259.0	260.0	261.0	262.0	263.0	264.0	265.0	266.0	267.0	268.0	269.0	270.0	271.0	272.0	273.0	274.0	275.0	276.0	277.0	278.0	279.0	280.0	281.0	282.0	283.0	284.0	285.0	286.0	287.0	288.0	289.0	290.0	291.0	292.0	293.0	294.0	295.0	296.0	297.0	298.0	298.0	299.0	300.0	301.0	302.0	303.0	304.0	305.0	306.0	307.0	308.0	309.0	310.0	311.0	312.0	313.0	314.0	315.0	316.0	317.0	318.0	319.0	320.0	321.0	322.0	323.0	324.0	325.0	326.0	327.0	328.0	329.0	330.0	331.0	332.0	333.0	334.0	335.0	336.0	337.0	338.0	339.0	340.0	341.0	342.0	343.0	344.0	345.0	346.0	347.0	348.0	349.0	350.0	351.0	352.0	353.0	354.0	355.0	356.0	357.0	358.0	359.0	360.0	361.0	362.0	363.0	364.0	365.0	366.0	367.0	368.0	369.0	370.0	371.0	372.0	373.0	374.0	375.0	376.0	377.0	378.0	379.0	380.0	381.0	382.0	383.0	384.0	385.0	386.0	387.0	388.0	389.0	390.0	391.0	392.0	393.0	394.0	395.0	396.0	397.0	398.0	399.0	400.0	401.0	402.0	403.0	404.0	405.0	406.0	407.0	408.0	409.0	410.0	411.0	412.0	413.0	414.0	415.0	416.0	417.0	418.0	419.0	420.0	421.0	422.0	423.0	424.0	425.0	426.0	427.0	428.0	429.0	430.0	431.0	432.0	433.0	434.0	435.0	436.0	437.0	438.0	439.0	440.0	441.0	442.0	443.0	444.0	445.0	446.0	447.0	447.0	448.0	449.0	450.0	451.0	452.0	453.0	454.0	455.0	456.0	457.0	458.0	459.0	460.0	461.0	462.0	463.0	464.0	465.0	466.0	467.0	468.0	469.0	470.0	471.0	472.0	473.0	474.0	475.0	476.0	477.0	478.0	479.0	480.0	481.0	482.0	483.0	484.0	485.0	486.0	487.0	488.0	489.0	490.0	491.0	492.0	493.0	494.0	495.0	496.0	497.0	498.0	499.0	500.0	501.0	502.0	503.0	504.0	505.0	506.0	507.0	508.0	509.0	510.0	511.0	512.0	513.0	514.0	515.0	516.0	517.0	518.0	519.0	520.0	521.0	522.0	523.0	524.0	525.0	526.0	527.0	528.0	529.0	530.0	531.0	532.0	533.0	534.0	535.0	536.0	537.0	538.0	539.0	540.0	541.0	542.0	543.0	544.0	545.0	546.0	547.0	548.0	549.0	550.0	551.0	552.0	553.0	554.0	555.0	556.0	557.0	558.0	559.0	560.0	561.0	562.0	563.0	564.0	565.0	566.0	567.0	568.0	569.0	570.0	571.0	572.0	573.0	574.0	575.0	576.0	577.0	578.0	579.0	580.0	581.0	582.0	583.0	584.0	585.0	586.0	587.0	588.0	589.0	590.0	591.0	592.0	593.0	594.0	595.0	596.0	596.0	597.0	598.0	599.0
2696.834488850646
