2789.5589522426744	300.0	2000.0	77.89063950191493	0	0.0	2789.5589522426744	1	0	1	-0.7450859889256077
5200.0	6000.0	489.60000000000014	0.0	0	354.6592997951093	689.6000000000004	1	0	2	1.0251594909714628
6200.0	2000.0	2589.6	0.0	0	461.423342641021	2789.6	1	0	0	1.072002403459664
9805.488352349195	6000.0	221.74164214502449	361.9807542992187	0	0.0	1027.2299944942206	1	0	2	0.5168212854358816
10200.0	1000.0	2866.681159259301	0.0	0	188.19862491870663	3066.6811592593012	1	0	0	-0.6905361997160178
13300.115346468798	6000.0	656.5542781436216	0.0	0	0.0	956.6696246124175	1	0	2	2.0033170004881904
14200.0	3000.0	2846.6580899655382	0.0	0	346.7679641074301	3046.6580899655364	1	0	0	2.059637444949839
17200.0	6000.0	746.6580899655428	0.0	0	331.2301605213106	946.6580899655401	1	0	2	3.102056955584985
18200.0	3000.0	2846.658089965541	0.0	0	485.7055314321151	3046.6580899655382	1	0	0	2.059903924151833
21200.0	6000.0	746.6580899655414	0.0	0	308.36832810853593	946.6580899655419	1	0	2	3.102100337336893
22200.0	3000.0	2846.658089965541	0.0	0	407.5882275477961	3046.658089965542	1	0	0	2.0598612602948387
25550.050916436827	6000.0	361.6020818850308	0.0	0	0.0	911.6529983218607	1	0	2	3.106253758687291
26200.0	1000.0	2776.6479066781735	0.0	0	384.58424433965047	2976.647906678172	1	0	0	-0.680300722350049
29223.037680160734	6000.0	651.3064585013639	0.0	0	0.0	874.344138662098	1	0	2	2.0114828658590005
30200.0	3000.0	2772.0403706460224	0.0	0	503.4192510115936	2972.040370646024	1	0	0	2.067395312405194
33343.57010747844	6000.0	514.1132524197355	0.0	0	0.0	857.6833598981757	1	0	2	3.1113972514583637
34200.0	2000.0	2743.3263491503267	0.0	0	255.41313070715842	2943.3263491503276	1	0	0	1.0559917454532832
37200.0	6000.0	643.3263491503252	0.0	0	118.17693067427899	843.3263491503167	1	0	2	2.7074226136488666
38200.0	3000.0	2743.3263491503235	0.0	0	603.5010380087479	2943.326349150324	1	0	0	2.070385031125817
41200.0	6000.0	643.3263491503201	0.0	0	24.626524233681266	843.3263491503167	1	0	2	3.113584250669204
42200.0	3000.0	2743.3263491503185	0.0	0	650.288634455952	2943.3263491503167	1	0	0	2.0703978240160925
45200.0	6000.0	643.3263491503188	0.0	0	286.91746626677923	843.3263491503094	1	0	2	3.1124271568157935
46200.0	3000.0	2743.326349150317	0.0	0	528.3664432937803	2943.3263491503094	1	0	0	2.0703165636991407
49618.790851010934	6000.0	225.1756060581373	38.65381183622253	0	0.0	843.9664570690657	1	0	2	2.8806307439517065
50200.0	1000.0	2702.0873719679776	0.0	0	373.7619539445004	2902.0873719679803	1	0	0	-0.6729898646884693
53200.0	6000.0	602.0873719679809	0.0	0	205.32942498147167	802.0873719679876	1	0	2	2.018099020614871
54200.0	3000.0	2702.0873719679803	0.0	0	442.5135821640433	2902.0873719679803	1	0	0	2.0743455069421173
57257.99124307682	6000.0	538.2970045834792	0.0	0	0.0	796.2882476602972	1	0	2	3.1184432032657394
58200.0	2000.0	2690.489123352626	0.0	0	563.5866383439716	2890.4891233526214	1	0	0	1.0619034860909466
61200.0	6000.0	590.4891233526329	0.0	0	346.5321671092315	790.4891233526359	1	0	2	2.7121701350529333
62200.0	3000.0	2690.489123352632	0.0	0	422.10346754152124	2890.489123352636	1	0	0	2.075505533532459
65200.0	6000.0	590.489123352629	0.0	0	23.762122223015467	790.4891233526359	1	0	2	3.11851672320261
66200.0	3000.0	2690.4891233526296	0.0	0	502.25593601090077	2890.489123352643	1	0	0	2.0755738100199936
69200.0	6000.0	590.4891233526462	0.0	0	400.3022215365927	790.4891233526723	1	0	2	3.1176039266116846
70200.0	3000.0	2690.48912335264	0.0	0	456.85880914505105	2890.4891233526723	1	0	0	2.075534093035588
73406.48210646438	6000.0	363.35880624183636	0.0	0	0.0	769.8409127062332	1	0	2	3.1203668647206224
74200.0	2000.0	2649.19270205978	0.0	0	414.95380099347676	2849.1927020597795	1	0	0	1.0656545162648903
77200.0	6000.0	549.192702059777	0.0	0	245.24596155471227	749.192702059765	1	0	2	2.7165352025289766
78200.0	2000.0	2649.19270205978	0.0	0	704.2035376566928	2849.1927020597795	1	0	0	1.0661484184547345
81200.0	6000.0	549.1927020597786	0.0	0	82.63776816501922	749.192702059765	1	0	2	2.71694380828537
82200.0	2000.0	2649.192702059774	0.0	0	641.4395349650149	2849.1927020597795	1	0	0	1.0661484184547345
85200.0	6000.0	549.1927020597658	0.0	0	266.35493627676624	749.1927020597795	1	0	2	2.716409081287244
86200.0	3000.0	2649.1927020597627	0.0	0	586.0673346910771	2849.1927020597795	1	0	0	2.079811188725146
89392.11619132603	6000.0	371.08887066880493	30.2036173342417	0	0.0	763.2050619948423	1	0	2	2.940119334658866
90200.0	2000.0	2643.993442862241	0.0	0	568.958078252952	2843.9934428622655	1	0	0	1.0664225828907101
93200.0	6000.0	543.99344286224	0.0	0	266.0115711828985	743.993442862251	1	0	2	2.7170309031151643
94200.0	3000.0	2643.9934428622296	0.0	0	485.6024059370975	2843.9934428622364	1	0	0	2.0802323797062057
97287.29479863396	6000.0	447.9691643648855	0.0	0	0.0	735.2639629988262	1	0	2	3.124217001207227
98200.0	2000.0	2626.534483135465	0.0	0	562.007311933281	2826.534483135445	1	0	0	1.0682697904189316
101566.96880289902	6000.0	363.260151969239	218.53759274790127	0	0.0	930.2289548682456	1	0	2	1.3879017955038084
102200.0	2000.0	2793.532074578373	0.0	0	250.9106201545219	2993.532074578354	1	0	0	1.050471811329111
105299.57953787904	6000.0	583.9945829114309	0.0	0	0.0	883.5741207904503	1	0	2	2.7040133356033507
106200.0	3000.0	2773.6161670025585	0.0	0	194.97336046793498	2973.6161670025613	1	0	0	2.066545429647599
109580.27760462003	6000.0	255.3108019205227	0.0	0	0.0	835.5884065405553	1	0	2	3.113427537124522
110200.0	1000.0	2697.560646078569	0.0	0	404.48040629985917	2897.5606460785784	1	0	0	-0.6724190866839446
113200.0	6000.0	597.5606460785574	0.0	0	159.89322366539272	797.5606460785784	1	0	2	2.018864562203127
114200.0	3000.0	2697.5606460785657	0.0	0	630.6425101873901	2897.5606460786075	1	0	0	2.074974394323264
117200.0	6000.0	597.5606460785659	0.0	0	168.37118302671297	797.5606460786221	1	0	2	3.1173224806723625
118200.0	3000.0	2697.5606460785643	0.0	0	270.6448515539814	2897.560646078622	1	0	0	2.074628193522397
121200.0	6000.0	597.5606460785546	0.0	0	49.08330342633417	797.5606460786221	1	0	2	3.1178541499228873
122200.0	3000.0	2697.560646078567	0.0	0	429.32695113030786	2897.5606460786366	1	0	0	2.0747885999243114
125200.0	6000.0	597.5606460785643	0.0	0	207.4967142460082	797.5606460786366	1	0	2	3.117113877932028
126200.0	2000.0	2697.560646078569	0.0	0	513.3327537613368	2897.5606460786657	1	0	0	1.0611941627453159
129473.84173000362	6000.0	296.3347430745907	0.0	0	0.0	770.1764730783179	1	0	2	2.714479296089097
130200.0	1000.0	2642.7923000778587	0.0	0	485.2703122658568	2842.7923000779556	1	0	0	-0.6665692880187419
133200.0	6000.0	542.792300077859	0.0	0	170.8356638768455	742.7923000779701	1	0	2	2.0240897176301367
134200.0	2000.0	2642.792300077878	0.0	0	520.3035090503399	2842.79230007797	1	0	0	1.0666946894360327
137462.51020060614	6000.0	346.8002911695054	84.33564705309854	0	0.0	809.3104917757446	1	0	2	2.2054399876488704
138200.0	1000.0	2683.059471715001	0.0	0	580.7025861738948	2883.0594717151544	1	0	0	-0.670416219383325
141200.0	6000.0	583.0594717150152	0.0	0	356.2495005095261	783.0594717151835	1	0	2	2.0197430425008527
142200.0	3000.0	2683.05947171501	0.0	0	580.0942227425985	2883.0594717151835	1	0	0	2.076404085538191
145343.60259936264	6000.0	425.09661241615635	0.0	0	0.0	768.6992117789632	1	0	2	3.120716795792316
146200.0	2000.0	2654.33895184251	0.0	0	500.5725655872375	2854.338951842714	1	0	0	1.0653995262737888
149200.0	6000.0	554.3389518425207	0.0	0	206.74142004013993	754.338951842743	1	0	2	2.7160803110176417
150200.0	3000.0	2654.338951842497	0.0	0	538.7152810331609	2854.338951842714	1	0	0	2.079213476992458
153552.29756380722	6000.0	287.2970694292919	109.53221615885208	0	0.0	839.5946332367312	1	0	2	2.4562390496831217
154200.0	1000.0	2704.364876855799	0.0	0	423.85299558457336	2904.364876856038	1	0	0	-0.6730204974667648
158265.27951055946	6000.0	218.63946401287038	714.6200443386299	0	0.0	1483.918974572327	1	0	2	-2.323622264988567
158394.9551822073	500.0	1088.9637923650098	0.0	0	0.0	1483.9189745722979	1	0	1	-2.0670601115962426
159200.0	3000.0	1283.9189745723609	0.0	0	141.08423027023673	1483.9189745722979	1	0	1	1.5137262728057843
160200.0	3000.0	1283.9189745723302	0.0	0	557.2330094251374	1483.9189745722688	1	0	1	3.30548574203384
161200.0	3000.0	1283.9189745723106	0.0	0	612.7242028990877	1483.9189745722688	1	0	1	3.3054857420338424
162200.0	3000.0	1283.918974572311	0.0	0	551.2168351357686	1483.9189745722688	1	0	1	3.3054857420338424
163265.20926436753	6000.0	1218.7097102047928	0.0	0	0.0	1483.9189745722688	1	0	1	3.652059332313815
164651.46604533214	6000.0	832.452929240155	0.0	0	0.0	1483.9189745722397	1	0	1	4.345206512873762
165237.09513338513	3000.0	1246.8238411871769	0.0	0	0.0	1483.9189745722397	1	0	1	2.6123385614739
166200.0	3000.0	1283.918974572303	0.0	0	581.3950254047522	1483.9189745722397	1	0	1	3.3054857420338473
167200.0	3000.0	1283.9189745722867	0.0	0	575.7956342957623	1483.9189745722106	1	0	1	3.305485742033846
168200.0	3000.0	1283.9189745722658	0.0	0	267.2502119895944	1483.9189745722106	1	0	1	3.3054857420338477
169200.0	3000.0	1283.9189745722508	0.0	0	445.1445672927948	1483.9189745721815	1	0	1	3.3054857420338486
170200.0	3000.0	1283.918974572244	0.0	0	556.844332286244	1483.9189745721524	1	0	1	3.305485742033854
171200.0	3000.0	1283.9189745722467	0.0	0	243.38697105881874	1483.9189745721233	1	0	1	3.3054857420338566
172200.0	3000.0	1283.9189745722415	0.0	0	424.98690754236304	1483.9189745721233	1	0	1	3.3054857420338566
173200.0	3000.0	1283.9189745722604	0.0	0	396.82451101133483	1483.9189745721524	1	0	1	3.305485742033856
174200.0	3000.0	1283.9189745722138	0.0	0	552.9233888880699	1483.9189745721524	1	0	1	3.305485742033854
175200.0	3000.0	1283.9189745722083	0.0	0	478.80436447646935	1483.9189745721233	1	0	1	3.3054857420338566
176200.0	3000.0	1283.918974572193	0.0	0	500.54431940513314	1483.9189745721524	1	0	1	3.305485742033854
177200.0	3000.0	1283.9189745721885	0.0	0	41.369479957793374	1483.9189745721524	1	0	1	3.3054857420338557
178200.0	3000.0	1283.9189745722078	0.0	0	341.0074200867093	1483.9189745721524	1	0	1	3.305485742033854
179200.0	3000.0	1283.918974572199	0.0	0	476.97654361181776	1483.9189745721524	1	0	1	3.305485742033854
180200.0	3000.0	1283.9189745721987	0.0	0	530.6553784366988	1483.9189745721524	1	0	1	3.305485742033854
181200.0	3000.0	1283.918974572204	0.0	0	488.3380689242622	1483.9189745721233	1	0	1	3.305485742033855
182200.0	3000.0	1283.91897457221	0.0	0	553.0913433821697	1483.9189745721524	1	0	1	3.305485742033856
183200.0	3000.0	1283.9189745722067	0.0	0	590.7537175697216	1483.9189745721524	1	0	1	3.305485742033854
184200.0	3000.0	1283.9189745722024	0.0	0	357.77478193934076	1483.9189745721524	1	0	1	3.305485742033856
185200.0	3000.0	1283.9189745721974	0.0	0	442.98094538782607	1483.9189745721524	1	0	1	3.305485742033854
186200.0	3000.0	1283.918974572163	0.0	0	367.77523332464625	1483.9189745721524	1	0	1	3.305485742033854
187200.0	3000.0	1283.9189745721708	0.0	0	429.7185151078156	1483.9189745721524	1	0	1	3.305485742033854
188200.0	3000.0	1283.918974572175	0.0	0	428.8658241603407	1483.9189745721815	1	0	1	3.3054857420338535
189200.0	3000.0	1283.918974572156	0.0	0	546.9229429530387	1483.9189745721524	1	0	1	3.305485742033854
190200.0	3000.0	1283.9189745721667	0.0	0	439.60757340179407	1483.9189745721524	1	0	1	3.305485742033854
191200.0	3000.0	1283.9189745721806	0.0	0	32.638074887450784	1483.9189745721524	1	0	1	3.305485742033854
192200.0	3000.0	1283.9189745721853	0.0	0	226.60263568363735	1483.9189745721815	1	0	1	3.3054857420338535
193200.0	3000.0	1283.918974572199	0.0	0	463.69641243843944	1483.9189745721815	1	0	1	3.3054857420338513
194200.0	3000.0	1283.9189745722178	0.0	0	698.0575639316812	1483.9189745721815	1	0	1	3.3054857420338513
195200.0	3000.0	1283.918974572204	0.0	0	509.19386718270835	1483.9189745721815	1	0	1	3.3054857420338513
196200.0	3000.0	1283.9189745722215	0.0	0	507.02225576358614	1483.9189745721815	1	0	1	3.3054857420338513
197291.49525056838	6000.0	1192.4237240038685	0.0	0	0.0	1483.9189745722106	1	0	1	3.6520593323138204
198459.35747195233	6000.0	1024.5615026199143	0.0	0	0.0	1483.9189745722106	1	0	1	4.345206512873766
199200.0	3000.0	1283.9189745722565	0.0	0	111.10439880521153	1483.9189745722106	1	0	1	2.612338561473903
200200.0	3000.0	1283.9189745722476	0.0	0	576.7771976281656	1483.9189745722106	1	0	1	3.3054857420338477
201200.0	3000.0	1283.918974572243	0.0	0	628.5499078216963	1483.9189745722106	1	0	1	3.3054857420338477
202535.9301762286	6000.0	947.9887983436478	0.0	0	0.0	1483.9189745722397	1	0	1	3.652059332313818
203200.0	3000.0	1283.9189745722606	0.0	0	237.62984844844323	1483.9189745722397	1	0	1	2.6123385614739
204200.0	6000.0	1283.9189745722374	0.0	0	286.1677721234737	1483.9189745722106	1	0	1	3.652059332313818
205200.0	6000.0	1283.918974572235	0.0	0	393.5939378855983	1483.9189745722106	1	0	1	4.345206512873766
206246.5832750771	6000.0	1237.3356994951578	0.0	0	0.0	1483.9189745722106	1	0	1	4.345206512873766
207200.0	6000.0	1283.9189745723022	0.0	0	275.52563000214286	1483.9189745722397	1	0	1	4.345206512873765
208212.7775823238	6000.0	1271.1413922485121	0.0	0	0.0	1483.9189745722397	1	0	1	4.345206512873762
209412.20759055595	6000.0	1071.7113840163502	0.0	0	0.0	1483.9189745722106	1	0	1	4.345206512873766
210548.20146189086	6000.0	935.7175126814184	0.0	0	0.0	1483.9189745722106	1	0	1	4.345206512873766
211200.0	3000.0	1283.9189745722608	0.0	0	193.8020355415647	1483.9189745722106	1	0	1	2.612338561473903
212348.67806711598	6000.0	1135.2409074562734	0.0	0	0.0	1483.9189745722106	1	0	1	3.6520593323138204
213200.0	3000.0	1283.9189745722697	0.0	0	441.17121973464964	1483.9189745722106	1	0	1	2.612338561473903
214200.0	3000.0	1283.9189745723052	0.0	0	381.75181355769746	1483.9189745722397	1	0	1	3.305485742033845
215200.0	3000.0	1283.918974572299	0.0	0	624.6038134067203	1483.9189745722397	1	0	1	3.305485742033845
216200.0	3000.0	1283.9189745723106	0.0	0	609.4427648035344	1483.9189745722397	1	0	1	3.305485742033845
217200.0	6000.0	1283.918974572306	0.0	0	250.1852978822717	1483.9189745722397	1	0	1	3.6520593323138177
218772.5526212914	6000.0	711.3663532808987	0.0	0	0.0	1483.9189745722397	1	0	1	4.345206512873762
219314.06633340823	3000.0	1169.8526411640698	0.0	0	0.0	1483.9189745722397	1	0	1	2.6123385614739
220200.0	3000.0	1283.9189745723186	0.0	0	182.20266001849086	1483.9189745722397	1	0	1	3.305485742033845
221215.00129428535	6000.0	1268.9176802869647	0.0	0	77.35052109681419	1483.9189745722397	1	0	1	3.6520593323138177
222200.0	3000.0	1283.9189745723113	0.0	0	34.2674714482564	1483.9189745722106	1	0	1	2.612338561473903
223200.0	3000.0	1283.9189745722904	0.0	0	116.81737069311203	1483.9189745722106	1	0	1	3.3054857420338477
224200.0	3000.0	1283.9189745723165	0.0	0	581.1094991655264	1483.9189745722397	1	0	1	3.305485742033845
225200.0	3000.0	1283.9189745723452	0.0	0	544.6144377950404	1483.9189745722397	1	0	1	3.305485742033845
226200.0	3000.0	1283.9189745723613	0.0	0	618.3808082041505	1483.9189745722397	1	0	1	3.305485742033845
227200.0	3000.0	1283.9189745723952	0.0	0	668.1430164481862	1483.9189745722397	1	0	1	3.305485742033845
228200.0	6000.0	1283.9189745723634	0.0	0	288.037611191452	1483.9189745722397	1	0	1	3.6520593323138177
229200.0	6000.0	1283.9189745723836	0.0	0	172.2594357781636	1483.9189745722397	1	0	1	4.345206512873762
230200.0	6000.0	1283.918974572381	0.0	0	114.12063385665533	1483.9189745722106	1	0	1	4.345206512873766
231762.40065989268	6000.0	721.5183146797124	0.0	0	0.0	1483.9189745722106	1	0	1	4.345206512873766
232270.69258368743	3000.0	1213.2263908849925	0.0	0	0.0	1483.9189745722106	1	0	1	2.612338561473903
233200.0	3000.0	1283.9189745724204	0.0	0	335.342209713388	1483.9189745722106	1	0	1	3.3054857420338477
234200.0	3000.0	1283.9189745724354	0.0	0	654.8657992126537	1483.9189745722106	1	0	1	3.3054857420338477
235200.0	3000.0	1283.9189745724375	0.0	0	583.4403511474375	1483.9189745722106	1	0	1	3.3054857420338477
236200.0	3000.0	1283.9189745724314	0.0	0	715.7633206128667	1483.9189745722106	1	0	1	3.3054857420338477
237200.0	6000.0	1283.9189745724268	0.0	0	116.48887376056518	1483.9189745722397	1	0	1	3.65205933231382
238200.0	6000.0	1283.9189745724207	0.0	0	137.0667782271339	1483.9189745722106	1	0	1	4.345206512873763
239200.0	6000.0	1283.9189745724439	0.0	0	83.59922139460105	1483.9189745722106	1	0	1	4.345206512873766
240384.1740614474	6000.0	1099.744913125025	0.0	0	0.0	1483.9189745721815	1	0	1	4.3452065128737685
241200.0	3000.0	1283.9189745724343	0.0	0	337.63010473604663	1483.9189745721815	1	0	1	2.6123385614739063
242200.0	3000.0	1283.9189745724489	0.0	0	616.248571528733	1483.9189745721524	1	0	1	3.3054857420338517
243200.0	3000.0	1283.918974572454	0.0	0	409.96664683535346	1483.9189745721524	1	0	1	3.305485742033854
244200.0	3000.0	1283.9189745724282	0.0	0	369.8107324600278	1483.9189745721524	1	0	1	3.305485742033854
245200.0	3000.0	1283.91897457244	0.0	0	292.3815009405371	1483.9189745721815	1	0	1	3.3054857420338513
246200.0	3000.0	1283.9189745724157	0.0	0	576.569789344212	1483.9189745721233	1	0	1	3.305485742033855
247200.0	3000.0	1283.9189745724448	0.0	0	511.21522773228935	1483.9189745721233	1	0	1	3.3054857420338566
248200.0	3000.0	1283.918974572393	0.0	0	533.528790124139	1483.9189745720942	1	0	1	3.3054857420338597
249200.0	3000.0	1283.9189745723927	0.0	0	519.9614369447227	1483.9189745720942	1	0	1	3.3054857420338597
250299.9820574545	6000.0	1183.9369171179042	0.0	0	0.0	1483.9189745720942	1	0	1	3.652059332313832
251373.18893933826	6000.0	1110.7300352341388	0.0	0	0.0	1483.9189745720942	1	0	1	4.345206512873777
252243.15315447684	6000.0	1240.7658200955323	0.0	0	0.0	1483.9189745720942	1	0	1	4.345206512873777
253200.0	6000.0	1283.9189745723922	0.0	0	89.44671310932608	1483.9189745720942	1	0	1	4.345206512873777
254200.0	6000.0	1283.9189745723934	0.0	0	147.2516481890052	1483.9189745720942	1	0	1	4.345206512873777
255349.64571354043	6000.0	1134.2732610319542	0.0	0	0.0	1483.9189745720942	1	0	1	4.345206512873777
256200.0	3000.0	1283.9189745723595	0.0	0	394.75616873035324	1483.918974572065	1	0	1	2.612338561473915
257200.0	3000.0	1283.9189745723484	0.0	0	669.3500745044439	1483.918974572065	1	0	1	3.3054857420338624
258200.0	6000.0	1283.918974572371	0.0	0	167.53893938753754	1483.9189745720942	1	0	1	3.652059332313832
259461.35687786885	6000.0	1022.562096703504	0.0	0	0.0	1483.918974572065	1	0	1	4.34520651287378
260200.0	3000.0	1283.9189745723768	0.0	0	225.935818866099	1483.9189745720942	1	0	1	2.612338561473917
261200.0	6000.0	1283.9189745723756	0.0	0	330.06159509616555	1483.9189745721233	1	0	1	3.6520593323138315
262200.0	6000.0	1283.9189745723868	0.0	0	377.46598156599794	1483.9189745721233	1	0	1	4.345206512873775
263433.2555787314	6000.0	1050.6633958409554	0.0	0	0.0	1483.9189745720942	1	0	1	4.345206512873777
265035.8852636479	6000.0	448.0337109245078	0.0	0	0.0	1483.9189745720942	1	0	1	4.345206512873777
265407.0862344799	2000.0	1076.8327400924582	0.0	0	0.0	1483.918974572036	1	0	1	1.598675791203509
266200.0	3000.0	1283.9189745723586	0.0	0	222.82074214494787	1483.9189745721524	1	0	1	2.9000206339256938
267200.0	3000.0	1283.918974572361	0.0	0	589.8052501552738	1483.9189745721524	1	0	1	3.305485742033854
268200.0	3000.0	1283.9189745723838	0.0	0	528.9554326241487	1483.9189745721524	1	0	1	3.305485742033854
269200.0	3000.0	1283.9189745724	0.0	0	600.5458224499016	1483.9189745721524	1	0	1	3.305485742033854
270200.0	6000.0	1283.9189745724022	0.0	0	215.39890638715588	1483.9189745720942	1	0	1	3.652059332313832
271361.90279301256	6000.0	1122.0161815598326	0.0	0	0.0	1483.9189745721524	1	0	1	4.345206512873771
272588.03942115605	6000.0	895.8795534163493	0.0	0	0.0	1483.9189745722106	1	0	1	4.345206512873766
273200.0	3000.0	1283.9189745723907	0.0	0	161.0972036026069	1483.9189745722106	1	0	1	2.612338561473903
274200.0	6000.0	1283.9189745723934	0.0	0	182.2848531525815	1483.9189745721524	1	0	1	3.6520593323138217
275200.0	6000.0	1283.9189745724132	0.0	0	85.00374149921117	1483.9189745721524	1	0	1	4.345206512873771
276200.0	6000.0	1283.918974572461	0.0	0	274.8926891753799	1483.9189745721524	1	0	1	4.345206512873771
277200.0	6000.0	1283.9189745723615	0.0	0	54.313551559171174	1483.9189745720942	1	0	1	4.345206512873773
278599.2427564784	6000.0	884.6762180939486	0.0	0	0.0	1483.918974572036	1	0	1	4.345206512873784
279200.0	3000.0	1283.9189745723472	0.0	0	182.0364100265433	1483.918974572036	1	0	1	2.612338561473921
280200.0	6000.0	1283.9189745723693	0.0	0	20.25325340265408	1483.918974572036	1	0	1	3.652059332313838
281568.86199533986	6000.0	915.0569792325509	0.0	0	0.0	1483.918974572036	1	0	1	4.345206512873784
282267.6760325033	3000.0	1216.2429420691083	0.0	0	0.0	1483.918974572036	1	0	1	2.6123385614739227
283200.0	3000.0	1283.9189745724077	0.0	0	451.6659573126235	1483.9189745719777	1	0	1	3.305485742033867
284200.0	3000.0	1283.9189745723813	0.0	0	643.6805639845552	1483.9189745719777	1	0	1	3.3054857420338712
285200.0	3000.0	1283.9189745724163	0.0	0	434.2911423559417	1483.9189745719777	1	0	1	3.3054857420338712
286200.0	6000.0	1283.9189745723572	0.0	0	243.57447248266544	1483.9189745719777	1	0	1	3.652059332313844
287433.0742825783	6000.0	1050.844691994035	0.0	0	0.0	1483.9189745719777	1	0	1	4.345206512873789
288200.0	3000.0	1283.918974572402	0.0	0	103.61611793388147	1483.9189745719777	1	0	1	2.6123385614739263
289406.54046250257	6000.0	1077.3785120698615	0.0	0	0.0	1483.918974572036	1	0	1	3.652059332313838
290200.0	3000.0	1283.918974572389	0.0	0	228.64006258401787	1483.918974572036	1	0	1	2.612338561473921
291200.0	3000.0	1283.918974572374	0.0	0	368.8343901170301	1483.918974572036	1	0	1	3.3054857420338655
292200.0	3000.0	1283.918974572298	0.0	0	361.8404842877644	1483.918974572036	1	0	1	3.3054857420338655
293200.0	3000.0	1283.9189745723668	0.0	0	536.300636651169	1483.9189745720942	1	0	1	3.3054857420338597
294200.0	3000.0	1283.9189745723957	0.0	0	489.4421405628673	1483.9189745720942	1	0	1	3.3054857420338597
295200.0	3000.0	1283.9189745723315	0.0	0	459.5083587776171	1483.9189745721524	1	0	1	3.305485742033854
296200.0	3000.0	1283.9189745723077	0.0	0	290.48520588863175	1483.9189745722106	1	0	1	3.3054857420338477
297200.0	3000.0	1283.9189745722967	0.0	0	503.9173208078719	1483.9189745722106	1	0	1	3.3054857420338477
298200.0	3000.0	1283.9189745723434	0.0	0	719.1515160221606	1483.9189745722106	1	0	1	3.3054857420338477
299200.0	6000.0	1283.9189745723468	0.0	0	168.4342366948258	1483.9189745721524	1	0	1	3.6520593323138217
300752.4278019443	6000.0	731.4911726280258	0.0	0	0.0	1483.9189745721524	1	0	1	4.345206512873771
301206.2525608181	3000.0	1277.6664137542593	0.0	0	0.0	1483.9189745721524	1	0	1	2.612338561473909
302200.0	6000.0	1283.9189745723008	0.0	0	34.919659429520834	1483.9189745722106	1	0	1	3.6520593323138253
303257.57975753106	6000.0	1226.339217041208	0.0	0	0.0	1483.9189745722106	1	0	1	4.345206512873766
304362.07869883266	6000.0	1121.840275739655	0.0	0	0.0	1483.9189745722688	1	0	1	4.345206512873762
305200.0	3000.0	1283.9189745723013	0.0	0	149.2260729575646	1483.9189745722688	1	0	1	2.6123385614738974
306200.0	3000.0	1283.9189745722817	0.0	0	231.8944320162991	1483.9189745722688	1	0	1	3.3054857420338424
307200.0	3000.0	1283.9189745723131	0.0	0	28.38754116790369	1483.9189745722106	1	0	1	3.3054857420338477
308200.0	3000.0	1283.9189745722847	0.0	0	507.0285267420695	1483.9189745722106	1	0	1	3.3054857420338477
309200.0	3000.0	1283.9189745723181	0.0	0	673.8042205068632	1483.9189745722688	1	0	1	3.305485742033847
310200.0	3000.0	1283.9189745722742	0.0	0	489.59144914796343	1483.918974572327	1	0	1	3.305485742033841
311200.0	3000.0	1283.918974572279	0.0	0	344.73791708407225	1483.918974572327	1	0	1	3.305485742033836
312200.0	3000.0	1283.9189745722695	0.0	0	543.2121507179108	1483.918974572327	1	0	1	3.305485742033836
313641.149452479	6000.0	842.7695220932441	0.0	0	0.0	1483.918974572327	1	0	1	3.652059332313809
314283.9527937258	3000.0	1199.966180846447	0.0	0	0.0	1483.9189745723852	1	0	1	2.612338561473887
315200.0	3000.0	1283.9189745722267	0.0	0	500.91325217694975	1483.9189745723852	1	0	1	3.305485742033831
316200.0	3000.0	1283.9189745722372	0.0	0	429.6918352608336	1483.9189745723852	1	0	1	3.305485742033831
317200.0	3000.0	1283.9189745722595	0.0	0	488.44581168174045	1483.9189745723852	1	0	1	3.305485742033831
318200.0	3000.0	1283.9189745722213	0.0	0	430.83724598109256	1483.9189745723852	1	0	1	3.305485742033831
319200.0	3000.0	1283.9189745721485	0.0	0	386.9743779282435	1483.9189745723852	1	0	1	3.305485742033831
320200.0	3000.0	1283.9189745721205	0.0	0	361.8237257426372	1483.9189745723852	1	0	1	3.305485742033831
321200.0	3000.0	1283.918974572185	0.0	0	619.6989777306444	1483.9189745724434	1	0	1	3.3054857420338246
322200.0	3000.0	1283.9189745721505	0.0	0	524.0202240430517	1483.9189745724434	1	0	1	3.3054857420338246
323200.0	3000.0	1283.9189745721224	0.0	0	375.4564439057722	1483.9189745724434	1	0	1	3.3054857420338246
324200.0	3000.0	1283.9189745720355	0.0	0	265.51052829035325	1483.9189745724434	1	0	1	3.3054857420338246
325200.0	3000.0	1283.918974572122	0.0	0	282.1530455072643	1483.9189745724434	1	0	1	3.3054857420338246
326200.0	3000.0	1283.9189745720657	0.0	0	175.13397483964218	1483.9189745724434	1	0	1	3.3054857420338246
327200.0	3000.0	1283.9189745721383	0.0	0	485.55725272442214	1483.9189745724434	1	0	1	3.3054857420338246
328200.0	3000.0	1283.918974572144	0.0	0	622.7851785690291	1483.9189745724434	1	0	1	3.3054857420338246
329200.0	3000.0	1283.9189745722138	0.0	0	226.0485585865099	1483.9189745725016	1	0	1	3.3054857420338237
330200.0	3000.0	1283.9189745722292	0.0	0	568.8163000611239	1483.9189745725016	1	0	1	3.3054857420338193
331200.0	3000.0	1283.9189745721594	0.0	0	541.253510125156	1483.9189745724434	1	0	1	3.3054857420338246
332200.0	3000.0	1283.9189745721517	0.0	0	371.6153367907391	1483.9189745724434	1	0	1	3.3054857420338246
333200.0	3000.0	1283.9189745721146	0.0	0	604.6206176872365	1483.9189745723852	1	0	1	3.305485742033831
334200.0	3000.0	1283.918974572049	0.0	0	512.774709241814	1483.9189745723852	1	0	1	3.305485742033831
335200.0	3000.0	1283.918974572038	0.0	0	428.68220733996714	1483.9189745723852	1	0	1	3.3054857420338353
336200.0	3000.0	1283.9189745720162	0.0	0	505.08308323513484	1483.9189745723852	1	0	1	3.305485742033831
337200.0	3000.0	1283.9189745721012	0.0	0	354.53700311027933	1483.9189745723852	1	0	1	3.305485742033831
338200.0	3000.0	1283.9189745720782	0.0	0	540.604462625226	1483.9189745724434	1	0	1	3.3054857420338246
339200.0	3000.0	1283.918974572035	0.0	0	527.7714814062347	1483.9189745724434	1	0	1	3.3054857420338246
340200.77387022186	3000.0	1283.1451043501327	0.0	0	0.0	1483.9189745723852	1	0	1	3.3054857420338273
341200.0	3000.0	1283.9189745720337	0.0	0	177.04290479718475	1483.9189745723852	1	0	1	3.305485742033831
342200.0	3000.0	1283.9189745720053	0.0	0	575.2112965027918	1483.9189745723852	1	0	1	3.305485742033831
343200.0	3000.0	1283.918974571997	0.0	0	719.6833338476717	1483.9189745724434	1	0	1	3.3054857420338295
344200.0	3000.0	1283.9189745719902	0.0	0	536.3186142291524	1483.9189745724434	1	0	1	3.3054857420338246
345200.0	3000.0	1283.91897457196	0.0	0	580.9199257836444	1483.9189745724434	1	0	1	3.3054857420338246
346358.0204321321	6000.0	1125.8985424398543	0.0	0	0.0	1483.9189745724434	1	0	1	3.6520593323137973
347200.0	3000.0	1283.9189745719907	0.0	0	113.40999862994067	1483.9189745725016	1	0	1	2.612338561473874
348200.0	3000.0	1283.918974571964	0.0	0	568.135970201809	1483.9189745725598	1	0	1	3.305485742033813
349200.0	3000.0	1283.918974571928	0.0	0	538.0849322818685	1483.9189745725598	1	0	1	3.305485742033813
350200.0	3000.0	1283.9189745719293	0.0	0	504.09249753894983	1483.9189745724434	1	0	1	3.30548574203382
351200.0	3000.0	1283.9189745719698	0.0	0	372.46953722147737	1483.9189745725016	1	0	1	3.3054857420338237
352200.0	3000.0	1283.9189745719161	0.0	0	572.8972534761997	1483.9189745724434	1	0	1	3.30548574203382
353200.0	6000.0	1283.918974571958	0.0	0	258.8986536595621	1483.9189745725016	1	0	1	3.652059332313796
354200.0	6000.0	1283.9189745719266	0.0	0	329.88761744630756	1483.9189745725016	1	0	1	4.3452065128737365
355200.0	6000.0	1283.9189745719677	0.0	0	27.094563377497252	1483.9189745725598	1	0	1	4.34520651287373
356200.0	6000.0	1283.9189745720012	0.0	0	328.5399785221671	1483.9189745725598	1	0	1	4.34520651287373
357200.0	6000.0	1283.9189745719993	0.0	0	56.47195966995787	1483.9189745725016	1	0	1	4.3452065128737365
358200.0	6000.0	1283.9189745719862	0.0	0	132.56129605410388	1483.9189745725016	1	0	1	4.3452065128737365
359200.0	6000.0	1283.9189745720128	0.0	0	8.018338812864386	1483.9189745724434	1	0	1	4.345206512873742
360722.8381272572	6000.0	761.0808473147752	0.0	0	0.0	1483.9189745723852	1	0	1	4.345206512873748
361309.3893855928	3000.0	1174.5295889791823	0.0	0	0.0	1483.9189745723852	1	0	1	2.612338561473886
362200.0	3000.0	1283.91897457196	0.0	0	187.39939846395282	1483.9189745723852	1	0	1	3.305485742033831
363200.0	3000.0	1283.918974572	0.0	0	326.89649719250156	1483.9189745723852	1	0	1	3.305485742033831
364200.0	3000.0	1283.9189745719889	0.0	0	538.0009006444016	1483.9189745723852	1	0	1	3.305485742033831
365200.0	3000.0	1283.918974571989	0.0	0	605.9488790098112	1483.9189745724434	1	0	1	3.3054857420338246
366200.0	6000.0	1283.9189745720112	0.0	0	170.9297692143591	1483.9189745724434	1	0	1	3.6520593323137973
367237.89837866416	6000.0	1246.0205959078576	0.0	0	0.0	1483.9189745723852	1	0	1	4.345206512873748
368200.0	3000.0	1283.918974572006	0.0	0	301.73372289241524	1483.9189745724434	1	0	1	2.6123385614738797
369200.0	6000.0	1283.918974571989	0.0	0	62.88560130010592	1483.9189745724434	1	0	1	3.652059332313793
370200.0	3000.0	1283.918974572044	0.0	0	240.4390258321655	1483.9189745725016	1	0	1	2.6123385614738783
371359.9904141806	3000.0	1123.928560391421	0.0	0	0.0	1483.9189745725016	1	0	1	3.3054857420338193
372200.0	3000.0	1283.918974571983	0.0	0	56.53219663281925	1483.9189745725016	1	0	1	3.3054857420338193
373200.0	3000.0	1283.918974572021	0.0	0	366.07499868556624	1483.9189745725598	1	0	1	3.305485742033818
374200.0	3000.0	1283.9189745721094	0.0	0	341.0827883952297	1483.9189745726762	1	0	1	3.305485742033806
375200.0	3000.0	1283.9189745721242	0.0	0	519.3562456640648	1483.9189745727344	1	0	1	3.3054857420337957
376200.0	3000.0	1283.918974572168	0.0	0	620.6648463222082	1483.9189745727926	1	0	1	3.3054857420337895
377254.10663626576	6000.0	1229.812338306397	0.0	0	0.0	1483.9189745727926	1	0	1	3.6520593323137622
378200.0	6000.0	1283.9189745721415	0.0	0	289.96441730560036	1483.9189745727344	1	0	1	4.345206512873713
7.19	5.15	4.1	5.58	7.25	7.18	9.63	6.49	6.44	5.97	4.01	5.07	7.55	5.56	6.17	4.49	5.55	6.88	7.18	8.17	6.75	7.77	5.66	5.56	7.04	7.34	5.4	7.7	7.58	5.77	7.44	7.3	10.2	7.61	4.02	4.1	6.12	6.12	6.49	7.43	7.4	6.35	6.24	7.39	8.27	6.56	6.38	6.8	4.43	6.95	5.44	6.27	5.36	5.79	8.02	7.69	6.42	4.6	5.35	4.24	6.6	4.07	6.15	5.21	7.6	5.41	5.1	7.04	10.4	10.5	4.56	5.75	6.58	5.7	4.87	5.88	3.46	2.86	6.04	8.38	7.77	6.06	5.55	5.05	4.31	7.39	6.01	5.55	5.1	6.23	3.71	7.19	5.58	6.19	4.48	6.14	4.1	5.09	8.18	5.37	6.02	5.33	5.92	6.9	4.83	4.7	6.55	5.95	5.35	5.63	4.04	4.85	7.21	8.66	7.04	5.65	5.75	4.84	5.36	8.23	8.44	4.88	7.25	9.05	9.68	6.36	8.09	8.24	5.83	6.59	5.24	5.18	5.95	6.32	7.07	6.75	6.97	4.03	6.1	6.08	5.48	2.33	4.54	5.77	5.2	7.61	11.1	7.94	7.63	9.81	7.19	5.15	4.1	5.58	7.25	7.18	9.63	6.49	6.44	5.97	4.01	5.07	7.55	5.56	6.17	4.49	5.55	6.88	7.18	8.17	6.75	7.77	5.66	5.56	7.04	7.34	5.4	7.7	7.58	5.77	7.44	7.3	10.2	7.61	4.02	4.1	6.12	6.12	6.49	7.43	7.4	6.35	6.24	7.39	8.27	6.56	6.38	6.8	4.43	6.95	5.44	6.27	5.36	5.79	8.02	7.69	6.42	4.6	5.35	4.24	6.6	4.07	6.15	5.21	7.6	5.41	5.1	7.04	10.4	10.5	4.56	5.75	6.58	5.7	4.87	5.88	3.46	2.86	6.04	8.38	7.77	6.06	5.55	5.05	4.31	7.39	6.01	5.55	5.1	6.23	3.71	7.19	5.58	6.19	4.48	6.14	4.1	5.09	8.18	5.37	6.02	5.33	5.92	6.9	4.83	4.7	6.55	5.95	5.35	5.63	4.04	4.85	7.21	8.66	7.04	5.65	5.75	4.84	5.36	8.23	8.44	4.88	7.25	9.05	9.68	6.36	8.09	8.24	5.83	6.59	5.24	5.18	5.95	6.32	7.07	6.75	6.97	4.03	6.1	6.08	5.48	2.33	4.54	5.77	5.2	7.61	11.1	7.94	7.63	9.81	7.19	5.15	4.1	5.58	7.25	7.18	9.63	6.49	6.44	5.97	4.01	5.07	7.55	5.56	6.17	4.49	5.55	6.88	7.18	8.17	6.75	7.77	5.66	5.56	7.04	7.34	5.4	7.7	7.58	5.77	7.44	7.3	10.2	7.61	4.02	4.1	6.12	6.12	6.49	7.43	7.4	6.35	6.24	7.39	8.27	6.56	6.38	6.8	4.43	6.95	5.44	6.27	5.36	5.79	8.02	7.69	6.42	4.6	5.35	4.24	6.6	4.07	6.15	5.21	7.6	5.41	5.1	7.04	10.4	10.5	4.56	5.75	6.58	5.7	4.87	5.88	3.46	2.86	6.04
1.0	2.0	3.0	4.0	5.0	6.0	7.0	8.0	9.0	10.0	11.0	12.0	13.0	14.0	15.0	16.0	17.0	18.0	19.0	20.0	21.0	22.0	23.0	24.0	25.0	26.0	27.0	28.0	29.0	30.0	31.0	32.0	33.0	34.0	35.0	36.0	37.0	38.0	39.0	40.0	41.0	42.0	43.0	44.0	45.0	46.0	47.0	48.0	49.0	50.0	51.0	52.0	53.0	54.0	55.0	56.0	57.0	58.0	59.0	60.0	61.0	62.0	63.0	64.0	65.0	66.0	67.0	68.0	69.0	70.0	71.0	72.0	73.0	74.0	75.0	76.0	77.0	78.0	79.0	80.0	81.0	82.0	83.0	84.0	85.0	86.0	87.0	88.0	89.0	90.0	91.0	92.0	93.0	94.0	95.0	96.0	97.0	98.0	99.0	100.0	101.0	102.0	103.0	104.0	105.0	106.0	107.0	108.0	109.0	110.0	111.0	112.0	113.0	114.0	115.0	116.0	117.0	118.0	119.0	120.0	121.0	122.0	123.0	124.0	125.0	126.0	127.0	128.0	129.0	130.0	131.0	132.0	133.0	134.0	135.0	136.0	137.0	138.0	139.0	140.0	141.0	142.0	143.0	144.0	145.0	146.0	147.0	148.0	149.0	149.0	150.0	151.0	152.0	153.0	154.0	155.0	156.0	157.0	158.0	159.0	160.0	161.0	162.0	163.0	164.0	165.0	166.0	167.0	168.0	169.0	170.0	171.0	172.0	173.0	174.0	175.0	176.0	177.0	178.0	179.0	180.0	181.0	182.0	183.0	184.0	185.0	186.0	187.0	188.0	189.0	190.0	191.0	192.0	193.0	194.0	195.0	196.0	197.0	198.0	199.0	200.0	201.0	202.0	203.0	204.0	205.0	206.0	207.0	208.0	209.0	210.0	211.0	212.0	213.0	214.0	215.0	216.0	217.0	218.0	219.0	220.0	221.0	222.0	223.0	224.0	225.0	226.0	227.0	228.0	229.0	230.0	231.0	232.0	233.0	234.0	235.0	236.0	237.0	238.0	239.0	240.0	241.0	242.0	243.0	244.0	245.0	246.0	247.0	248.0	249.0	250.0	251.0	252.0	253.0	254.0	255.0	256.0	257.0	258.0	259.0	260.0	261.0	262.0	263.0	264.0	265.0	266.0	267.0	268.0	269.0	270.0	271.0	272.0	273.0	274.0	275.0	276.0	277.0	278.0	279.0	280.0	281.0	282.0	283.0	284.0	285.0	286.0	287.0	288.0	289.0	290.0	291.0	292.0	293.0	294.0	295.0	296.0	297.0	298.0	298.0	299.0	300.0	301.0	302.0	303.0	304.0	305.0	306.0	307.0	308.0	309.0	310.0	311.0	312.0	313.0	314.0	315.0	316.0	317.0	318.0	319.0	320.0	321.0	322.0	323.0	324.0	325.0	326.0	327.0	328.0	329.0	330.0	331.0	332.0	333.0	334.0	335.0	336.0	337.0	338.0	339.0	340.0	341.0	342.0	343.0	344.0	345.0	346.0	347.0	348.0	349.0	350.0	351.0	352.0	353.0	354.0	355.0	356.0	357.0	358.0	359.0	360.0	361.0	362.0	363.0	364.0	365.0	366.0	367.0	368.0	369.0	370.0	371.0	372.0	373.0	374.0	375.0	376.0	377.0
2621.4519482714327
