2830.996175124113	300.0	2000.0	124.24249849632903	0	0.0	2830.996175124113	1	0	1	-1.026229662442924
5200.0	3000.0	531.0000000000001	0.0	0	153.27051890857183	731.0	1	0	2	0.6748295164798784
6200.0	1000.0	2630.9999999999995	0.0	0	677.1977691434586	2830.9999999999995	1	0	0	0.028246917820794193
10005.557952157958	6000.0	200.0	504.6488612488681	0	0.0	1205.5579521579584	1	0	2	-1.0294357031206927
10200.0	500.0	3025.0021569421638	0.0	0	60.606362178641575	3225.0021569421624	1	0	0	-2.440408003222684
13479.591840790214	6000.0	617.4511320729274	0.0	0	0.0	1097.0429728631425	1	0	2	1.2951680925798652
14200.0	1000.0	2969.0837887841194	0.0	0	458.3092311301025	3169.083788784119	1	0	0	-0.6992420126231387
17983.541031882563	6000.0	200.0	175.28304207881806	0	0.0	1183.5410318825634	1	0	2	0.9396451531778044
18200.0	500.0	3005.1869286943065	0.0	0	63.41819323566597	3205.1869286943074	1	0	0	-2.43835499121819
22113.7157849827	6000.0	200.0	272.63675889696896	0	0.0	1313.715784982709	1	0	2	-0.3491609277043562
22266.033712682292	500.0	1047.6820723004112	0.0	0	0.0	1313.715784982709	1	0	1	-2.0500397926372846
23349.370480774247	3000.0	964.3453042084576	0.0	0	0.0	1313.7157849827126	1	0	1	1.5307465917647427
24200.0	3000.0	1113.7157849827013	0.0	0	354.19133311369296	1313.7157849827126	1	0	1	3.322506060992798
25200.0	3000.0	1113.7157849826992	0.0	0	16.880688879646186	1313.7157849827126	1	0	1	3.322506060992798
26200.0	3000.0	1113.7157849826995	0.0	0	22.924211712594115	1313.7157849827126	1	0	1	3.322506060992798
27201.556936609788	3000.0	1112.1588483729126	0.0	0	0.0	1313.7157849827126	1	0	1	3.322506060992798
28388.73058755938	3000.0	924.9851974233186	0.0	0	0.0	1313.7157849827126	1	0	1	3.322506060992798
29863.883402653053	3000.0	449.8323823296473	0.0	0	0.0	1313.7157849827126	1	0	1	3.322506060992798
30200.0	1000.0	1113.715784982699	0.0	0	76.60404943225512	1313.7157849827126	1	0	1	0.5759753393225232
31200.0	3000.0	1113.7157849826963	0.0	0	322.8531471151473	1313.7157849827126	1	0	1	2.223893772324688
32200.0	3000.0	1113.7157849826954	0.0	0	336.6307478319977	1313.7157849827126	1	0	1	3.322506060992798
33200.0	3000.0	1113.7157849826942	0.0	0	212.40374892460386	1313.7157849827126	1	0	1	3.322506060992798
34243.78593990694	3000.0	1069.9298450757478	0.0	0	0.0	1313.7157849827126	1	0	1	3.322506060992798
35219.61324531836	3000.0	1094.1025396643322	0.0	0	0.0	1313.7157849827054	1	0	1	3.322506060992798
36200.0	3000.0	1113.7157849826963	0.0	0	12.904238885377708	1313.7157849827126	1	0	1	3.322506060992798
37252.65956543872	3000.0	1061.0562195439716	0.0	0	0.0	1313.7157849827126	1	0	1	3.322506060992798
38200.0	3000.0	1113.715784982699	0.0	0	100.58907355357951	1313.7157849827126	1	0	1	3.322506060992798
39200.0	3000.0	1113.7157849827022	0.0	0	40.370447159068135	1313.71578498272	1	0	1	3.322506060992797
40200.0	3000.0	1113.7157849827054	0.0	0	234.5139814055292	1313.71578498272	1	0	1	3.322506060992797
41200.0	3000.0	1113.7157849827154	0.0	0	288.6542719605641	1313.7157849827272	1	0	1	3.3225060609927963
42200.0	3000.0	1113.7157849827258	0.0	0	99.32970336686412	1313.7157849827272	1	0	1	3.322506060992796
43200.0	3000.0	1113.7157849827227	0.0	0	12.580557592169498	1313.71578498272	1	0	1	3.322506060992797
44200.0	3000.0	1113.7157849827272	0.0	0	56.18125119997421	1313.7157849827272	1	0	1	3.3225060609927968
45200.0	3000.0	1113.715784982725	0.0	0	5.467750168150815	1313.7157849827272	1	0	1	3.3225060609927963
46421.6992607781	3000.0	892.0165242046214	0.0	0	0.0	1313.71578498272	1	0	1	3.322506060992797
47200.0	2000.0	1113.7157849827202	0.0	0	165.79512508402695	1313.7157849827272	1	0	1	2.308843290722385
48200.0	3000.0	1113.7157849827238	0.0	0	108.71963226945081	1313.7157849827272	1	0	1	2.9170409528846317
49200.0	3000.0	1113.7157849827204	0.0	0	136.05419860350958	1313.7157849827272	1	0	1	3.3225060609927963
50200.0	3000.0	1113.7157849827167	0.0	0	249.50191490263387	1313.7157849827272	1	0	1	3.3225060609927963
51200.0	3000.0	1113.7157849827195	0.0	0	302.12853634673957	1313.71578498272	1	0	1	3.322506060992797
52200.0	3000.0	1113.7157849827208	0.0	0	116.69565516724833	1313.71578498272	1	0	1	3.322506060992797
53200.0	3000.0	1113.7157849827113	0.0	0	40.52168267848174	1313.71578498272	1	0	1	3.322506060992797
54200.0	3000.0	1113.715784982709	0.0	0	299.2353672932222	1313.71578498272	1	0	1	3.322506060992797
55212.81341090785	3000.0	1100.9023740748485	0.0	0	0.0	1313.71578498272	1	0	1	3.322506060992797
56314.33348793468	3000.0	999.3822970480315	0.0	0	0.0	1313.71578498272	1	0	1	3.322506060992797
57569.63807230715	3000.0	744.0777126755661	0.0	0	0.0	1313.71578498272	1	0	1	3.322506060992797
58200.0	2000.0	1113.715784982712	0.0	0	113.47539788859285	1313.71578498272	1	0	1	2.3088432907223853
59216.26520234909	3000.0	1097.4505826336217	0.0	0	0.0	1313.71578498272	1	0	1	2.9170409528846326
60299.71464793952	3000.0	1014.0011370431807	0.0	0	0.0	1313.71578498272	1	0	1	3.322506060992797
61200.0	3000.0	1113.7157849826967	0.0	0	260.18007888944703	1313.7157849827126	1	0	1	3.322506060992798
62200.0	3000.0	1113.7157849826874	0.0	0	184.57728764873173	1313.7157849827126	1	0	1	3.322506060992798
63200.0	3000.0	1113.7157849826935	0.0	0	198.03674779465655	1313.7157849827126	1	0	1	3.322506060992798
64231.29195203878	3000.0	1082.4238329439142	0.0	0	0.0	1313.7157849827126	1	0	1	3.322506060992798
65200.0	2000.0	1113.7157849826988	0.0	0	221.9483170106687	1313.7157849827126	1	0	1	2.3088432907223866
66200.0	2000.0	1113.7157849826986	0.0	0	507.50896954767086	1313.7157849827126	1	0	1	2.7143083988305508
67200.0	2000.0	1113.7157849826929	0.0	0	442.646215374858	1313.7157849827054	1	0	1	2.7143083988305516
68200.0	3000.0	1113.7157849827104	0.0	0	270.51733424066333	1313.71578498272	1	0	1	2.9170409528846326
69361.04905045473	3000.0	952.6667345279772	0.0	0	0.0	1313.7157849827345	1	0	1	3.322506060992796
70200.0	2000.0	1113.7157849826892	0.0	0	182.67528507761017	1313.7157849827345	1	0	1	2.3088432907223844
71200.0	3000.0	1113.7157849826792	0.0	0	468.8415705881198	1313.7157849827345	1	0	1	2.9170409528846313
72200.0	3000.0	1113.7157849826742	0.0	0	136.6241659091902	1313.7157849827345	1	0	1	3.322506060992796
73250.13649770581	3000.0	1063.5792872768639	0.0	0	0.0	1313.7157849827345	1	0	1	3.322506060992796
74200.0	3000.0	1113.715784982678	0.0	0	295.73618005808385	1313.7157849827345	1	0	1	3.322506060992796
75200.0	3000.0	1113.7157849826744	0.0	0	136.85891007140162	1313.7157849827345	1	0	1	3.322506060992796
76470.7059569498	3000.0	843.009828032873	0.0	0	0.0	1313.71578498272	1	0	1	3.322506060992797
77350.75442096323	2000.0	962.9613640194596	0.0	0	0.0	1313.71578498272	1	0	1	2.3088432907223853
78200.0	2000.0	1113.7157849826988	0.0	0	168.91124079943984	1313.71578498272	1	0	1	2.71430839883055
79200.0	3000.0	1113.7157849826883	0.0	0	198.89371081876743	1313.71578498272	1	0	1	2.9170409528846326
80539.42976373958	3000.0	774.2860212431153	0.0	0	0.0	1313.7157849827054	1	0	1	3.3225060609927985
81316.6908820884	2000.0	997.024902894294	0.0	0	0.0	1313.7157849827054	1	0	1	2.308843290722387
82200.0	3000.0	1113.7157849827067	0.0	0	208.80367765303527	1313.71578498272	1	0	1	2.9170409528846326
83421.75982961085	3000.0	891.9559553718481	0.0	0	0.0	1313.71578498272	1	0	1	3.322506060992797
84200.0	2000.0	1113.7157849826835	0.0	0	7.062755222897977	1313.71578498272	1	0	1	2.3088432907223853
85200.0	3000.0	1113.7157849826758	0.0	0	477.824997740041	1313.71578498272	1	0	1	2.9170409528846326
86388.36603627127	3000.0	925.3497487114169	0.0	0	0.0	1313.7157849827345	1	0	1	3.322506060992796
87200.0	2000.0	1113.7157849826642	0.0	0	218.90639914023632	1313.7157849827345	1	0	1	2.3088432907223844
88200.0	3000.0	1113.7157849826624	0.0	0	260.0150352908677	1313.7157849827345	1	0	1	2.9170409528846313
89200.0	3000.0	1113.7157849826658	0.0	0	347.1744332471135	1313.7157849827345	1	0	1	3.322506060992796
90200.0	3000.0	1113.715784982652	0.0	0	349.1890263118112	1313.7157849827345	1	0	1	3.322506060992796
91200.0	3000.0	1113.7157849826565	0.0	0	144.94119731760293	1313.7157849827345	1	0	1	3.322506060992796
92200.0	3000.0	1113.7157849826526	0.0	0	421.8477237622865	1313.71578498272	1	0	1	3.322506060992797
93200.0	3000.0	1113.715784982659	0.0	0	144.6227834628662	1313.71578498272	1	0	1	3.322506060992797
94368.02974245905	3000.0	945.6860425236067	0.0	0	0.0	1313.71578498272	1	0	1	3.322506060992797
95200.0	3000.0	1113.7157849826579	0.0	0	109.39580960126477	1313.71578498272	1	0	1	3.322506060992797
96200.0	3000.0	1113.7157849826513	0.0	0	418.96239543380216	1313.71578498272	1	0	1	3.322506060992797
97200.0	3000.0	1113.7157849826476	0.0	0	281.71047726715915	1313.7157849827054	1	0	1	3.3225060609927985
98200.0	3000.0	1113.715784982649	0.0	0	125.93573844963976	1313.7157849827054	1	0	1	3.3225060609927985
99200.0	3000.0	1113.7157849826451	0.0	0	478.51767548482167	1313.7157849827054	1	0	1	3.3225060609927985
100200.0	3000.0	1113.7157849826524	0.0	0	273.3884146250348	1313.7157849827054	1	0	1	3.3225060609927985
101200.0	3000.0	1113.7157849826565	0.0	0	447.5365814058896	1313.7157849827054	1	0	1	3.3225060609927985
102200.0	3000.0	1113.7157849826517	0.0	0	293.076341861728	1313.7157849826908	1	0	1	3.3225060609928003
103200.0	3000.0	1113.7157849826606	0.0	0	174.56375998759177	1313.7157849826908	1	0	1	3.3225060609928003
104200.0	3000.0	1113.7157849826642	0.0	0	97.01629560510628	1313.7157849826908	1	0	1	3.3225060609928003
105200.0	3000.0	1113.7157849826572	0.0	0	270.0784978532756	1313.7157849826908	1	0	1	3.3225060609928003
106200.0	3000.0	1113.7157849826604	0.0	0	25.77429382907576	1313.7157849826908	1	0	1	3.3225060609928003
107200.0	3000.0	1113.7157849826826	0.0	0	250.22721960247145	1313.7157849827054	1	0	1	3.3225060609927985
108200.0	3000.0	1113.7157849826785	0.0	0	237.46976558066672	1313.7157849826908	1	0	1	3.3225060609928003
109200.0	3000.0	1113.7157849826726	0.0	0	181.0486755848833	1313.7157849827054	1	0	1	3.3225060609927985
110200.0	3000.0	1113.7157849826835	0.0	0	6.106745435114135	1313.7157849827054	1	0	1	3.3225060609927985
111200.0	3000.0	1113.715784982684	0.0	0	72.43613904819358	1313.7157849827054	1	0	1	3.3225060609927985
112324.02291023817	3000.0	989.692874744511	0.0	0	0.0	1313.7157849827054	1	0	1	3.3225060609927985
113200.0	3000.0	1113.715784982668	0.0	0	141.46608108347573	1313.7157849826908	1	0	1	3.3225060609928003
114200.0	3000.0	1113.715784982665	0.0	0	355.9138249401876	1313.7157849826908	1	0	1	3.3225060609928003
115200.0	3000.0	1113.7157849826713	0.0	0	244.0390497626504	1313.7157849826908	1	0	1	3.3225060609928003
116253.00641719942	3000.0	1060.7093677832545	0.0	0	0.0	1313.7157849826763	1	0	1	3.3225060609928017
117223.79492664488	3000.0	1089.920858337785	0.0	0	0.0	1313.7157849826763	1	0	1	3.3225060609928017
118200.0	3000.0	1113.7157849826692	0.0	0	172.16717277097632	1313.7157849826908	1	0	1	3.3225060609928003
119341.09695199692	3000.0	972.618832985747	0.0	0	0.0	1313.7157849826908	1	0	1	3.3225060609928003
120200.0	3000.0	1113.7157849826713	0.0	0	18.03385919702123	1313.7157849827054	1	0	1	3.3225060609927985
121200.0	3000.0	1113.715784982667	0.0	0	59.36614086799091	1313.7157849826908	1	0	1	3.3225060609928003
122200.0	3000.0	1113.7157849826751	0.0	0	298.7110597776773	1313.7157849826908	1	0	1	3.3225060609928003
123200.0	3000.0	1113.715784982672	0.0	0	237.19046929270553	1313.7157849826908	1	0	1	3.3225060609928003
124200.0	3000.0	1113.7157849826688	0.0	0	83.56169966960442	1313.7157849826908	1	0	1	3.3225060609928003
125200.0	3000.0	1113.7157849826845	0.0	0	186.52274295744428	1313.7157849826908	1	0	1	3.3225060609928003
126200.0	3000.0	1113.7157849826895	0.0	0	127.07198835535382	1313.7157849826908	1	0	1	3.3225060609928003
127200.0	3000.0	1113.7157849826892	0.0	0	214.67431832273724	1313.7157849827054	1	0	1	3.3225060609927985
128200.0	3000.0	1113.7157849826965	0.0	0	78.51744293270167	1313.71578498272	1	0	1	3.322506060992797
129200.0	3000.0	1113.7157849827017	0.0	0	478.85633772207075	1313.71578498272	1	0	1	3.322506060992797
130200.0	3000.0	1113.7157849827086	0.0	0	157.36317618617613	1313.71578498272	1	0	1	3.322506060992797
131200.0	3000.0	1113.7157849827158	0.0	0	200.14170612109592	1313.71578498272	1	0	1	3.322506060992797
132200.0	3000.0	1113.715784982724	0.0	0	268.58779254741967	1313.7157849827345	1	0	1	3.3225060609927977
133200.0	3000.0	1113.7157849827156	0.0	0	138.39115172284073	1313.71578498272	1	0	1	3.322506060992797
134200.0	3000.0	1113.7157849827083	0.0	0	424.9403453603736	1313.715784982749	1	0	1	3.322506060992794
135200.0	3000.0	1113.715784982723	0.0	0	203.6336746851157	1313.715784982749	1	0	1	3.322506060992794
136200.0	3000.0	1113.715784982738	0.0	0	469.9489427760709	1313.7157849827781	1	0	1	3.3225060609927914
137200.0	3000.0	1113.7157849827317	0.0	0	263.594714233157	1313.7157849827781	1	0	1	3.3225060609927914
138200.0	3000.0	1113.715784982729	0.0	0	401.5300131156109	1313.7157849827781	1	0	1	3.3225060609927914
139200.0	3000.0	1113.7157849827481	0.0	0	237.9670211370685	1313.7157849827781	1	0	1	3.3225060609927914
140200.0	3000.0	1113.7157849827372	0.0	0	451.3020959450805	1313.715784982749	1	0	1	3.322506060992794
141200.0	3000.0	1113.715784982737	0.0	0	288.5693115298636	1313.715784982749	1	0	1	3.322506060992794
142200.0	3000.0	1113.7157849827543	0.0	0	367.9219413890387	1313.715784982749	1	0	1	3.322506060992794
143200.0	3000.0	1113.7157849827734	0.0	0	487.86426314982236	1313.7157849827781	1	0	1	3.3225060609927914
144200.0	3000.0	1113.715784982736	0.0	0	125.21072359831305	1313.7157849827781	1	0	1	3.3225060609927914
145200.0	3000.0	1113.7157849827495	0.0	0	168.17179270190536	1313.7157849827781	1	0	1	3.3225060609927914
146338.6470197427	3000.0	975.0687652400741	0.0	0	0.0	1313.7157849827781	1	0	1	3.3225060609927914
147200.0	3000.0	1113.7157849827524	0.0	0	179.07693351132912	1313.7157849827781	1	0	1	3.3225060609927914
148253.35825919127	3000.0	1060.3575257914813	0.0	0	0.0	1313.7157849827781	1	0	1	3.3225060609927914
149380.36793777687	3000.0	933.3478472058734	0.0	0	0.0	1313.7157849827781	1	0	1	3.3225060609927914
150200.0	2000.0	1113.7157849827372	0.0	0	330.1218859051005	1313.7157849827781	1	0	1	2.30884329072238
151200.0	3000.0	1113.7157849827577	0.0	0	141.4524756462779	1313.7157849827781	1	0	1	2.917040952884627
152200.0	3000.0	1113.7157849827586	0.0	0	132.70947372048977	1313.7157849827781	1	0	1	3.3225060609927914
153200.0	3000.0	1113.715784982755	0.0	0	239.33268559153657	1313.7157849827781	1	0	1	3.3225060609927914
154521.26987776865	3000.0	792.4459072140784	0.0	0	0.0	1313.7157849827781	1	0	1	3.3225060609927914
155286.57764665212	2000.0	1027.1381383306261	0.0	0	0.0	1313.7157849828072	1	0	1	2.3088432907223773
156200.0	2000.0	1113.7157849827247	0.0	0	356.60773697684635	1313.7157849828072	1	0	1	2.714308398830542
157200.0	3000.0	1113.7157849827315	0.0	0	229.35990248835878	1313.7157849828072	1	0	1	2.917040952884624
158200.0	3000.0	1113.7157849827117	0.0	0	124.45511238006293	1313.7157849828072	1	0	1	3.322506060992789
159200.0	3000.0	1113.7157849826708	0.0	0	59.79171755097923	1313.7157849827781	1	0	1	3.3225060609927914
160200.0	3000.0	1113.7157849826738	0.0	0	393.0095018526481	1313.7157849827781	1	0	1	3.3225060609927914
161200.0	3000.0	1113.7157849826572	0.0	0	436.03429344223696	1313.7157849827781	1	0	1	3.3225060609927914
162421.6325085648	3000.0	892.0832764178444	0.0	0	0.0	1313.7157849827781	1	0	1	3.3225060609927914
163200.0	2000.0	1113.7157849826315	0.0	0	168.8672155388922	1313.715784982749	1	0	1	2.308843290722381
164200.0	3000.0	1113.7157849826501	0.0	0	459.3385326610587	1313.7157849827781	1	0	1	2.917040952884629
165200.0	3000.0	1113.7157849826324	0.0	0	318.88842108959216	1313.7157849827781	1	0	1	3.3225060609927914
166200.0	3000.0	1113.7157849826417	0.0	0	373.677941861999	1313.7157849827781	1	0	1	3.3225060609927914
167228.9290131406	3000.0	1084.7867718420453	0.0	0	0.0	1313.715784982749	1	0	1	3.322506060992794
168200.0	3000.0	1113.7157849826217	0.0	0	322.8472135917691	1313.715784982749	1	0	1	3.322506060992794
169376.26726851807	3000.0	937.4485164645657	0.0	0	0.0	1313.715784982749	1	0	1	3.322506060992794
170312.94293924342	3000.0	1000.7728457391963	0.0	0	0.0	1313.715784982749	1	0	1	3.322506060992794
171200.0	3000.0	1113.715784982585	0.0	0	233.53517403791193	1313.715784982749	1	0	1	3.322506060992794
172200.0	3000.0	1113.715784982613	0.0	0	109.1929360125796	1313.715784982749	1	0	1	3.322506060992794
173200.0	3000.0	1113.715784982642	0.0	0	288.6481399356853	1313.7157849827781	1	0	1	3.3225060609927914
174200.0	3000.0	1113.715784982644	0.0	0	175.5650608629221	1313.7157849827781	1	0	1	3.3225060609927914
175200.0	3000.0	1113.715784982668	0.0	0	150.34394568990683	1313.7157849827781	1	0	1	3.3225060609927914
176200.0	3000.0	1113.715784982676	0.0	0	59.640595387580106	1313.7157849827781	1	0	1	3.3225060609927914
177200.0	3000.0	1113.71578498268	0.0	0	322.9831861931598	1313.7157849827781	1	0	1	3.3225060609927914
178711.17517096995	3000.0	602.5406140127675	0.0	0	0.0	1313.7157849827781	1	0	1	3.3225060609927914
179200.0	1000.0	1113.715784982724	0.0	0	131.8467368351412	1313.7157849828072	1	0	1	0.5759753393225138
180200.0	3000.0	1113.7157849827129	0.0	0	145.09340250634705	1313.7157849828072	1	0	1	2.2238937723246788
181200.0	3000.0	1113.7157849827338	0.0	0	351.32541347591905	1313.7157849828072	1	0	1	3.322506060992789
182200.0	3000.0	1113.7157849827008	0.0	0	83.56207615314634	1313.7157849827781	1	0	1	3.3225060609927914
183200.0	3000.0	1113.7157849826867	0.0	0	93.06165411701659	1313.7157849827781	1	0	1	3.3225060609927914
184200.0	3000.0	1113.715784982665	0.0	0	343.8652756091906	1313.7157849828072	1	0	1	3.322506060992789
185200.0	3000.0	1113.715784982684	0.0	0	248.6268226589891	1313.7157849828363	1	0	1	3.3225060609927852
186290.9771426549	3000.0	1022.7386423278097	0.0	0	0.0	1313.7157849828654	1	0	1	3.3225060609927834
187200.0	3000.0	1113.7157849827342	0.0	0	154.8613489746931	1313.7157849828654	1	0	1	3.3225060609927826
188200.0	3000.0	1113.7157849827668	0.0	0	196.7078741225705	1313.7157849828945	1	0	1	3.32250606099278
189244.17776470588	3000.0	1069.5380202768952	0.0	0	0.0	1313.7157849829237	1	0	1	3.322506060992777
190200.0	3000.0	1113.7157849827797	0.0	0	243.47263426688733	1313.7157849829237	1	0	1	3.322506060992777
191304.88983874416	3000.0	1008.8259462386304	0.0	0	0.0	1313.7157849829237	1	0	1	3.322506060992777
192476.3719104075	3000.0	837.3438745752806	0.0	0	0.0	1313.7157849829237	1	0	1	3.322506060992777
193200.0	2000.0	1113.7157849827609	0.0	0	59.22081054747105	1313.7157849829237	1	0	1	2.3088432907223653
194494.03750797868	3000.0	819.6782770041018	0.0	0	0.0	1313.7157849829237	1	0	1	2.917040952884612
195200.0	2000.0	1113.715784982797	0.0	0	112.7078991906601	1313.7157849829528	1	0	1	2.308843290722362
196200.0	2000.0	1113.7157849827963	0.0	0	393.4672445655742	1313.7157849829528	1	0	1	2.7143083988305268
197200.0	3000.0	1113.715784982809	0.0	0	128.9423151712108	1313.7157849829528	1	0	1	2.917040952884609
198200.0	3000.0	1113.7157849828259	0.0	0	353.92467344662873	1313.7157849829528	1	0	1	3.3225060609927737
199200.0	3000.0	1113.7157849828452	0.0	0	306.22416926032747	1313.7157849829528	1	0	1	3.3225060609927737
200200.0	3000.0	1113.7157849828236	0.0	0	411.2479760183196	1313.7157849829528	1	0	1	3.3225060609927737
201200.0	3000.0	1113.715784982847	0.0	0	313.7538795080618	1313.7157849829528	1	0	1	3.3225060609927737
202200.0	3000.0	1113.7157849828632	0.0	0	241.493904974428	1313.7157849829528	1	0	1	3.3225060609927737
203225.68760889614	3000.0	1088.0281760867297	0.0	0	0.0	1313.7157849829528	1	0	1	3.3225060609927737
204200.0	3000.0	1113.7157849828664	0.0	0	283.0065613198385	1313.7157849829528	1	0	1	3.3225060609927737
205200.0	3000.0	1113.715784982881	0.0	0	141.2628854366485	1313.7157849829528	1	0	1	3.3225060609927737
206200.0	3000.0	1113.7157849828375	0.0	0	198.53851175797172	1313.7157849829237	1	0	1	3.322506060992777
207200.0	3000.0	1113.7157849828104	0.0	0	103.34567301443894	1313.7157849829237	1	0	1	3.322506060992777
208200.0	3000.0	1113.7157849827977	0.0	0	309.4463611204119	1313.7157849829528	1	0	1	3.3225060609927737
209200.0	3000.0	1113.7157849828234	0.0	0	253.58819512129412	1313.7157849829237	1	0	1	3.322506060992777
210244.8422035772	3000.0	1068.8735814056577	0.0	0	0.0	1313.7157849829237	1	0	1	3.322506060992777
211300.13430681714	3000.0	1013.5814781657111	0.0	0	0.0	1313.7157849829528	1	0	1	3.322506060992775
212418.492008209	3000.0	895.2237767738734	0.0	0	0.0	1313.7157849829528	1	0	1	3.3225060609927737
213256.00639616887	2000.0	1057.709388814013	0.0	0	0.0	1313.7157849829528	1	0	1	2.308843290722362
214200.0	2000.0	1113.7157849828595	0.0	0	98.4142111238034	1313.7157849829237	1	0	1	2.7143083988305277
215200.0	2000.0	1113.7157849828886	0.0	0	555.8251653230109	1313.7157849829237	1	0	1	2.71430839883053
216200.0	2000.0	1113.7157849829075	0.0	0	494.0862638364779	1313.7157849829237	1	0	1	2.71430839883053
217200.0	3000.0	1113.715784982891	0.0	0	279.60654480039375	1313.7157849829237	1	0	1	2.917040952884612
218200.0	3000.0	1113.7157849828736	0.0	0	8.565754524082877	1313.7157849829237	1	0	1	3.322506060992777
219200.0	3000.0	1113.7157849828914	0.0	0	146.37366629915778	1313.7157849829237	1	0	1	3.322506060992777
220200.0	3000.0	1113.715784982893	0.0	0	448.07920362232835	1313.7157849829237	1	0	1	3.322506060992777
221200.0	3000.0	1113.7157849828907	0.0	0	270.5766718692321	1313.7157849828945	1	0	1	3.32250606099278
222251.9269038721	3000.0	1061.788881110778	0.0	0	0.0	1313.7157849829237	1	0	1	3.3225060609927777
223200.0	3000.0	1113.715784982896	0.0	0	332.7933925029065	1313.7157849828945	1	0	1	3.32250606099278
224200.0	3000.0	1113.7157849829018	0.0	0	316.73815540832584	1313.7157849828945	1	0	1	3.32250606099278
225357.20857555035	3000.0	956.5072094325196	0.0	0	0.0	1313.7157849828654	1	0	1	3.3225060609927817
226200.0	2000.0	1113.715784982901	0.0	0	152.0324902779248	1313.7157849828654	1	0	1	2.308843290722371
227200.0	2000.0	1113.715784982891	0.0	0	295.0998088886845	1313.7157849828654	1	0	1	2.7143083988305357
228200.0	3000.0	1113.71578498288	0.0	0	339.16760526332655	1313.7157849828654	1	0	1	2.917040952884618
229200.0	3000.0	1113.7157849828513	0.0	0	100.40144215791952	1313.7157849828363	1	0	1	3.3225060609927834
230200.0	2000.0	1113.7157849828718	0.0	0	469.810915271024	1313.7157849828072	1	0	1	2.3088432907223773
231200.0	3000.0	1113.715784982869	0.0	0	54.10009636182804	1313.7157849827781	1	0	1	2.917040952884627
232518.47935943396	3000.0	795.2364255489049	0.0	0	0.0	1313.7157849827781	1	0	1	3.3225060609927914
233250.29166154287	2000.0	1063.4241234400101	0.0	0	0.0	1313.7157849827781	1	0	1	2.30884329072238
234200.0	2000.0	1113.7157849828545	0.0	0	350.551123370853	1313.7157849827781	1	0	1	2.7143083988305445
235200.0	3000.0	1113.7157849828332	0.0	0	291.40337268824806	1313.7157849827781	1	0	1	2.917040952884627
236200.0	3000.0	1113.7157849828068	0.0	0	81.6509867235145	1313.7157849827781	1	0	1	3.3225060609927914
237200.0	3000.0	1113.7157849827875	0.0	0	391.10433670220664	1313.7157849828072	1	0	1	3.322506060992789
238200.0	3000.0	1113.7157849827656	0.0	0	321.9823639802635	1313.7157849828072	1	0	1	3.322506060992789
239206.52520206044	3000.0	1107.190582922302	0.0	0	0.0	1313.7157849828072	1	0	1	3.322506060992789
240229.4876193236	3000.0	1084.2281656591267	0.0	0	0.0	1313.7157849828072	1	0	1	3.322506060992789
241200.0	3000.0	1113.7157849827086	0.0	0	213.84617915158742	1313.7157849828072	1	0	1	3.322506060992789
242200.0	3000.0	1113.7157849827138	0.0	0	225.1307257107983	1313.7157849828072	1	0	1	3.322506060992789
243200.0	3000.0	1113.715784982703	0.0	0	94.43379990939866	1313.7157849828072	1	0	1	3.322506060992789
244200.0	3000.0	1113.7157849827108	0.0	0	52.00764841985074	1313.7157849828072	1	0	1	3.322506060992787
245200.0	3000.0	1113.7157849827006	0.0	0	400.9715784850123	1313.7157849828072	1	0	1	3.322506060992789
246200.0	3000.0	1113.715784982705	0.0	0	273.0434233431588	1313.7157849828363	1	0	1	3.3225060609927852
247200.0	3000.0	1113.7157849826965	0.0	0	375.25783433768083	1313.7157849828363	1	0	1	3.3225060609927852
248200.0	3000.0	1113.7157849827258	0.0	0	354.3687670234067	1313.7157849828363	1	0	1	3.3225060609927852
249200.0	3000.0	1113.7157849827286	0.0	0	331.0425028053578	1313.7157849828363	1	0	1	3.3225060609927852
250200.0	3000.0	1113.7157849827433	0.0	0	384.38458576545236	1313.7157849828363	1	0	1	3.3225060609927852
251200.0	3000.0	1113.7157849827458	0.0	0	262.55902571065235	1313.7157849828363	1	0	1	3.3225060609927852
252327.34340241118	3000.0	986.3723825715542	0.0	0	0.0	1313.7157849828363	1	0	1	3.3225060609927852
253200.0	3000.0	1113.7157849827374	0.0	0	291.3380959867791	1313.7157849828363	1	0	1	3.3225060609927852
254200.0	3000.0	1113.7157849827547	0.0	0	292.5380139753688	1313.7157849828363	1	0	1	3.3225060609927852
255200.0	3000.0	1113.715784982765	0.0	0	146.1458154298016	1313.7157849828072	1	0	1	3.322506060992789
256200.0	3000.0	1113.7157849827804	0.0	0	233.23146940718289	1313.7157849828072	1	0	1	3.322506060992789
257200.0	3000.0	1113.7157849827372	0.0	0	165.45533717685612	1313.7157849828072	1	0	1	3.322506060992789
258200.0	3000.0	1113.715784982725	0.0	0	70.69348072516732	1313.7157849828072	1	0	1	3.322506060992789
259200.0	3000.0	1113.715784982714	0.0	0	297.39306505402783	1313.7157849828072	1	0	1	3.322506060992789
260200.0	3000.0	1113.7157849827208	0.0	0	305.58335843574605	1313.7157849828072	1	0	1	3.322506060992789
261242.16032888865	3000.0	1071.5554560940805	0.0	0	0.0	1313.7157849828072	1	0	1	3.322506060992789
262200.0	3000.0	1113.7157849827367	0.0	0	150.9409696557268	1313.7157849828072	1	0	1	3.322506060992789
263200.0	3000.0	1113.7157849827267	0.0	0	185.13680707442109	1313.7157849828072	1	0	1	3.3225060609927892
264200.0	3000.0	1113.7157849827001	0.0	0	276.4901915502851	1313.7157849827781	1	0	1	3.3225060609927914
265200.0	3000.0	1113.715784982722	0.0	0	38.16151836980134	1313.71578498272	1	0	1	3.322506060992797
266200.0	3000.0	1113.715784982676	0.0	0	340.6459835086134	1313.7157849827781	1	0	1	3.3225060609927914
267200.0	3000.0	1113.7157849826644	0.0	0	163.73101579758804	1313.7157849827781	1	0	1	3.3225060609927914
268220.5262408856	3000.0	1093.1895440970666	0.0	0	0.0	1313.7157849827781	1	0	1	3.3225060609927914
269200.0	3000.0	1113.715784982642	0.0	0	313.9439039247809	1313.7157849827781	1	0	1	3.3225060609927914
270200.0	3000.0	1113.71578498268	0.0	0	175.10410024988232	1313.7157849827781	1	0	1	3.3225060609927914
271200.0	3000.0	1113.7157849826244	0.0	0	284.85142466484103	1313.7157849827781	1	0	1	3.3225060609927914
272200.0	3000.0	1113.7157849825746	0.0	0	260.1368367006653	1313.7157849827781	1	0	1	3.3225060609927914
273200.0	3000.0	1113.715784982524	0.0	0	100.02504782110918	1313.7157849827781	1	0	1	3.3225060609927914
274200.0	3000.0	1113.7157849825423	0.0	0	332.9765325401095	1313.7157849828363	1	0	1	3.3225060609927852
275200.0	3000.0	1113.7157849825371	0.0	0	187.99941797897918	1313.7157849828363	1	0	1	3.3225060609927852
276200.0	3000.0	1113.7157849825594	0.0	0	136.69101497496013	1313.7157849828363	1	0	1	3.3225060609927852
277233.88114450086	3000.0	1079.834640481743	0.0	0	0.0	1313.7157849828363	1	0	1	3.3225060609927852
278200.0	3000.0	1113.7157849825614	0.0	0	338.4363580828067	1313.7157849828363	1	0	1	3.3225060609927852
279200.0	3000.0	1113.7157849825899	0.0	0	165.2554412460304	1313.7157849828363	1	0	1	3.3225060609927852
280200.0	3000.0	1113.7157849825335	0.0	0	218.7861993284896	1313.7157849828363	1	0	1	3.3225060609927852
281200.0	3000.0	1113.7157849825564	0.0	0	87.06395721214358	1313.7157849828945	1	0	1	3.3225060609927834
282200.0	3000.0	1113.7157849825735	0.0	0	203.62574772402877	1313.7157849828363	1	0	1	3.3225060609927852
283200.0	3000.0	1113.7157849825894	0.0	0	110.27465947996825	1313.7157849828363	1	0	1	3.3225060609927852
284200.0	3000.0	1113.7157849825637	0.0	0	482.93952430953505	1313.7157849828363	1	0	1	3.3225060609927852
285200.0	3000.0	1113.715784982623	0.0	0	460.74076824623626	1313.7157849828363	1	0	1	3.3225060609927852
286292.6668439722	3000.0	1021.048941010445	0.0	0	0.0	1313.7157849828363	1	0	1	3.3225060609927852
287200.0	3000.0	1113.7157849827395	0.0	0	235.90424140891992	1313.7157849828363	1	0	1	3.3225060609927852
288200.0	3000.0	1113.715784982691	0.0	0	252.32696734979982	1313.7157849828363	1	0	1	3.3225060609927852
289200.0	3000.0	1113.7157849826958	0.0	0	539.2763859555707	1313.7157849827781	1	0	1	3.3225060609927914
290200.0	3000.0	1113.7157849826983	0.0	0	236.68399699160364	1313.7157849827781	1	0	1	3.3225060609927914
291200.0	3000.0	1113.7157849827004	0.0	0	96.93069968547206	1313.7157849827781	1	0	1	3.3225060609927914
292200.0	3000.0	1113.715784982762	0.0	0	110.48265144164907	1313.7157849827781	1	0	1	3.3225060609927914
293200.0	3000.0	1113.7157849827372	0.0	0	308.1261804541573	1313.71578498272	1	0	1	3.322506060992797
294200.0	3000.0	1113.7157849827208	0.0	0	210.42828872951213	1313.71578498272	1	0	1	3.322506060992797
295200.0	3000.0	1113.715784982728	0.0	0	105.70127993653296	1313.7157849826617	1	0	1	3.3225060609927994
296200.0	3000.0	1113.7157849826679	0.0	0	204.83323048980674	1313.71578498272	1	0	1	3.322506060992797
297200.0	3000.0	1113.715784982658	0.0	0	48.75924978905823	1313.71578498272	1	0	1	3.322506060992797
298200.0	3000.0	1113.7157849826428	0.0	0	113.65865527227288	1313.71578498272	1	0	1	3.3225060609927937
299337.041808868	3000.0	976.6739761146551	0.0	0	0.0	1313.7157849827781	1	0	1	3.3225060609927914
300200.0	3000.0	1113.715784982658	0.0	0	120.41448291327106	1313.7157849827781	1	0	1	3.3225060609927914
301200.0	3000.0	1113.715784982637	0.0	0	156.26836543832906	1313.7157849827781	1	0	1	3.3225060609927914
302200.0	3000.0	1113.7157849826285	0.0	0	267.0576319313841	1313.7157849827781	1	0	1	3.3225060609927914
303220.79662563914	3000.0	1092.9191593434784	0.0	0	0.0	1313.7157849827781	1	0	1	3.3225060609927914
304200.0	3000.0	1113.7157849825758	0.0	0	124.7569620195427	1313.7157849827781	1	0	1	3.3225060609927914
305220.79162765207	3000.0	1092.9241573305362	0.0	0	0.0	1313.7157849827781	1	0	1	3.3225060609927914
306200.0	3000.0	1113.7157849826056	0.0	0	279.0182018034393	1313.71578498272	1	0	1	3.322506060992797
307403.7980688694	3000.0	909.9177161132352	0.0	0	0.0	1313.7157849827781	1	0	1	3.3225060609927914
308200.0	2000.0	1113.7157849826167	0.0	0	153.90524408913916	1313.7157849827781	1	0	1	2.30884329072238
309200.0	3000.0	1113.7157849827	0.0	0	93.63036496844143	1313.7157849827781	1	0	1	2.917040952884627
310200.0	3000.0	1113.7157849827765	0.0	0	15.809989168599714	1313.7157849827781	1	0	1	3.3225060609927914
3.86	2.51	5.04	3.3	4.49	3.53	4.03	2.71	3.98	4.75	3.05	5.24	4.08	4.15	4.2	3.7	2.1	2.84	4.25	3.88	3.53	3.06	3.89	3.61	3.66	4.02	4.17	3.29	4.14	3.09	3.64	3.2	3.08	2.76	4.67	3.3	3.79	3.82	4.43	3.57	3.21	3.78	3.8	3.5	3.27	3.03	4.33	3.45	3.98	2.99	3.43	2.8	2.79	4.47	3.24	4.53	2.76	3.68	5.98	5.15	2.53	4.25	3.93	3.0	2.39	3.68	5.37	2.78	3.35	3.44	3.16	2.7	4.73	3.23	3.45	5.15	5.02	4.47	3.09	4.31	3.59	2.83	4.32	4.83	3.94	3.75	4.65	4.34	5.95	4.44	3.3	4.05	4.26	4.47	3.96	4.6	3.36	3.98	3.63	3.36	3.94	4.01	3.74	3.65	3.97	4.05	2.83	3.86	2.97	3.65	3.73	3.89	4.87	4.17	4.53	3.42	5.04	4.63	4.55	3.32	3.1	4.24	4.68	5.07	3.32	4.01	4.81	5.47	5.2	4.32	4.71	4.63	3.36	3.76	3.63	4.18	3.32	3.54	3.46	3.52	3.89	2.5	3.21	3.1	5.24	2.97	3.43	4.15	4.18	3.9	3.86	2.51	5.04	3.3	4.49	3.53	4.03	2.71	3.98	4.75	3.05	5.24	4.08	4.15	4.2	3.7	2.1	2.84	4.25	3.88	3.53	3.06	3.89	3.61	3.66	4.02	4.17	3.29	4.14	3.09	3.64	3.2	3.08	2.76	4.67	3.3	3.79	3.82	4.43	3.57	3.21	3.78	3.8	3.5	3.27	3.03	4.33	3.45	3.98	2.99	3.43	2.8	2.79	4.47	3.24	4.53	2.76	3.68	5.98	5.15	2.53	4.25	3.93	3.0	2.39	3.68	5.37	2.78	3.35	3.44	3.16	2.7	4.73	3.23	3.45	5.15	5.02	4.47	3.09	4.31	3.59	2.83	4.32	4.83	3.94	3.75	4.65	4.34	5.95	4.44	3.3	4.05	4.26	4.47	3.96	4.6	3.36	3.98	3.63	3.36	3.94	4.01	3.74	3.65	3.97	4.05	2.83	3.86	2.97	3.65	3.73	3.89	4.87	4.17	4.53	3.42	5.04	4.63	4.55	3.32	3.1	4.24	4.68	5.07	3.32	4.01	4.81	5.47	5.2	4.32	4.71	4.63	3.36	3.76	3.63	4.18	3.32	3.54	3.46	3.52	3.89	2.5	3.21	3.1	5.24	2.97	3.43	4.15	4.18	3.9	3.86	2.51	5.04	3.3	4.49	3.53	4.03	2.71	3.98	4.75	3.05
1.0	2.0	3.0	4.0	5.0	6.0	7.0	8.0	9.0	10.0	11.0	12.0	13.0	14.0	15.0	16.0	17.0	18.0	19.0	20.0	21.0	22.0	23.0	24.0	25.0	26.0	27.0	28.0	29.0	30.0	31.0	32.0	33.0	34.0	35.0	36.0	37.0	38.0	39.0	40.0	41.0	42.0	43.0	44.0	45.0	46.0	47.0	48.0	49.0	50.0	51.0	52.0	53.0	54.0	55.0	56.0	57.0	58.0	59.0	60.0	61.0	62.0	63.0	64.0	65.0	66.0	67.0	68.0	69.0	70.0	71.0	72.0	73.0	74.0	75.0	76.0	77.0	78.0	79.0	80.0	81.0	82.0	83.0	84.0	85.0	86.0	87.0	88.0	89.0	90.0	91.0	92.0	93.0	94.0	95.0	96.0	97.0	98.0	99.0	100.0	101.0	102.0	103.0	104.0	105.0	106.0	107.0	108.0	109.0	110.0	111.0	112.0	113.0	114.0	115.0	116.0	117.0	118.0	119.0	120.0	121.0	122.0	123.0	124.0	125.0	126.0	127.0	128.0	129.0	130.0	131.0	132.0	133.0	134.0	135.0	136.0	137.0	138.0	139.0	140.0	141.0	142.0	143.0	144.0	145.0	146.0	147.0	148.0	149.0	149.0	150.0	151.0	152.0	153.0	154.0	155.0	156.0	157.0	158.0	159.0	160.0	161.0	162.0	163.0	164.0	165.0	166.0	167.0	168.0	169.0	170.0	171.0	172.0	173.0	174.0	175.0	176.0	177.0	178.0	179.0	180.0	181.0	182.0	183.0	184.0	185.0	186.0	187.0	188.0	189.0	190.0	191.0	192.0	193.0	194.0	195.0	196.0	197.0	198.0	199.0	200.0	201.0	202.0	203.0	204.0	205.0	206.0	207.0	208.0	209.0	210.0	211.0	212.0	213.0	214.0	215.0	216.0	217.0	218.0	219.0	220.0	221.0	222.0	223.0	224.0	225.0	226.0	227.0	228.0	229.0	230.0	231.0	232.0	233.0	234.0	235.0	236.0	237.0	238.0	239.0	240.0	241.0	242.0	243.0	244.0	245.0	246.0	247.0	248.0	249.0	250.0	251.0	252.0	253.0	254.0	255.0	256.0	257.0	258.0	259.0	260.0	261.0	262.0	263.0	264.0	265.0	266.0	267.0	268.0	269.0	270.0	271.0	272.0	273.0	274.0	275.0	276.0	277.0	278.0	279.0	280.0	281.0	282.0	283.0	284.0	285.0	286.0	287.0	288.0	289.0	290.0	291.0	292.0	293.0	294.0	295.0	296.0	297.0	298.0	298.0	299.0	300.0	301.0	302.0	303.0	304.0	305.0	306.0	307.0	308.0	309.0
2595.9709768711787
