2588.3773054373182	300.0	2000.0	117.0635667964694	0	0.0	2588.3773054373182	1	0	1	-0.9588791818766329
5200.0	3000.0	419.95639431557083	119.59672210506432	0	16.398622575760783	619.9563943155717	1	0	2	-0.03095181107070044
6200.0	1000.0	2519.956394315571	0.0	0	750.510055714125	2719.9563943155717	1	0	0	0.0393512783892373
9540.090603487224	6000.0	234.71991203046636	171.69380140985822	0	0.0	774.8105155176909	1	0	2	0.990719152980585
10200.0	500.0	2640.8014551689675	0.0	0	518.5138940661272	2840.8014551689675	1	0	0	-2.3992751179915754
13736.8944403007	6000.0	200.0	227.07493560163977	0	0.0	936.894440300699	1	0	2	-0.04723471659239609
14200.0	500.0	2783.2049962706305	0.0	0	281.5827926636284	2983.2049962706296	1	0	0	-2.4145455861627223
17609.231896745314	6000.0	323.2902405532725	82.03666427498842	0	0.0	932.522137298587	1	0	2	0.8201662324235385
18200.0	1000.0	2791.5989476240557	0.0	0	388.52884459980123	2991.5989476240593	1	0	0	-0.6818956534371657
21546.75403782289	6000.0	310.1695060188748	0.0	0	0.0	856.9235438417709	1	0	2	2.0122369855067985
22200.0	1000.0	2722.248140059475	0.0	0	401.10291497283106	2922.2481400594806	1	0	0	-0.6748165830634947
25852.654355357274	6000.0	200.0	268.7924098486641	0	0.0	1052.6543553572737	1	0	2	0.3856980666039522
26200.0	500.0	2887.3889198215475	0.0	0	156.60735447819752	3087.3889198215475	1	0	0	-2.4256836818088376
29533.43205732625	6000.0	420.6136567626761	0.0	0	0.0	954.045714088923	1	0	2	1.3104053948003465
30200.0	1000.0	2820.7025083563	0.0	0	448.25177957089545	3020.7025083562985	1	0	0	-0.6845209932222189
33878.64021604682	6000.0	225.51125821412128	228.46635228120616	0	0.0	1104.1514742609434	1	0	2	0.6172250411540524
34200.0	500.0	2936.28745265626	0.0	0	153.95562392136344	3136.2874526562628	1	0	0	-2.4307018262038453
37996.482185211236	6000.0	200.0	218.03904643282044	0	0.0	1196.4821852112364	1	0	2	-0.007885172141137264
38200.0	500.0	3016.833966690116	0.0	0	10.159229019816848	3216.8339666901156	1	0	0	-2.4398578386228973
42269.80985368045	6000.0	200.0	418.14261123488774	0	0.0	1469.8098536804464	1	0	2	-1.2320384248851899
42461.77241031216	500.0	1008.0374433682981	0.0	0	0.0	1469.8098536804464	1	0	1	-2.0656491995070585
43397.44632882027	3000.0	1072.3635248601913	0.0	0	0.0	1469.8098536804391	1	0	1	1.5151371848949702
44521.54591008166	3000.0	948.2639435988062	0.0	0	0.0	1469.8098536804391	1	0	1	3.3068966541230256
45200.0	2000.0	1269.8098536804578	0.0	0	118.8371794613413	1469.8098536804391	1	0	1	2.293233883852614
46200.0	3000.0	1269.8098536804612	0.0	0	467.12217545437306	1469.8098536804391	1	0	1	2.901431546014861
47200.0	3000.0	1269.8098536804673	0.0	0	86.25308870746812	1469.8098536804391	1	0	1	3.3068966541230256
48365.005246805915	3000.0	1104.8046068745548	0.0	0	0.0	1469.8098536804391	1	0	1	3.3068966541230256
49529.949204563774	3000.0	939.8606491166897	0.0	0	0.0	1469.8098536804391	1	0	1	3.3068966541230256
50200.0	2000.0	1269.8098536804696	0.0	0	99.5214730232401	1469.8098536804464	1	0	1	2.2932338838526127
51200.0	3000.0	1269.8098536804678	0.0	0	347.8889559585441	1469.8098536804464	1	0	1	2.9014315460148596
52200.0	3000.0	1269.809853680476	0.0	0	393.80859303181205	1469.8098536804464	1	0	1	3.3068966541230242
53200.0	3000.0	1269.8098536804875	0.0	0	185.16624499530735	1469.8098536804464	1	0	1	3.3068966541230242
54200.0	3000.0	1269.8098536804923	0.0	0	489.83083278444974	1469.8098536804464	1	0	1	3.3068966541230242
55203.61731135222	3000.0	1266.1925423282694	0.0	0	186.9434952023148	1469.8098536804391	1	0	1	3.3068966541230256
56695.7554315971	3000.0	774.0544220833863	0.0	0	0.0	1469.8098536804391	1	0	1	3.3068966541230256
57428.411171115586	2000.0	1041.3986825649054	0.0	0	0.0	1469.8098536804391	1	0	1	2.293233883852614
58200.0	2000.0	1269.8098536804928	0.0	0	94.1104627980094	1469.8098536804391	1	0	1	2.6986989919607787
59200.0	3000.0	1269.8098536805	0.0	0	241.98536173408502	1469.8098536804391	1	0	1	2.901431546014861
60200.0	2000.0	1269.8098536804953	0.0	0	360.9227620636593	1469.8098536804391	1	0	1	2.293233883852614
61200.0	2000.0	1269.8098536804864	0.0	0	435.5144515988868	1469.8098536804318	1	0	1	2.698698991960779
62200.0	3000.0	1269.8098536804846	0.0	0	7.45323385487427	1469.8098536804318	1	0	1	2.9014315460148614
63200.0	3000.0	1269.8098536804873	0.0	0	34.13629728520755	1469.8098536804318	1	0	1	3.306896654123026
64200.0	3000.0	1269.8098536804987	0.0	0	96.21559066480404	1469.8098536804391	1	0	1	3.3068966541230256
65200.0	3000.0	1269.809853680507	0.0	0	446.7162158344581	1469.8098536804464	1	0	1	3.3068966541230242
66200.0	3000.0	1269.8098536805	0.0	0	71.83810136944521	1469.8098536804391	1	0	1	3.3068966541230256
67200.0	3000.0	1269.8098536805103	0.0	0	46.56528122301097	1469.8098536804464	1	0	1	3.3068966541230242
68200.0	3000.0	1269.8098536805	0.0	0	25.252099982404616	1469.8098536804318	1	0	1	3.306896654123026
69491.40840007341	3000.0	978.4014536070695	0.0	0	0.0	1469.8098536804173	1	0	1	3.306896654123027
70401.53457591601	3000.0	1068.275277764465	0.0	0	0.0	1469.8098536804173	1	0	1	3.306896654123027
71265.30372046804	3000.0	1204.5061332124296	0.0	0	0.0	1469.8098536804173	1	0	1	3.306896654123027
72200.0	3000.0	1269.8098536804623	0.0	0	234.0564160858048	1469.8098536804173	1	0	1	3.306896654123027
73200.0	3000.0	1269.8098536804623	0.0	0	351.34326846315525	1469.8098536804173	1	0	1	3.306896654123027
74200.0	3000.0	1269.8098536804641	0.0	0	72.08717827888904	1469.8098536804173	1	0	1	3.306896654123028
75200.0	3000.0	1269.8098536804828	0.0	0	377.68798667617375	1469.8098536804173	1	0	1	3.306896654123027
76200.0	3000.0	1269.8098536804807	0.0	0	130.4728942237416	1469.8098536804173	1	0	1	3.306896654123027
77200.0	3000.0	1269.8098536804905	0.0	0	307.83170098297705	1469.8098536804173	1	0	1	3.306896654123027
78200.0	3000.0	1269.8098536804946	0.0	0	220.00246581486135	1469.8098536804173	1	0	1	3.306896654123027
79200.0	3000.0	1269.8098536804714	0.0	0	144.22736798520782	1469.8098536804173	1	0	1	3.306896654123027
80200.0	3000.0	1269.8098536804744	0.0	0	336.34231398084376	1469.8098536804173	1	0	1	3.306896654123027
81200.0	3000.0	1269.8098536804723	0.0	0	283.60959623975214	1469.8098536804173	1	0	1	3.306896654123027
82322.78471694389	3000.0	1147.025136736585	0.0	0	0.0	1469.8098536804173	1	0	1	3.306896654123027
83278.31685084327	3000.0	1191.4930028371996	0.0	0	0.0	1469.8098536804173	1	0	1	3.306896654123027
84200.0	3000.0	1269.8098536804835	0.0	0	52.611390153702814	1469.8098536804173	1	0	1	3.306896654123027
85200.0	3000.0	1269.809853680492	0.0	0	268.2035087032855	1469.8098536804173	1	0	1	3.306896654123027
86200.0	3000.0	1269.8098536805012	0.0	0	93.52804145298433	1469.8098536804173	1	0	1	3.306896654123027
87200.0	3000.0	1269.8098536805094	0.0	0	265.9807796969835	1469.8098536804318	1	0	1	3.306896654123026
88200.0	3000.0	1269.8098536805082	0.0	0	392.0740514195495	1469.8098536804173	1	0	1	3.306896654123027
89200.0	3000.0	1269.8098536804982	0.0	0	318.29952212386706	1469.8098536804173	1	0	1	3.306896654123027
90350.87883927481	3000.0	1118.9310144057013	0.0	0	0.0	1469.8098536804318	1	0	1	3.306896654123026
91200.0	2000.0	1269.8098536805198	0.0	0	63.33549065317493	1469.8098536804318	1	0	1	2.2932338838526145
92200.0	3000.0	1269.8098536805105	0.0	0	24.54723669102532	1469.8098536804318	1	0	1	2.9014315460148614
93200.0	3000.0	1269.8098536805123	0.0	0	118.37262783641927	1469.8098536804318	1	0	1	3.306896654123026
94200.0	2000.0	1269.809853680522	0.0	0	396.92522558255587	1469.8098536804318	1	0	1	2.2932338838526145
95200.0	2000.0	1269.8098536805296	0.0	0	488.23390696830756	1469.8098536804318	1	0	1	2.698698991960779
96245.6742833521	3000.0	1224.1355703284223	0.0	0	0.0	1469.8098536804318	1	0	1	2.9014315460148614
97200.0	3000.0	1269.809853680511	0.0	0	480.3526208293915	1469.8098536804173	1	0	1	3.306896654123027
98200.0	3000.0	1269.8098536805178	0.0	0	42.21227798478503	1469.8098536804173	1	0	1	3.306896654123027
99280.34852254581	3000.0	1189.4613311347007	0.0	0	0.0	1469.8098536804173	1	0	1	3.306896654123027
100775.71935974462	3000.0	694.0904939359066	0.0	0	0.0	1469.8098536804318	1	0	1	3.306896654123026
101461.91823162031	2000.0	1007.8916220602321	0.0	0	0.0	1469.8098536804318	1	0	1	2.2932338838526145
102254.62994685046	3000.0	1215.179906830076	0.0	0	0.0	1469.8098536804318	1	0	1	2.9014315460148614
103221.52228372089	3000.0	1248.2875699596357	0.0	0	0.0	1469.8098536804318	1	0	1	3.306896654123026
104200.0	3000.0	1269.8098536805264	0.0	0	347.66494464178686	1469.8098536804318	1	0	1	3.306896654123026
105200.0	3000.0	1269.80985368052	0.0	0	140.20657729080995	1469.8098536804318	1	0	1	3.306896654123026
106391.94563982499	3000.0	1077.864213855517	0.0	0	0.0	1469.8098536804173	1	0	1	3.306896654123027
107293.60259310955	3000.0	1176.2072605709589	0.0	0	0.0	1469.8098536804173	1	0	1	3.306896654123027
108200.0	3000.0	1269.8098536805205	0.0	0	15.100649761618115	1469.8098536804173	1	0	1	3.306896654123027
109200.0	3000.0	1269.8098536805273	0.0	0	47.20232296008908	1469.8098536804173	1	0	1	3.306896654123027
110200.0	3000.0	1269.8098536805255	0.0	0	6.3337770624348195	1469.8098536804027	1	0	1	3.3068966541230287
111200.0	3000.0	1269.809853680528	0.0	0	1.2262476584292017	1469.8098536804027	1	0	1	3.3068966541230287
112200.0	3000.0	1269.8098536805314	0.0	0	449.4332655384933	1469.8098536804027	1	0	1	3.3068966541230287
113200.0	3000.0	1269.8098536805314	0.0	0	424.3394385260617	1469.8098536804027	1	0	1	3.3068966541230287
114200.0	3000.0	1269.8098536805253	0.0	0	147.29289796912053	1469.8098536804027	1	0	1	3.3068966541230287
115200.0	3000.0	1269.809853680535	0.0	0	127.60148208706232	1469.8098536804173	1	0	1	3.306896654123027
116585.99239289889	3000.0	883.8174607816354	0.0	0	0.0	1469.8098536804027	1	0	1	3.3068966541230287
117457.12402950176	2000.0	1012.6858241787477	0.0	0	0.0	1469.8098536804027	1	0	1	2.293233883852617
118200.0	2000.0	1269.8098536804994	0.0	0	166.03215145564172	1469.8098536804027	1	0	1	2.698698991960782
119200.0	3000.0	1269.8098536805196	0.0	0	399.2536390323803	1469.8098536803882	1	0	1	2.901431546014866
120200.0	3000.0	1269.8098536805305	0.0	0	309.17850907100365	1469.8098536804027	1	0	1	3.3068966541230287
121278.63034404456	3000.0	1191.1795096359747	0.0	0	0.0	1469.8098536804027	1	0	1	3.3068966541230287
122200.0	3000.0	1269.809853680556	0.0	0	297.9114205508522	1469.8098536804173	1	0	1	3.306896654123027
123200.0	3000.0	1269.8098536805549	0.0	0	281.02498243573064	1469.8098536804173	1	0	1	3.306896654123027
124200.0	3000.0	1269.8098536805378	0.0	0	82.4228475428099	1469.8098536804173	1	0	1	3.306896654123027
125345.03042460351	3000.0	1124.779429077023	0.0	0	0.0	1469.8098536804173	1	0	1	3.306896654123027
126391.93160818	3000.0	1077.8782455005298	0.0	0	0.0	1469.8098536804173	1	0	1	3.306896654123027
127200.0	3000.0	1269.8098536805353	0.0	0	74.72335793082311	1469.8098536804173	1	0	1	3.306896654123027
128200.0	3000.0	1269.8098536805398	0.0	0	177.71004181794706	1469.8098536804318	1	0	1	3.306896654123026
129200.0	3000.0	1269.8098536805264	0.0	0	505.93256552632374	1469.8098536804318	1	0	1	3.306896654123026
130200.0	3000.0	1269.8098536805205	0.0	0	332.75363316385483	1469.8098536804318	1	0	1	3.306896654123026
131200.0	3000.0	1269.8098536805217	0.0	0	502.66913980740355	1469.8098536804318	1	0	1	3.306896654123026
132200.0	3000.0	1269.8098536805287	0.0	0	160.460405724647	1469.8098536804464	1	0	1	3.3068966541230256
133200.0	3000.0	1269.809853680542	0.0	0	41.39180365751963	1469.809853680461	1	0	1	3.3068966541230234
134314.6073679409	3000.0	1155.2024857396555	0.0	0	0.0	1469.809853680461	1	0	1	3.3068966541230234
135200.0	3000.0	1269.809853680545	0.0	0	37.020969069504645	1469.809853680461	1	0	1	3.306896654123025
136200.0	3000.0	1269.809853680533	0.0	0	78.71524470730219	1469.809853680461	1	0	1	3.3068966541230234
137200.0	3000.0	1269.8098536805508	0.0	0	301.9004238783673	1469.809853680461	1	0	1	3.3068966541230234
138200.0	3000.0	1269.8098536805444	0.0	0	324.8665256650711	1469.80985368049	1	0	1	3.30689665412302
139200.0	3000.0	1269.809853680525	0.0	0	57.985185322351754	1469.809853680461	1	0	1	3.3068966541230216
140200.0	3000.0	1269.8098536805064	0.0	0	354.1243329202407	1469.809853680461	1	0	1	3.3068966541230234
141200.0	3000.0	1269.8098536804926	0.0	0	171.67854855948826	1469.8098536804318	1	0	1	3.306896654123026
142447.85394654734	3000.0	1021.9559071331432	0.0	0	0.0	1469.8098536804318	1	0	1	3.306896654123026
143441.22970644836	3000.0	1028.5801472321414	0.0	0	0.0	1469.8098536804318	1	0	1	3.306896654123026
144391.1831182312	3000.0	1078.626735449293	0.0	0	0.0	1469.8098536804318	1	0	1	3.306896654123025
145595.64096817857	3000.0	874.168885501869	0.0	0	0.0	1469.8098536804318	1	0	1	3.306896654123026
146235.4613890732	2000.0	1234.348464607263	0.0	0	0.0	1469.809853680461	1	0	1	2.2932338838526127
147200.0	2000.0	1269.8098536804887	0.0	0	163.52522576684714	1469.809853680461	1	0	1	2.698698991960776
148200.0	2000.0	1269.8098536804973	0.0	0	487.38082288290025	1469.809853680461	1	0	1	2.698698991960776
149200.0	2000.0	1269.809853680514	0.0	0	6.705329803167842	1469.80985368049	1	0	1	2.698698991960773
150200.0	2000.0	1269.8098536805026	0.0	0	347.4740209756419	1469.80985368049	1	0	1	2.698698991960773
151200.0	2000.0	1269.8098536805242	0.0	0	282.8590882788121	1469.8098536805192	1	0	1	2.6986989919607702
152200.0	2000.0	1269.809853680499	0.0	0	252.92634493124206	1469.8098536805192	1	0	1	2.6986989919607702
153200.0	2000.0	1269.8098536805005	0.0	0	321.04213745184825	1469.8098536805192	1	0	1	2.6986989919607702
154200.0	2000.0	1269.8098536805355	0.0	0	354.263184514537	1469.8098536805192	1	0	1	2.6986989919607702
155200.0	2000.0	1269.8098536805267	0.0	0	178.81222070139484	1469.8098536805192	1	0	1	2.6986989919607702
156200.0	3000.0	1269.8098536805458	0.0	0	298.651293732255	1469.8098536805192	1	0	1	2.9014315460148525
157200.0	3000.0	1269.809853680541	0.0	0	342.41851528847474	1469.8098536805192	1	0	1	3.306896654123017
158222.12607410576	3000.0	1247.6837795747747	0.0	0	0.0	1469.8098536805192	1	0	1	3.306896654123017
159200.0	3000.0	1269.8098536805005	0.0	0	119.52299795224098	1469.8098536805192	1	0	1	3.306896654123017
160200.0	3000.0	1269.8098536805246	0.0	0	211.69833883826504	1469.8098536805483	1	0	1	3.3068966541230145
161200.0	3000.0	1269.809853680495	0.0	0	29.535845746082487	1469.8098536805483	1	0	1	3.3068966541230145
162274.5111105399	3000.0	1195.2987431405932	0.0	0	0.0	1469.8098536805483	1	0	1	3.3068966541230145
163408.66832201436	3000.0	1061.1415316661428	0.0	0	0.0	1469.8098536805483	1	0	1	3.3068966541230145
164384.7661529674	3000.0	1085.0437007130395	0.0	0	0.0	1469.8098536805192	1	0	1	3.306896654123017
165200.0	3000.0	1269.8098536804553	0.0	0	59.2222704118758	1469.8098536805192	1	0	1	3.306896654123017
166200.0	3000.0	1269.8098536804268	0.0	0	80.06125432497356	1469.80985368049	1	0	1	3.30689665412302
167200.0	3000.0	1269.8098536804569	0.0	0	217.247310394363	1469.80985368049	1	0	1	3.30689665412302
168200.0	3000.0	1269.809853680452	0.0	0	26.24291195324622	1469.80985368049	1	0	1	3.30689665412302
169200.0	3000.0	1269.8098536804357	0.0	0	272.08256040129345	1469.80985368049	1	0	1	3.30689665412302
170200.0	3000.0	1269.8098536804046	0.0	0	178.0696606017882	1469.809853680461	1	0	1	3.3068966541230234
171200.0	3000.0	1269.8098536804127	0.0	0	232.03444336898974	1469.809853680461	1	0	1	3.3068966541230234
172300.76261576195	3000.0	1169.047237918445	0.0	0	0.0	1469.809853680461	1	0	1	3.3068966541230234
173200.0	3000.0	1269.8098536804296	0.0	0	9.972727885382483	1469.809853680461	1	0	1	3.3068966541230234
174200.0	3000.0	1269.8098536803864	0.0	0	80.44185954940622	1469.8098536804318	1	0	1	3.306896654123026
175200.0	3000.0	1269.8098536803916	0.0	0	251.8767506373697	1469.809853680461	1	0	1	3.3068966541230234
176200.0	3000.0	1269.8098536804264	0.0	0	390.56928323119064	1469.809853680461	1	0	1	3.3068966541230234
177200.0	3000.0	1269.8098536804255	0.0	0	266.6419082648936	1469.809853680461	1	0	1	3.3068966541230234
178200.0	3000.0	1269.8098536804148	0.0	0	131.48883287794888	1469.809853680461	1	0	1	3.3068966541230234
179200.0	3000.0	1269.8098536804564	0.0	0	234.94811463792576	1469.809853680461	1	0	1	3.3068966541230234
180200.0	3000.0	1269.8098536804573	0.0	0	281.00958774911123	1469.809853680461	1	0	1	3.3068966541230234
181200.0	3000.0	1269.80985368045	0.0	0	149.30630649533123	1469.809853680461	1	0	1	3.3068966541230234
182200.0	3000.0	1269.8098536804198	0.0	0	14.330465576553252	1469.809853680461	1	0	1	3.3068966541230234
183200.0	3000.0	1269.8098536804237	0.0	0	9.166508262977004	1469.809853680461	1	0	1	3.3068966541230216
184200.0	3000.0	1269.809853680428	0.0	0	45.4223842274223	1469.80985368049	1	0	1	3.3068966541230216
185200.0	3000.0	1269.8098536803948	0.0	0	476.04545276929275	1469.80985368049	1	0	1	3.30689665412302
186200.0	3000.0	1269.8098536803716	0.0	0	334.76678997743875	1469.80985368049	1	0	1	3.30689665412302
187200.0	3000.0	1269.8098536803927	0.0	0	502.4072967059328	1469.8098536805192	1	0	1	3.306896654123017
188200.0	3000.0	1269.8098536803939	0.0	0	500.1254548734869	1469.8098536805192	1	0	1	3.306896654123017
189219.42570912818	3000.0	1250.3841445522132	0.0	0	0.0	1469.8098536805483	1	0	1	3.3068966541230163
190355.81679107557	3000.0	1113.99306260483	0.0	0	0.0	1469.8098536805774	1	0	1	3.3068966541230127
191296.06462240577	3000.0	1173.7452312746532	0.0	0	0.0	1469.8098536805774	1	0	1	3.306896654123012
192256.92905017355	3000.0	1212.880803506852	0.0	0	0.0	1469.8098536805483	1	0	1	3.3068966541230145
193200.0	3000.0	1269.809853680421	0.0	0	322.49387160671176	1469.8098536805483	1	0	1	3.3068966541230145
194223.5994437843	3000.0	1246.2104098960947	0.0	0	0.0	1469.8098536805192	1	0	1	3.306896654123017
195200.0	3000.0	1269.809853680418	0.0	0	484.0777668621158	1469.80985368049	1	0	1	3.30689665412302
196326.1641411284	3000.0	1143.645712552052	0.0	0	0.0	1469.809853680461	1	0	1	3.3068966541230216
197305.94396869428	3000.0	1163.865884986158	0.0	0	0.0	1469.809853680461	1	0	1	3.3068966541230234
198213.6399827846	3000.0	1256.1698708958563	0.0	0	0.0	1469.8098536804318	1	0	1	3.306896654123025
199200.0	3000.0	1269.8098536804382	0.0	0	35.264258077048	1469.8098536804027	1	0	1	3.3068966541230287
200200.0	3000.0	1269.8098536804223	0.0	0	130.75952145372867	1469.8098536804027	1	0	1	3.3068966541230287
201200.0	3000.0	1269.8098536804548	0.0	0	261.3860013395315	1469.8098536804318	1	0	1	3.306896654123026
202200.0	3000.0	1269.809853680458	0.0	0	409.4349282121111	1469.8098536804318	1	0	1	3.306896654123026
203200.0	3000.0	1269.8098536804407	0.0	0	291.2327913050831	1469.8098536804027	1	0	1	3.3068966541230287
204202.27217572086	3000.0	1267.537677959554	0.0	0	167.92972322038258	1469.8098536804027	1	0	1	3.3068966541230287
205609.83271969992	3000.0	859.9771339804839	0.0	0	0.0	1469.8098536804027	1	0	1	3.3068966541230287
206534.7942214229	2000.0	935.0156322575032	0.0	0	0.0	1469.8098536804318	1	0	1	2.2932338838526145
207200.0	2000.0	1269.80985368041	0.0	0	83.30981380253797	1469.8098536804318	1	0	1	2.698698991960779
208297.85338852354	3000.0	1171.9564651568862	0.0	0	0.0	1469.809853680461	1	0	1	2.9014315460148588
209200.0	2000.0	1269.8098536804234	0.0	0	250.2384430054808	1469.809853680461	1	0	1	2.2932338838526114
210200.0	2000.0	1269.8098536804232	0.0	0	563.3037832935515	1469.809853680461	1	0	1	2.698698991960776
211310.0420714441	3000.0	1159.7677822363341	0.0	0	0.0	1469.809853680461	1	0	1	2.9014315460148588
212200.0	3000.0	1269.809853680421	0.0	0	48.042439704120625	1469.809853680461	1	0	1	3.3068966541230234
213200.0	3000.0	1269.8098536804282	0.0	0	52.711155352997594	1469.80985368049	1	0	1	3.30689665412302
214200.0	3000.0	1269.8098536804252	0.0	0	113.2498553871119	1469.80985368049	1	0	1	3.30689665412302
215200.0	3000.0	1269.8098536804177	0.0	0	285.8773726600921	1469.809853680461	1	0	1	3.3068966541230234
216200.0	3000.0	1269.8098536804207	0.0	0	297.81389287434286	1469.809853680461	1	0	1	3.3068966541230234
217200.0	3000.0	1269.8098536804107	0.0	0	326.75805870321346	1469.809853680461	1	0	1	3.3068966541230234
218333.2674028271	3000.0	1136.54245085333	0.0	0	0.0	1469.80985368049	1	0	1	3.3068966541230216
219562.05093013725	3000.0	907.7589235431927	0.0	0	0.0	1469.80985368049	1	0	1	3.30689665412302
220200.0	2000.0	1269.809853680439	0.0	0	219.31472576234955	1469.80985368049	1	0	1	2.2932338838526083
221200.0	3000.0	1269.8098536804384	0.0	0	277.55446940180263	1469.80985368049	1	0	1	2.901431546014855
222287.00490125365	3000.0	1182.804952426777	0.0	0	0.0	1469.809853680461	1	0	1	3.3068966541230234
223265.1141232349	3000.0	1204.6957304455432	0.0	0	0.0	1469.809853680461	1	0	1	3.3068966541230242
224200.0	3000.0	1269.8098536804396	0.0	0	235.84577990535763	1469.809853680461	1	0	1	3.3068966541230234
225250.0150414675	3000.0	1219.7948122129376	0.0	0	0.0	1469.809853680461	1	0	1	3.3068966541230234
226200.0	3000.0	1269.809853680405	0.0	0	99.57647804691806	1469.8098536804318	1	0	1	3.3068966541230242
227200.0	3000.0	1269.8098536803961	0.0	0	406.7919855590735	1469.809853680461	1	0	1	3.3068966541230234
228200.0	3000.0	1269.8098536803861	0.0	0	38.11563291688799	1469.8098536804318	1	0	1	3.306896654123026
229200.0	3000.0	1269.8098536803998	0.0	0	145.98986004167818	1469.8098536804318	1	0	1	3.306896654123026
230200.0	3000.0	1269.8098536803732	0.0	0	65.56809365691151	1469.8098536804318	1	0	1	3.306896654123026
231206.50111311104	3000.0	1263.308740569354	0.0	0	0.0	1469.8098536804318	1	0	1	3.306896654123026
232316.99457223923	3000.0	1152.8152814411633	0.0	0	0.0	1469.8098536804027	1	0	1	3.3068966541230287
233200.0	3000.0	1269.8098536803968	0.0	0	80.74210992240114	1469.8098536803736	1	0	1	3.3068966541230314
234200.0	3000.0	1269.809853680364	0.0	0	279.8891727158916	1469.8098536803736	1	0	1	3.3068966541230314
235218.37081664766	3000.0	1251.4390370327114	0.0	0	0.0	1469.8098536803736	1	0	1	3.3068966541230314
236200.0	3000.0	1269.8098536803386	0.0	0	63.87064353833557	1469.8098536803445	1	0	1	3.306896654123033
237200.0	3000.0	1269.8098536803564	0.0	0	10.985333807999268	1469.8098536803736	1	0	1	3.3068966541230314
238200.0	3000.0	1269.8098536803325	0.0	0	282.337811452162	1469.8098536803736	1	0	1	3.3068966541230314
239440.37483913792	3000.0	1029.4350145423973	0.0	0	0.0	1469.8098536803736	1	0	1	3.3068966541230314
240200.0	2000.0	1269.8098536803354	0.0	0	50.466402367543196	1469.8098536803736	1	0	1	2.29323388385262
241661.8970161962	3000.0	807.9128374841414	0.0	0	0.0	1469.8098536804027	1	0	1	2.901431546014864
242201.96502666894	2000.0	1267.8448270113765	0.0	0	0.0	1469.8098536803736	1	0	1	2.29323388385262
243200.0	2000.0	1269.8098536803325	0.0	0	409.3926832341822	1469.8098536803736	1	0	1	2.6986989919607844
244200.0	3000.0	1269.809853680304	0.0	0	305.9208269492956	1469.8098536803445	1	0	1	2.9014315460148703
245200.0	3000.0	1269.8098536803245	0.0	0	95.14162821305217	1469.8098536803154	1	0	1	3.3068966541230376
246200.0	3000.0	1269.8098536803154	0.0	0	324.1134295796801	1469.8098536803154	1	0	1	3.3068966541230376
247200.0	3000.0	1269.8098536803143	0.0	0	249.4769473009219	1469.8098536803154	1	0	1	3.3068966541230376
248448.36587548495	3000.0	1021.4439781953424	0.0	0	0.0	1469.8098536803154	1	0	1	3.3068966541230385
249586.1593671018	3000.0	883.6504865784796	0.0	0	0.0	1469.8098536802863	1	0	1	3.3068966541230402
250200.0	2000.0	1269.8098536802518	0.0	0	63.57434914747137	1469.8098536802863	1	0	1	2.2932338838526287
251200.0	3000.0	1269.809853680243	0.0	0	161.23498929385096	1469.8098536802572	1	0	1	2.9014315460148787
252330.6844616236	3000.0	1139.125392056672	0.0	0	0.0	1469.8098536802572	1	0	1	3.3068966541230433
253200.0	3000.0	1269.809853680252	0.0	0	91.8789237558085	1469.8098536802281	1	0	1	3.3068966541230465
254200.0	3000.0	1269.8098536802308	0.0	0	116.14192369789816	1469.8098536802281	1	0	1	3.3068966541230465
255200.0	3000.0	1269.8098536802604	0.0	0	274.19766352770966	1469.8098536802281	1	0	1	3.3068966541230465
256200.0	3000.0	1269.8098536802893	0.0	0	278.1454206473718	1469.8098536802281	1	0	1	3.3068966541230465
257200.0	3000.0	1269.8098536803036	0.0	0	455.1189287361922	1469.8098536802281	1	0	1	3.3068966541230465
258200.0	3000.0	1269.809853680312	0.0	0	201.42140512928017	1469.8098536802281	1	0	1	3.3068966541230465
259200.0	3000.0	1269.8098536802822	0.0	0	194.20080048794625	1469.8098536802281	1	0	1	3.3068966541230465
260200.0	3000.0	1269.8098536803006	0.0	0	152.88878523925086	1469.8098536802281	1	0	1	3.3068966541230465
261200.0	3000.0	1269.809853680344	0.0	0	244.9523808528029	1469.8098536802281	1	0	1	3.3068966541230465
262200.0	3000.0	1269.8098536803286	0.0	0	364.61265100038145	1469.8098536802281	1	0	1	3.3068966541230465
263200.0	3000.0	1269.8098536803757	0.0	0	40.3630745303235	1469.8098536802572	1	0	1	3.3068966541230447
264200.0	3000.0	1269.8098536803057	0.0	0	173.49377276946325	1469.8098536802572	1	0	1	3.3068966541230433
265200.0	3000.0	1269.809853680281	0.0	0	190.19630048744148	1469.8098536802572	1	0	1	3.3068966541230433
266200.0	3000.0	1269.8098536802886	0.0	0	148.2982473455486	1469.8098536802572	1	0	1	3.3068966541230433
267200.0	3000.0	1269.809853680261	0.0	0	106.23394130641827	1469.8098536802572	1	0	1	3.3068966541230433
268200.0	3000.0	1269.8098536802793	0.0	0	275.8193924454972	1469.8098536803154	1	0	1	3.3068966541230376
269200.0	3000.0	1269.8098536802702	0.0	0	396.4634162832517	1469.8098536803154	1	0	1	3.3068966541230376
270200.0	3000.0	1269.8098536803195	0.0	0	134.22095357940998	1469.8098536803154	1	0	1	3.3068966541230376
271200.0	3000.0	1269.80985368028	0.0	0	467.72316752548795	1469.8098536803154	1	0	1	3.3068966541230376
272200.0	3000.0	1269.809853680217	0.0	0	140.685327465937	1469.8098536802572	1	0	1	3.3068966541230433
273273.0249501931	3000.0	1196.7849034871797	0.0	0	0.0	1469.8098536802572	1	0	1	3.3068966541230433
274200.0	3000.0	1269.8098536802897	0.0	0	194.02093176846392	1469.8098536802572	1	0	1	3.3068966541230433
275261.21451360843	3000.0	1208.5953400718809	0.0	0	0.0	1469.809853680199	1	0	1	3.306896654123049
276200.0	3000.0	1269.8098536803373	0.0	0	153.75708776619285	1469.809853680199	1	0	1	3.306896654123049
277200.0	3000.0	1269.809853680363	0.0	0	163.85257658653427	1469.8098536801408	1	0	1	3.306896654123055
278200.0	3000.0	1269.8098536804005	0.0	0	382.1876906949328	1469.809853680199	1	0	1	3.306896654123049
279245.08307598287	3000.0	1224.7267776975134	0.0	0	0.0	1469.8098536801408	1	0	1	3.306896654123055
280200.0	3000.0	1269.8098536802993	0.0	0	403.96721958532	1469.8098536801408	1	0	1	3.306896654123055
281200.0	3000.0	1269.8098536803639	0.0	0	430.2983115630341	1469.809853680199	1	0	1	3.306896654123049
282200.0	3000.0	1269.8098536803907	0.0	0	37.27201152150519	1469.809853680199	1	0	1	3.306896654123049
283200.0	3000.0	1269.8098536803523	0.0	0	11.163008636503946	1469.809853680199	1	0	1	3.306896654123049
284200.0	3000.0	1269.8098536803416	0.0	0	242.2019894971745	1469.809853680199	1	0	1	3.306896654123049
285200.0	3000.0	1269.809853680336	0.0	0	42.14894940744853	1469.809853680199	1	0	1	3.306896654123049
286200.0	3000.0	1269.8098536803973	0.0	0	177.28089068562258	1469.809853680199	1	0	1	3.306896654123049
287200.0	3000.0	1269.8098536803345	0.0	0	286.360174810281	1469.8098536801408	1	0	1	3.306896654123055
288200.0	3000.0	1269.8098536804011	0.0	0	64.50423180498183	1469.8098536801408	1	0	1	3.306896654123055
289200.0	3000.0	1269.8098536803625	0.0	0	494.7581282319152	1469.8098536801408	1	0	1	3.306896654123055
290200.0	3000.0	1269.8098536803811	0.0	0	435.734699908935	1469.8098536801408	1	0	1	3.306896654123055
291525.9091284769	3000.0	943.900725203457	0.0	0	0.0	1469.8098536801408	1	0	1	3.306896654123055
292716.4223431693	3000.0	753.3875105110709	0.0	0	0.0	1469.8098536800826	1	0	1	3.306896654123061
293477.06245151546	2000.0	992.7474021649357	0.0	0	0.0	1469.8098536800826	1	0	1	2.2932338838526496
294200.0	2000.0	1269.8098536804007	0.0	0	69.14228815451497	1469.8098536800826	1	0	1	2.698698991960814
295200.0	2000.0	1269.8098536803866	0.0	0	418.6877484052093	1469.8098536800826	1	0	1	2.698698991960814
296444.45002438064	3000.0	1025.3598292997194	0.0	0	0.0	1469.8098536800244	1	0	1	2.9014315460149005
297207.3222077322	2000.0	1262.487645948185	0.0	0	0.0	1469.8098536799662	1	0	1	2.293233883852661
298200.0	2000.0	1269.8098536803807	0.0	0	253.74404055828927	1469.809853679908	1	0	1	2.698698991960831
299200.0	2000.0	1269.8098536803711	0.0	0	63.43792088079499	1469.8098536798498	1	0	1	2.6986989919608337
300200.0	2000.0	1269.8098536803911	0.0	0	256.4928563577123	1469.8098536798498	1	0	1	2.6986989919608373
301200.0	2000.0	1269.809853680407	0.0	0	81.57197816105327	1469.8098536798498	1	0	1	2.6986989919608373
302200.0	2000.0	1269.8098536804457	0.0	0	265.30937596136937	1469.8098536798498	1	0	1	2.6986989919608373
303200.0	2000.0	1269.8098536804991	0.0	0	386.99794208898675	1469.8098536798498	1	0	1	2.6986989919608373
304200.0	2000.0	1269.8098536805087	0.0	0	232.75000137009192	1469.8098536798498	1	0	1	2.6986989919608373
305286.6896666518	3000.0	1183.1201870287705	0.0	0	0.0	1469.8098536798498	1	0	1	2.9014315460149196
306200.0	2000.0	1269.8098536804882	0.0	0	281.34604260337073	1469.8098536798498	1	0	1	2.2932338838526727
307200.0	3000.0	1269.8098536804814	0.0	0	29.836364284099545	1469.809853679908	1	0	1	2.9014315460149174
308200.0	3000.0	1269.8098536804982	0.0	0	246.48338549328037	1469.809853679908	1	0	1	3.3068966541230784
309200.0	3000.0	1269.8098536804198	0.0	0	299.5545991334948	1469.809853679908	1	0	1	3.3068966541230784
310200.0	3000.0	1269.80985368047	0.0	0	250.84938248823164	1469.8098536799662	1	0	1	3.3068966541230727
311346.15725822654	3000.0	1123.6525954539297	0.0	0	0.0	1469.8098536799662	1	0	1	3.3068966541230727
312391.0848928624	3000.0	1078.724960818053	0.0	0	0.0	1469.8098536799662	1	0	1	3.3068966541230727
313380.7739942432	3000.0	1089.0358594372397	0.0	0	0.0	1469.8098536799662	1	0	1	3.3068966541230727
314462.9695716008	3000.0	1006.8402820796605	0.0	0	0.0	1469.8098536799662	1	0	1	3.3068966541230727
315261.1505244236	2000.0	1208.659329256846	0.0	0	0.0	1469.8098536799662	1	0	1	2.293233883852659
316200.0	3000.0	1269.8098536804555	0.0	0	168.0516608202597	1469.8098536800244	1	0	1	2.901431546014902
317301.7672190112	3000.0	1168.0426346692095	0.0	0	0.0	1469.8098536800826	1	0	1	3.3068966541230633
318200.0	3000.0	1269.809853680427	0.0	0	166.19975019292906	1469.8098536800826	1	0	1	3.306896654123061
319200.0	3000.0	1269.8098536804653	0.0	0	241.98755326052196	1469.8098536800826	1	0	1	3.306896654123061
320200.0	3000.0	1269.8098536804416	0.0	0	401.08756260870723	1469.8098536800826	1	0	1	3.306896654123061
3.81	3.97	3.94	3.64	3.86	4.39	3.82	4.73	3.9	3.57	3.83	4.02	3.58	5.39	3.41	4.73	4.95	3.13	3.5	3.45	3.79	4.21	3.28	4.8	3.58	2.72	3.17	3.93	4.8	4.61	3.71	4.85	4.62	2.05	2.37	2.66	3.65	3.1	4.03	3.8	3.48	3.12	4.61	3.3	4.23	3.92	3.49	2.66	3.94	4.86	4.08	2.73	4.77	3.26	3.43	4.22	4.01	4.29	4.05	2.65	2.4	4.01	3.95	2.59	3.45	4.08	3.41	3.08	2.77	2.81	2.84	3.64	4.21	3.21	5.17	3.76	3.49	2.31	2.4	4.71	3.43	4.1	3.79	3.22	3.42	4.3	4.52	2.97	3.41	4.19	4.61	3.15	3.2	2.95	2.63	3.5	4.24	4.22	3.39	4.73	3.96	2.92	3.46	2.95	3.87	4.61	5.34	3.49	4.46	4.66	2.9	3.19	4.8	4.19	3.08	3.71	3.67	4.67	4.56	3.17	2.51	3.41	1.99	3.44	2.95	3.29	2.83	2.41	3.41	2.8	2.65	3.48	3.3	3.35	3.7	3.35	4.49	3.59	3.19	3.7	2.94	4.14	3.1	3.26	3.73	3.19	4.25	4.69	4.0	3.71	3.81	3.97	3.94	3.64	3.86	4.39	3.82	4.73	3.9	3.57	3.83	4.02	3.58	5.39	3.41	4.73	4.95	3.13	3.5	3.45	3.79	4.21	3.28	4.8	3.58	2.72	3.17	3.93	4.8	4.61	3.71	4.85	4.62	2.05	2.37	2.66	3.65	3.1	4.03	3.8	3.48	3.12	4.61	3.3	4.23	3.92	3.49	2.66	3.94	4.86	4.08	2.73	4.77	3.26	3.43	4.22	4.01	4.29	4.05	2.65	2.4	4.01	3.95	2.59	3.45	4.08	3.41	3.08	2.77	2.81	2.84	3.64	4.21	3.21	5.17	3.76	3.49	2.31	2.4	4.71	3.43	4.1	3.79	3.22	3.42	4.3	4.52	2.97	3.41	4.19	4.61	3.15	3.2	2.95	2.63	3.5	4.24	4.22	3.39	4.73	3.96	2.92	3.46	2.95	3.87	4.61	5.34	3.49	4.46	4.66	2.9	3.19	4.8	4.19	3.08	3.71	3.67	4.67	4.56	3.17	2.51	3.41	1.99	3.44	2.95	3.29	2.83	2.41	3.41	2.8	2.65	3.48	3.3	3.35	3.7	3.35	4.49	3.59	3.19	3.7	2.94	4.14	3.1	3.26	3.73	3.19	4.25	4.69	4.0	3.71	3.81	3.97	3.94	3.64	3.86	4.39	3.82	4.73	3.9	3.57	3.83	4.02	3.58	5.39	3.41	4.73	4.95	3.13	3.5	3.45	3.79	4.21
1.0	2.0	3.0	4.0	5.0	6.0	7.0	8.0	9.0	10.0	11.0	12.0	13.0	14.0	15.0	16.0	17.0	18.0	19.0	20.0	21.0	22.0	23.0	24.0	25.0	26.0	27.0	28.0	29.0	30.0	31.0	32.0	33.0	34.0	35.0	36.0	37.0	38.0	39.0	40.0	41.0	42.0	43.0	44.0	45.0	46.0	47.0	48.0	49.0	50.0	51.0	52.0	53.0	54.0	55.0	56.0	57.0	58.0	59.0	60.0	61.0	62.0	63.0	64.0	65.0	66.0	67.0	68.0	69.0	70.0	71.0	72.0	73.0	74.0	75.0	76.0	77.0	78.0	79.0	80.0	81.0	82.0	83.0	84.0	85.0	86.0	87.0	88.0	89.0	90.0	91.0	92.0	93.0	94.0	95.0	96.0	97.0	98.0	99.0	100.0	101.0	102.0	103.0	104.0	105.0	106.0	107.0	108.0	109.0	110.0	111.0	112.0	113.0	114.0	115.0	116.0	117.0	118.0	119.0	120.0	121.0	122.0	123.0	124.0	125.0	126.0	127.0	128.0	129.0	130.0	131.0	132.0	133.0	134.0	135.0	136.0	137.0	138.0	139.0	140.0	141.0	142.0	143.0	144.0	145.0	146.0	147.0	148.0	149.0	149.0	150.0	151.0	152.0	153.0	154.0	155.0	156.0	157.0	158.0	159.0	160.0	161.0	162.0	163.0	164.0	165.0	166.0	167.0	168.0	169.0	170.0	171.0	172.0	173.0	174.0	175.0	176.0	177.0	178.0	179.0	180.0	181.0	182.0	183.0	184.0	185.0	186.0	187.0	188.0	189.0	190.0	191.0	192.0	193.0	194.0	195.0	196.0	197.0	198.0	199.0	200.0	201.0	202.0	203.0	204.0	205.0	206.0	207.0	208.0	209.0	210.0	211.0	212.0	213.0	214.0	215.0	216.0	217.0	218.0	219.0	220.0	221.0	222.0	223.0	224.0	225.0	226.0	227.0	228.0	229.0	230.0	231.0	232.0	233.0	234.0	235.0	236.0	237.0	238.0	239.0	240.0	241.0	242.0	243.0	244.0	245.0	246.0	247.0	248.0	249.0	250.0	251.0	252.0	253.0	254.0	255.0	256.0	257.0	258.0	259.0	260.0	261.0	262.0	263.0	264.0	265.0	266.0	267.0	268.0	269.0	270.0	271.0	272.0	273.0	274.0	275.0	276.0	277.0	278.0	279.0	280.0	281.0	282.0	283.0	284.0	285.0	286.0	287.0	288.0	289.0	290.0	291.0	292.0	293.0	294.0	295.0	296.0	297.0	298.0	298.0	299.0	300.0	301.0	302.0	303.0	304.0	305.0	306.0	307.0	308.0	309.0	310.0	311.0	312.0	313.0	314.0	315.0	316.0	317.0	318.0	319.0	320.0
2384.581391074875
