2689.164103335032	300.0	2000.0	123.7324764271959	0	0.0	2689.164103335032	1	0	1	-1.0088570703537947
5200.0	3000.0	389.20000000000005	0.0	0	164.73799284690176	589.2000000000007	1	0	2	0.6891168532057257
6200.0	1000.0	2489.199999999999	0.0	0	643.5395861778934	2689.2	1	0	0	0.042426917820794385
10613.224163269815	6000.0	200.0	1241.224163269817	0	0.0	1813.224163269815	1	0	2	-5.510249233727482
10787.431154307193	500.0	1008.3723098588845	0.0	0	0.0	1795.8034641660797	1	0	2	-2.0986253642886625
11368.81466152164	2000.0	1368.8504519229937	0.0	0	0.0	1737.6651134446347	1	0	2	1.0841454940479904
12200.0	3000.0	1454.5465795967987	0.0	0	14.636258041542533	1654.5465795968012	1	0	2	2.6807224080959156
13200.0	3000.0	1454.5465795968003	0.0	0	66.36824951980634	1654.5465795967993	1	0	1	3.088422981531389
14203.93995468414	3000.0	1450.6066249126602	0.0	0	0.0	1654.5465795967993	1	0	1	3.2884229815313892
15200.0	3000.0	1454.546579596799	0.0	0	176.5058593212325	1654.5465795967975	1	0	1	3.2884229815313892
16200.0	3000.0	1454.5465795967984	0.0	0	43.48480372706035	1654.5465795967975	1	0	1	3.2884229815313892
17327.034243904276	3000.0	1327.5123356925267	0.0	0	0.0	1654.5465795968012	1	0	1	3.2884229815313892
18200.0	3000.0	1454.5465795968018	0.0	0	133.09037640230235	1654.5465795968012	1	0	1	3.2884229815313892
19200.0	3000.0	1454.5465795968032	0.0	0	143.600782104033	1654.5465795968012	1	0	1	3.2884229815313892
20200.0	3000.0	1454.5465795968012	0.0	0	96.97073673024352	1654.5465795967975	1	0	1	3.2884229815313892
21200.0	3000.0	1454.5465795968	0.0	0	393.21137647011346	1654.5465795967975	1	0	1	3.2884229815313892
22200.0	3000.0	1454.546579596801	0.0	0	333.32850073999	1654.5465795968012	1	0	1	3.2884229815313892
23200.0	3000.0	1454.546579596802	0.0	0	36.20498892821706	1654.5465795968012	1	0	1	3.2884229815313892
24201.502856810126	3000.0	1453.043722786674	0.0	0	0.0	1654.5465795968012	1	0	1	3.2884229815313892
25200.0	3000.0	1454.5465795968048	0.0	0	87.44502830303827	1654.5465795968048	1	0	1	3.288422981531389
26200.0	3000.0	1454.546579596804	0.0	0	345.84910949535333	1654.5465795968048	1	0	1	3.288422981531389
27254.73447062716	3000.0	1399.8121089696376	0.0	0	0.0	1654.5465795968048	1	0	1	3.288422981531389
28200.0	3000.0	1454.5465795968003	0.0	0	60.16786213913292	1654.5465795968084	1	0	1	3.2884229815313883
29200.0	3000.0	1454.5465795968032	0.0	0	315.64782904439926	1654.5465795968084	1	0	1	3.2884229815313883
30200.0	3000.0	1454.5465795968032	0.0	0	143.6260239269941	1654.546579596812	1	0	1	3.2884229815313883
31200.0	3000.0	1454.5465795968012	0.0	0	98.17406113027755	1654.546579596812	1	0	1	3.2884229815313883
32200.0	3000.0	1454.546579596804	0.0	0	306.0897961924893	1654.546579596812	1	0	1	3.2884229815313883
33200.0	3000.0	1454.5465795967998	0.0	0	75.80349532804394	1654.5465795968084	1	0	1	3.2884229815313883
34224.429984643946	3000.0	1430.1165949528577	0.0	0	0.0	1654.546579596812	1	0	1	3.2884229815313883
35200.0	3000.0	1454.546579596797	0.0	0	279.60505507237394	1654.546579596812	1	0	1	3.2884229815313883
36200.0	3000.0	1454.5465795967948	0.0	0	173.25394272857375	1654.5465795968048	1	0	1	3.288422981531389
37200.0	3000.0	1454.5465795967855	0.0	0	90.98855591067695	1654.5465795967975	1	0	1	3.2884229815313892
38200.0	3000.0	1454.5465795967884	0.0	0	385.2247523729966	1654.5465795967975	1	0	1	3.2884229815313892
39200.0	3000.0	1454.546579596792	0.0	0	205.27054254178074	1654.5465795967975	1	0	1	3.2884229815313892
40200.0	3000.0	1454.5465795967934	0.0	0	127.98275164062943	1654.5465795967975	1	0	1	3.2884229815313892
41200.0	3000.0	1454.5465795968005	0.0	0	418.174949127264	1654.5465795967975	1	0	1	3.2884229815313892
42200.0	3000.0	1454.5465795968018	0.0	0	142.04462358020828	1654.5465795968048	1	0	1	3.288422981531389
43200.0	3000.0	1454.5465795967984	0.0	0	343.1972433842311	1654.5465795968048	1	0	1	3.288422981531389
44200.0	3000.0	1454.5465795968043	0.0	0	346.6691165802258	1654.546579596812	1	0	1	3.2884229815313883
45213.05663066108	3000.0	1441.4899489357197	0.0	0	37.026944811710564	1654.546579596812	1	0	1	3.2884229815313883
46749.712451028405	3000.0	904.8341285683849	0.0	0	0.0	1654.5465795968048	1	0	1	3.2884229815313883
47445.0201605034	2000.0	1209.5264190933945	0.0	0	0.0	1654.546579596812	1	0	1	2.2747602112609764
48445.13047703903	3000.0	1209.4161025577678	0.0	0	0.0	1654.546579596812	1	0	1	2.8829578734232237
49419.92292125927	2000.0	1234.6236583375191	0.0	0	0.0	1654.546579596812	1	0	1	2.2747602112609764
50200.0	2000.0	1454.5465795967928	0.0	0	137.88497361695772	1654.546579596812	1	0	1	2.680225319369141
51200.0	2000.0	1454.546579596795	0.0	0	585.5359183055043	1654.5465795968194	1	0	1	2.68022531936914
52200.0	3000.0	1454.5465795967907	0.0	0	340.09326880392473	1654.5465795968194	1	0	1	2.8829578734232224
53200.0	3000.0	1454.546579596783	0.0	0	319.9249944492112	1654.5465795968194	1	0	1	3.288422981531387
54200.0	3000.0	1454.546579596791	0.0	0	292.87911210022867	1654.5465795968194	1	0	1	3.288422981531387
55200.0	3000.0	1454.546579596797	0.0	0	109.37739530869294	1654.5465795968194	1	0	1	3.288422981531387
56200.0	3000.0	1454.546579596797	0.0	0	91.23722112264659	1654.5465795968194	1	0	1	3.288422981531387
57209.87743105651	3000.0	1444.6691485402948	0.0	0	0.0	1654.5465795968194	1	0	1	3.288422981531387
58200.0	3000.0	1454.5465795968182	0.0	0	16.65958279190818	1654.5465795968266	1	0	1	3.2884229815313866
59461.51124858656	3000.0	1193.0353310102594	0.0	0	0.0	1654.5465795968266	1	0	1	3.2884229815313866
60299.06229764596	3000.0	1355.4842819508606	0.0	0	0.0	1654.546579596834	1	0	1	3.2884229815313857
61345.71569825905	3000.0	1308.830881337778	0.0	0	0.0	1654.5465795968412	1	0	1	3.288422981531385
62438.91800290142	3000.0	1215.6285766954209	0.0	0	0.0	1654.5465795968412	1	0	1	3.288422981531385
63200.0	2000.0	1454.5465795968357	0.0	0	152.32765738252783	1654.5465795968412	1	0	1	2.2747602112609733
64200.0	3000.0	1454.546579596845	0.0	0	85.11285933636827	1654.546579596834	1	0	1	2.882957873423221
65215.881107745096	3000.0	1438.665471851756	0.0	0	0.0	1654.5465795968412	1	0	1	3.288422981531385
66200.0	3000.0	1454.5465795968519	0.0	0	370.77625381338294	1654.5465795968412	1	0	1	3.288422981531385
67200.0	3000.0	1454.5465795968614	0.0	0	381.85974081390304	1654.5465795968485	1	0	1	3.288422981531385
68200.0	3000.0	1454.5465795968696	0.0	0	290.33228052621416	1654.5465795968485	1	0	1	3.2884229815313843
69200.0	3000.0	1454.5465795968676	0.0	0	39.68911775255401	1654.546579596834	1	0	1	3.288422981531385
70200.0	3000.0	1454.5465795968553	0.0	0	112.50064049863431	1654.546579596834	1	0	1	3.2884229815313857
71200.0	3000.0	1454.5465795968553	0.0	0	96.85948659520363	1654.546579596834	1	0	1	3.2884229815313857
72200.0	3000.0	1454.546579596844	0.0	0	158.75883368730138	1654.546579596834	1	0	1	3.2884229815313857
73200.0	3000.0	1454.54657959684	0.0	0	211.8262865000288	1654.546579596834	1	0	1	3.2884229815313857
74229.11202445539	3000.0	1425.4345551414488	0.0	0	0.0	1654.546579596834	1	0	1	3.2884229815313857
75200.0	3000.0	1454.54657959684	0.0	0	214.05057018955995	1654.546579596834	1	0	1	3.2884229815313857
76200.0	3000.0	1454.5465795968375	0.0	0	351.0900220478943	1654.546579596834	1	0	1	3.2884229815313857
77200.0	3000.0	1454.546579596844	0.0	0	301.2487205518555	1654.5465795968485	1	0	1	3.2884229815313843
78200.0	3000.0	1454.5465795968398	0.0	0	46.80290319757478	1654.5465795968485	1	0	1	3.2884229815313843
79204.27042667514	3000.0	1450.2761529216814	0.0	0	0.0	1654.5465795968485	1	0	1	3.2884229815313843
80200.0	3000.0	1454.5465795968232	0.0	0	16.37645259697456	1654.5465795968485	1	0	1	3.2884229815313843
81329.05487263497	3000.0	1325.4917069618439	0.0	0	0.0	1654.546579596834	1	0	1	3.2884229815313857
82200.0	3000.0	1454.5465795968037	0.0	0	34.161586998656276	1654.5465795968485	1	0	1	3.2884229815313843
83200.0	3000.0	1454.5465795968094	0.0	0	265.74337250951794	1654.5465795968485	1	0	1	3.2884229815313843
84200.0	3000.0	1454.5465795968043	0.0	0	53.85358396646916	1654.546579596834	1	0	1	3.2884229815313857
85200.0	3000.0	1454.5465795968107	0.0	0	246.87968801090028	1654.546579596834	1	0	1	3.2884229815313857
86200.0	3000.0	1454.546579596806	0.0	0	56.16129166126484	1654.546579596834	1	0	1	3.2884229815313857
87200.0	3000.0	1454.546579596806	0.0	0	302.233647208559	1654.546579596834	1	0	1	3.2884229815313857
88200.0	3000.0	1454.546579596814	0.0	0	175.43936902930727	1654.5465795968194	1	0	1	3.288422981531387
89200.0	3000.0	1454.546579596805	0.0	0	249.31363400485134	1654.5465795968194	1	0	1	3.288422981531387
90200.0	3000.0	1454.5465795967925	0.0	0	342.4480334127147	1654.5465795968194	1	0	1	3.288422981531387
91200.0	3000.0	1454.5465795967827	0.0	0	291.6915403443563	1654.5465795968194	1	0	1	3.288422981531387
92200.0	3000.0	1454.5465795967968	0.0	0	352.07822260259127	1654.546579596834	1	0	1	3.2884229815313857
93200.0	3000.0	1454.5465795967928	0.0	0	430.8373694700422	1654.546579596834	1	0	1	3.2884229815313857
94359.92440510794	3000.0	1294.6221744888521	0.0	0	0.0	1654.546579596834	1	0	1	3.2884229815313857
95309.0515424004	3000.0	1345.4950371964	0.0	0	0.0	1654.546579596834	1	0	1	3.2884229815313857
96272.88897206676	3000.0	1381.6576075300286	0.0	0	0.0	1654.546579596834	1	0	1	3.2884229815313857
97200.0	3000.0	1454.546579596787	0.0	0	174.4314180866495	1654.546579596834	1	0	1	3.2884229815313857
98200.0	3000.0	1454.546579596769	0.0	0	168.34848534716002	1654.5465795968194	1	0	1	3.288422981531387
99200.0	3000.0	1454.5465795967618	0.0	0	212.59960710491578	1654.5465795968194	1	0	1	3.288422981531387
100398.72583380848	3000.0	1255.820745788278	0.0	0	0.0	1654.5465795968194	1	0	1	3.288422981531387
101789.38488945176	3000.0	865.1616901450066	0.0	0	0.0	1654.5465795968194	1	0	1	3.288422981531387
102242.84646829202	2000.0	1411.7001113047559	0.0	0	0.0	1654.5465795968194	1	0	1	2.2747602112609755
103200.0	3000.0	1454.5465795967627	0.0	0	278.67255765125446	1654.5465795968194	1	0	1	2.8829578734232224
104200.0	3000.0	1454.5465795967755	0.0	0	103.404498758915	1654.5465795968194	1	0	1	3.288422981531387
105200.0	3000.0	1454.5465795967768	0.0	0	442.0366017735505	1654.5465795968194	1	0	1	3.288422981531387
106329.20143849758	3000.0	1325.3451410992102	0.0	0	0.0	1654.5465795968048	1	0	1	3.288422981531389
107212.5522550841	3000.0	1441.9943245126835	0.0	0	0.0	1654.5465795968048	1	0	1	3.288422981531389
108200.0	3000.0	1454.5465795967857	0.0	0	156.5945101096586	1654.5465795968048	1	0	1	3.288422981531389
109200.0	3000.0	1454.546579596794	0.0	0	47.876628574871575	1654.5465795968048	1	0	1	3.288422981531389
110200.0	3000.0	1454.546579596782	0.0	0	18.472174628579523	1654.5465795968194	1	0	1	3.288422981531387
111200.0	3000.0	1454.5465795967718	0.0	0	113.77423137576261	1654.5465795968048	1	0	1	3.288422981531389
112200.0	3000.0	1454.5465795967687	0.0	0	168.29377218456648	1654.5465795968048	1	0	1	3.288422981531389
113200.0	3000.0	1454.5465795967766	0.0	0	21.1945067839697	1654.5465795968048	1	0	1	3.288422981531389
114200.0	3000.0	1454.5465795967696	0.0	0	329.1923982520675	1654.5465795968048	1	0	1	3.288422981531389
115200.0	3000.0	1454.5465795967536	0.0	0	392.00299273336714	1654.5465795968048	1	0	1	3.288422981531389
116200.0	3000.0	1454.5465795967361	0.0	0	64.6900746133906	1654.5465795968048	1	0	1	3.288422981531389
117200.0	3000.0	1454.5465795967298	0.0	0	47.605635790503584	1654.5465795968048	1	0	1	3.288422981531389
118200.0	3000.0	1454.5465795967289	0.0	0	182.8103422790591	1654.5465795968048	1	0	1	3.288422981531389
119200.0	3000.0	1454.5465795967277	0.0	0	376.9270393876359	1654.5465795968048	1	0	1	3.288422981531389
120200.0	3000.0	1454.5465795967323	0.0	0	434.6530335575226	1654.5465795968048	1	0	1	3.288422981531389
121200.0	3000.0	1454.5465795967227	0.0	0	398.9130959088943	1654.5465795968048	1	0	1	3.288422981531389
122200.0	3000.0	1454.546579596738	0.0	0	452.03463334354456	1654.5465795968048	1	0	1	3.288422981531389
123200.0	3000.0	1454.5465795967555	0.0	0	22.846479172614636	1654.5465795968048	1	0	1	3.288422981531389
124200.0	3000.0	1454.5465795967723	0.0	0	214.86968712095404	1654.5465795968048	1	0	1	3.288422981531389
125315.21694347628	3000.0	1339.3296361204991	0.0	0	0.0	1654.5465795967903	1	0	1	3.28842298153139
126200.0	3000.0	1454.5465795967914	0.0	0	30.826211592633626	1654.5465795967903	1	0	1	3.28842298153139
127200.0	3000.0	1454.5465795967966	0.0	0	201.25168887808104	1654.5465795967903	1	0	1	3.28842298153139
128200.0	3000.0	1454.5465795968091	0.0	0	336.9012143584405	1654.5465795967903	1	0	1	3.28842298153139
129200.0	3000.0	1454.5465795968169	0.0	0	346.7211803505488	1654.5465795968048	1	0	1	3.288422981531389
130200.0	3000.0	1454.5465795968134	0.0	0	125.32949027138238	1654.5465795968048	1	0	1	3.288422981531389
131261.95267229687	3000.0	1392.5939072999427	0.0	0	0.0	1654.5465795968194	1	0	1	3.2884229815313883
132200.0	3000.0	1454.5465795968043	0.0	0	0.9988770530326292	1654.5465795967903	1	0	1	3.2884229815313892
133200.0	3000.0	1454.5465795968275	0.0	0	92.24362929177005	1654.5465795967903	1	0	1	3.28842298153139
134200.0	3000.0	1454.546579596826	0.0	0	419.28229262997047	1654.5465795967611	1	0	1	3.2884229815313932
135200.0	3000.0	1454.5465795967768	0.0	0	487.0208414334338	1654.5465795967611	1	0	1	3.2884229815313932
136200.0	3000.0	1454.5465795968225	0.0	0	315.5164073444903	1654.5465795967611	1	0	1	3.2884229815313932
137249.78708555351	3000.0	1404.7594940432502	0.0	0	0.0	1654.546579596732	1	0	1	3.288422981531395
138200.0	3000.0	1454.5465795967268	0.0	0	86.13809240516275	1654.5465795967611	1	0	1	3.2884229815313932
139200.0	3000.0	1454.5465795967227	0.0	0	180.9557477045164	1654.5465795967611	1	0	1	3.2884229815313932
140200.0	3000.0	1454.546579596732	0.0	0	141.55100254819263	1654.5465795967611	1	0	1	3.2884229815313932
141200.0	3000.0	1454.5465795967207	0.0	0	203.30317599559203	1654.5465795967611	1	0	1	3.2884229815313932
142200.0	3000.0	1454.5465795967473	0.0	0	342.8199170762091	1654.5465795967903	1	0	1	3.28842298153139
143200.0	3000.0	1454.5465795967705	0.0	0	158.60232317942427	1654.5465795967903	1	0	1	3.28842298153139
144200.0	3000.0	1454.5465795967643	0.0	0	216.0829581078433	1654.5465795967611	1	0	1	3.2884229815313932
145200.0	3000.0	1454.5465795967657	0.0	0	227.47473686817102	1654.5465795967611	1	0	1	3.2884229815313932
146200.0	3000.0	1454.546579596797	0.0	0	369.31296268617734	1654.5465795967611	1	0	1	3.2884229815313932
147200.0	3000.0	1454.5465795967782	0.0	0	319.0652794270427	1654.5465795967611	1	0	1	3.2884229815313932
148200.0	3000.0	1454.5465795967712	0.0	0	315.98329758344335	1654.5465795967611	1	0	1	3.2884229815313932
149200.0	3000.0	1454.5465795967505	0.0	0	64.2230532207468	1654.5465795967611	1	0	1	3.2884229815313932
150414.78278034437	3000.0	1239.763799252374	0.0	0	0.0	1654.5465795967611	1	0	1	3.2884229815313932
151281.45633560716	3000.0	1373.0902439895394	0.0	0	0.0	1654.546579596732	1	0	1	3.288422981531396
152200.0	3000.0	1454.5465795967261	0.0	0	211.0601159199141	1654.546579596703	1	0	1	3.2884229815313986
153200.0	3000.0	1454.5465795967373	0.0	0	158.2091591914068	1654.546579596732	1	0	1	3.288422981531396
154200.0	3000.0	1454.5465795967252	0.0	0	63.023890307871625	1654.546579596703	1	0	1	3.2884229815313986
155327.10520402447	3000.0	1327.4413755722398	0.0	0	0.0	1654.5465795966738	1	0	1	3.288422981531402
156200.0	3000.0	1454.546579596706	0.0	0	92.45611249713693	1654.5465795966738	1	0	1	3.288422981531402
157256.29852673155	3000.0	1398.248052865138	0.0	0	0.0	1654.5465795966738	1	0	1	3.288422981531402
158200.0	3000.0	1454.5465795966861	0.0	0	36.152635882026516	1654.546579596703	1	0	1	3.2884229815314003
159200.0	3000.0	1454.5465795966886	0.0	0	60.13133592242957	1654.546579596703	1	0	1	3.2884229815313986
160200.0	3000.0	1454.5465795967027	0.0	0	115.9465513334435	1654.546579596703	1	0	1	3.2884229815313986
161200.0	3000.0	1454.5465795966818	0.0	0	270.24266872764565	1654.546579596703	1	0	1	3.2884229815313986
162200.0	3000.0	1454.5465795966995	0.0	0	311.0891591744439	1654.546579596703	1	0	1	3.2884229815313986
163200.0	3000.0	1454.5465795966982	0.0	0	93.13885219581425	1654.546579596703	1	0	1	3.2884229815313986
164321.02124628762	3000.0	1333.5253333090866	0.0	0	0.0	1654.546579596703	1	0	1	3.2884229815313986
165200.0	3000.0	1454.5465795967214	0.0	0	66.38984188291943	1654.546579596703	1	0	1	3.2884229815314003
166409.634053339	3000.0	1244.91252625777	0.0	0	0.0	1654.546579596732	1	0	1	3.2884229815313963
167200.24605876353	3000.0	1454.300520833237	0.0	0	0.0	1654.546579596732	1	0	1	3.288422981531396
168200.0	3000.0	1454.54657959676	0.0	0	43.792473315494135	1654.546579596732	1	0	1	3.288422981531396
169200.0	3000.0	1454.5465795967834	0.0	0	249.893247029162	1654.5465795967611	1	0	1	3.2884229815313932
170200.0	3000.0	1454.5465795967716	0.0	0	261.05141182875377	1654.5465795967611	1	0	1	3.2884229815313932
171200.0	3000.0	1454.546579596786	0.0	0	414.5531514356553	1654.5465795967611	1	0	1	3.2884229815313932
172200.0	3000.0	1454.5465795967834	0.0	0	132.68683633336332	1654.5465795967611	1	0	1	3.2884229815313932
173200.0	3000.0	1454.5465795968012	0.0	0	94.32728345957003	1654.5465795967611	1	0	1	3.2884229815313932
174200.0	3000.0	1454.5465795968064	0.0	0	161.60853069945006	1654.5465795967611	1	0	1	3.2884229815313932
175200.0	3000.0	1454.5465795967853	0.0	0	21.92192592480569	1654.5465795967611	1	0	1	3.2884229815313932
176279.37038735714	3000.0	1375.1761922396336	0.0	0	0.0	1654.5465795967611	1	0	1	3.2884229815313932
177501.12464387988	3000.0	1153.4219357168818	0.0	0	0.0	1654.546579596732	1	0	1	3.2884229815313955
178200.0	3000.0	1454.546579596767	0.0	0	53.141119808744406	1654.546579596732	1	0	1	3.288422981531396
179200.0	3000.0	1454.546579596742	0.0	0	111.54266764613567	1654.546579596732	1	0	1	3.288422981531396
180200.0	3000.0	1454.5465795967518	0.0	0	186.94152802127064	1654.546579596732	1	0	1	3.288422981531396
181200.0	3000.0	1454.546579596746	0.0	0	319.89313192712143	1654.546579596732	1	0	1	3.288422981531396
182200.0	3000.0	1454.5465795967493	0.0	0	336.68784440442687	1654.5465795967611	1	0	1	3.2884229815313932
183200.0	3000.0	1454.5465795967807	0.0	0	1.8784333257644903	1654.5465795967903	1	0	1	3.28842298153139
184200.0	3000.0	1454.5465795967657	0.0	0	114.03727199626155	1654.546579596732	1	0	1	3.288422981531394
185200.0	3000.0	1454.5465795967568	0.0	0	308.7452428175602	1654.546579596732	1	0	1	3.288422981531396
186200.0	3000.0	1454.5465795967564	0.0	0	271.39871842219145	1654.546579596732	1	0	1	3.288422981531396
187200.0	3000.0	1454.5465795967334	0.0	0	143.31624908666709	1654.546579596703	1	0	1	3.2884229815313986
188200.0	3000.0	1454.54657959676	0.0	0	88.62488116015447	1654.546579596703	1	0	1	3.2884229815313986
189200.0	3000.0	1454.5465795967255	0.0	0	123.6151240762847	1654.5465795966738	1	0	1	3.2884229815314003
190200.0	3000.0	1454.5465795967286	0.0	0	398.38314723948133	1654.5465795966738	1	0	1	3.288422981531402
191299.75471288426	3000.0	1354.791866712493	0.0	0	0.0	1654.546579596703	1	0	1	3.2884229815314
192200.0	3000.0	1454.5465795967339	0.0	0	164.15554504439933	1654.546579596703	1	0	1	3.2884229815313986
193200.0	3000.0	1454.5465795967575	0.0	0	27.509029062173795	1654.546579596703	1	0	1	3.2884229815314
194200.0	3000.0	1454.5465795967373	0.0	0	161.81024410869577	1654.5465795966738	1	0	1	3.288422981531402
196026.75297289842	3000.0	627.793606698305	0.0	0	0.0	1654.5465795966738	1	0	1	3.288422981531402
196331.79587840862	1000.0	1322.750701188103	0.0	0	0.0	1654.5465795966738	1	0	1	0.5418922598611271
197200.0	3000.0	1454.546579596743	0.0	0	107.27284022286767	1654.5465795966738	1	0	1	2.189810692863292
198811.49041391237	3000.0	843.056165684359	0.0	0	0.0	1654.5465795966738	1	0	1	3.288422981531402
199394.3239543581	2000.0	1260.2226252386483	0.0	0	0.0	1654.5465795966738	1	0	1	2.2747602112609906
200357.20663389208	3000.0	1297.339945704656	0.0	0	0.0	1654.5465795966447	1	0	1	2.8829578734232393
201200.0	3000.0	1454.5465795967748	0.0	0	80.68777296663029	1654.546579596703	1	0	1	3.2884229815314003
202226.43976091107	3000.0	1428.1068186856817	0.0	0	0.0	1654.546579596703	1	0	1	3.2884229815313986
203406.7399454588	3000.0	1247.8066341379515	0.0	0	0.0	1654.546579596703	1	0	1	3.2884229815313986
204200.0	3000.0	1454.546579596747	0.0	0	48.264634266495705	1654.546579596703	1	0	1	3.2884229815313986
205200.0	3000.0	1454.546579596737	0.0	0	276.2204841847415	1654.546579596732	1	0	1	3.288422981531396
206221.4295287374	3000.0	1433.1170508593302	0.0	0	0.0	1654.546579596732	1	0	1	3.288422981531395
207296.9844161967	3000.0	1357.5621634000515	0.0	0	0.0	1654.546579596732	1	0	1	3.288422981531396
208615.60385855607	3000.0	1038.9427210406861	0.0	0	0.0	1654.546579596703	1	0	1	3.2884229815313986
209972.16626461621	3000.0	682.3803149805415	0.0	0	0.0	1654.546579596703	1	0	1	3.2884229815313986
210353.944660511	1000.0	1300.6019190857419	0.0	0	0.0	1654.546579596703	1	0	1	0.5418922598611242
211336.11524660615	3000.0	1318.4313329906274	0.0	0	0.0	1654.546579596732	1	0	1	2.1898106928632863
212556.01331550837	3000.0	1098.5332640884199	0.0	0	0.0	1654.546579596732	1	0	1	3.288422981531396
213200.0	2000.0	1454.5465795967928	0.0	0	58.156660229724366	1654.546579596703	1	0	1	2.274760211260986
214200.0	3000.0	1454.5465795968016	0.0	0	314.6006802103366	1654.546579596703	1	0	1	2.882957873423234
215200.0	3000.0	1454.5465795967948	0.0	0	244.8121312749281	1654.546579596703	1	0	1	3.2884229815313986
216200.0	3000.0	1454.5465795967966	0.0	0	187.11840783432126	1654.546579596732	1	0	1	3.288422981531396
217200.0	3000.0	1454.546579596799	0.0	0	259.0382338579511	1654.546579596732	1	0	1	3.288422981531396
218227.70473253532	3000.0	1426.8418470614645	0.0	0	0.0	1654.546579596703	1	0	1	3.2884229815313972
219200.0	3000.0	1454.5465795967648	0.0	0	172.40011542124557	1654.546579596703	1	0	1	3.2884229815313986
220200.0	3000.0	1454.546579596747	0.0	0	113.37602574104676	1654.546579596703	1	0	1	3.2884229815313986
221200.0	3000.0	1454.5465795967446	0.0	0	73.03768978628796	1654.546579596703	1	0	1	3.2884229815313986
222200.0	3000.0	1454.546579596729	0.0	0	102.00721348897787	1654.546579596703	1	0	1	3.2884229815313986
223543.73653025954	3000.0	1110.8100493371737	0.0	0	0.0	1654.5465795966447	1	0	1	3.2884229815314043
224358.4484848303	3000.0	1296.0980947664402	0.0	0	0.0	1654.5465795966447	1	0	1	3.2884229815314048
225200.0	3000.0	1454.5465795967598	0.0	0	139.68080035597086	1654.5465795966447	1	0	1	3.2884229815314048
226246.32170431252	3000.0	1408.2248752842427	0.0	0	0.0	1654.5465795966738	1	0	1	3.2884229815314034
227200.0	3000.0	1454.5465795967546	0.0	0	1.271367573121097	1654.5465795966738	1	0	1	3.288422981531402
228258.64019611414	3000.0	1395.9063834826159	0.0	0	0.0	1654.5465795966447	1	0	1	3.2884229815314048
229274.0278392997	3000.0	1380.5187402970762	0.0	0	0.0	1654.5465795966156	1	0	1	3.2884229815314074
230200.05094396294	3000.0	1454.495635633857	0.0	0	0.0	1654.5465795966156	1	0	1	3.2884229815314074
231200.0	3000.0	1454.54657959681	0.0	0	274.99059533677064	1654.5465795966156	1	0	1	3.2884229815314074
232200.0	3000.0	1454.546579596796	0.0	0	365.1395904427336	1654.5465795966156	1	0	1	3.2884229815314074
233283.96156460125	3000.0	1370.5850149955318	0.0	0	0.0	1654.5465795966156	1	0	1	3.2884229815314074
234200.0	3000.0	1454.546579596822	0.0	0	71.24327596146031	1654.5465795966447	1	0	1	3.2884229815314066
235275.9203241455	3000.0	1378.6262554513198	0.0	0	0.0	1654.5465795966156	1	0	1	3.2884229815314074
236200.0	3000.0	1454.5465795968062	0.0	0	321.41577799990773	1654.5465795966156	1	0	1	3.2884229815314074
237200.0	3000.0	1454.5465795968153	0.0	0	323.2428749646351	1654.5465795966156	1	0	1	3.2884229815314074
238200.0	3000.0	1454.5465795967946	0.0	0	307.63231620183797	1654.5465795966156	1	0	1	3.2884229815314074
239200.0	3000.0	1454.5465795968212	0.0	0	47.013783230271656	1654.5465795965865	1	0	1	3.2884229815314088
240200.0	3000.0	1454.5465795968075	0.0	0	162.23875307835988	1654.5465795965865	1	0	1	3.2884229815314105
241200.0	3000.0	1454.5465795967882	0.0	0	105.22717803885462	1654.5465795965865	1	0	1	3.2884229815314105
242200.0	3000.0	1454.5465795967957	0.0	0	410.75080456599244	1654.5465795965865	1	0	1	3.2884229815314105
243345.96957437898	3000.0	1308.5770052178307	0.0	0	0.0	1654.5465795966156	1	0	1	3.2884229815314074
244390.55298538375	3000.0	1263.9935942130505	0.0	0	0.0	1654.5465795966156	1	0	1	3.2884229815314074
245200.0	3000.0	1454.5465795967782	0.0	0	62.35487534906133	1654.5465795965865	1	0	1	3.2884229815314097
246244.52537514147	3000.0	1410.0212044553323	0.0	0	0.0	1654.5465795965865	1	0	1	3.2884229815314105
247476.7205896688	3000.0	1177.8259899279833	0.0	0	0.0	1654.5465795965865	1	0	1	3.2884229815314105
248200.0	3000.0	1454.5465795967734	0.0	0	25.79780292752548	1654.5465795965574	1	0	1	3.2884229815314123
249200.0	3000.0	1454.546579596742	0.0	0	191.10093529478763	1654.5465795965283	1	0	1	3.2884229815314163
250621.20148161385	3000.0	1033.345097982888	0.0	0	0.0	1654.5465795964992	1	0	1	3.2884229815314194
251200.0	2000.0	1454.5465795967236	0.0	0	57.236842687183525	1654.5465795964992	1	0	1	2.2747602112610075
252200.0	3000.0	1454.5465795967139	0.0	0	266.3485033279867	1654.5465795964992	1	0	1	2.882957873423255
253200.0	3000.0	1454.5465795966804	0.0	0	416.63893922927673	1654.54657959647	1	0	1	3.288422981531422
254239.47255818514	3000.0	1415.074021411517	0.0	0	0.0	1654.54657959647	1	0	1	3.288422981531422
255271.10236165102	3000.0	1383.4442179456291	0.0	0	0.0	1654.5465795964992	1	0	1	3.2884229815314194
256200.0	3000.0	1454.546579596629	0.0	0	225.1640235701052	1654.5465795964992	1	0	1	3.2884229815314194
257200.0	3000.0	1454.546579596655	0.0	0	230.7949972351198	1654.5465795965283	1	0	1	3.2884229815314163
258200.0	3000.0	1454.5465795966381	0.0	0	147.54744849418057	1654.5465795964992	1	0	1	3.2884229815314194
259412.0638525059	3000.0	1242.482727090706	0.0	0	0.0	1654.5465795964992	1	0	1	3.2884229815314194
260489.3132824636	3000.0	1165.2332971330234	0.0	0	0.0	1654.54657959647	1	0	1	3.2884229815314217
261540.5452379122	3000.0	1114.0013416844113	0.0	0	0.0	1654.5465795964992	1	0	1	3.2884229815314194
262200.0	3000.0	1454.5465795966218	0.0	0	20.38094722304959	1654.5465795964992	1	0	1	3.2884229815314194
263200.0	3000.0	1454.5465795966768	0.0	0	115.19098824524553	1654.5465795965574	1	0	1	3.288422981531416
264200.0	3000.0	1454.5465795967016	0.0	0	187.53866325580748	1654.5465795965865	1	0	1	3.2884229815314114
265200.0	3000.0	1454.5465795966618	0.0	0	173.27542978560086	1654.5465795965865	1	0	1	3.2884229815314105
266200.0	3000.0	1454.5465795966388	0.0	0	422.6585165634169	1654.5465795965865	1	0	1	3.2884229815314105
267200.0	3000.0	1454.5465795966102	0.0	0	257.65114890405675	1654.5465795965865	1	0	1	3.2884229815314105
268200.0	3000.0	1454.5465795965374	0.0	0	198.6448044734425	1654.5465795965283	1	0	1	3.2884229815314163
269200.0	3000.0	1454.5465795965365	0.0	0	235.0515808944474	1654.5465795965283	1	0	1	3.2884229815314163
270200.0	3000.0	1454.5465795965176	0.0	0	394.08705988316797	1654.5465795965283	1	0	1	3.2884229815314163
271200.0	3000.0	1454.5465795965547	0.0	0	75.02986299060285	1654.5465795965283	1	0	1	3.2884229815314163
272264.954352821	3000.0	1389.5922267755914	0.0	0	0.0	1654.5465795965283	1	0	1	3.2884229815314163
273200.0	3000.0	1454.5465795965533	0.0	0	249.56374641211005	1654.5465795965283	1	0	1	3.2884229815314163
274360.3030025684	3000.0	1294.2435770281324	0.0	0	0.0	1654.5465795965865	1	0	1	3.2884229815314105
275285.93622815894	3000.0	1368.6103514376423	0.0	0	0.0	1654.5465795965865	1	0	1	3.2884229815314105
276200.0	3000.0	1454.5465795966322	0.0	0	421.7915671853698	1654.5465795965865	1	0	1	3.2884229815314105
277200.0	3000.0	1454.546579596617	0.0	0	16.27996589045506	1654.5465795965865	1	0	1	3.2884229815314105
278200.0	3000.0	1454.5465795965868	0.0	0	97.70770617347443	1654.5465795965865	1	0	1	3.2884229815314105
279200.0	3000.0	1454.5465795964828	0.0	0	59.4847788871848	1654.5465795965865	1	0	1	3.2884229815314105
280200.0	3000.0	1454.5465795964267	0.0	0	250.24918307067128	1654.5465795966447	1	0	1	3.2884229815314048
281284.32383677195	3000.0	1370.2227428244682	0.0	0	0.0	1654.5465795966447	1	0	1	3.2884229815314048
282255.7543231535	3000.0	1398.7922564428557	0.0	0	0.0	1654.5465795966447	1	0	1	3.2884229815314048
283200.0	3000.0	1454.5465795963964	0.0	0	326.76443769194884	1654.5465795966447	1	0	1	3.2884229815314048
284200.0	3000.0	1454.5465795964283	0.0	0	379.0476609763573	1654.5465795966447	1	0	1	3.2884229815314048
285200.0	3000.0	1454.546579596421	0.0	0	193.09610592841636	1654.546579596703	1	0	1	3.2884229815313986
286200.0	3000.0	1454.5465795963876	0.0	0	148.33727382682264	1654.546579596703	1	0	1	3.2884229815313986
287200.0	3000.0	1454.5465795963423	0.0	0	48.448729125317186	1654.546579596703	1	0	1	3.2884229815313986
288200.0	3000.0	1454.5465795963403	0.0	0	347.2632738064858	1654.5465795966447	1	0	1	3.2884229815314048
289200.0	3000.0	1454.546579596299	0.0	0	410.1435411333805	1654.5465795966447	1	0	1	3.2884229815314048
290200.0	3000.0	1454.5465795962393	0.0	0	483.9270382632385	1654.5465795965865	1	0	1	3.2884229815314105
291200.0	3000.0	1454.5465795962218	0.0	0	221.73882523842622	1654.5465795966447	1	0	1	3.2884229815314048
292200.0	3000.0	1454.5465795961884	0.0	0	427.36246321181534	1654.546579596703	1	0	1	3.2884229815313986
293200.0	3000.0	1454.5465795962004	0.0	0	99.86683443607762	1654.5465795967611	1	0	1	3.288422981531397
294200.0	3000.0	1454.5465795961961	0.0	0	300.45317595498636	1654.546579596703	1	0	1	3.2884229815313986
295200.0	3000.0	1454.546579596206	0.0	0	187.29771340213483	1654.546579596703	1	0	1	3.2884229815313986
296200.0	3000.0	1454.5465795961954	0.0	0	271.25174333370524	1654.5465795967611	1	0	1	3.2884229815313932
297212.967371051	3000.0	1441.579208545165	0.0	0	0.0	1654.546579596703	1	0	1	3.2884229815313963
298200.0	3000.0	1454.5465795961918	0.0	0	95.91785781981889	1654.5465795967611	1	0	1	3.2884229815313932
299200.0	3000.0	1454.5465795961684	0.0	0	138.76219197560567	1654.5465795967611	1	0	1	3.2884229815313932
300440.1424788562	3000.0	1214.4041007399992	0.0	0	0.0	1654.5465795968194	1	0	1	3.288422981531387
301213.2506657878	3000.0	1441.2959138085162	0.0	0	0.0	1654.5465795968776	1	0	1	3.2884229815313812
302200.0	3000.0	1454.5465795963494	0.0	0	435.25517740426585	1654.5465795969358	1	0	1	3.2884229815313755
303200.0	3000.0	1454.5465795964253	0.0	0	20.699724933656398	1654.5465795969358	1	0	1	3.2884229815313755
304200.0	3000.0	1454.546579596364	0.0	0	258.2936030976125	1654.5465795969358	1	0	1	3.2884229815313755
3.65	3.54	3.65	2.71	3.68	4.39	4.26	3.0	3.23	4.24	2.88	3.45	3.44	3.73	4.6	4.78	4.27	3.67	4.69	4.32	3.64	2.87	3.85	3.35	4.01	4.1	4.04	3.5	3.45	4.34	3.06	4.08	3.41	3.96	4.62	3.83	3.83	3.56	4.38	2.22	1.76	4.31	2.54	2.03	4.6	3.74	3.49	3.2	3.82	4.56	3.7	3.6	2.21	2.83	2.85	3.44	2.69	3.39	3.31	4.03	3.85	3.64	3.71	3.78	3.78	4.66	3.71	2.94	2.79	6.31	3.83	4.02	3.35	3.7	3.23	4.08	4.31	3.68	4.04	3.37	3.85	4.36	3.15	4.23	4.51	3.46	4.61	3.78	2.93	3.51	3.72	2.56	3.93	2.99	2.9	2.92	4.26	4.45	4.36	3.05	3.85	4.26	3.95	2.93	3.72	3.28	3.92	3.8	4.56	4.09	4.33	4.4	4.48	3.98	5.06	4.56	3.3	4.6	2.65	4.19	4.77	3.85	4.77	3.71	3.96	3.41	3.59	4.77	4.59	4.24	3.12	3.74	3.58	3.83	4.52	4.66	4.36	4.22	3.9	5.05	4.17	3.38	4.45	2.63	2.4	4.02	4.26	4.24	3.59	4.38	3.65	3.54	3.65	2.71	3.68	4.39	4.26	3.0	3.23	4.24	2.88	3.45	3.44	3.73	4.6	4.78	4.27	3.67	4.69	4.32	3.64	2.87	3.85	3.35	4.01	4.1	4.04	3.5	3.45	4.34	3.06	4.08	3.41	3.96	4.62	3.83	3.83	3.56	4.38	2.22	1.76	4.31	2.54	2.03	4.6	3.74	3.49	3.2	3.82	4.56	3.7	3.6	2.21	2.83	2.85	3.44	2.69	3.39	3.31	4.03	3.85	3.64	3.71	3.78	3.78	4.66	3.71	2.94	2.79	6.31	3.83	4.02	3.35	3.7	3.23	4.08	4.31	3.68	4.04	3.37	3.85	4.36	3.15	4.23	4.51	3.46	4.61	3.78	2.93	3.51	3.72	2.56	3.93	2.99	2.9	2.92	4.26	4.45	4.36	3.05	3.85	4.26	3.95	2.93	3.72	3.28	3.92	3.8	4.56	4.09	4.33	4.4	4.48	3.98	5.06	4.56	3.3	4.6	2.65	4.19	4.77	3.85	4.77	3.71	3.96	3.41	3.59	4.77	4.59	4.24	3.12	3.74	3.58	3.83	4.52	4.66	4.36	4.22	3.9	5.05	4.17	3.38	4.45	2.63	2.4	4.02	4.26	4.24	3.59	4.38	3.65	3.54	3.65	2.71	3.68	4.39
1.0	2.0	3.0	4.0	5.0	6.0	7.0	8.0	9.0	10.0	11.0	12.0	13.0	14.0	15.0	16.0	17.0	18.0	19.0	20.0	21.0	22.0	23.0	24.0	25.0	26.0	27.0	28.0	29.0	30.0	31.0	32.0	33.0	34.0	35.0	36.0	37.0	38.0	39.0	40.0	41.0	42.0	43.0	44.0	45.0	46.0	47.0	48.0	49.0	50.0	51.0	52.0	53.0	54.0	55.0	56.0	57.0	58.0	59.0	60.0	61.0	62.0	63.0	64.0	65.0	66.0	67.0	68.0	69.0	70.0	71.0	72.0	73.0	74.0	75.0	76.0	77.0	78.0	79.0	80.0	81.0	82.0	83.0	84.0	85.0	86.0	87.0	88.0	89.0	90.0	91.0	92.0	93.0	94.0	95.0	96.0	97.0	98.0	99.0	100.0	101.0	102.0	103.0	104.0	105.0	106.0	107.0	108.0	109.0	110.0	111.0	112.0	113.0	114.0	115.0	116.0	117.0	118.0	119.0	120.0	121.0	122.0	123.0	124.0	125.0	126.0	127.0	128.0	129.0	130.0	131.0	132.0	133.0	134.0	135.0	136.0	137.0	138.0	139.0	140.0	141.0	142.0	143.0	144.0	145.0	146.0	147.0	148.0	149.0	149.0	150.0	151.0	152.0	153.0	154.0	155.0	156.0	157.0	158.0	159.0	160.0	161.0	162.0	163.0	164.0	165.0	166.0	167.0	168.0	169.0	170.0	171.0	172.0	173.0	174.0	175.0	176.0	177.0	178.0	179.0	180.0	181.0	182.0	183.0	184.0	185.0	186.0	187.0	188.0	189.0	190.0	191.0	192.0	193.0	194.0	195.0	196.0	197.0	198.0	199.0	200.0	201.0	202.0	203.0	204.0	205.0	206.0	207.0	208.0	209.0	210.0	211.0	212.0	213.0	214.0	215.0	216.0	217.0	218.0	219.0	220.0	221.0	222.0	223.0	224.0	225.0	226.0	227.0	228.0	229.0	230.0	231.0	232.0	233.0	234.0	235.0	236.0	237.0	238.0	239.0	240.0	241.0	242.0	243.0	244.0	245.0	246.0	247.0	248.0	249.0	250.0	251.0	252.0	253.0	254.0	255.0	256.0	257.0	258.0	259.0	260.0	261.0	262.0	263.0	264.0	265.0	266.0	267.0	268.0	269.0	270.0	271.0	272.0	273.0	274.0	275.0	276.0	277.0	278.0	279.0	280.0	281.0	282.0	283.0	284.0	285.0	286.0	287.0	288.0	289.0	290.0	291.0	292.0	293.0	294.0	295.0	296.0	297.0	298.0	298.0	299.0	300.0	301.0	302.0	303.0	304.0
2418.8402121376166
