3072.3394704331	300.0	2000.0	58.50606999930936	0	0.0	3072.3394704331	1	0	1	-0.6576516015503695
5200.0	6000.0	772.2999999999998	0.0	0	306.7496790587502	972.2999999999993	1	0	2	0.9970242643913964
6200.0	3000.0	2872.3	0.0	0	687.5806148234233	3072.2999999999997	1	0	0	2.0575004589311243
9227.259695423008	6000.0	742.3143350346915	0.0	0	0.0	969.5740304576993	1	0	2	3.100873736034809
10200.0	3000.0	2866.848060915399	0.0	0	506.17508451196227	3066.8480609153985	1	0	0	2.0579175269281285
13200.0	6000.0	766.8480609153983	0.0	0	109.85539652562875	966.8480609153976	1	0	2	3.1005510337115694
14200.0	3000.0	2866.8480609154003	0.0	0	677.2804392817488	3066.8480609153994	1	0	0	2.058045652839584
17200.0	6000.0	766.8480609153978	0.0	0	223.13345619276515	966.8480609153976	1	0	2	3.100291529357446
18200.0	3000.0	2866.8480609153976	0.0	0	494.56407860494073	3066.8480609153994	1	0	0	2.0579473761482916
21200.0	6000.0	766.848060915402	0.0	0	539.3720452653615	966.8480609154067	1	0	2	3.0998553841004517
22200.0	3000.0	2866.8480609153994	0.0	0	746.1288338604791	3066.8480609154067	1	0	0	2.058045652839583
25200.0	6000.0	766.8480609154028	0.0	0	572.5304712334655	966.8480609154103	1	0	2	3.099777302784559
26200.0	3000.0	2866.8480609154035	0.0	0	762.3725676929898	3066.848060915414	1	0	0	2.0580456528395827
29200.0	6000.0	766.8480609154014	0.0	0	400.5959687136383	966.8480609154067	1	0	2	3.099985925462967
30200.0	6000.0	2866.848060915398	0.0	0	361.39674732368076	3066.8480609153994	1	0	0	3.7906361779229765
33200.0	6000.0	766.8480609153986	0.0	0	426.09088608510865	966.8480609153994	1	0	2	3.7931298299112246
34268.80099538302	6000.0	2804.9271650706737	0.0	0	0.0	3073.728160453691	1	0	0	3.7884537850822575
37200.0	6000.0	773.7271650706682	0.0	0	121.08886785775394	973.7271650706753	1	0	2	3.7930933842548917
38200.0	6000.0	2873.727165070673	0.0	0	322.31166497834056	3073.7271650706825	1	0	0	3.789878154525459
41200.0	6000.0	773.7271650706737	0.0	0	414.12709069992707	973.7271650706753	1	0	2	3.7924012709396155
42200.0	3000.0	2873.727165070679	0.0	0	578.8415171440574	3073.72716507069	1	0	0	2.0573577424240552
45200.0	6000.0	773.7271650706774	0.0	0	134.36640440455085	973.7271650706825	1	0	2	3.099964095265649
46200.0	3000.0	2873.7271650706743	0.0	0	476.8126967568678	3073.727165070668	1	0	0	2.0572329265232714
49200.0	6000.0	773.7271650706775	0.0	0	271.8599574386608	973.727165070668	1	0	2	3.0992793958928404
50200.0	3000.0	2873.727165070675	0.0	0	397.20699173410685	3073.727165070668	1	0	0	2.0571646370090875
53200.0	6000.0	773.7271650706753	0.0	0	322.00632765203045	973.7271650706607	1	0	2	3.0993543720192798
54200.0	3000.0	2873.7271650706753	0.0	0	558.5980102476315	3073.7271650706534	1	0	0	2.057317898406508
57315.971085226876	6000.0	646.1589713211093	0.0	0	0.0	962.1300565479614	1	0	2	3.1016881030564405
58200.0	3000.0	2850.532948025294	0.0	0	318.21216024377645	3050.532948025262	1	0	0	2.059127186677941
61200.0	6000.0	750.532948025294	0.0	0	273.04844212343596	950.5329480252767	1	0	2	3.101900735180818
62200.0	3000.0	2850.532948025295	0.0	0	708.6069250544388	3050.5329480252694	1	0	0	2.0596771641285967
65200.0	6000.0	750.5329480252942	0.0	0	161.62997850604006	950.5329480252622	1	0	2	3.102272809261938
66200.0	3000.0	2850.5329480253026	0.0	0	446.9100355558112	3050.532948025255	1	0	0	2.0595539898113095
69200.0	6000.0	750.5329480253122	0.0	0	369.9041211812437	950.532948025284	1	0	2	3.1015972808677863
70200.0	3000.0	2850.53294802529	0.0	0	483.7527646145172	3050.532948025284	1	0	0	2.059583976669896
73200.0	6000.0	750.5329480252825	0.0	0	4.555617778401938	950.532948025284	1	0	2	3.1034730954677867
74200.0	3000.0	2850.5329480252776	0.0	0	589.8598676831025	3050.532948025284	1	0	0	2.059634758374864
77200.0	6000.0	750.5329480252844	0.0	0	499.7630750401586	950.5329480252985	1	0	2	3.1014607364476254
78200.0	3000.0	2850.53294802529	0.0	0	675.4475722505013	3050.532948025313	1	0	0	2.0596771641285927
81200.0	6000.0	750.5329480253026	0.0	0	201.34311900587636	950.5329480253276	1	0	2	3.1020247470479396
82200.0	3000.0	2850.5329480252994	0.0	0	638.9399991285754	3050.532948025313	1	0	0	2.0596771641285923
85200.0	6000.0	750.5329480252967	0.0	0	137.78861601692915	950.532948025284	1	0	2	3.102163127027648
86200.0	3000.0	2850.532948025292	0.0	0	606.9267480076523	3050.5329480252694	1	0	0	2.059657109922237
89200.0	6000.0	750.5329480253172	0.0	0	543.656435719633	950.5329480252985	1	0	2	3.101422431461472
90200.0	3000.0	2850.5329480253044	0.0	0	608.36711605663	3050.5329480252694	1	0	0	2.0596421197698245
93200.0	6000.0	750.5329480252749	0.0	0	397.7419127043977	950.5329480252112	1	0	2	3.1015681236085997
94200.0	6000.0	2850.5329480252826	0.0	0	436.8157301329484	3050.5329480251967	1	0	0	3.792419340495149
97200.0	6000.0	750.5329480252802	0.0	0	31.71385434527474	950.5329480251821	1	0	2	3.7962825391679518
98200.0	6000.0	2850.532948025285	0.0	0	429.37023293218226	3050.5329480251967	1	0	0	3.7923923847678163
101200.0	6000.0	750.5329480252742	0.0	0	205.80259528300667	950.5329480251821	1	0	2	3.795043296153147
102200.0	6000.0	2850.532948025286	0.0	0	35.4616883037379	3050.532948025182	1	0	0	3.7912391825395195
105200.0	6000.0	750.532948025284	0.0	0	257.395422569738	950.5329480251967	1	0	2	3.7951019649992945
106200.0	3000.0	2850.5329480252703	0.0	0	676.6644661657192	3050.5329480251676	1	0	0	2.0596771641286056
109200.0	6000.0	750.5329480252592	0.0	0	362.4605663336406	950.5329480251385	1	0	2	3.1016430043004357
110200.0	6000.0	2850.532948025259	0.0	0	279.4516978353786	3050.532948025153	1	0	0	3.792118534010231
113200.0	6000.0	750.5329480252618	0.0	0	396.92562044436636	950.532948025153	1	0	2	3.7947789961717144
114200.0	6000.0	2850.5329480252626	0.0	0	80.76926329020353	3050.5329480251676	1	0	0	3.791644524510759
117200.0	6000.0	750.5329480252558	0.0	0	102.80063692777185	950.5329480251676	1	0	2	3.795697062949016
118200.0	3000.0	2850.5329480252653	0.0	0	541.4562889826921	3050.532948025153	1	0	0	2.0595961746598177
121200.0	6000.0	750.5329480252676	0.0	0	284.43314001370163	950.5329480251385	1	0	2	3.101858940750147
122200.0	3000.0	2850.532948025277	0.0	0	548.5401765549177	3050.532948025153	1	0	0	2.0596311156378797
125200.0	6000.0	750.5329480252715	0.0	0	169.34138628083747	950.532948025153	1	0	2	3.1021611678957757
126200.0	3000.0	2850.5329480252667	0.0	0	530.806596074719	3050.532948025153	1	0	0	2.059638814472736
129231.01573189428	6000.0	716.4156429415552	0.0	0	0.0	947.431374835709	1	0	2	3.1034383150692273
130200.0	3000.0	2844.329801646394	0.0	0	520.3173303410731	3044.3298016462504	1	0	0	2.060166945598788
133200.0	6000.0	744.3298016463759	0.0	0	198.39879993343493	944.329801646265	1	0	2	3.1025332063776085
134200.0	3000.0	2844.3298016463827	0.0	0	627.7250213992957	3044.329801646294	1	0	0	2.060297478766496
137200.0	6000.0	744.3298016463739	0.0	0	25.719563199119875	944.3298016463232	1	0	2	3.1038088505764323
138200.0	3000.0	2844.3298016463978	0.0	0	594.8180328728049	3044.3298016463523	1	0	0	2.0602630072154926
141200.0	6000.0	744.329801646414	0.0	0	407.58391401314293	944.3298016464105	1	0	2	3.102171273458775
142200.0	3000.0	2844.3298016463964	0.0	0	547.4972741638776	3044.3298016464105	1	0	0	2.060228871234303
145208.12899860172	6000.0	735.3879031845215	0.0	0	25.925412864016835	943.5169017862645	1	0	2	3.1028902463774153
146200.0	3000.0	2842.704001926081	0.0	0	444.3130980692804	3042.7040019261185	1	0	0	2.0603056309358756
149200.0	6000.0	742.7040019260709	0.0	0	79.72885279776528	942.7040019261185	1	0	2	3.1031869564775705
150200.0	3000.0	2842.7040019260403	0.0	0	430.7616230582353	3042.7040019261185	1	0	0	2.0603219906752526
153241.62048589115	6000.0	696.9214674457996	0.0	0	0.0	938.5419533369713	1	0	2	3.1042182503712725
154200.0	3000.0	2834.37990474786	0.0	0	418.62752396881115	3034.3799047478824	1	0	0	2.0610724987707787
157200.0	6000.0	734.379904747854	0.0	0	35.33044193137903	934.3799047479115	1	0	2	3.1044020202883744
158200.0	3000.0	2834.379904747841	0.0	0	551.2301940028556	3034.3799047478824	1	0	0	2.0612139666135927
161200.0	6000.0	734.3799047478591	0.0	0	180.27647160130437	934.3799047479406	1	0	2	3.10373360872463
162200.0	3000.0	2834.3799047478587	0.0	0	701.8571598633425	3034.3799047479406	1	0	0	2.0612924684563296
165200.0	6000.0	734.3799047478681	0.0	0	471.6568408176536	934.3799047479697	1	0	2	3.1031225590158904
166200.0	3000.0	2834.3799047478674	0.0	0	671.0161865609698	3034.3799047479697	1	0	0	2.061292468456327
169200.0	6000.0	734.3799047478255	0.0	0	496.8847484966391	934.3799047478824	1	0	2	3.1031267397639226
170200.0	6000.0	2834.3799047478315	0.0	0	132.31461829438922	3034.3799047478824	1	0	0	3.79335879446775
173200.0	6000.0	734.3799047478202	0.0	0	320.9073950285383	934.3799047478824	1	0	2	3.7964542855953827
174200.0	6000.0	2834.3799047478324	0.0	0	434.76433787611313	3034.3799047478824	1	0	0	3.7940190753501217
177200.0	6000.0	734.3799047478288	0.0	0	324.6349708106718	934.3799047478533	1	0	2	3.7965714475025996
178200.0	6000.0	2834.3799047478265	0.0	0	433.96805599480285	3034.379904747795	1	0	0	3.7940726970683185
181491.91381746714	6000.0	413.2747055339312	0.0	0	0.0	905.1885230010375	1	0	2	3.7991363994013474
182200.0	3000.0	2775.9971412543377	0.0	0	118.51020706296549	2975.99714125428	1	0	0	2.065220411107953
185200.0	6000.0	675.9971412543416	0.0	0	31.15069816680625	875.9971412543091	1	0	2	3.1100521746162717
186200.0	3000.0	2775.9971412543323	0.0	0	628.7849775449722	2975.997141254338	1	0	0	2.0671307448056915
189200.0	6000.0	675.9971412543412	0.0	0	68.64439542766195	875.9971412543673	1	0	2	3.1100428016631296
190200.0	3000.0	2775.997141254335	0.0	0	693.9561490752676	2975.9971412543964	1	0	0	2.0671307448056866
193200.0	6000.0	675.9971412543745	0.0	0	509.9054060773633	875.9971412544255	1	0	2	3.108927528754669
194200.0	3000.0	2775.99714125437	0.0	0	425.8602140030998	2975.9971412543964	1	0	0	2.0669369032662988
197200.0	6000.0	675.9971412543953	0.0	0	168.61938778919284	875.9971412544255	1	0	2	3.10962428304377
198200.0	3000.0	2775.997141254352	0.0	0	682.2212777005625	2975.9971412543673	1	0	0	2.067130744805688
201200.0	6000.0	675.9971412543251	0.0	0	447.0071293411602	875.9971412543382	1	0	2	3.1089906059069667
202200.0	3000.0	2775.997141254339	0.0	0	731.036452620494	2975.9971412543673	1	0	0	2.067130744805687
205200.0	6000.0	675.9971412543233	0.0	0	228.9311404604232	875.9971412543091	1	0	2	3.109367781177959
206200.0	3000.0	2775.997141254307	0.0	0	626.2415196026559	2975.997141254309	1	0	0	2.0671307448056933
209200.0	6000.0	675.9971412543009	0.0	0	334.2858841159905	875.99714125428	1	0	2	3.109104898905443
210200.0	3000.0	2775.9971412542764	0.0	0	692.3129723709135	2975.99714125428	1	0	0	2.0671307448056946
213200.0	6000.0	675.997141254283	0.0	0	349.3124109894852	875.99714125428	1	0	2	3.109145862973989
214200.0	3000.0	2775.9971412542877	0.0	0	459.2070902592386	2975.997141254309	1	0	0	2.066991061671555
217200.0	6000.0	675.99714125427	0.0	0	191.14719987858552	875.9971412542218	1	0	2	3.1093003076537222
218200.0	3000.0	2775.997141254267	0.0	0	435.6797721798357	2975.997141254251	1	0	0	2.0669436523815645
221200.0	6000.0	675.997141254237	0.0	0	391.6085351075453	875.9971412542509	1	0	2	3.1090217520197383
222200.0	3000.0	2775.997141254241	0.0	0	678.8857286994171	2975.997141254251	1	0	0	2.067130744805699
225200.0	6000.0	675.9971412542305	0.0	0	13.912351652805228	875.9971412542218	1	0	2	3.110355043381253
226200.0	3000.0	2775.9971412542504	0.0	0	588.4202910002496	2975.997141254251	1	0	0	2.067102582547569
229200.0	6000.0	675.9971412542737	0.0	0	480.5568259067659	875.9971412542509	1	0	2	3.108927455700012
230200.0	3000.0	2775.9971412542827	0.0	0	613.3688448996982	2975.997141254251	1	0	0	2.0671247992022748
233204.34133323884	6000.0	671.2216746915675	0.0	0	12.19283640073263	875.563007930381	1	0	2	3.1098004234693444
234200.0	3000.0	2775.1288746065225	0.0	0	155.97514081018744	2975.128874606511	1	0	0	2.066508515275636
237200.0	6000.0	675.1288746065251	0.0	0	215.60806751798373	875.128874606482	1	0	2	3.1093814751538345
238200.0	3000.0	2775.1288746065384	0.0	0	466.78319395065773	2975.12887460654	1	0	0	2.067098033847127
241200.0	6000.0	675.128874606522	0.0	0	177.36018383441842	875.1288746065402	1	0	2	3.109698144193721
242200.0	3000.0	2775.128874606539	0.0	0	500.2663570086879	2975.1288746065693	1	0	0	2.0671224211490675
245200.0	6000.0	675.1288746065126	0.0	0	290.14382092718733	875.1288746065402	1	0	2	3.1093172304726986
246200.0	3000.0	2775.128874606494	0.0	0	712.3747749992181	2975.12887460654	1	0	0	2.0672175714704686
249200.0	6000.0	675.1288746065055	0.0	0	412.70795206475304	875.1288746065693	1	0	2	3.1091135340750267
250200.0	3000.0	2775.1288746065243	0.0	0	719.5650405008637	2975.12887460654	1	0	0	2.0672175714704677
253200.0	6000.0	675.1288746065322	0.0	0	323.07861822421546	875.1288746065693	1	0	2	3.109156145874697
254200.0	3000.0	2775.128874606524	0.0	0	621.8137378175743	2975.1288746065693	1	0	0	2.067210104302343
257200.0	6000.0	675.1288746065476	0.0	0	69.3357427737501	875.1288746066275	1	0	2	3.1099820727721124
258200.0	3000.0	2775.1288746065543	0.0	0	580.280643765378	2975.1288746066275	1	0	0	2.067204663535577
261200.0	6000.0	675.1288746065468	0.0	0	412.35480059322435	875.1288746065984	1	0	2	3.1091033664413383
262200.0	3000.0	2775.12887460654	0.0	0	291.1788982927974	2975.1288746065693	1	0	0	2.0668101579792206
265200.0	6000.0	675.1288746065264	0.0	0	129.67345079104416	875.1288746065111	1	0	2	3.1094353920277396
266200.0	3000.0	2775.1288746064943	0.0	0	291.9209880280541	2975.128874606453	1	0	0	2.0666859632653694
269200.0	6000.0	675.128874606464	0.0	0	333.23150314437225	875.1288746063365	1	0	2	3.1092144139771545
270200.0	3000.0	2775.128874606473	0.0	0	717.141575919406	2975.1288746063947	1	0	0	2.067217571470489
273240.4066535003	6000.0	630.6815557561551	0.0	0	0.0	871.0882092563552	1	0	2	3.110995966601096
274200.0	3000.0	2767.0475439063725	0.0	0	440.45887618814595	2967.0475439063157	1	0	0	2.0678189881408606
277202.07846181066	6000.0	664.7612359146178	0.0	0	0.0	866.8396977251978	1	0	2	3.1112108539913153
278200.0	3000.0	2766.6318515441776	0.0	0	526.4453954520286	2966.631851544138	1	0	0	2.06794063025341
281200.0	6000.0	666.6318515442169	0.0	0	394.8097489080974	866.631851544138	1	0	2	3.109988916328412
282200.0	3000.0	2766.6318515442517	0.0	0	653.0802276668255	2966.631851544138	1	0	0	2.0680672737767103
285200.0	6000.0	666.6318515442639	0.0	0	266.4705465490115	866.6318515440798	1	0	2	3.110302804040274
286200.0	3000.0	2766.631851544252	0.0	0	614.6807111013914	2966.6318515440216	1	0	0	2.0680672737767183
289200.0	6000.0	666.6318515442911	0.0	0	91.8682720225188	866.631851544138	1	0	2	3.110945050695937
290200.0	3000.0	2766.6318515442995	0.0	0	639.1420509397285	2966.6318515441963	1	0	0	2.068067273776709
293200.0	6000.0	666.6318515442975	0.0	0	337.81373840675224	866.631851544138	1	0	2	3.1100777762604177
294200.0	3000.0	2766.631851544297	0.0	0	590.422980999283	2966.6318515440216	1	0	0	2.068066275606764
297200.0	6000.0	666.6318515443297	0.0	0	57.45531282160664	866.6318515440798	1	0	2	3.1109517281308685
298200.0	3000.0	2766.6318515443554	0.0	0	464.6818962136749	2966.6318515440216	1	0	0	2.0679404005267457
301200.0	6000.0	666.6318515443717	0.0	0	41.378729717747774	866.6318515439634	1	0	2	3.111266204006048
302200.0	3000.0	2766.63185154438	0.0	0	584.796938782034	2966.6318515439634	1	0	0	2.06803096541624
305200.0	6000.0	666.63185154439	0.0	0	70.73284895485267	866.6318515440798	1	0	2	3.110820501522134
306200.0	3000.0	2766.631851544396	0.0	0	376.3217693215702	2966.63185154408	1	0	0	2.0678713148825194
309200.0	6000.0	666.6318515444501	0.0	0	256.82291046285536	866.6318515440798	1	0	2	3.1103694935020685
310200.0	3000.0	2766.63185154448	0.0	0	582.4146615230711	2966.631851544138	1	0	0	2.068037064080924
313200.0	6000.0	666.6318515444955	0.0	0	508.43709410802694	866.631851544138	1	0	2	3.10985617281578
314200.0	3000.0	2766.6318515445328	0.0	0	433.04245384433307	2966.631851544138	1	0	0	2.0679169357456972
317253.7635422286	6000.0	607.491955093131	0.0	0	0.0	861.2554973213701	1	0	2	3.1122965545086503
318200.0	3000.0	2755.879143098835	0.0	0	619.3261497073108	2955.8791430984857	1	0	0	2.069074539777415
321200.0	6000.0	655.8791430988125	0.0	0	478.68010346824303	855.8791430985439	1	0	2	3.1109743035474016
322200.0	3000.0	2755.8791430987994	0.0	0	628.4762447741232	2955.879143098544	1	0	0	2.0691425446212697
325200.0	6000.0	655.8791430987287	0.0	0	421.44869641878176	855.8791430984857	1	0	2	3.111047269147552
326200.0	3000.0	2755.8791430987317	0.0	0	632.5969789520605	2955.8791430984274	1	0	0	2.069139711165265
329200.0	6000.0	655.8791430986493	0.0	0	496.2042501287069	855.879143098311	1	0	2	3.1109648123251072
330200.0	6000.0	2755.8791430986257	0.0	0	267.67596209642943	2955.879143098311	1	0	0	3.8017558574037724
333200.0	6000.0	655.8791430985868	0.0	0	127.52386966737686	855.8791430981946	1	0	2	3.804857391054073
334200.0	3000.0	2755.8791430985884	0.0	0	535.9164185812115	2955.879143098253	1	0	0	2.069102569092383
337200.0	6000.0	655.8791430986531	0.0	0	396.2835750905797	855.879143098311	1	0	2	3.111091965991976
338200.0	3000.0	2755.8791430985943	0.0	0	542.968556776701	2955.879143098253	1	0	0	2.0690769430752294
341200.0	6000.0	655.8791430986075	0.0	0	104.7278589134221	855.879143098311	1	0	2	3.111648264171999
342200.0	3000.0	2755.8791430986444	0.0	0	522.2080469374196	2955.8791430983692	1	0	0	2.069048446574341
345200.0	6000.0	655.8791430986482	0.0	0	323.85413453530055	855.8791430984274	1	0	2	3.111325565691133
346200.0	3000.0	2755.8791430987158	0.0	0	646.7174903925625	2955.8791430984857	1	0	0	2.069142544621279
349200.0	6000.0	655.8791430986821	0.0	0	226.5462456473033	855.8791430984857	1	0	2	3.111477546226057
350200.0	3000.0	2755.8791430986535	0.0	0	690.5607773672673	2955.8791430983692	1	0	0	2.069142544621282
353200.0	6000.0	655.879143098631	0.0	0	345.68442740116734	855.879143098311	1	0	2	3.111114858613318
354200.0	3000.0	2755.8791430985707	0.0	0	557.4956055426737	2955.8791430981946	1	0	0	2.0690843180496032
357200.0	6000.0	655.8791430986857	0.0	0	27.34154213767033	855.8791430983692	1	0	2	3.1123376223843975
358200.0	3000.0	2755.879143098658	0.0	0	531.1524518043734	2955.879143098311	1	0	0	2.069040985856241
361200.0	6000.0	655.8791430987194	0.0	0	320.33307818119647	855.879143098311	1	0	2	3.1110311288721673
362200.0	3000.0	2755.87914309872	0.0	0	569.2112730554072	2955.8791430983692	1	0	0	2.0690934920985957
365200.0	6000.0	655.8791430988065	0.0	0	370.7903042471735	855.8791430984857	1	0	2	3.1111020795354083
366200.0	3000.0	2755.87914309883	0.0	0	510.957039003144	2955.8791430984274	1	0	0	2.0690440558283005
369200.0	6000.0	655.8791430987732	0.0	0	15.924624279374257	855.8791430983692	1	0	2	3.1119978044522725
370200.0	3000.0	2755.8791430987812	0.0	0	87.8878695978201	2955.8791430984274	1	0	0	2.0674425798273317
373200.0	6000.0	655.8791430987956	0.0	0	292.1556969161029	855.8791430984857	1	0	2	3.111217800059621
374200.0	3000.0	2755.8791430988667	0.0	0	616.9849871924962	2955.8791430984857	1	0	0	2.0691425446212754
377200.0	6000.0	655.8791430988059	0.0	0	62.82885072584031	855.879143098311	1	0	2	3.1118935691692995
378200.0	3000.0	2755.879143098765	0.0	0	610.0562785893562	2955.8791430983692	1	0	0	2.069126091353907
381200.0	6000.0	655.8791430988098	0.0	0	259.2452368889353	855.8791430983692	1	0	2	3.1113016473874815
382200.0	3000.0	2755.8791430987453	0.0	0	644.634215804399	2955.8791430983692	1	0	0	2.069142544621287
385200.0	6000.0	655.8791430986835	0.0	0	220.53347041236702	855.879143098311	1	0	2	3.1114334418658935
386200.0	3000.0	2755.8791430986907	0.0	0	664.9996697086026	2955.879143098311	1	0	0	2.0691425446212954
389200.0	6000.0	655.8791430986414	0.0	0	316.9699805674027	855.8791430982528	1	0	2	3.1112179969932177
390200.0	3000.0	2755.8791430986807	0.0	0	720.0636756593012	2955.8791430983692	1	0	0	2.0691425446212905
393200.0	6000.0	655.8791430986345	0.0	0	289.49949802533956	855.8791430983692	1	0	2	3.1110899942737085
394200.0	6000.0	2755.879143098585	0.0	0	140.8511863790336	2955.8791430983692	1	0	0	3.8011391229627165
397200.0	6000.0	655.8791430986191	0.0	0	548.0542218973278	855.8791430984274	1	0	2	3.804033067042641
398200.0	3000.0	2755.879143098603	0.0	0	513.9839947373839	2955.8791430983692	1	0	0	2.0690575997022966
401200.0	6000.0	655.8791430985736	0.0	0	48.047881460457575	855.8791430983692	1	0	2	3.1123446743325642
402200.0	3000.0	2755.8791430985502	0.0	0	564.7687870508526	2955.8791430983692	1	0	0	2.069058977626728
405200.0	6000.0	655.8791430984984	0.0	0	477.6246957392432	855.8791430982528	1	0	2	3.1110109748382717
406200.0	3000.0	2755.879143098484	0.0	0	666.541775424208	2955.879143098311	1	0	0	2.069142544621292
409200.0	6000.0	655.8791430985514	0.0	0	306.36191359267104	855.879143098311	1	0	2	3.1111350962851545
410200.0	3000.0	2755.8791430985802	0.0	0	548.3654454247444	2955.8791430981946	1	0	0	2.0690717936317005
413200.0	6000.0	655.8791430985863	0.0	0	122.10853492742172	855.8791430981946	1	0	2	3.111697919227998
414200.0	3000.0	2755.8791430985148	0.0	0	541.8539753926452	2955.8791430981364	1	0	0	2.0690586836030542
417200.0	6000.0	655.8791430985217	0.0	0	193.13876671832986	855.8791430980782	1	0	2	3.1115752583514507
418200.0	3000.0	2755.879143098536	0.0	0	637.2771465442493	2955.879143098078	1	0	0	2.0691425446213207
421200.0	6000.0	655.8791430985284	0.0	0	406.3839605167741	855.87914309802	1	0	2	3.1110610291038787
422200.0	3000.0	2755.879143098554	0.0	0	489.5693304896122	2955.87914309802	1	0	0	2.0690680750678325
425200.0	6000.0	655.8791430984671	0.0	0	335.51306897058384	855.8791430979618	1	0	2	3.1111694987735175
426200.0	3000.0	2755.8791430984297	0.0	0	354.7962196384324	2955.87914309802	1	0	0	2.0688712697063045
429200.0	6000.0	655.8791430984832	0.0	0	28.847192490764428	855.87914309802	1	0	2	3.1123120976788314
430200.0	3000.0	2755.879143098511	0.0	0	647.3255228557973	2955.8791430981946	1	0	0	2.069142544621315
433200.0	6000.0	655.8791430984932	0.0	0	308.4986337442533	855.8791430982528	1	0	2	3.11107449182036
434200.0	3000.0	2755.8791430985257	0.0	0	525.4480582446558	2955.879143098253	1	0	0	2.069080173587979
437200.0	6000.0	655.8791430984998	0.0	0	447.0185385882505	855.8791430981946	1	0	2	3.110977533806544
438200.0	3000.0	2755.879143098528	0.0	0	631.9591601711581	2955.8791430981946	1	0	0	2.069142544621308
441200.0	6000.0	655.8791430984852	0.0	0	237.41110510687577	855.8791430981946	1	0	2	3.111296486471713
442200.0	3000.0	2755.8791430985107	0.0	0	682.3367879333091	2955.879143098253	1	0	0	2.0691425446213003
445200.0	6000.0	655.8791430984734	0.0	0	88.1224756258307	855.8791430982528	1	0	2	3.112281281682039
446200.0	3000.0	2755.8791430984525	0.0	0	511.5956255485653	2955.8791430981946	1	0	0	2.0690383223089284
449200.0	6000.0	655.8791430984511	0.0	0	331.6043409623089	855.8791430982528	1	0	2	3.111090168019163
450200.0	3000.0	2755.879143098477	0.0	0	279.9114435481606	2955.8791430981946	1	0	0	2.0687354347184215
453200.0	6000.0	655.8791430985035	0.0	0	133.90057365020039	855.8791430982528	1	0	2	3.1115433200778497
454200.0	3000.0	2755.8791430984998	0.0	0	381.2557546538301	2955.8791430981946	1	0	0	2.068896711885306
457200.0	6000.0	655.8791430984337	0.0	0	202.7674338821089	855.8791430981364	1	0	2	3.111461991051289
458200.0	3000.0	2755.8791430985284	0.0	0	621.1361797171994	2955.879143098311	1	0	0	2.069121956894427
461200.0	6000.0	655.8791430985674	0.0	0	458.2046467671753	855.879143098311	1	0	2	3.110996448210401
462200.0	3000.0	2755.8791430985157	0.0	0	719.1296734780772	2955.879143098253	1	0	0	2.069142544621295
465200.0	6000.0	655.8791430984893	0.0	0	360.072458626295	855.8791430982528	1	0	2	3.111122714703594
466200.0	3000.0	2755.8791430984884	0.0	0	744.6767781303497	2955.879143098311	1	0	0	2.069142544621293
469200.0	6000.0	655.8791430984486	0.0	0	206.30659661471145	855.8791430983692	1	0	2	3.111379647888323
470200.0	3000.0	2755.879143098406	0.0	0	663.0014913194464	2955.8791430983692	1	0	0	2.069142544621287
473200.0	6000.0	655.8791430983492	0.0	0	219.31825351237785	855.8791430982528	1	0	2	3.111494332986412
474200.0	3000.0	2755.8791430983424	0.0	0	641.7262526470586	2955.879143098253	1	0	0	2.0691425446212985
477200.0	6000.0	655.8791430984109	0.0	0	438.21682527457597	855.8791430983692	1	0	2	3.1109791493332244
478200.0	3000.0	2755.8791430983933	0.0	0	437.27706500072964	2955.8791430983692	1	0	0	2.0690389566635945
481293.14996290085	6000.0	553.4141839074723	0.0	0	0.0	846.5641468084068	1	0	2	3.113567608523855
482200.0	3000.0	2737.249150518237	0.0	0	432.0625829179771	2937.249150518328	1	0	0	2.0707523901832996
485200.0	6000.0	637.2491505182693	0.0	0	103.37788892153185	837.2491505184444	1	0	2	3.113501803616483
486200.0	3000.0	2737.2491505183	0.0	0	649.0494579707156	2937.249150518561	1	0	0	2.0710055438792736
489200.0	6000.0	637.2491505183428	0.0	0	432.21161589364056	837.2491505187354	1	0	2	3.11289396623122
490200.0	3000.0	2737.2491505183652	0.0	0	663.2866070517921	2937.2491505187354	1	0	0	2.071005543879246
493366.54909699864	6000.0	454.0451438198853	0.0	0	0.0	820.5942408189294	1	0	2	3.115474998566235
494200.0	3000.0	2703.9393311186677	0.0	0	419.90125119686127	2903.939331119065	1	0	0	2.0738620663943625
497200.0	6000.0	603.9393311186016	0.0	0	382.8394791157916	803.9393311188905	1	0	2	3.1162918687931005
498200.0	3000.0	2703.9393311185418	0.0	0	616.1002095034346	2903.9393311188323	1	0	0	2.0743365258192386
501200.0	6000.0	603.9393311186022	0.0	0	303.298630186473	803.9393311188323	1	0	2	3.1164798494816104
502200.0	3000.0	2703.9393311185527	0.0	0	646.0857771253795	2903.939331118774	1	0	0	2.074336525819243
505200.0	6000.0	603.9393311185155	0.0	0	442.7168847389403	803.9393311187159	1	0	2	3.116237845485076
506200.0	3000.0	2703.9393311184917	0.0	0	677.146888657473	2903.939331118774	1	0	0	2.0743365258192488
509200.0	6000.0	603.9393311184915	0.0	0	236.29156021191739	803.9393311187741	1	0	2	3.1164862598822713
510200.0	3000.0	2703.9393311184654	0.0	0	561.4242523157154	2903.9393311186577	1	0	0	2.07430877719392
513200.0	6000.0	603.9393311185063	0.0	0	170.61913413420552	803.9393311187159	1	0	2	3.1168621842890256
514200.0	3000.0	2703.9393311185077	0.0	0	515.1219128324883	2903.939331118716	1	0	0	2.0742673134874154
517200.0	6000.0	603.9393311184722	0.0	0	158.57258116285084	803.9393311186577	1	0	2	3.1168361903249764
518200.0	3000.0	2703.9393311185354	0.0	0	536.8731401986443	2903.939331118716	1	0	0	2.074234771511904
521200.0	6000.0	603.9393311185166	0.0	0	454.32974148500944	803.9393311186577	1	0	2	3.116209285512178
522200.0	3000.0	2703.939331118432	0.0	0	689.6862819736707	2903.9393311186577	1	0	0	2.0743365258192625
525200.0	6000.0	603.9393311183633	0.0	0	328.0292104575783	803.9393311185995	1	0	2	3.1164139757543863
526200.0	3000.0	2703.93933111827	0.0	0	703.5479866039241	2903.939331118425	1	0	0	2.0743365258192723
529200.0	6000.0	603.9393311182648	0.0	0	72.68126828176901	803.9393311185995	1	0	2	3.1171241374112206
530200.0	3000.0	2703.9393311181843	0.0	0	529.5258863419294	2903.9393311182503	1	0	0	2.0742799946752584
533511.1259855485	6000.0	379.26334960206503	106.87509326112274	0	0.0	890.3893351505976	1	0	2	2.467397555935891
534200.0	2000.0	2759.2767365956474	0.0	0	336.7977098459378	2959.2767365955515	1	0	0	1.054239211913813
537200.0	6000.0	659.2767365957018	0.0	0	67.51158219133504	859.2767365955515	1	0	2	2.7063316923913554
538200.0	3000.0	2759.2767365957457	0.0	0	592.3652918400476	2959.276736595668	1	0	0	2.0687899491331514
541200.0	6000.0	659.2767365958174	0.0	0	384.2266326138051	859.2767365957843	1	0	2	3.110776518655367
542200.0	3000.0	2759.276736595863	0.0	0	733.0490396616515	2959.276736595668	1	0	0	2.068802785271548
545200.0	6000.0	659.2767365958803	0.0	0	433.6330167062115	859.2767365956679	1	0	2	3.110712543014699
546200.0	3000.0	2759.276736595879	0.0	0	580.3969913000474	2959.2767365955515	1	0	0	2.068766358986981
549200.0	6000.0	659.2767365959403	0.0	0	373.1719890376553	859.2767365957843	1	0	2	3.110757208310951
550200.0	3000.0	2759.276736596039	0.0	0	578.0042789950967	2959.2767365959007	1	0	0	2.068802785271548
553295.1201138897	6000.0	554.6446113173317	0.0	0	0.0	849.7647252070019	1	0	2	3.112988250920643
554200.0	3000.0	2740.2527138180612	0.0	0	430.9749463163316	2940.252713817754	1	0	0	2.0704554529345707
557200.0	6000.0	640.2527138182495	0.0	0	99.70621337066405	840.2527138179867	1	0	2	3.1134157180356916
558200.0	3000.0	2740.252713818324	0.0	0	593.9417029587785	2940.252713818103	1	0	0	2.0706938173767315
561473.5455652168	6000.0	433.69568730496053	85.76645020468823	0	0.0	907.2412525214022	1	0	2	2.59260899617839
562200.0	2000.0	2779.8866959999195	0.0	0	417.68514901632443	2979.886695999652	1	0	0	1.0524771894352813
565200.0	6000.0	679.8866959999419	0.0	0	38.75906414911151	879.8866959996521	1	0	2	2.7048528724355094
566200.0	3000.0	2779.886695999984	0.0	0	677.531001697178	2979.886695999652	1	0	0	2.0667417893311635
569200.0	6000.0	679.8866959999357	0.0	0	172.26111404562835	879.8866959996521	1	0	2	3.1090546847033487
570200.0	3000.0	2779.886696000038	0.0	0	649.2615122920834	2979.886695999652	1	0	0	2.066741789331159
573200.0	6000.0	679.8866959998822	0.0	0	174.8711895328015	879.8866959995357	1	0	2	3.1089850714508063
574200.0	3000.0	2779.8866959998863	0.0	0	504.4268710502656	2979.886695999652	1	0	0	2.0666640995812253
577200.0	6000.0	679.886695999888	0.0	0	380.9167902597692	879.8866959995357	1	0	2	3.1086486804529154
578200.0	3000.0	2779.8866959999123	0.0	0	713.5667119303253	2979.886695999303	1	0	0	2.0667417893311866
581200.0	6000.0	679.8866959999311	0.0	0	231.52170168305747	879.8866959994193	1	0	2	3.1088997945684067
582200.0	3000.0	2779.8866959999964	0.0	0	518.8532378831878	2979.8866959994193	1	0	0	2.0666617986237745
585200.0	6000.0	679.8866960001748	0.0	0	144.1401407129597	879.8866959996521	1	0	2	3.1090460239333977
586200.0	3000.0	2779.8866960002215	0.0	0	575.1461734161712	2979.886695999652	1	0	0	2.0666747016055016
589200.0	6000.0	679.886696000185	0.0	0	265.67232180095743	879.8866959996521	1	0	2	3.1088482311746954
590200.0	3000.0	2779.8866960001383	0.0	0	706.0449150159257	2979.886695999652	1	0	0	2.066741789331161
593200.0	6000.0	679.8866960000203	0.0	0	189.77922942419536	879.8866959995357	1	0	2	3.1090220966599893
594200.0	3000.0	2779.8866960000864	0.0	0	690.3834228521446	2979.886695999652	1	0	0	2.066741789331166
597245.809315131	6000.0	629.4964493559721	0.0	0	0.0	875.305764486664	1	0	2	3.109959937815181
598200.0	3000.0	2770.7248329739227	0.0	0	370.90341442800127	2970.7248329735594	1	0	0	2.0673042592138167
9.28	7.75	5.75	6.96	8.91	10.7	7.2	5.42	11.1	12.0	11.6	11.3	11.0	12.2	10.3	6.15	8.98	8.88	9.33	8.75	6.45	7.29	13.1	6.12	10.0	7.61	6.07	7.17	8.75	11.3	5.78	7.39	8.22	5.55	4.0	9.01	11.3	8.06	8.64	8.86	8.72	8.34	11.7	10.7	14.2	11.3	6.65	10.7	8.22	7.25	9.73	10.9	11.3	9.16	8.82	7.94	6.26	8.2	8.97	8.65	7.38	8.34	6.09	8.24	8.88	10.3	6.65	9.5	9.81	8.56	9.01	5.07	8.95	7.45	5.49	7.81	5.97	8.48	8.69	9.86	9.53	11.6	11.1	9.29	8.13	9.09	11.8	14.4	7.16	4.9	8.62	8.6	7.98	10.2	10.1	6.78	7.39	10.8	11.0	9.81	8.24	10.1	11.0	10.4	6.89	7.22	7.74	6.8	9.51	9.06	8.22	8.54	14.1	8.29	8.36	4.81	6.58	6.59	8.77	7.33	12.3	9.57	8.77	11.3	11.4	6.54	7.62	9.08	8.64	5.48	8.29	5.02	9.22	10.5	7.06	7.96	6.64	8.36	9.41	10.7	7.29	8.29	6.54	10.2	7.96	8.84	8.39	8.2	6.06	7.01	9.28	7.75	5.75	6.96	8.91	10.7	7.2	5.42	11.1	12.0	11.6	11.3	11.0	12.2	10.3	6.15	8.98	8.88	9.33	8.75	6.45	7.29	13.1	6.12	10.0	7.61	6.07	7.17	8.75	11.3	5.78	7.39	8.22	5.55	4.0	9.01	11.3	8.06	8.64	8.86	8.72	8.34	11.7	10.7	14.2	11.3	6.65	10.7	8.22	7.25	9.73	10.9	11.3	9.16	8.82	7.94	6.26	8.2	8.97	8.65	7.38	8.34	6.09	8.24	8.88	10.3	6.65	9.5	9.81	8.56	9.01	5.07	8.95	7.45	5.49	7.81	5.97	8.48	8.69	9.86	9.53	11.6	11.1	9.29	8.13	9.09	11.8	14.4	7.16	4.9	8.62	8.6	7.98	10.2	10.1	6.78	7.39	10.8	11.0	9.81	8.24	10.1	11.0	10.4	6.89	7.22	7.74	6.8	9.51	9.06	8.22	8.54	14.1	8.29	8.36	4.81	6.58	6.59	8.77	7.33	12.3	9.57	8.77	11.3	11.4	6.54	7.62	9.08	8.64	5.48	8.29	5.02	9.22	10.5	7.06	7.96	6.64	8.36	9.41	10.7	7.29	8.29	6.54	10.2	7.96	8.84	8.39	8.2	6.06	7.01	9.28	7.75	5.75	6.96	8.91	10.7	7.2	5.42	11.1	12.0	11.6	11.3	11.0	12.2	10.3	6.15	8.98	8.88	9.33	8.75	6.45	7.29	13.1	6.12	10.0	7.61	6.07	7.17	8.75	11.3	5.78	7.39	8.22	5.55	4.0	9.01	11.3	8.06	8.64	8.86	8.72	8.34	11.7	10.7	14.2	11.3	6.65	10.7	8.22	7.25	9.73	10.9	11.3	9.16	8.82	7.94	6.26	8.2	8.97	8.65	7.38	8.34	6.09	8.24	8.88	10.3	6.65	9.5	9.81	8.56	9.01	5.07	8.95	7.45	5.49	7.81	5.97	8.48	8.69	9.86	9.53	11.6	11.1	9.29	8.13	9.09	11.8	14.4	7.16	4.9	8.62	8.6	7.98	10.2	10.1	6.78	7.39	10.8	11.0	9.81	8.24	10.1	11.0	10.4	6.89	7.22	7.74	6.8	9.51	9.06	8.22	8.54	14.1	8.29	8.36	4.81	6.58	6.59	8.77	7.33	12.3	9.57	8.77	11.3	11.4	6.54	7.62	9.08	8.64	5.48	8.29	5.02	9.22	10.5	7.06	7.96	6.64	8.36	9.41	10.7	7.29	8.29	6.54	10.2	7.96	8.84	8.39	8.2	6.06	7.01	9.28	7.75	5.75	6.96	8.91	10.7	7.2	5.42	11.1	12.0	11.6	11.3	11.0	12.2	10.3	6.15	8.98	8.88	9.33	8.75	6.45	7.29	13.1	6.12	10.0	7.61	6.07	7.17	8.75	11.3	5.78	7.39	8.22	5.55	4.0	9.01	11.3	8.06	8.64	8.86	8.72	8.34	11.7	10.7	14.2	11.3	6.65	10.7	8.22	7.25	9.73	10.9	11.3	9.16	8.82	7.94	6.26	8.2	8.97	8.65	7.38	8.34	6.09	8.24	8.88	10.3	6.65	9.5	9.81	8.56	9.01	5.07	8.95	7.45	5.49	7.81	5.97	8.48	8.69	9.86	9.53	11.6	11.1	9.29	8.13	9.09	11.8	14.4	7.16	4.9	8.62	8.6	7.98	10.2	10.1	6.78	7.39	10.8	11.0	9.81	8.24	10.1	11.0	10.4	6.89	7.22	7.74	6.8	9.51	9.06	8.22	8.54	14.1	8.29	8.36	4.81	6.58	6.59	8.77	7.33	12.3	9.57	8.77	11.3	11.4	6.54	7.62	9.08	8.64	5.48	8.29	5.02	9.22	10.5	7.06	7.96	6.64	8.36	9.41	10.7	7.29	8.29	6.54	10.2	7.96	8.84	8.39	8.2	6.06	7.01	9.28	7.75	5.75
1.0	2.0	3.0	4.0	5.0	6.0	7.0	8.0	9.0	10.0	11.0	12.0	13.0	14.0	15.0	16.0	17.0	18.0	19.0	20.0	21.0	22.0	23.0	24.0	25.0	26.0	27.0	28.0	29.0	30.0	31.0	32.0	33.0	34.0	35.0	36.0	37.0	38.0	39.0	40.0	41.0	42.0	43.0	44.0	45.0	46.0	47.0	48.0	49.0	50.0	51.0	52.0	53.0	54.0	55.0	56.0	57.0	58.0	59.0	60.0	61.0	62.0	63.0	64.0	65.0	66.0	67.0	68.0	69.0	70.0	71.0	72.0	73.0	74.0	75.0	76.0	77.0	78.0	79.0	80.0	81.0	82.0	83.0	84.0	85.0	86.0	87.0	88.0	89.0	90.0	91.0	92.0	93.0	94.0	95.0	96.0	97.0	98.0	99.0	100.0	101.0	102.0	103.0	104.0	105.0	106.0	107.0	108.0	109.0	110.0	111.0	112.0	113.0	114.0	115.0	116.0	117.0	118.0	119.0	120.0	121.0	122.0	123.0	124.0	125.0	126.0	127.0	128.0	129.0	130.0	131.0	132.0	133.0	134.0	135.0	136.0	137.0	138.0	139.0	140.0	141.0	142.0	143.0	144.0	145.0	146.0	147.0	148.0	149.0	149.0	150.0	151.0	152.0	153.0	154.0	155.0	156.0	157.0	158.0	159.0	160.0	161.0	162.0	163.0	164.0	165.0	166.0	167.0	168.0	169.0	170.0	171.0	172.0	173.0	174.0	175.0	176.0	177.0	178.0	179.0	180.0	181.0	182.0	183.0	184.0	185.0	186.0	187.0	188.0	189.0	190.0	191.0	192.0	193.0	194.0	195.0	196.0	197.0	198.0	199.0	200.0	201.0	202.0	203.0	204.0	205.0	206.0	207.0	208.0	209.0	210.0	211.0	212.0	213.0	214.0	215.0	216.0	217.0	218.0	219.0	220.0	221.0	222.0	223.0	224.0	225.0	226.0	227.0	228.0	229.0	230.0	231.0	232.0	233.0	234.0	235.0	236.0	237.0	238.0	239.0	240.0	241.0	242.0	243.0	244.0	245.0	246.0	247.0	248.0	249.0	250.0	251.0	252.0	253.0	254.0	255.0	256.0	257.0	258.0	259.0	260.0	261.0	262.0	263.0	264.0	265.0	266.0	267.0	268.0	269.0	270.0	271.0	272.0	273.0	274.0	275.0	276.0	277.0	278.0	279.0	280.0	281.0	282.0	283.0	284.0	285.0	286.0	287.0	288.0	289.0	290.0	291.0	292.0	293.0	294.0	295.0	296.0	297.0	298.0	298.0	299.0	300.0	301.0	302.0	303.0	304.0	305.0	306.0	307.0	308.0	309.0	310.0	311.0	312.0	313.0	314.0	315.0	316.0	317.0	318.0	319.0	320.0	321.0	322.0	323.0	324.0	325.0	326.0	327.0	328.0	329.0	330.0	331.0	332.0	333.0	334.0	335.0	336.0	337.0	338.0	339.0	340.0	341.0	342.0	343.0	344.0	345.0	346.0	347.0	348.0	349.0	350.0	351.0	352.0	353.0	354.0	355.0	356.0	357.0	358.0	359.0	360.0	361.0	362.0	363.0	364.0	365.0	366.0	367.0	368.0	369.0	370.0	371.0	372.0	373.0	374.0	375.0	376.0	377.0	378.0	379.0	380.0	381.0	382.0	383.0	384.0	385.0	386.0	387.0	388.0	389.0	390.0	391.0	392.0	393.0	394.0	395.0	396.0	397.0	398.0	399.0	400.0	401.0	402.0	403.0	404.0	405.0	406.0	407.0	408.0	409.0	410.0	411.0	412.0	413.0	414.0	415.0	416.0	417.0	418.0	419.0	420.0	421.0	422.0	423.0	424.0	425.0	426.0	427.0	428.0	429.0	430.0	431.0	432.0	433.0	434.0	435.0	436.0	437.0	438.0	439.0	440.0	441.0	442.0	443.0	444.0	445.0	446.0	447.0	447.0	448.0	449.0	450.0	451.0	452.0	453.0	454.0	455.0	456.0	457.0	458.0	459.0	460.0	461.0	462.0	463.0	464.0	465.0	466.0	467.0	468.0	469.0	470.0	471.0	472.0	473.0	474.0	475.0	476.0	477.0	478.0	479.0	480.0	481.0	482.0	483.0	484.0	485.0	486.0	487.0	488.0	489.0	490.0	491.0	492.0	493.0	494.0	495.0	496.0	497.0	498.0	499.0	500.0	501.0	502.0	503.0	504.0	505.0	506.0	507.0	508.0	509.0	510.0	511.0	512.0	513.0	514.0	515.0	516.0	517.0	518.0	519.0	520.0	521.0	522.0	523.0	524.0	525.0	526.0	527.0	528.0	529.0	530.0	531.0	532.0	533.0	534.0	535.0	536.0	537.0	538.0	539.0	540.0	541.0	542.0	543.0	544.0	545.0	546.0	547.0	548.0	549.0	550.0	551.0	552.0	553.0	554.0	555.0	556.0	557.0	558.0	559.0	560.0	561.0	562.0	563.0	564.0	565.0	566.0	567.0	568.0	569.0	570.0	571.0	572.0	573.0	574.0	575.0	576.0	577.0	578.0	579.0	580.0	581.0	582.0	583.0	584.0	585.0	586.0	587.0	588.0	589.0	590.0	591.0	592.0	593.0	594.0	595.0	596.0	596.0	597.0	598.0	599.0
2946.713018743271
