2227.689172883571	300.0	2000.0	87.55797816631059	0	0.0	2227.689172883571	1	0	1	-0.7466721794213695
5200.0	6000.0	346.03309759272696	380.3028159933894	0	166.6674497304448	546.0330975927272	1	0	2	-1.2418731314661962
6200.0	1000.0	2446.0330975927254	0.0	0	835.8342736837094	2646.033097592726	1	0	0	-0.646403572498423
9200.0	6000.0	346.0330975927262	0.0	0	239.19605942904855	546.0330975927282	1	0	2	2.0436993168144295
10200.0	1000.0	2446.0330975927254	0.0	0	751.7164595987888	2646.0330975927263	1	0	0	-0.6464035724984232
13200.0	6000.0	346.03309759272827	0.0	0	207.64446176354613	546.0330975927318	1	0	2	2.0436411049015164
14200.0	1000.0	2446.0330975927304	0.0	0	804.4954692038009	2646.03309759273	1	0	0	-0.6464035724984238
17200.0	6000.0	369.011195205575	20.8891796480425	0	77.25485897604085	569.011195205574	1	0	2	1.916524132326788
18200.0	1000.0	2469.011195205576	0.0	0	807.2481620515791	2669.011195205576	1	0	0	-0.6487013822597085
21388.291279783498	6000.0	269.2359628966265	97.58652313899893	0	0.0	657.5272426801275	1	0	2	1.4472261850502381
22200.0	1000.0	2538.6981147017773	0.0	0	574.8776264841654	2738.6981147017796	1	0	0	-0.6559148954215781
25200.0	6000.0	438.69811470177143	0.0	0	238.39621354896735	638.6981147017759	1	0	2	2.0343326290382473
26200.0	2000.0	2538.698114701772	0.0	0	551.3889367417651	2738.6981147017796	1	0	0	1.0771330973720472
29200.0	6000.0	438.69811470176876	0.0	0	153.4814844239445	638.6981147017723	1	0	2	2.727671036180488
30200.0	2000.0	2538.698114701771	0.0	0	529.0220547370373	2738.698114701776	1	0	0	1.0770794142395226
33200.0	6000.0	438.69811470176234	0.0	0	135.59441878654616	638.698114701765	1	0	2	2.728056516616328
34200.0	2000.0	2538.6981147017673	0.0	0	611.9213853779511	2738.698114701765	1	0	0	1.0771824675965145
37236.61605934016	6000.0	398.4204494275954	0.0	0	0.0	635.0365087677492	1	0	2	2.7286528484277826
38200.0	2000.0	2531.3749028337434	0.0	0	682.6141158860992	2731.374902833748	1	0	0	1.0779301983773384
41200.0	6000.0	431.3749028337417	0.0	0	188.28060361219104	631.3749028337479	1	0	2	2.728494928234117
42200.0	2000.0	2531.3749028337365	0.0	0	594.463453558943	2731.3749028337334	1	0	0	1.0779301983773386
45451.48937354929	6000.0	398.1112745386202	221.249711462822	0	0.0	849.6006480879078	1	0	2	1.3798925684094718
46200.0	2000.0	2724.451710732983	0.0	0	357.9771198669332	2924.451710732981	1	0	0	1.057910495946846
49323.13038698436	6000.0	489.00828505018717	0.0	0	0.0	812.1386720345472	1	0	2	2.710855578264293
50200.0	2000.0	2699.8256333361132	0.0	0	440.95095435022085	2899.8256333361205	1	0	0	1.060804431016226
53347.88122726552	6000.0	437.15628334403715	0.0	0	0.0	785.0375106095671	1	0	2	2.713779969686425
54200.0	2000.0	2670.2493878830014	0.0	0	561.9807311700642	2870.2493878830064	1	0	0	1.0638434247558703
57366.65235427865	6000.0	386.93179817647274	0.0	0	0.0	753.5841524551215	1	0	2	2.716722626250797
58200.0	2000.0	2636.9189170272575	0.0	0	541.3174926317879	2836.918917027251	1	0	0	1.0671359288530602
61200.0	6000.0	536.9189170272667	0.0	0	39.448314885943546	736.9189170272657	1	0	2	2.718381743696219
62200.0	2000.0	2636.918917027266	0.0	0	605.2781694254372	2836.918917027273	1	0	0	1.0673757969579856
65200.0	6000.0	536.918917027257	0.0	0	72.68804021664982	736.9189170272657	1	0	2	2.7183080824234094
66200.0	2000.0	2636.9189170272566	0.0	0	591.6380240701401	2836.9189170272657	1	0	0	1.0673435936048237
69210.89361858794	6000.0	524.9359365805144	0.0	0	0.0	735.8295551684569	1	0	2	2.7187320612690153
70200.0	3000.0	2634.7401933096526	0.0	0	411.30875137864496	2834.7401933096407	1	0	0	2.0810878546461136
73455.34080424182	6000.0	363.76557393293376	99.90933208116931	0	0.0	819.1063781747362	1	0	2	2.516387195952789
74200.0	1000.0	2693.572297750571	0.0	0	544.090249858782	2893.5722977505648	1	0	0	-0.6714785594543998
77200.0	6000.0	593.5722977505677	0.0	0	137.86041331812157	793.5722977505648	1	0	2	2.0194101908466235
78200.0	3000.0	2693.5722977505793	0.0	0	395.7605564243713	2893.5722977505648	1	0	0	2.075188136122544
81938.21083673356	6000.0	200.0	380.41783877847627	0	0.0	1138.2108367335604	1	0	2	0.801998093849481
82200.0	1000.0	2964.3897530601976	0.0	0	36.95752704846382	3164.3897530602117	1	0	0	-0.7014703835215256
85242.77415343095	6000.0	817.3381842861706	0.0	0	0.0	1060.112337717117	1	0	2	1.9934450561013768
86200.0	3000.0	2955.8349223740042	0.0	0	520.8266622774972	3155.8349223739933	1	0	0	2.049020297154483
89200.0	6000.0	855.8349223739982	0.0	0	31.879002304543974	1055.8349223739788	1	0	2	3.0920909517736295
90200.0	3000.0	2955.8349223740097	0.0	0	448.522961586772	3155.834922374008	1	0	0	2.049015742717914
93200.0	6000.0	855.8349223740017	0.0	0	227.23814466349722	1055.8349223740224	1	0	2	3.091433853494512
94200.0	3000.0	2955.834922374014	0.0	0	474.62266095647647	3155.8349223740224	1	0	0	2.049007160804864
97512.11493432548	6000.0	512.508494615973	0.0	0	0.0	1024.623428941457	1	0	2	3.0944115336803346
98200.0	2000.0	2893.4119355089074	0.0	0	200.81618611089652	3093.411935508906	1	0	0	1.0404666311630546
101200.0	6000.0	793.4119355089184	0.0	0	86.69528196187457	993.4119355089351	1	0	2	2.692618893219082
102200.0	3000.0	2893.411935508912	0.0	0	275.9421617435437	3093.4119355089497	1	0	0	2.0548408126001845
105492.74762910469	6000.0	471.3895434937542	0.0	0	0.0	964.1371725984791	1	0	2	3.1013259540327964
106200.0	2000.0	2834.8624096879757	0.0	0	401.4802645923919	3034.862409687994	1	0	0	1.0468762417564543
109200.0	6000.0	734.8624096879802	0.0	0	284.26137304326403	934.8624096879794	1	0	2	2.6978440149633385
110200.0	3000.0	2834.862409687989	0.0	0	417.82209800755663	3034.862409687994	1	0	0	2.0611063481407594
113362.87751058946	6000.0	555.6971480395773	0.0	0	0.0	918.5746586290334	1	0	2	3.1048770716318
114200.0	2000.0	2802.2869075700883	0.0	0	1.9601456495147431	3002.2869075700874	1	0	0	1.0485539911075203
117640.77360154383	6000.0	217.43594587186493	0.0	0	0.0	858.2095474156667	1	0	2	2.7045449182687307
118200.0	500.0	2714.132187261318	0.0	0	349.2545526193717	2914.1321872613044	1	0	0	-2.407158045559672
121200.0	6000.0	614.1321872613003	0.0	0	25.966820603280212	814.1321872612752	1	0	2	1.3247580200419167
122200.0	2000.0	2714.1321872613053	0.0	0	603.7557030687021	2914.1321872612752	1	0	0	1.0596283890877904
125200.0	6000.0	614.1321872612898	0.0	0	106.43439242789464	814.1321872612752	1	0	2	2.7104515632158064
126200.0	2000.0	2714.1321872612866	0.0	0	584.3531766804808	2914.1321872612752	1	0	0	1.059637285184246
129200.0	6000.0	614.1321872612991	0.0	0	101.54005938876071	814.1321872612898	1	0	2	2.710486218578568
130200.0	3000.0	2714.1321872613084	0.0	0	673.3870703536231	2914.1321872613044	1	0	0	2.073317240204994
133200.0	6000.0	614.1321872613133	0.0	0	231.8156058859022	814.1321872612752	1	0	2	3.1156073695940707
134200.0	3000.0	2714.132187261337	0.0	0	786.0056002697384	2914.1321872612752	1	0	0	2.0733172402049953
137200.0	6000.0	614.1321872613224	0.0	0	31.83081944216974	814.1321872612752	1	0	2	3.116518786635143
138200.0	3000.0	2714.132187261295	0.0	0	565.1992496735475	2914.132187261217	1	0	0	2.0732983576647843
141200.0	6000.0	614.1321872612948	0.0	0	380.37765575468075	814.132187261217	1	0	2	3.1152781606818625
142200.0	3000.0	2714.1321872612957	0.0	0	506.5618492583453	2914.132187261246	1	0	0	2.0731995366928357
145200.0	6000.0	614.1321872613178	0.0	0	272.8849474598828	814.1321872613044	1	0	2	3.1155444006082025
146200.0	3000.0	2714.1321872613034	0.0	0	625.2135808024905	2914.132187261246	1	0	0	2.0733172402049966
149200.0	6000.0	614.1321872613044	0.0	0	228.2545320172212	814.1321872612461	1	0	2	3.1154365401438286
150200.0	3000.0	2714.1321872613166	0.0	0	193.28207797405776	2914.132187261246	1	0	0	2.0728001099594584
153371.94611231325	6000.0	456.9169940691	29.023209411259018	0	0.0	828.863106382254	1	0	2	2.9411460599357833
154200.0	2000.0	2711.668495151053	0.0	0	561.2303155238042	2911.6684951509815	1	0	0	1.0596710727761196
157438.2279271892	6000.0	349.6177752429073	0.0	0	0.0	787.8457024320087	1	0	2	2.7130306132661435
158200.0	1000.0	2664.02290971322	0.0	0	540.6385525522928	2864.022909713094	1	0	0	-0.668507642512242
161593.98959153218	6000.0	200.0	63.05967361106721	0	0.0	793.9895915320667	1	0	2	1.6423036422110266
162200.0	500.0	2654.590632378958	0.0	0	481.40138678008225	2854.590632378822	1	0	0	-2.4008491115296873
165240.7488352014	6000.0	509.76691365741345	0.0	0	0.0	750.5157488586847	1	0	2	1.330856402761273
166200.0	2000.0	2646.4408653386686	0.0	0	566.905209199962	2846.440865338518	1	0	0	1.0663510533921565
169414.76811304546	6000.0	310.1959409886646	0.0	0	0.0	724.964054033946	1	0	2	2.7193316386007615
170200.0	1000.0	2603.4872427295786	0.0	0	540.7058581527381	2803.487242729403	1	0	0	-0.6624497033232013
173200.0	6000.0	503.4872427295985	0.0	0	2.614335354825016	703.4872427294031	1	0	2	2.029376028152454
174200.0	2000.0	2603.4872427295813	0.0	0	783.716014486301	2803.487242729345	1	0	0	1.0707189643877744
177200.0	6000.0	503.487242729562	0.0	0	248.92790019814856	703.4872427293158	1	0	2	2.7211464398834426
178200.0	3000.0	2603.487242729571	0.0	0	538.0786837791384	2803.4872427293158	1	0	0	2.084333138835858
181200.0	6000.0	503.4872427296077	0.0	0	50.592534489842365	703.4872427293158	1	0	2	3.127358905618648
182200.0	3000.0	2603.487242729624	0.0	0	497.5137165619526	2803.487242729345	1	0	0	2.0842959850613907
185200.0	6000.0	503.4872427296186	0.0	0	265.84138430983876	703.487242729374	1	0	2	3.126570013525763
186200.0	2000.0	2603.4872427296323	0.0	0	614.0746880479564	2803.487242729374	1	0	0	1.07070233391197
189200.0	6000.0	503.48724272963346	0.0	0	282.40549811845995	703.487242729374	1	0	2	2.7209882093945126
190200.0	2000.0	2603.487242729615	0.0	0	651.4465439302439	2803.4872427293158	1	0	0	1.070718964387778
193301.5481918543	6000.0	468.56295465319295	69.79883905754753	0	0.0	770.1111465071444	1	0	2	2.296941901698207
194200.0	2000.0	2659.956327322051	0.0	0	570.9179532256967	2859.9563273217354	1	0	0	1.064922440562385
197200.0	6000.0	559.9563273220591	0.0	0	87.06246870139148	759.9563273217645	1	0	2	2.7156761943255994
198200.0	3000.0	2659.956327322054	0.0	0	546.4209173189593	2859.9563273217354	1	0	0	2.078639875312053
201319.65438772965	6000.0	428.3365008194352	0.0	0	0.0	747.9908885487239	1	0	2	3.1231216452038333
202200.0	2000.0	2636.025449776151	0.0	0	559.1674092341855	2836.0254497757996	1	0	0	1.0672839254321
205248.11103311268	6000.0	483.1033133521896	0.0	0	0.0	731.2143464644905	1	0	2	2.7191012675271597
206200.0	2000.0	2626.403243153601	0.0	0	616.4488791720069	2826.4032431532396	1	0	0	1.0683725735653389
209254.6333516295	6000.0	466.3065563611344	0.0	0	0.0	720.9399079902796	1	0	2	2.720665919805688
210200.0	2000.0	2615.476572827685	0.0	0	699.5882619188051	2815.4765728273196	1	0	0	1.0695200313779787
213200.0	6000.0	515.4765728276966	0.0	0	81.48533686171868	715.4765728273778	1	0	2	2.720455734097593
214200.0	3000.0	2615.476572827708	0.0	0	413.8948824001418	2815.476572827378	1	0	0	2.08297837503743
217200.0	6000.0	515.4765728277077	0.0	0	33.443833361932775	715.4765728273778	1	0	2	3.126395358547078
218200.0	3000.0	2615.4765728277234	0.0	0	537.5995587603538	2815.476572827407	1	0	0	2.0830960080290417
221200.0	6000.0	515.4765728277226	0.0	0	20.15330111727235	715.4765728273778	1	0	2	3.1262708678585636
222200.0	3000.0	2615.4765728277034	0.0	0	678.2982683083392	2815.4765728273487	1	0	0	2.083182801648388
225461.1126541865	6000.0	276.2114740476475	43.598928022817404	0	0.0	737.3241282337985	1	0	2	2.8618200356891927
226200.0	1000.0	2611.2128628154846	0.0	0	482.6355436286249	2811.212862815126	1	0	0	-0.6633730160495708
229200.0	6000.0	511.21286281549885	0.0	0	403.23287704071845	711.2128628151258	1	0	2	2.0269486836709287
230200.0	2000.0	2611.212862815487	0.0	0	687.7004069565446	2811.2128628150967	1	0	0	1.0699464023792005
233200.0	6000.0	511.2128628154982	0.0	0	279.0481859764259	711.2128628150967	1	0	2	2.7202330210139447
234200.0	3000.0	2611.2128628154883	0.0	0	411.14684470003704	2811.2128628150676	1	0	0	2.083469330308294
237460.79007179305	6000.0	235.57242803420235	10.20785835551203	0	0.0	696.3624998268206	1	0	2	3.0660439082390494
238200.0	1000.0	2570.28349264794	0.0	0	498.32814303645864	2770.283492647519	1	0	0	-0.6592594733406754
241200.0	6000.0	470.2834926479495	0.0	0	46.1680114416813	670.2834926475189	1	0	2	2.032028461769146
242200.0	2000.0	2570.2834926479472	0.0	0	500.3871439730574	2770.283492647519	1	0	0	1.0739082521411927
245200.0	6000.0	470.2834926479255	0.0	0	100.7627548747696	670.283492647548	1	0	2	2.7247944365031866
246200.0	2000.0	2570.283492647944	0.0	0	578.3335288558446	2770.283492647519	1	0	0	1.0740169370196604
249506.97956325157	6000.0	306.3361054951407	157.93648402174898	0	0.0	813.3156687463343	1	0	2	1.7629554827436187
250200.0	1000.0	2682.6177124215455	0.0	0	439.3446094598039	2882.617712421139	1	0	0	-0.670705496096314
253200.0	6000.0	582.6177124215225	0.0	0	89.23179051175248	782.617712421139	1	0	2	2.020266510275566
254200.0	2000.0	2682.6177124215087	0.0	0	500.4498166087724	2882.617712421168	1	0	0	1.0626877323616482
257496.95583104252	6000.0	289.07496759865217	30.098790294495032	0	0.0	786.030798641179	1	0	2	2.532874984524333
258200.0	1000.0	2656.335215536945	0.0	0	480.2315016940702	2856.335215536965	1	0	0	-0.6679662466275109
261200.0	6000.0	556.3352155369505	0.0	0	79.60928576180595	756.3352155369648	1	0	2	2.0231481067725374
262200.0	2000.0	2656.335215536963	0.0	0	552.7946974855149	2856.335215536994	1	0	0	1.0653836817585438
265200.0	6000.0	556.3352155368879	0.0	0	290.58493089705007	756.3352155369357	1	0	2	2.7156738316122357
266200.0	2000.0	2656.335215536891	0.0	0	668.7187642713543	2856.335215536994	1	0	0	1.0654341671070153
269200.0	6000.0	556.3352155368746	0.0	0	405.9909777784487	756.3352155369939	1	0	2	2.7155612443352473
270200.0	3000.0	2656.335215536859	0.0	0	413.0158552512876	2856.335215536994	1	0	0	2.0788818929254482
273211.2102002812	6000.0	544.0039952275363	0.0	0	0.0	755.2141955088009	1	0	2	3.122713652441725
274200.0	2000.0	2654.0931754805893	0.0	0	657.3417321844026	2854.093175480608	1	0	0	1.065658371112646
277200.0	6000.0	554.0931754805707	0.0	0	217.27060202660505	754.0931754806661	1	0	2	2.716188760133682
278200.0	2000.0	2654.093175480571	0.0	0	700.1652641173569	2854.093175480666	1	0	0	1.065658371112647
281278.2110046524	6000.0	468.0610703629326	0.0	0	0.0	746.2720750154112	1	0	2	2.717113323750706
282200.0	2000.0	2638.4509745501223	0.0	0	431.987771975575	2838.4509745502146	1	0	0	1.0669812779157097
285265.25397380674	6000.0	466.67160336262305	0.0	0	0.0	731.9255771694588	1	0	2	2.7192186409206123
286200.0	2000.0	2625.400179788762	0.0	0	632.031871763058	2825.4001797888777	1	0	0	1.0684653163993811
289200.0	6000.0	525.400179788825	0.0	0	204.7609683429473	725.4001797889359	1	0	2	2.71897924223554
290200.0	2000.0	2625.400179788793	0.0	0	497.85556592728244	2825.4001797888777	1	0	0	1.0684476435042498
293200.0	6000.0	525.4001797888088	0.0	0	111.52843220427167	725.4001797888195	1	0	2	2.7192056459389997
294200.0	2000.0	2625.4001797888213	0.0	0	590.1859783725231	2825.4001797888195	1	0	0	1.0685119763850084
297200.0	6000.0	525.4001797888594	0.0	0	81.30657902924577	725.4001797889359	1	0	2	2.71952761266313
298200.0	2000.0	2625.400179788838	0.0	0	634.7341109010158	2825.4001797888195	1	0	0	1.0685276706818247
301252.5981026188	6000.0	467.54226690817114	0.0	0	0.0	720.1403695270419	1	0	2	2.719869568322956
302200.0	2000.0	2614.8805592651524	0.0	0	537.3053212304367	2814.880559265206	1	0	0	1.0694370317199056
305200.0	6000.0	514.8805592651124	0.0	0	56.03219051117776	714.8805592651479	1	0	2	2.7206648031026552
306200.0	2000.0	2614.8805592651497	0.0	0	548.8996560888481	2814.880559265148	1	0	0	1.0695492027074052
309200.0	6000.0	514.8805592651238	0.0	0	56.63847833650652	714.8805592651479	1	0	2	2.721143989304897
310200.0	2000.0	2614.8805592651106	0.0	0	737.6538265787531	2814.8805592650897	1	0	0	1.0695796327341989
313578.5363557461	6000.0	255.59223363359123	142.8196960810792	0	0.0	834.1285893797176	1	0	2	1.8514830276091194
314200.0	1000.0	2696.2749538050643	0.0	0	434.22444506012835	2896.274953805143	1	0	0	-0.6722119305807013
317200.0	6000.0	596.2749538050879	0.0	0	192.4533318335889	796.274953805143	1	0	2	2.018804280968049
318200.0	3000.0	2696.2749538051585	0.0	0	547.0331123865326	2896.274953805201	1	0	0	2.075037825092366
321200.0	6000.0	596.2749538052151	0.0	0	111.17970175220398	796.2749538052594	1	0	2	3.117713265134443
322200.0	2000.0	2696.2749538052426	0.0	0	596.7706061978824	2896.2749538052594	1	0	0	1.0614401932801865
325513.5598684211	6000.0	362.07448706013565	100.65035319829667	0	0.0	875.6343554813066	1	0	2	2.100718267678539
326200.0	1000.0	2744.2783686391053	0.0	0	501.31630582839716	2944.2783686391776	1	0	0	-0.6767509661761786
329236.0982360949	6000.0	604.5703089347337	0.0	0	0.0	840.6685450297082	1	0	2	2.015174387801709
330200.0	3000.0	2737.058721420128	0.0	0	247.25316628155997	2937.0587214201805	1	0	0	2.0704412553986695
333200.0	6000.0	637.0587214201291	0.0	0	117.13852318411227	837.0587214201805	1	0	2	3.1136095216071094
334200.0	3000.0	2737.058721420061	0.0	0	589.2977358484059	2937.0587214201223	1	0	0	2.0710245867891093
337200.0	6000.0	637.0587214199927	0.0	0	200.27441984269535	837.0587214200059	1	0	2	3.113186673227344
338200.0	3000.0	2737.0587214200013	0.0	0	595.2142406338244	2937.058721420064	1	0	0	2.07099504276255
341413.6266693117	6000.0	402.0693851770956	0.0	0	0.0	815.6960544887697	1	0	2	3.115126042730063
342200.0	2000.0	2694.3333875576004	0.0	0	272.45451139466604	2894.3333875575336	1	0	0	1.0607947471221861
345207.8380604279	6000.0	585.7115210869393	0.0	0	0.0	793.5495815147879	1	0	2	2.713131058072592
346200.0	3000.0	2692.7657754720963	0.0	0	465.5383024025941	2892.765775471984	1	0	0	2.0752987714366973
349460.08391447156	6000.0	306.673469553418	0.0	0	0.0	766.7573840248515	1	0	2	3.120259750112182
350200.0	1000.0	2640.748992577869	0.0	0	473.28368303424213	2840.7489925777772	1	0	0	-0.6663486355191968
353340.33759177156	6000.0	386.3776416291528	0.0	0	0.0	726.7152334006387	1	0	2	2.0257616210367315
354200.0	2000.0	2612.6814742235742	0.0	0	450.3659860691987	2812.6814742235	1	0	0	1.0695076701773134
357200.0	6000.0	512.681474223598	0.0	0	24.03653511608718	712.6814742235583	1	0	2	2.721337365926386
358200.0	2000.0	2612.6814742235483	0.0	0	748.2117563122301	2812.6814742235	1	0	0	1.0697995412383623
361200.0	6000.0	512.6814742234707	0.0	0	54.86349668959156	712.6814742234419	1	0	2	2.720925099425048
362200.0	2000.0	2612.6814742235288	0.0	0	606.6875545862713	2812.6814742235	1	0	0	1.0697995412383623
365451.39168397174	6000.0	276.7843822878194	36.939782212008026	0	0.0	728.1760662595043	1	0	2	2.4972793586463515
366200.0	1000.0	2603.0368978624056	0.0	0	590.3334552426822	2803.03689786233	1	0	0	-0.6623850305356933
369429.0148213059	6000.0	265.9576545162107	13.488236445735538	0	0.0	694.9724758220837	1	0	2	1.9478109815730587
370200.0	1000.0	2572.0709936914955	0.0	0	574.6177021390758	2772.070993691508	1	0	0	-0.6592707557957397
373223.03150443465	6000.0	446.73633881346143	0.0	0	0.0	669.7678432480898	1	0	2	2.03202791445922
374200.0	2000.0	2567.4646928046877	0.0	0	697.8014797552605	2767.4646928046714	1	0	0	1.0743212193802463
377200.0	6000.0	467.46469280467664	0.0	0	59.742423612915445	667.4646928047296	1	0	2	2.7249926338933657
378200.0	2000.0	2567.464692804606	0.0	0	337.13122438418213	2767.464692804613	1	0	0	1.073943653008428
381450.6252403335	6000.0	395.0550567389398	184.79829845561164	0	0.0	845.680297072453	1	0	2	1.5989372234223622
382200.0	1000.0	2720.6177730391573	0.0	0	597.7879499005503	2920.617773039092	1	0	0	-0.6741528448163754
385200.0	6000.0	620.6177730391232	0.0	0	75.45055432873778	820.6177730390336	1	0	2	2.0166114319885677
386200.0	3000.0	2720.6177730391337	0.0	0	372.5909312837757	2920.6177730390336	1	0	0	2.0724505191659888
389200.0	6000.0	620.6177730391503	0.0	0	170.06200245121727	820.6177730390336	1	0	2	3.1151258003361777
390200.0	3000.0	2720.617773039158	0.0	0	369.72356361558195	2920.6177730390336	1	0	0	2.072456945133749
393200.0	6000.0	620.6177730391117	0.0	0	129.48700732318684	820.6177730389172	1	0	2	3.1150450086598402
394200.0	3000.0	2720.617773039103	0.0	0	373.39503558538854	2920.6177730389754	1	0	0	2.072462031401966
397401.70618054346	6000.0	398.74097444131627	0.0	0	0.0	800.4471549846348	1	0	2	3.1173727834324074
398200.0	2000.0	2680.2765369303693	0.0	0	228.60000867408235	2880.276536930236	1	0	0	1.062172669292012
401584.2195241622	6000.0	354.33550400734157	178.81858514128737	0	0.0	938.5550281693577	1	0	2	1.625317109000468
402200.0	1000.0	2800.133075753256	0.0	0	355.5905692424858	3000.1330757531105	1	0	0	-0.6827778064011722
405200.0	6000.0	700.1330757532635	0.0	0	250.7099903000053	900.1330757531105	1	0	2	2.0083177030700576
406200.0	3000.0	2800.1330757532387	0.0	0	498.23577578162076	3000.1330757531105	1	0	0	2.06465680627257
409463.94780019246	6000.0	409.7904955415465	0.0	0	0.0	873.7382957338705	1	0	2	3.1091596795102054
410200.0	2000.0	2747.343515714692	0.0	0	339.302252340829	2947.3435157146305	1	0	0	1.0556399878148024
413541.9992157302	6000.0	454.0922818466315	166.3162758501151	0	0.0	996.0914975767955	1	0	2	1.6950299719178734
414200.0	2000.0	2861.8915760038444	0.0	0	254.8365312256501	3061.891576003807	1	0	0	1.043706951485862
417901.2699695333	6000.0	200.0	190.45944589341258	0	0.0	1101.269969533314	1	0	2	1.5415385651603262
418200.0	500.0	2931.142972580018	0.0	0	126.13991347537376	3131.142972580099	1	0	0	-2.430411384956451
421200.0	6000.0	831.1429725800325	0.0	0	42.582849277881905	1031.1429725800408	1	0	2	1.3032744808294705
422200.0	3000.0	2931.1429725801104	0.0	0	667.459227626794	3131.142972580099	1	0	0	2.05161616167312
425260.4626119491	6000.0	764.6340994361639	0.0	0	0.0	1025.0967113852385	1	0	2	3.0952012039116874
426200.0	3000.0	2919.0504501903415	0.0	0	518.1538091006805	3119.050450190378	1	0	0	2.0526761395860427
429200.0	6000.0	819.0504501903603	0.0	0	149.78276898048352	1019.0504501903197	1	0	2	3.095376068034874
430200.0	3000.0	2919.0504501903747	0.0	0	478.242595676973	3119.050450190378	1	0	0	2.052679422625092
433200.0	6000.0	819.0504501903547	0.0	0	534.5735342127155	1019.0504501903779	1	0	2	3.094584408692694
434200.0	3000.0	2919.0504501904234	0.0	0	609.5853834311129	3119.050450190436	1	0	0	2.052824044594754
437200.0	6000.0	819.0504501904127	0.0	0	468.0413583861664	1019.0504501903197	1	0	2	3.0946598686689826
438200.0	6000.0	2919.0504501904306	0.0	0	172.4776061185985	3119.0504501903197	1	0	0	3.7851676627557627
441324.885685062	6000.0	681.6761966222407	0.0	0	0.0	1006.5618816841161	1	0	2	3.7901346496351125
442200.0	3000.0	2894.0733131780776	0.0	0	389.90832205460174	3094.0733131779125	1	0	0	2.0549571979425485
445264.11698483257	6000.0	723.544629862216	0.0	0	0.0	987.6616146945744	1	0	2	3.0986679166955278
446200.0	3000.0	2881.249916211527	0.0	0	368.2976025493117	3081.2499162112363	1	0	0	2.056300778741375
449291.444288886	6000.0	680.6611984369788	0.0	0	0.0	972.1054873227258	1	0	2	3.1001650703935812
450200.0	3000.0	2862.961058434371	0.0	0	112.8546745259664	3062.961058434157	1	0	0	2.0570810620305195
453200.0	6000.0	762.9610584343786	0.0	0	54.121673387126066	962.9610584341572	1	0	2	3.1014124333903554
454200.0	3000.0	2862.9610584343377	0.0	0	566.9695194638916	3062.9610584342154	1	0	0	2.0583544620418417
457336.6873690804	6000.0	612.6049524459002	0.0	0	0.0	949.2923215260962	1	0	2	3.1021773395507912
458200.0	2000.0	2835.62358461828	0.0	0	276.50590385630494	3035.6235846180934	1	0	0	1.0468947661159886
461365.93317582796	6000.0	553.0970912075688	0.0	0	0.0	919.0302670352976	1	0	2	2.7010255478143104
462200.0	2000.0	2802.4369494527436	0.0	0	455.74224822677206	3002.4369494525017	1	0	0	1.0504865759364514
465473.14986893354	6000.0	401.97209362584806	0.0	0	0.0	875.1219625590602	1	0	2	2.7044564478752897
466200.0	1000.0	2747.8069756660634	0.0	0	531.4043381102965	2947.806975665677	1	0	0	-0.6769725473090225
469200.0	6000.0	647.8069756660603	0.0	0	35.25043256644858	847.8069756656769	1	0	2	2.014535475347116
470200.0	3000.0	2747.8069756660084	0.0	0	526.5932830312522	2947.806975665735	1	0	0	2.0698290051034065
473200.0	6000.0	647.806975665947	0.0	0	188.476401404012	847.8069756656769	1	0	2	3.1122047691062873
474200.0	3000.0	2747.8069756659	0.0	0	502.8207099340507	2947.8069756656187	1	0	0	2.0698504056766973
477200.0	6000.0	647.8069756658474	0.0	0	307.706258057442	847.8069756655023	1	0	2	3.111954909355451
478200.0	3000.0	2747.8069756658347	0.0	0	286.3556799358921	2947.8069756655605	1	0	0	2.0696063508420437
481292.4317996903	6000.0	546.1319960065164	0.0	0	0.0	838.5637956964783	1	0	2	3.113626659609147
482200.0	3000.0	2729.320615727759	0.0	0	525.3104347959743	2929.320615727338	1	0	0	2.0716179027023407
485504.538227926	6000.0	388.4081227533852	85.5268706765728	0	0.0	892.946350678918	1	0	2	2.595282352899688
486200.0	2000.0	2762.492527886759	0.0	0	452.2209955865983	2962.492527886352	1	0	0	1.0542287410629203
489557.67935316835	6000.0	269.04523940150267	0.0	0	0.0	826.7245925694588	1	0	2	2.707942365730698
490200.0	1000.0	2690.9566572530234	0.0	0	333.3389808986685	2890.956657252682	1	0	0	-0.6718813471997701
493200.0	6000.0	590.9566572530317	0.0	0	311.6845200525713	790.9566572527401	1	0	2	2.01912900143122
494200.0	3000.0	2690.956657253013	0.0	0	575.7664667561767	2890.9566572528565	1	0	0	2.0756126434036624
497516.5350095443	6000.0	244.3096647377952	1.401379985007793	0	0.0	760.8446742819506	1	0	2	3.1125210487478667
498200.0	1000.0	2629.191173327706	0.0	0	439.53256688133115	2829.191173327563	1	0	0	-0.6653697418635742
501200.0	6000.0	529.1911733276443	0.0	0	429.7990291566821	729.1911733275629	1	0	2	2.0250383627722335
502200.0	3000.0	2629.1911733276606	0.0	0	450.88953547464916	2829.191173327621	1	0	0	2.0816441864178734
505200.0	6000.0	529.1911733276044	0.0	0	266.1483571376302	729.1911733275629	1	0	2	3.123968765508749
506200.0	2000.0	2629.19117332763	0.0	0	631.0292798018781	2829.1911733276793	1	0	0	1.0681280504172097
509200.0	6000.0	529.1911733276697	0.0	0	402.9727095219423	729.1911733276211	1	0	2	2.7182733754587787
510200.0	3000.0	2629.191173327636	0.0	0	493.86833937774645	2829.1911733275047	1	0	0	2.0816695955159754
513200.0	6000.0	529.1911733276092	0.0	0	195.9193301325431	729.1911733274464	1	0	2	3.1239566687435083
514200.0	3000.0	2629.191173327624	0.0	0	562.1520667264122	2829.1911733275047	1	0	0	2.0817458320674693
517200.0	6000.0	529.1911733276075	0.0	0	291.05654902139213	729.1911733275047	1	0	2	3.12393657177861
518200.0	3000.0	2629.191173327589	0.0	0	665.7087515505846	2829.1911733275047	1	0	0	2.081811341598373
521200.0	6000.0	529.1911733275567	0.0	0	217.44052834552713	729.1911733274464	1	0	2	3.1239620419354934
522200.0	3000.0	2629.19117332752	0.0	0	504.74780050769914	2829.1911733273882	1	0	0	2.0817003542105166
525260.0362627889	6000.0	463.1512842596653	0.0	0	0.0	723.1875470484374	1	0	2	3.125808198861332
526200.0	2000.0	2617.1839207697	0.0	0	698.531279852963	2817.1839207694866	1	0	0	1.0693492965837565
529200.0	6000.0	517.1839207699004	0.0	0	237.6027377882274	717.1839207698358	1	0	2	2.719759730058555
530200.0	3000.0	2617.1839207699004	0.0	0	764.0378105703276	2817.1839207697194	1	0	0	2.083012066854145
533212.3992292731	6000.0	503.5447685695244	0.0	0	0.0	715.9439978424925	1	0	2	3.1262683220022502
534200.0	3000.0	2614.7040749153193	0.0	0	605.0508152619004	2814.7040749151492	1	0	0	2.0832557948707207
537394.8126700247	6000.0	355.3659618114636	49.9598399303876	0	0.0	750.17863183585	1	0	2	2.8228000137265834
538200.0	2000.0	2630.6973648335725	0.0	0	489.7935976521112	2830.697364833206	1	0	0	1.0676916255059534
541600.5355630385	6000.0	265.48215934275765	159.4308307741718	0	0.0	866.0177223809296	1	0	2	1.74851854300055
542200.0	1000.0	2725.964166077446	0.0	0	364.49796453875024	2925.9641660770867	1	0	0	-0.6753608415602168
545200.0	6000.0	625.9641660775144	0.0	0	264.8797660560813	825.9641660772031	1	0	2	2.0156614505176345
546200.0	3000.0	2725.9641660774887	0.0	0	224.28611687663943	2925.964166077203	1	0	0	2.0715625397114845
549200.0	6000.0	625.964166077496	0.0	0	167.2826272683451	825.9641660773195	1	0	2	3.1145832536936675
550200.0	3000.0	2725.964166077554	0.0	0	347.0240570451133	2925.9641660773195	1	0	0	2.071889235753743
553848.9123382894	6000.0	200.0	261.6721873096932	0	0.0	1048.9123382891994	1	0	2	1.5302927082551467
554200.0	500.0	2884.021104460588	0.0	0	242.72275429067668	3084.0211044603493	1	0	0	-2.4250294558827994
557459.4201469681	6000.0	498.6589427956643	0.0	0	0.0	958.0790897636907	1	0	2	1.3100406163305929
558200.0	2000.0	2832.1370750669284	0.0	0	322.8588943822542	3032.137075067032	1	0	0	1.0471044513707817
561200.0	6000.0	732.1370750669593	0.0	0	51.19000262406189	932.1370750671485	1	0	2	2.699105862430498
562200.0	3000.0	2832.137075066815	0.0	0	646.7770003492478	3032.1370750671485	1	0	0	2.061516751424414
565200.0	6000.0	732.1370750668483	0.0	0	241.9871467667399	932.137075067265	1	0	2	3.103728382051977
566200.0	3000.0	2832.1370750668652	0.0	0	647.4513552343706	3032.137075067265	1	0	0	2.0615167514243953
569803.6162564335	6000.0	200.0	119.85527910001758	0	0.0	1003.6162564337719	1	0	2	2.3854089395069815
570200.0	1000.0	2843.2546307901075	0.0	0	110.69649610656779	3043.2546307904413	1	0	0	-0.6886158445722865
573343.1988926664	6000.0	585.7358488570503	0.0	0	0.0	928.9347415238153	1	0	2	2.006124367150893
574200.0	3000.0	2814.614852256834	0.0	0	376.93161693646107	3014.6148522571893	1	0	0	2.0628444089514875
577635.9847146046	6000.0	235.03166619191387	0.0	0	0.0	871.0163807969075	1	0	2	3.109744193550608
578200.0	1000.0	2727.4179093359157	0.0	0	390.7136146816192	2927.41790933616	1	0	0	-0.6755290688589097
581396.6501625627	6000.0	439.9925753510755	26.26349530387256	0	0.0	836.6427379141096	1	0	2	1.8582008057283277
582200.0	2000.0	2716.9777216574716	0.0	0	462.7246832533274	2916.977721657837	1	0	0	1.0589462499606679
585200.0	6000.0	616.9777216574911	0.0	0	289.59731449757237	816.977721657604	1	0	2	2.7096357328258813
586200.0	3000.0	2716.9777216574334	0.0	0	537.1955520043848	2916.9777216574876	1	0	0	2.0730070014377704
589200.0	6000.0	616.9777216574023	0.0	0	106.515365436906	816.9777216573711	1	0	2	3.1158000524919935
590200.0	3000.0	2716.977721657505	0.0	0	527.6930337408558	2916.9777216574876	1	0	0	2.07295912423254
593362.9683322097	6000.0	437.71255622686067	0.0	0	0.0	800.6808884365018	1	0	2	3.1175895309237003
594200.0	2000.0	2684.384055215695	0.0	0	528.7283441608306	2884.384055215749	1	0	0	1.062394665147548
597230.9820646272	6000.0	550.3037841257794	0.0	0	0.0	781.2858487530611	1	0	2	2.714252896590103
598200.0	3000.0	2678.1876422903433	0.0	0	558.4228766888846	2878.1876422903733	1	0	0	2.0768430691115394
5.78	5.71	6.2	5.2	8.03	4.76	5.81	6.73	5.93	5.41	7.54	4.64	6.28	5.09	5.78	6.29	7.91	7.23	6.06	6.8	4.93	6.71	6.23	6.17	5.39	7.41	5.79	5.91	7.63	6.54	7.32	6.26	6.49	6.52	4.45	6.52	6.01	7.3	3.75	5.13	6.5	9.36	6.32	6.14	6.74	6.95	5.87	5.0	5.07	4.07	5.33	7.4	6.87	7.01	4.82	2.88	4.85	3.5	4.63	5.34	8.21	6.42	5.58	7.22	7.84	12.9	8.19	9.83	9.22	5.49	6.63	7.91	6.01	4.66	3.85	6.59	5.85	6.04	4.55	4.19	7.0	5.51	5.87	5.97	7.01	10.0	8.17	8.12	5.6	6.87	6.67	5.35	7.71	6.78	4.3	6.79	8.55	5.79	6.35	8.03	6.3	6.2	5.42	8.6	8.48	6.97	6.01	6.95	7.75	8.26	6.07	5.64	7.6	9.06	12.5	5.98	6.65	5.82	6.49	5.2	6.26	6.58	4.99	5.73	6.65	4.65	4.59	5.73	7.1	6.07	7.1	6.92	8.54	5.44	4.31	5.99	6.35	5.61	6.12	4.43	6.94	7.16	6.65	5.58	7.41	5.19	6.89	7.27	8.43	5.27	5.78	5.71	6.2	5.2	8.03	4.76	5.81	6.73	5.93	5.41	7.54	4.64	6.28	5.09	5.78	6.29	7.91	7.23	6.06	6.8	4.93	6.71	6.23	6.17	5.39	7.41	5.79	5.91	7.63	6.54	7.32	6.26	6.49	6.52	4.45	6.52	6.01	7.3	3.75	5.13	6.5	9.36	6.32	6.14	6.74	6.95	5.87	5.0	5.07	4.07	5.33	7.4	6.87	7.01	4.82	2.88	4.85	3.5	4.63	5.34	8.21	6.42	5.58	7.22	7.84	12.9	8.19	9.83	9.22	5.49	6.63	7.91	6.01	4.66	3.85	6.59	5.85	6.04	4.55	4.19	7.0	5.51	5.87	5.97	7.01	10.0	8.17	8.12	5.6	6.87	6.67	5.35	7.71	6.78	4.3	6.79	8.55	5.79	6.35	8.03	6.3	6.2	5.42	8.6	8.48	6.97	6.01	6.95	7.75	8.26	6.07	5.64	7.6	9.06	12.5	5.98	6.65	5.82	6.49	5.2	6.26	6.58	4.99	5.73	6.65	4.65	4.59	5.73	7.1	6.07	7.1	6.92	8.54	5.44	4.31	5.99	6.35	5.61	6.12	4.43	6.94	7.16	6.65	5.58	7.41	5.19	6.89	7.27	8.43	5.27	5.78	5.71	6.2	5.2	8.03	4.76	5.81	6.73	5.93	5.41	7.54	4.64	6.28	5.09	5.78	6.29	7.91	7.23	6.06	6.8	4.93	6.71	6.23	6.17	5.39	7.41	5.79	5.91	7.63	6.54	7.32	6.26	6.49	6.52	4.45	6.52	6.01	7.3	3.75	5.13	6.5	9.36	6.32	6.14	6.74	6.95	5.87	5.0	5.07	4.07	5.33	7.4	6.87	7.01	4.82	2.88	4.85	3.5	4.63	5.34	8.21	6.42	5.58	7.22	7.84	12.9	8.19	9.83	9.22	5.49	6.63	7.91	6.01	4.66	3.85	6.59	5.85	6.04	4.55	4.19	7.0	5.51	5.87	5.97	7.01	10.0	8.17	8.12	5.6	6.87	6.67	5.35	7.71	6.78	4.3	6.79	8.55	5.79	6.35	8.03	6.3	6.2	5.42	8.6	8.48	6.97	6.01	6.95	7.75	8.26	6.07	5.64	7.6	9.06	12.5	5.98	6.65	5.82	6.49	5.2	6.26	6.58	4.99	5.73	6.65	4.65	4.59	5.73	7.1	6.07	7.1	6.92	8.54	5.44	4.31	5.99	6.35	5.61	6.12	4.43	6.94	7.16	6.65	5.58	7.41	5.19	6.89	7.27	8.43	5.27	5.78	5.71	6.2	5.2	8.03	4.76	5.81	6.73	5.93	5.41	7.54	4.64	6.28	5.09	5.78	6.29	7.91	7.23	6.06	6.8	4.93	6.71	6.23	6.17	5.39	7.41	5.79	5.91	7.63	6.54	7.32	6.26	6.49	6.52	4.45	6.52	6.01	7.3	3.75	5.13	6.5	9.36	6.32	6.14	6.74	6.95	5.87	5.0	5.07	4.07	5.33	7.4	6.87	7.01	4.82	2.88	4.85	3.5	4.63	5.34	8.21	6.42	5.58	7.22	7.84	12.9	8.19	9.83	9.22	5.49	6.63	7.91	6.01	4.66	3.85	6.59	5.85	6.04	4.55	4.19	7.0	5.51	5.87	5.97	7.01	10.0	8.17	8.12	5.6	6.87	6.67	5.35	7.71	6.78	4.3	6.79	8.55	5.79	6.35	8.03	6.3	6.2	5.42	8.6	8.48	6.97	6.01	6.95	7.75	8.26	6.07	5.64	7.6	9.06	12.5	5.98	6.65	5.82	6.49	5.2	6.26	6.58	4.99	5.73	6.65	4.65	4.59	5.73	7.1	6.07	7.1	6.92	8.54	5.44	4.31	5.99	6.35	5.61	6.12	4.43	6.94	7.16	6.65	5.58	7.41	5.19	6.89	7.27	8.43	5.27	5.78	5.71	6.2
1.0	2.0	3.0	4.0	5.0	6.0	7.0	8.0	9.0	10.0	11.0	12.0	13.0	14.0	15.0	16.0	17.0	18.0	19.0	20.0	21.0	22.0	23.0	24.0	25.0	26.0	27.0	28.0	29.0	30.0	31.0	32.0	33.0	34.0	35.0	36.0	37.0	38.0	39.0	40.0	41.0	42.0	43.0	44.0	45.0	46.0	47.0	48.0	49.0	50.0	51.0	52.0	53.0	54.0	55.0	56.0	57.0	58.0	59.0	60.0	61.0	62.0	63.0	64.0	65.0	66.0	67.0	68.0	69.0	70.0	71.0	72.0	73.0	74.0	75.0	76.0	77.0	78.0	79.0	80.0	81.0	82.0	83.0	84.0	85.0	86.0	87.0	88.0	89.0	90.0	91.0	92.0	93.0	94.0	95.0	96.0	97.0	98.0	99.0	100.0	101.0	102.0	103.0	104.0	105.0	106.0	107.0	108.0	109.0	110.0	111.0	112.0	113.0	114.0	115.0	116.0	117.0	118.0	119.0	120.0	121.0	122.0	123.0	124.0	125.0	126.0	127.0	128.0	129.0	130.0	131.0	132.0	133.0	134.0	135.0	136.0	137.0	138.0	139.0	140.0	141.0	142.0	143.0	144.0	145.0	146.0	147.0	148.0	149.0	149.0	150.0	151.0	152.0	153.0	154.0	155.0	156.0	157.0	158.0	159.0	160.0	161.0	162.0	163.0	164.0	165.0	166.0	167.0	168.0	169.0	170.0	171.0	172.0	173.0	174.0	175.0	176.0	177.0	178.0	179.0	180.0	181.0	182.0	183.0	184.0	185.0	186.0	187.0	188.0	189.0	190.0	191.0	192.0	193.0	194.0	195.0	196.0	197.0	198.0	199.0	200.0	201.0	202.0	203.0	204.0	205.0	206.0	207.0	208.0	209.0	210.0	211.0	212.0	213.0	214.0	215.0	216.0	217.0	218.0	219.0	220.0	221.0	222.0	223.0	224.0	225.0	226.0	227.0	228.0	229.0	230.0	231.0	232.0	233.0	234.0	235.0	236.0	237.0	238.0	239.0	240.0	241.0	242.0	243.0	244.0	245.0	246.0	247.0	248.0	249.0	250.0	251.0	252.0	253.0	254.0	255.0	256.0	257.0	258.0	259.0	260.0	261.0	262.0	263.0	264.0	265.0	266.0	267.0	268.0	269.0	270.0	271.0	272.0	273.0	274.0	275.0	276.0	277.0	278.0	279.0	280.0	281.0	282.0	283.0	284.0	285.0	286.0	287.0	288.0	289.0	290.0	291.0	292.0	293.0	294.0	295.0	296.0	297.0	298.0	298.0	299.0	300.0	301.0	302.0	303.0	304.0	305.0	306.0	307.0	308.0	309.0	310.0	311.0	312.0	313.0	314.0	315.0	316.0	317.0	318.0	319.0	320.0	321.0	322.0	323.0	324.0	325.0	326.0	327.0	328.0	329.0	330.0	331.0	332.0	333.0	334.0	335.0	336.0	337.0	338.0	339.0	340.0	341.0	342.0	343.0	344.0	345.0	346.0	347.0	348.0	349.0	350.0	351.0	352.0	353.0	354.0	355.0	356.0	357.0	358.0	359.0	360.0	361.0	362.0	363.0	364.0	365.0	366.0	367.0	368.0	369.0	370.0	371.0	372.0	373.0	374.0	375.0	376.0	377.0	378.0	379.0	380.0	381.0	382.0	383.0	384.0	385.0	386.0	387.0	388.0	389.0	390.0	391.0	392.0	393.0	394.0	395.0	396.0	397.0	398.0	399.0	400.0	401.0	402.0	403.0	404.0	405.0	406.0	407.0	408.0	409.0	410.0	411.0	412.0	413.0	414.0	415.0	416.0	417.0	418.0	419.0	420.0	421.0	422.0	423.0	424.0	425.0	426.0	427.0	428.0	429.0	430.0	431.0	432.0	433.0	434.0	435.0	436.0	437.0	438.0	439.0	440.0	441.0	442.0	443.0	444.0	445.0	446.0	447.0	447.0	448.0	449.0	450.0	451.0	452.0	453.0	454.0	455.0	456.0	457.0	458.0	459.0	460.0	461.0	462.0	463.0	464.0	465.0	466.0	467.0	468.0	469.0	470.0	471.0	472.0	473.0	474.0	475.0	476.0	477.0	478.0	479.0	480.0	481.0	482.0	483.0	484.0	485.0	486.0	487.0	488.0	489.0	490.0	491.0	492.0	493.0	494.0	495.0	496.0	497.0	498.0	499.0	500.0	501.0	502.0	503.0	504.0	505.0	506.0	507.0	508.0	509.0	510.0	511.0	512.0	513.0	514.0	515.0	516.0	517.0	518.0	519.0	520.0	521.0	522.0	523.0	524.0	525.0	526.0	527.0	528.0	529.0	530.0	531.0	532.0	533.0	534.0	535.0	536.0	537.0	538.0	539.0	540.0	541.0	542.0	543.0	544.0	545.0	546.0	547.0	548.0	549.0	550.0	551.0	552.0	553.0	554.0	555.0	556.0	557.0	558.0	559.0	560.0	561.0	562.0	563.0	564.0	565.0	566.0	567.0	568.0	569.0	570.0	571.0	572.0	573.0	574.0	575.0	576.0	577.0	578.0	579.0	580.0	581.0	582.0	583.0	584.0	585.0	586.0	587.0	588.0	589.0	590.0	591.0	592.0	593.0	594.0	595.0	596.0	596.0	597.0	598.0	599.0
2051.3533171650047
