2377.421794348832	300.0	2000.0	94.94509588060832	0	0.0	2377.421794348832	1	0	1	-0.8058810790644246
5200.0	3000.0	219.8247975571104	129.47708868828232	0	415.3969874302011	419.8247975571103	1	0	2	-0.07137096575645985
6200.0	500.0	2319.82479755711	0.0	0	889.3499560066975	2519.82479755711	1	0	0	-1.6735035133347802
9200.0	6000.0	219.82479755711006	0.0	0	364.4869389278756	419.8247975571103	1	0	2	1.3628518230288704
10200.0	1000.0	2319.824797557109	0.0	0	731.4506486781866	2519.824797557111	1	0	0	-0.6337827424948616
13473.294069415766	6000.0	270.1862406638918	319.0771995128416	0	0.0	743.480310079658	1	0	2	0.10961641474827655
14200.0	1000.0	2616.150903138083	0.0	0	502.7140075464067	2816.150903138081	1	0	0	-0.6638551982939966
17297.386474545634	6000.0	409.0257811378889	0.0	0	0.0	706.4122556835209	1	0	2	2.0279883349237
18200.0	1000.0	2596.673608228957	0.0	0	704.4946870676067	2796.6736082289553	1	0	0	-0.6614732369188652
21200.0	6000.0	496.6736082289572	0.0	0	104.85187404851968	696.6736082289608	1	0	2	2.0290552602866727
22200.0	2000.0	2596.673608228957	0.0	0	593.0282614525022	2796.673608228961	1	0	0	1.0714003278378166
25528.73105380795	6000.0	229.2078301452463	85.5803464591234	0	0.0	757.9388839532076	1	0	2	2.2022077329370897
26200.0	1000.0	2625.0657785724025	0.0	0	419.3667162853926	2825.065778572418	1	0	0	-0.6650318669839911
29200.0	6000.0	525.0657785724039	0.0	0	30.533729674032656	725.0657785724143	1	0	2	2.0267134536945837
30200.0	2000.0	2625.0657785724043	0.0	0	630.7778197183652	2825.0657785724143	1	0	0	1.068561110803471
33368.27445040252	6000.0	339.96388312963995	0.0	0	0.0	708.2383335321683	1	0	2	2.7211211562143958
34200.0	1000.0	2591.4108884919015	0.0	0	651.7819614542823	2791.4108884919115	1	0	0	-0.6610818152693339
37200.0	6000.0	491.4108884919001	0.0	0	48.104869356844574	691.4108884919115	1	0	2	2.0298116296915043
38200.0	2000.0	2591.4108884918996	0.0	0	699.8034312039163	2791.4108884919115	1	0	0	1.0719265998115213
41700.71083424416	6000.0	242.9905551664823	274.8741675846923	0	0.0	943.7013894106422	1	0	2	1.047910238980288
42200.0	1000.0	2793.6303059862266	0.0	0	253.99341302262474	2993.6303059862403	1	0	0	-0.6827547137499779
45200.0	6000.0	693.6303059862319	0.0	0	192.42405629641144	893.6303059862403	1	0	2	2.0090708535187978
46200.0	3000.0	2793.6303059862335	0.0	0	314.2118011548082	2993.6303059862403	1	0	0	2.0651503024751854
49307.63620760881	6000.0	575.2304776165399	0.0	0	0.0	882.8666852253518	1	0	2	3.1098709333068775
50200.0	2000.0	2772.103064464472	0.0	0	629.9221534827884	2972.103064464478	1	0	0	1.0537539105983438
53200.0	6000.0	672.103064464476	0.0	0	196.94569543285616	872.1030644644779	1	0	2	2.7044283535241798
54200.0	3000.0	2772.103064464477	0.0	0	747.2773896362633	2972.1030644644707	1	0	0	2.067520152484677
57390.53372253108	6000.0	462.51596968028355	0.0	0	0.0	853.0496922113525	1	0	2	3.1114318196816737
58200.0	2000.0	2733.9963199582535	0.0	0	370.6412203516011	2933.996319958227	1	0	0	1.0571022539103163
61270.09741579846	6000.0	556.8891625799452	0.0	0	0.0	826.9865783783898	1	0	2	2.7099013653293356
62200.0	3000.0	2719.9768367985657	0.0	0	468.5020937750887	2919.9768367985453	1	0	0	2.0726009965894927
65630.52508045294	6000.0	206.0109218312394	54.19243048262864	0	0.0	836.536002284156	1	0	2	2.7881999352646853
66200.0	1000.0	2693.4834942388825	0.0	0	393.37258645553084	2893.4834942388625	1	0	0	-0.6721131348715215
69200.0	6000.0	593.4834942388786	0.0	0	70.06650926631119	793.4834942388698	1	0	2	2.0192654619151655
70200.0	3000.0	2693.4834942388766	0.0	0	374.5727425475343	2893.4834942388698	1	0	0	2.075137570480155
73200.0	6000.0	593.4834942388698	0.0	0	182.86462439184834	793.4834942388552	1	0	2	3.117743810607164
74200.0	2000.0	2693.4834942388698	0.0	0	580.7646554001549	2893.483494238855	1	0	0	1.061719339236827
77605.8508229465	6000.0	200.0	48.1385554566215	0	0.0	805.8508229464933	1	0	2	2.4253525225305257
78200.0	500.0	2665.2657406518333	0.0	0	439.85257472936064	2865.265740651812	1	0	0	-2.4020463755184958
81200.0	6000.0	565.2657406518365	0.0	0	119.97427173495817	765.2657406518265	1	0	2	1.329125987092664
82200.0	2000.0	2665.265740651829	0.0	0	782.2546350703051	2865.265740651841	1	0	0	1.0645411145955284
85539.34027388111	6000.0	200.0	7.280509652170053	0	0.0	739.3402738811274	1	0	2	2.6736350238823885
86200.0	500.0	2605.4062464930125	0.0	0	510.88808537335717	2805.406246493003	1	0	0	-2.3957508641475145
89200.0	6000.0	505.40624649299593	0.0	0	134.9474829398241	705.4062464929739	1	0	2	1.3349594761265804
90200.0	2000.0	2605.4062464929834	0.0	0	601.0420897280419	2805.406246492974	1	0	0	1.070527064011416
93296.70735273395	6000.0	399.6297730603072	0.5469223405893899	0	0.0	696.337125794249	1	0	2	2.7194245161886594
94200.0	1000.0	2586.666390520872	0.0	0	725.2274145142583	2786.6663905208698	1	0	0	-0.6604773791241143
97200.0	6000.0	486.66639052087277	0.0	0	197.5972771539964	686.6663905208552	1	0	2	2.029713299709237
98200.0	2000.0	2586.6663905208716	0.0	0	636.4229831517005	2786.6663905208407	1	0	0	1.0724010496086276
101200.0	6000.0	486.6663905208811	0.0	0	355.2402282325638	686.6663905208407	1	0	2	2.722559765139999
102200.0	3000.0	2586.66639052087	0.0	0	631.5411131298024	2786.666390520855	1	0	0	2.086063819879039
105200.0	6000.0	486.66639052085145	0.0	0	117.77970016910695	686.6663905208407	1	0	2	3.1287614536620127
106200.0	3000.0	2586.6663905208516	0.0	0	741.5620151385519	2786.666390520855	1	0	0	2.0860638198790387
109441.39334064692	6000.0	369.1191183967332	134.53218417043632	0	0.0	810.5124590436608	1	0	2	2.3094103710325826
110200.0	2000.0	2686.37312497896	0.0	0	424.5086079814937	2886.3731249789707	1	0	0	1.061908124488188
113200.0	6000.0	586.3731249789489	0.0	0	345.1829396637477	786.3731249789707	1	0	2	2.7125591400495783
114200.0	3000.0	2686.373124978951	0.0	0	425.9108220345079	2886.3731249789853	1	0	0	2.07587940832717
117405.31451344483	6000.0	404.2098805153843	39.71156393249282	0	0.0	809.5243939602515	1	0	2	2.8786270866259707
118200.0	2000.0	2688.992942615726	0.0	0	400.52941455089604	2888.992942615776	1	0	0	1.0616304176372389
121418.03908900726	6000.0	349.14994470774127	0.0	0	0.0	767.189033715069	1	0	2	2.7147524680514525
122200.0	2000.0	2645.3851248142573	0.0	0	382.7455437537574	2845.385124814333	1	0	0	1.065921923926815
125200.0	6000.0	545.3851248142513	0.0	0	211.86010891634214	745.3851248143328	1	0	2	2.7170116112496547
126200.0	3000.0	2645.3851248142378	0.0	0	593.9944814930786	2845.3851248143183	1	0	0	2.0801919464496903
129651.41066253529	6000.0	200.0	137.4241854314329	0	0.0	851.4106625353743	1	0	2	2.2907712421205915
130200.0	1000.0	2706.26959628174	0.0	0	269.99643602242577	2906.2695962818398	1	0	0	-0.6738437485412743
133200.0	6000.0	606.2695962817344	0.0	0	18.964230974175734	806.2695962818689	1	0	2	2.0191425605217206
134200.0	3000.0	2706.269596281735	0.0	0	626.1684241418552	2906.269596281869	1	0	0	2.074103499302937
137200.0	6000.0	606.2695962817156	0.0	0	3.345162739016814	806.2695962818398	1	0	2	3.117142224851803
138200.0	3000.0	2706.2695962817193	0.0	0	386.41098400449846	2906.2695962818107	1	0	0	2.0738951505343337
141200.0	6000.0	606.2695962817393	0.0	0	95.58471465171897	806.2695962818689	1	0	2	3.1168564922131403
142200.0	3000.0	2706.2695962817243	0.0	0	487.51718076484394	2906.2695962818107	1	0	0	2.074011439498818
145398.00155487165	6000.0	388.4678859228874	0.0	0	0.0	786.4694407946081	1	0	2	3.1189186291163833
146200.0	2000.0	2666.6692853073578	0.0	0	404.1803039666265	2866.6692853074055	1	0	0	1.0639384829798393
149200.0	6000.0	566.669285307337	0.0	0	239.6669734204188	766.6692853074055	1	0	2	2.7147551721631302
150200.0	3000.0	2666.669285307326	0.0	0	597.010155290016	2866.6692853073473	1	0	0	2.078058116544219
153200.0	6000.0	566.6692853072803	0.0	0	40.10897887451574	766.66928530726	1	0	2	3.1210836138005065
154200.0	3000.0	2666.669285307271	0.0	0	469.26343675050884	2866.669285307231	1	0	0	2.077947422901199
157299.85727113247	6000.0	456.8262870615507	0.0	0	0.0	756.6835581939959	1	0	2	3.122194106126504
158200.0	2000.0	2646.6978310807763	0.0	0	632.0815573043365	2846.69783108079	1	0	0	1.066320008644674
161409.7716923104	6000.0	406.4099100450263	82.23721864156096	0	0.0	816.1816023554129	1	0	2	2.2173566134050002
162200.0	2000.0	2695.204433124399	0.0	0	453.59500108018983	2895.204433124396	1	0	0	1.061140868795269
165200.0	6000.0	595.2044331244147	0.0	0	320.3221777221479	795.2044331243669	1	0	2	2.711745668186104
166200.0	3000.0	2695.2044331244147	0.0	0	407.1598483772541	2895.204433124396	1	0	0	2.0750046966146054
169200.0	6000.0	595.2044331244283	0.0	0	192.5864904312184	795.2044331244251	1	0	2	3.117545160869149
170200.0	3000.0	2695.2044331244633	0.0	0	565.3510418467049	2895.204433124454	1	0	0	2.0751839327842307
173577.02962271022	6000.0	351.86718705671876	155.8139444668086	0	0.0	928.8968097669422	1	0	2	2.169740579931306
174200.0	2000.0	2791.1938474959165	0.0	0	227.8453273457999	2991.193847495917	1	0	0	1.0506321322547074
177332.20911444572	6000.0	545.7638216056345	0.0	0	0.0	877.9729360513738	1	0	2	2.7041084652248246
178200.0	3000.0	2764.752024606777	0.0	0	454.73334102719673	2964.7520246068016	1	0	0	2.0679358538394403
181203.25900103673	6000.0	661.1671234663831	0.0	0	0.0	864.4261245031375	1	0	2	3.11175137921782
182200.0	3000.0	2764.1002243994326	0.0	0	677.0404755128548	2964.1002243994735	1	0	0	2.0683204364911765
185256.27965260216	6000.0	602.1926065370717	0.0	0	0.0	858.4722591392638	1	0	2	3.1117097464883363
186200.0	3000.0	2752.844293879026	0.0	0	228.36863816308323	2952.844293879083	1	0	0	2.06878835744431
189704.516435848	6000.0	202.29497827134495	94.92614893191262	0	0.0	906.8114141194092	1	0	2	2.5365814632713817
190200.0	1000.0	2756.359770534558	0.0	0	306.39034292145516	2956.3597705346474	1	0	0	-0.6788552962218903
193200.0	6000.0	656.3597705345801	0.0	0	202.4827193293313	856.3597705346474	1	0	2	2.012768659004048
194200.0	3000.0	2756.3597705346037	0.0	0	533.7419772538124	2956.3597705347056	1	0	0	2.069016253726782
197200.0	6000.0	656.3597705345995	0.0	0	202.67276978321024	856.3597705347056	1	0	2	3.1113602715040263
198200.0	3000.0	2756.359770534605	0.0	0	449.2575485583802	2956.3597705347347	1	0	0	2.068932965701463
201672.91986883283	6000.0	200.0	58.04735016496775	0	0.0	872.9198688330071	1	0	2	2.76519260164727
202200.0	1000.0	2725.6278819495756	0.0	0	296.37891512271017	2925.6278819497966	1	0	0	-0.6757331723921074
205331.73986056575	6000.0	480.71403532727084	0.0	0	0.0	812.453895893268	1	0	2	2.01720930261846
206200.0	2000.0	2699.279909836417	0.0	0	102.22305525816046	2899.279909836623	1	0	0	1.0595733608182607
209725.23438532825	6000.0	200.0	162.2526491133245	0	0.0	925.2343853284547	1	0	2	1.726045390364391
210200.0	500.0	2772.7109467954187	0.0	0	346.54359725667746	2972.710946795618	1	0	0	-2.4132390853993697
213200.0	6000.0	672.7109467953833	0.0	0	268.55275274673477	872.7109467955597	1	0	2	1.3176789633762391
214200.0	2000.0	2772.7109467953724	0.0	0	570.2687380506541	2972.7109467955597	1	0	0	1.0537552509375936
217490.40465743898	6000.0	353.26582361250104	0.0	0	0.0	843.6704810516676	1	0	2	2.7074253750497914
218200.0	1000.0	2714.630015307581	0.0	0	501.9281512691232	2914.6300153077464	1	0	0	-0.6737381791021401
221275.8441167913	6000.0	531.2014868371491	0.0	0	0.0	807.0456036285905	1	0	2	2.018713652081093
222200.0	2000.0	2699.46119194932	0.0	0	484.7594073516375	2899.4611919494346	1	0	0	1.0609142007390229
225217.59476088083	6000.0	580.1069549803848	0.0	0	0.0	797.7017158613598	1	0	2	2.712565344713635
226200.0	2000.0	2695.9422397731446	0.0	0	627.0044840931369	2895.942239773285	1	0	0	1.061460569445861
229200.0	6000.0	595.9422397731561	0.0	0	6.050124481203966	795.9422397732851	1	0	2	2.713137009579457
230200.0	2000.0	2695.942239773134	0.0	0	688.3326130719506	2895.942239773256	1	0	0	1.0614734646833845
233353.21536610633	6000.0	427.40533705616167	0.0	0	0.0	780.6207031625672	1	0	2	2.7139615180738224
234200.0	2000.0	2665.299166551848	0.0	0	438.82138634784496	2865.2991665519075	1	0	0	1.0642316542329295
237222.97582459875	6000.0	540.0257594932284	0.0	0	0.0	763.0015840920387	1	0	2	2.716061089362181
238200.0	2000.0	2660.7040016321453	0.0	0	431.5399566060514	2860.704001632257	1	0	0	1.0648071618840436
241586.7654531756	6000.0	203.18423836393575	61.74748656814202	0	0.0	789.9496915396594	1	0	2	2.342028464319622
242200.0	1000.0	2651.2731462220095	0.0	0	424.40256357294857	2851.273146222142	1	0	0	-0.6677282102394766
245558.43731691843	6000.0	305.41626001371696	134.9310567290688	0	0.0	863.8535769322771	1	0	2	1.2027336611801154
246200.0	1000.0	2728.009845240297	0.0	0	420.53991791955195	2928.009845240391	1	0	0	-0.6753464135346916
249509.43899383637	6000.0	343.26579104171395	50.5807627467525	0	0.0	852.7047848781804	1	0	2	1.7101422223596172
250200.0	1000.0	2721.760885494479	0.0	0	521.1307177592535	2921.7608854945574	1	0	0	-0.6744523692228587
253641.0403635686	6000.0	200.0	57.62137675543684	0	0.0	841.0403635686962	1	0	2	1.6708496720201118
254200.0	500.0	2696.9363272117675	0.0	0	420.74361455385224	2896.93632721185	1	0	0	-2.405287209504358
257567.42415720611	6000.0	248.0880542780623	50.28936363003957	0	0.0	815.5122114842816	1	0	2	1.022244311999519
258200.0	1000.0	2678.7697957636015	0.0	0	379.1927811417845	2878.769795763714	1	0	0	-0.6705795324667745
261352.59870502987	6000.0	410.9112202307376	0.0	0	0.0	763.5099252607324	1	0	2	2.0225965136481268
262200.0	1000.0	2648.2500547576196	0.0	0	634.4769710383553	2848.250054757751	1	0	0	-0.6667578040165394
265200.0	6000.0	548.2500547577174	0.0	0	300.44224804016994	748.2500547578093	1	0	2	2.0233956823587236
266200.0	2000.0	2648.250054757693	0.0	0	724.1419784324244	2848.2500547578675	1	0	0	1.0662426831849268
269200.0	6000.0	548.2500547577101	0.0	0	11.05083083541831	748.2500547578675	1	0	2	2.7179153122645148
270200.0	3000.0	2648.250054757714	0.0	0	469.8864426671644	2848.250054757751	1	0	0	2.0798023098920178
273567.841064754	6000.0	200.0	51.250105883353	0	0.0	767.8410647541168	1	0	2	2.8148047693053644
274200.0	1000.0	2631.0569582786065	0.0	0	336.29166801669635	2831.056958278641	1	0	0	-0.6659070551182897
277276.2425288209	6000.0	447.1901765755978	0.0	0	0.0	723.4327053964953	1	0	2	2.0268023081229867
278200.0	2000.0	2615.8084525144477	0.0	0	463.3261863273219	2815.808452514466	1	0	0	1.069282259438252
281743.1641410843	6000.0	252.1377156871008	303.4634712412878	0	0.0	995.3018567714607	1	0	2	0.8713021345328024
282200.0	1000.0	2840.9854426629363	0.0	0	276.30925742769614	3040.985442662961	1	0	0	-0.6874843417605954
285314.08325852576	6000.0	615.4938582846324	0.0	0	0.0	929.5771168103674	1	0	2	2.0055515809573796
286200.0	3000.0	2818.1687909577945	0.0	0	15.047445481875911	3018.168790957774	1	0	0	2.0612062029525777
289777.6708953331	6000.0	200.0	106.60835809869835	0	0.0	977.6708953331108	1	0	2	2.465083763293267
290200.0	500.0	2819.90380579979	0.0	0	246.3774894971284	3019.9038057997823	1	0	0	-2.418446263299539
293441.8363512694	6000.0	453.8838194034021	0.0	0	0.0	895.7201706727501	1	0	2	1.3160848369993559
294200.0	1000.0	2771.536535545841	0.0	0	577.716637762147	2971.536535545718	1	0	0	-0.6792347745687946
297466.11774953717	6000.0	378.8070110550017	0.0	0	0.0	844.9247605921119	1	0	2	2.0141723794770545
298200.0	1000.0	2718.312985638438	0.0	0	521.0039376205532	2918.3129856383894	1	0	0	-0.6739811766569966
301289.25471603876	6000.0	520.1327979958376	0.0	0	0.0	809.387514034519	1	0	2	2.018304732147124
302200.0	2000.0	2700.462042430729	0.0	0	550.8138964795507	2900.462042430707	1	0	0	1.0608714486775743
305200.0	6000.0	600.4620424307612	0.0	0	208.49474077200284	800.4620424308232	1	0	2	2.711453022298802
306200.0	3000.0	2700.4620424307327	0.0	0	664.328254869848	2900.462042430765	1	0	0	2.0746842546880475
309525.7914876406	6000.0	242.09140602605686	0.0	0	0.0	767.8828936666832	1	0	2	3.1202211170252085
310200.0	1000.0	2635.3037449025874	0.0	0	417.9983333296259	2835.303744902485	1	0	0	-0.6660479852855787
313518.4598242478	6000.0	275.327588708881	82.11786407173962	0	0.0	793.7874129565898	1	0	2	1.5265265521871383
314200.0	1000.0	2661.941430531925	0.0	0	408.59253027272644	2861.9414305317914	1	0	0	-0.6687017781023972
317355.14704051445	6000.0	475.6984183008678	76.74430212258926	0	0.0	830.8454588151071	1	0	2	1.5560103249940154
318200.0	2000.0	2715.330754763909	0.0	0	518.4808181404951	2915.3307547636796	1	0	0	1.0592860926083731
321200.0	6000.0	615.3307547639654	0.0	0	16.75653074402362	815.3307547636796	1	0	2	2.7102819346127838
322200.0	3000.0	2715.330754763924	0.0	0	393.11977556726197	2915.3307547636796	1	0	0	2.0730029037143995
325200.0	6000.0	615.3307547638693	0.0	0	81.05430570140015	815.3307547636214	1	0	2	3.115876186545789
326200.0	3000.0	2715.33075476391	0.0	0	578.2633823218639	2915.330754763738	1	0	0	2.0731855968384787
329200.0	6000.0	615.3307547638426	0.0	0	283.83307166112354	815.3307547636796	1	0	2	3.115192608884825
330200.0	3000.0	2715.330754763819	0.0	0	313.0873075523414	2915.330754763738	1	0	0	2.0727594696145513
333200.0	6000.0	615.3307547637669	0.0	0	232.6656391051365	815.3307547637378	1	0	2	3.115476261701422
334200.0	3000.0	2715.3307547637955	0.0	0	306.5934560983442	2915.3307547636796	1	0	0	2.0727842165697807
337289.749491274	6000.0	516.6063143623869	0.0	0	0.0	806.3558056363254	1	0	2	3.116657399566538
338200.0	2000.0	2697.380856508926	0.0	0	323.6717632023501	2897.3808565087384	1	0	0	1.0607919648433453
341377.36459144397	6000.0	402.2798059205743	0.0	0	0.0	779.6443973644054	1	0	2	2.7139818122255135
342200.0	1000.0	2661.9079382201344	0.0	0	647.5243976222118	2861.9079382200725	1	0	0	-0.6681561807825728
345324.1130236568	6000.0	425.3836121976084	0.0	0	0.0	749.4966358544189	1	0	2	2.023765474109614
346200.0	1000.0	2637.085333488758	0.0	0	585.5573454400292	2837.085333488707	1	0	0	-0.6656873264902573
349304.3742316622	6000.0	422.27367866037673	0.0	0	0.0	726.6479103225865	1	0	2	2.026335906635388
350200.0	1000.0	2616.2104871563392	0.0	0	677.9919639765285	2816.210487156408	1	0	0	-0.6634851531228644
353200.0	6000.0	516.2104871563437	0.0	0	200.39676668663742	716.2104871564079	1	0	2	2.026725093936018
354200.0	2000.0	2616.210487156343	0.0	0	698.9874583958881	2816.2104871565243	1	0	0	1.0694466399450635
357437.82665875764	6000.0	372.05802389134743	106.77896488040267	0	0.0	809.8846826491645	1	0	2	2.070575001320271
358200.0	2000.0	2686.1020167732536	0.0	0	414.4296608425793	2886.102016773424	1	0	0	1.0618494084796928
361200.0	6000.0	586.1020167732339	0.0	0	315.22756427462446	786.1020167733659	1	0	2	2.712561579946635
362200.0	3000.0	2686.1020167732595	0.0	0	447.02978553564753	2886.102016773424	1	0	0	2.0759108535419335
365226.5166561529	6000.0	556.9336950050439	0.0	0	0.0	783.4503511580988	1	0	2	3.119583072851186
366200.0	2000.0	2680.798685542594	0.0	0	548.2626704000868	2880.7986855427152	1	0	0	1.062915980244514
369298.85602405184	6000.0	472.0570590855849	0.0	0	0.0	770.9130831375951	1	0	2	2.7154849155668734
370200.0	2000.0	2661.0274807322435	0.0	0	468.44800430192845	2861.0274807324167	1	0	0	1.064709078436501
373200.0	6000.0	561.0274807322207	0.0	0	157.36969379126094	761.0274807324749	1	0	2	2.7154159097847375
374200.0	2000.0	2661.0274807321343	0.0	0	514.1170155545115	2861.0274807323585	1	0	0	1.0649033201379305
377376.7652130517	6000.0	399.8449918460092	30.235677700632664	0	0.0	776.610204897821	1	0	2	2.5333697969529254
378200.0	1000.0	2658.9336835925124	0.0	0	576.1916551457252	2858.9336835925933	1	0	0	-0.6679306801892104
381200.0	6000.0	558.9336835924965	0.0	0	137.08423190162284	758.9336835925933	1	0	2	2.0225639687751946
382200.0	2000.0	2658.933683592503	0.0	0	428.08053006243426	2858.9336835925933	1	0	0	1.0650202726792335
385990.60474791913	6000.0	218.3672909742108	480.99893644794884	0	0.0	1208.9720388933783	1	0	2	-0.2153999113767845
386200.0	1000.0	3029.911564101418	0.0	0	53.4031208945089	3229.911564101465	1	0	0	-0.7080327474283472
389303.94958752027	6000.0	815.5670178291518	0.0	0	0.0	1119.5166053494904	1	0	2	1.987054017823885
390200.0	3000.0	3009.121646597406	0.0	0	361.8374027273385	3209.121646597516	1	0	0	2.0433793584494757
393319.0613279066	6000.0	778.1541859001204	0.0	0	0.0	1097.2155138068483	1	0	2	3.0881568050452506
394200.0	3000.0	2985.3093810160317	0.0	0	555.1742537443643	3185.309381016181	1	0	0	2.046033439728663
397200.0	6000.0	885.3093810160569	0.0	0	108.91700189665426	1085.309381016239	1	0	2	3.088943216369267
398200.0	3000.0	2985.309381016095	0.0	0	584.5900998100406	3185.309381016239	1	0	0	2.0461718635043953
401200.0	6000.0	885.309381016064	0.0	0	87.3547871154733	1085.3093810161809	1	0	2	3.0888843051112724
402200.0	6000.0	2985.3093810160567	0.0	0	95.76251280587167	3185.309381016181	1	0	0	3.77785338351549
405200.0	6000.0	885.3093810160542	0.0	0	300.8167149319779	1085.3093810161809	1	0	2	3.7812585105923784
406349.9331645328	6000.0	2850.369532936524	0.0	0	0.0	3200.3026974694803	1	0	0	3.7759843169749017
409295.84557837294	6000.0	794.8393967263034	0.0	0	0.0	1090.6849750994588	1	0	2	3.7818225795568945
410200.0	3000.0	2981.100417261954	0.0	0	583.3562700328184	3181.1004172622343	1	0	0	2.0464999935147894
413228.5538031083	6000.0	849.6912338428579	0.0	0	0.0	1078.2450369513826	1	0	2	3.089771004903683
414200.0	3000.0	2975.389656640286	0.0	0	513.564047955384	3175.389656640531	1	0	0	2.0470506968399356
417200.0	6000.0	875.389656640265	0.0	0	191.16731113404967	1075.3896566404728	1	0	2	3.089552901475533
418200.0	3000.0	2975.3896566403077	0.0	0	512.127799529233	3175.389656640531	1	0	0	2.0470990835361844
421200.0	6000.0	875.3896566402987	0.0	0	179.9642454254208	1075.3896566405892	1	0	2	3.089817220236945
422200.0	3000.0	2975.3896566403087	0.0	0	570.9465305162594	3175.3896566405892	1	0	0	2.0471577656766407
425200.0	6000.0	875.3896566402934	0.0	0	173.04391254356597	1075.3896566405892	1	0	2	3.0895191164144746
426200.0	3000.0	2975.3896566402727	0.0	0	543.7531812827219	3175.389656640473	1	0	0	2.047115239611744
429662.45498211076	6000.0	366.6891763184108	0.0	0	0.0	1029.1441584293498	1	0	2	3.093793323749559
430200.0	1000.0	2882.898660218128	0.0	0	290.26210860343417	3082.898660218285	1	0	0	-0.6915438917749759
433200.0	6000.0	782.8986602181831	0.0	0	191.88274575141259	982.8986602183431	1	0	2	2.0001319816871783
434200.0	3000.0	2882.898660218198	0.0	0	682.5090653563966	3082.8986602184596	1	0	0	2.056440592909285
437200.0	6000.0	782.8986602181692	0.0	0	259.7917750031338	982.8986602184596	1	0	2	3.098667753331869
438200.0	3000.0	2882.8986602181712	0.0	0	584.9322590054944	3082.8986602184013	1	0	0	2.05641592037491
441200.0	6000.0	782.8986602181548	0.0	0	182.55787234648596	982.8986602184013	1	0	2	3.098552951167072
442200.0	3000.0	2882.8986602181535	0.0	0	561.1009254090604	3082.898660218343	1	0	0	2.056386560934273
445200.0	6000.0	782.8986602181592	0.0	0	46.45284176734276	982.8986602183431	1	0	2	3.0994962044385472
446200.0	3000.0	2882.898660218225	0.0	0	604.5420860115555	3082.8986602184013	1	0	0	2.0564168250069974
449391.463469374	6000.0	572.288843906778	0.0	0	0.0	963.7523132809438	1	0	2	3.101077016649663
450200.0	3000.0	2844.6059663433825	0.0	0	210.6230891160085	3044.6059663435444	1	0	0	2.0593880536157005
453323.00473837584	6000.0	609.3007541299653	0.0	0	0.0	932.3054925058968	1	0	2	3.103873489609913
454200.0	3000.0	2820.0050186681974	0.0	0	255.93679380987305	3020.0050186682492	1	0	0	2.0619375364568326
457200.0	6000.0	720.005018668207	0.0	0	204.24572666210588	920.005018668191	1	0	2	3.104961461398607
458200.0	3000.0	2820.005018668193	0.0	0	431.74612522433745	3020.005018668133	1	0	0	2.0624906890497376
461200.0	6000.0	720.005018668198	0.0	0	337.8899406651035	920.005018668191	1	0	2	3.10474562319963
462200.0	3000.0	2820.0050186681588	0.0	0	606.171929638891	3020.0050186680746	1	0	0	2.062725327837383
465279.9825823558	6000.0	632.0241780767783	0.0	0	0.0	912.0067604325013	1	0	2	3.10671123773141
466200.0	3000.0	2804.0085021969703	0.0	0	413.6824068306014	3004.0085021969862	1	0	0	2.064032767993195
469200.0	6000.0	704.0085021969755	0.0	0	416.08840204699663	904.0085021970444	1	0	2	3.1061668469278176
470200.0	3000.0	2804.0085021969853	0.0	0	353.73530865774956	3004.0085021970444	1	0	0	2.064041855412902
473200.0	6000.0	704.00850219697	0.0	0	228.99494828481693	904.0085021969862	1	0	2	3.1064540161481693
474200.0	3000.0	2804.0085021969335	0.0	0	384.6142770383158	3004.00850219687	1	0	0	2.0641583472258316
477313.5719875448	6000.0	579.0793158976313	0.0	0	0.0	892.6513034424861	1	0	2	3.108278980887972
478200.0	3000.0	2781.2941046879873	0.0	0	321.6034618417616	2981.294104687986	1	0	0	2.065978093241497
481200.0	6000.0	681.2941046880164	0.0	0	19.073695021972526	881.2941046881024	1	0	2	3.109088526963744
482200.0	3000.0	2781.2941046879628	0.0	0	519.8125910669332	2981.294104687986	1	0	0	2.0665421420018584
485806.8348520191	6000.0	200.0	169.29475684824823	0	0.0	1006.8348520191503	1	0	2	2.0890940817813677
486200.0	1000.0	2846.1513668171565	0.0	0	229.43155102949822	3046.1513668172993	1	0	0	-0.6883212344745162
489404.4543794703	6000.0	521.2515493997828	0.0	0	0.0	925.705928870244	1	0	2	2.006542116051593
490200.0	2000.0	2805.260490923049	0.0	0	440.1197865665308	3005.2604909231886	1	0	0	1.0501167974121448
493200.0	6000.0	705.2604909229955	0.0	0	166.6783439340652	905.2604909231886	1	0	2	2.7011843303937315
494200.0	3000.0	2805.260490922969	0.0	0	428.90020363550866	3005.2604909231886	1	0	0	2.0640522342174497
497200.0	6000.0	705.2604909229701	0.0	0	76.39069535047747	905.2604909232468	1	0	2	3.1068445894761534
498200.0	3000.0	2805.2604909229385	0.0	0	550.6488544945023	3005.2604909231886	1	0	0	2.0641323576909185
501371.9242272171	6000.0	516.1438409841102	0.0	0	0.0	888.0680682014208	1	0	2	3.108671996411999
502200.0	2000.0	2770.8756454795216	0.0	0	433.5934289562283	2970.8756454798277	1	0	0	1.053675521379665
505727.6825576533	6000.0	241.73041542018404	137.55053032660348	0	0.0	969.4129730737768	1	0	2	1.8693233515947592
506200.0	1000.0	2816.6447173081315	0.0	0	174.82513962034136	3016.64471730846	1	0	0	-0.6854695587426782
509275.76212484145	6000.0	633.3063799825046	0.0	0	0.0	909.0685048243031	1	0	2	2.008595865774326
510200.0	2000.0	2801.4922923398476	0.0	0	529.7536908593611	3001.4922923402046	1	0	0	1.0507812623660695
513717.4697119161	6000.0	200.0	61.5676279708336	0	0.0	917.4697119165212	1	0	2	2.3342840775869234
514200.0	500.0	2765.722740724563	0.0	0	348.9028618566226	2965.7227407249156	1	0	0	-2.4125049473536513
517436.5716035553	6000.0	405.49397681372864	0.0	0	0.0	842.065580369439	1	0	2	1.3215701728291191
518200.0	1000.0	2718.40842001347	0.0	0	476.5192893019994	2918.4084200139623	1	0	0	-0.6741046069544481
521200.0	6000.0	618.4084200135411	0.0	0	134.92294077313272	818.4084200139623	1	0	2	2.0169503769251826
522200.0	2000.0	2718.4084200135194	0.0	0	523.3534267350333	2918.408420013904	1	0	0	1.0591782087403931
525311.4602734374	6000.0	495.8021192321369	0.0	0	0.0	807.2623926700326	1	0	2	2.711404133205837
526200.0	2000.0	2696.116365325806	0.0	0	497.05308355297893	2896.1163653262192	1	0	0	1.0612066697439073
529200.0	6000.0	596.1163653256704	0.0	0	198.20807806635275	796.1163653262192	1	0	2	2.712050553687104
530200.0	2000.0	2696.1163653256617	0.0	0	618.1858937558718	2896.1163653262192	1	0	0	1.061441183794404
533200.0	6000.0	596.1163653254986	0.0	0	108.63894325960428	796.1163653259864	1	0	2	2.712171557156666
534200.0	2000.0	2696.116365325482	0.0	0	672.500408980879	2896.11636532587	1	0	0	1.0614560521281184
537519.4445937303	6000.0	262.89791822124903	16.51873272637217	0	0.0	782.3425119515741	1	0	2	2.6142604521467567
538200.0	1000.0	2650.3980525785523	0.0	0	508.18233546055853	2850.398052578559	1	0	0	-0.6673550629952197
541503.6581336771	6000.0	216.37410553364123	0.0	0	0.0	720.032239210559	1	0	2	2.0258583963192045
542200.0	1000.0	2589.6664258429264	0.0	0	372.9797057699179	2789.666425842792	1	0	0	-0.6615378956024812
545578.816529181	6000.0	200.0	115.48341477838028	0	0.0	778.8165291808546	1	0	2	1.3307820697259745
546200.0	500.0	2640.934876262859	0.0	0	486.83596005965956	2840.934876262676	1	0	0	-2.3994504542234454
549295.7307191357	6000.0	435.6310852135987	0.0	0	0.0	731.3618043489987	1	0	2	1.3325375793466838
550200.0	1000.0	2621.7887324358385	0.0	0	719.7998023382388	2821.7887324355543	1	0	0	-0.6639791359826943
553248.9338288662	6000.0	467.96152068321555	0.0	0	0.0	716.8953495491296	1	0	2	2.0274591259919204
554200.0	2000.0	2612.0019666627836	0.0	0	607.0191838801838	2812.0019666625885	1	0	0	1.0698379644766707
557367.6011420084	6000.0	357.650051049699	27.281218723839288	0	0.0	725.2511930579785	1	0	2	2.555830943103311
558200.0	1000.0	2608.4910788571997	0.0	0	658.0736309200292	2808.4910788570996	1	0	0	-0.6627940549477374
561200.0	6000.0	508.49107885715836	0.0	0	142.8654194358969	708.4910788570996	1	0	2	2.0275681989650316
562200.0	2000.0	2608.491078857121	0.0	0	586.015162793803	2808.491078856983	1	0	0	1.0702108757952273
565210.7279762663	6000.0	496.6903049640809	0.0	0	0.0	707.4182812301442	1	0	2	2.721368677231924
566200.0	2000.0	2606.3454836038027	0.0	0	680.1870314922417	2806.345483603538	1	0	0	1.0704331403003586
569200.0	6000.0	506.34548360398253	0.0	0	53.53824925492518	706.3454836037708	1	0	2	2.7214094393987986
570200.0	2000.0	2606.34548360386	0.0	0	648.8418206468923	2806.3454836036544	1	0	0	1.0704331403003375
573631.0187584615	6000.0	235.6567749524209	184.93811423280815	0	0.0	866.6755334137706	1	0	2	1.5952283846576802
574200.0	1000.0	2723.5736575676624	0.0	0	311.3048921106383	2923.573657567613	1	0	0	-0.6753353643338682
577538.4732368966	6000.0	251.25309698139816	0.0	0	0.0	789.7263338778866	1	0	2	2.018497872764471
578200.0	1000.0	2655.8790101884465	0.0	0	380.0786513867788	2855.8790101881605	1	0	0	-0.6682231101529741
581442.3890353906	6000.0	355.9083861214044	60.597558965998765	0	0.0	798.2974215120776	1	0	2	1.6555215899400564
582200.0	1000.0	2674.0585179729424	0.0	0	572.0355239682831	2874.0585179729387	1	0	0	-0.6694993418275679
585563.2162324102	6000.0	200.0	23.163034252935887	0	0.0	763.2162324101664	1	0	2	1.8841466255327868
586200.0	500.0	2626.894609169154	0.0	0	474.5696050886763	2826.894609169103	1	0	0	-2.3980408058394302
589484.8993458187	6000.0	299.0064089347955	77.72825469640945	0	0.0	783.9057547533885	1	0	2	0.8607629474313159
590200.0	1000.0	2655.415820171637	0.0	0	505.51963561726734	2855.415820171591	1	0	0	-0.6678108750747049
593347.5653585106	6000.0	393.0939258098857	0.0	0	0.0	740.6592843205435	1	0	2	2.024915188654834
594200.0	1000.0	2625.9027484694734	0.0	0	597.7892269288423	2825.902748469496	1	0	0	-0.6645850492393807
597788.844806806	6000.0	200.0	292.5695809246348	0	0.0	988.8448068059515	1	0	2	0.2574503486803363
598200.0	500.0	2829.9603261253706	0.0	0	297.6555146052269	3029.9603261253797	1	0	0	-2.419297485459587
5.05	7.85	8.25	4.58	5.21	4.54	5.25	4.47	6.54	7.37	5.28	5.38	5.26	6.85	5.14	6.41	5.9	6.0	4.71	6.16	5.91	5.55	4.24	6.72	6.65	11.1	6.64	4.65	6.61	9.61	4.45	5.42	6.56	5.02	6.44	7.02	4.97	3.8	6.1	8.44	5.11	3.23	5.61	6.41	6.26	7.01	8.25	6.75	9.86	9.02	8.2	11.9	5.7	7.6	7.69	6.45	5.65	7.55	7.51	5.42	7.21	6.6	5.36	4.98	5.33	8.79	8.22	6.39	6.53	8.94	5.38	6.32	7.07	6.88	6.28	5.61	4.71	6.82	5.64	7.27	6.9	6.48	7.82	9.52	5.42	6.67	5.78	5.54	6.26	8.98	6.19	5.4	4.54	5.44	7.23	6.09	6.82	7.15	5.42	5.16	5.31	3.21	4.52	5.28	7.33	5.41	4.39	4.38	5.13	5.58	6.17	5.38	4.58	6.32	5.91	6.39	6.16	4.89	5.33	6.1	4.47	5.99	4.68	6.02	5.68	5.18	5.19	5.84	6.13	7.25	6.87	6.7	5.33	7.29	6.7	4.97	5.4	6.06	3.61	5.84	6.79	4.54	4.48	4.58	4.95	6.07	6.22	6.89	4.25	4.01	5.05	7.85	8.25	4.58	5.21	4.54	5.25	4.47	6.54	7.37	5.28	5.38	5.26	6.85	5.14	6.41	5.9	6.0	4.71	6.16	5.91	5.55	4.24	6.72	6.65	11.1	6.64	4.65	6.61	9.61	4.45	5.42	6.56	5.02	6.44	7.02	4.97	3.8	6.1	8.44	5.11	3.23	5.61	6.41	6.26	7.01	8.25	6.75	9.86	9.02	8.2	11.9	5.7	7.6	7.69	6.45	5.65	7.55	7.51	5.42	7.21	6.6	5.36	4.98	5.33	8.79	8.22	6.39	6.53	8.94	5.38	6.32	7.07	6.88	6.28	5.61	4.71	6.82	5.64	7.27	6.9	6.48	7.82	9.52	5.42	6.67	5.78	5.54	6.26	8.98	6.19	5.4	4.54	5.44	7.23	6.09	6.82	7.15	5.42	5.16	5.31	3.21	4.52	5.28	7.33	5.41	4.39	4.38	5.13	5.58	6.17	5.38	4.58	6.32	5.91	6.39	6.16	4.89	5.33	6.1	4.47	5.99	4.68	6.02	5.68	5.18	5.19	5.84	6.13	7.25	6.87	6.7	5.33	7.29	6.7	4.97	5.4	6.06	3.61	5.84	6.79	4.54	4.48	4.58	4.95	6.07	6.22	6.89	4.25	4.01	5.05	7.85	8.25	4.58	5.21	4.54	5.25	4.47	6.54	7.37	5.28	5.38	5.26	6.85	5.14	6.41	5.9	6.0	4.71	6.16	5.91	5.55	4.24	6.72	6.65	11.1	6.64	4.65	6.61	9.61	4.45	5.42	6.56	5.02	6.44	7.02	4.97	3.8	6.1	8.44	5.11	3.23	5.61	6.41	6.26	7.01	8.25	6.75	9.86	9.02	8.2	11.9	5.7	7.6	7.69	6.45	5.65	7.55	7.51	5.42	7.21	6.6	5.36	4.98	5.33	8.79	8.22	6.39	6.53	8.94	5.38	6.32	7.07	6.88	6.28	5.61	4.71	6.82	5.64	7.27	6.9	6.48	7.82	9.52	5.42	6.67	5.78	5.54	6.26	8.98	6.19	5.4	4.54	5.44	7.23	6.09	6.82	7.15	5.42	5.16	5.31	3.21	4.52	5.28	7.33	5.41	4.39	4.38	5.13	5.58	6.17	5.38	4.58	6.32	5.91	6.39	6.16	4.89	5.33	6.1	4.47	5.99	4.68	6.02	5.68	5.18	5.19	5.84	6.13	7.25	6.87	6.7	5.33	7.29	6.7	4.97	5.4	6.06	3.61	5.84	6.79	4.54	4.48	4.58	4.95	6.07	6.22	6.89	4.25	4.01	5.05	7.85	8.25	4.58	5.21	4.54	5.25	4.47	6.54	7.37	5.28	5.38	5.26	6.85	5.14	6.41	5.9	6.0	4.71	6.16	5.91	5.55	4.24	6.72	6.65	11.1	6.64	4.65	6.61	9.61	4.45	5.42	6.56	5.02	6.44	7.02	4.97	3.8	6.1	8.44	5.11	3.23	5.61	6.41	6.26	7.01	8.25	6.75	9.86	9.02	8.2	11.9	5.7	7.6	7.69	6.45	5.65	7.55	7.51	5.42	7.21	6.6	5.36	4.98	5.33	8.79	8.22	6.39	6.53	8.94	5.38	6.32	7.07	6.88	6.28	5.61	4.71	6.82	5.64	7.27	6.9	6.48	7.82	9.52	5.42	6.67	5.78	5.54	6.26	8.98	6.19	5.4	4.54	5.44	7.23	6.09	6.82	7.15	5.42	5.16	5.31	3.21	4.52	5.28	7.33	5.41	4.39	4.38	5.13	5.58	6.17	5.38	4.58	6.32	5.91	6.39	6.16	4.89	5.33	6.1	4.47	5.99	4.68	6.02	5.68	5.18	5.19	5.84	6.13	7.25	6.87	6.7	5.33	7.29	6.7	4.97	5.4	6.06	3.61	5.84	6.79	4.54	4.48	4.58	4.95	6.07	6.22	6.89	4.25	4.01	5.05	7.85	8.25
1.0	2.0	3.0	4.0	5.0	6.0	7.0	8.0	9.0	10.0	11.0	12.0	13.0	14.0	15.0	16.0	17.0	18.0	19.0	20.0	21.0	22.0	23.0	24.0	25.0	26.0	27.0	28.0	29.0	30.0	31.0	32.0	33.0	34.0	35.0	36.0	37.0	38.0	39.0	40.0	41.0	42.0	43.0	44.0	45.0	46.0	47.0	48.0	49.0	50.0	51.0	52.0	53.0	54.0	55.0	56.0	57.0	58.0	59.0	60.0	61.0	62.0	63.0	64.0	65.0	66.0	67.0	68.0	69.0	70.0	71.0	72.0	73.0	74.0	75.0	76.0	77.0	78.0	79.0	80.0	81.0	82.0	83.0	84.0	85.0	86.0	87.0	88.0	89.0	90.0	91.0	92.0	93.0	94.0	95.0	96.0	97.0	98.0	99.0	100.0	101.0	102.0	103.0	104.0	105.0	106.0	107.0	108.0	109.0	110.0	111.0	112.0	113.0	114.0	115.0	116.0	117.0	118.0	119.0	120.0	121.0	122.0	123.0	124.0	125.0	126.0	127.0	128.0	129.0	130.0	131.0	132.0	133.0	134.0	135.0	136.0	137.0	138.0	139.0	140.0	141.0	142.0	143.0	144.0	145.0	146.0	147.0	148.0	149.0	149.0	150.0	151.0	152.0	153.0	154.0	155.0	156.0	157.0	158.0	159.0	160.0	161.0	162.0	163.0	164.0	165.0	166.0	167.0	168.0	169.0	170.0	171.0	172.0	173.0	174.0	175.0	176.0	177.0	178.0	179.0	180.0	181.0	182.0	183.0	184.0	185.0	186.0	187.0	188.0	189.0	190.0	191.0	192.0	193.0	194.0	195.0	196.0	197.0	198.0	199.0	200.0	201.0	202.0	203.0	204.0	205.0	206.0	207.0	208.0	209.0	210.0	211.0	212.0	213.0	214.0	215.0	216.0	217.0	218.0	219.0	220.0	221.0	222.0	223.0	224.0	225.0	226.0	227.0	228.0	229.0	230.0	231.0	232.0	233.0	234.0	235.0	236.0	237.0	238.0	239.0	240.0	241.0	242.0	243.0	244.0	245.0	246.0	247.0	248.0	249.0	250.0	251.0	252.0	253.0	254.0	255.0	256.0	257.0	258.0	259.0	260.0	261.0	262.0	263.0	264.0	265.0	266.0	267.0	268.0	269.0	270.0	271.0	272.0	273.0	274.0	275.0	276.0	277.0	278.0	279.0	280.0	281.0	282.0	283.0	284.0	285.0	286.0	287.0	288.0	289.0	290.0	291.0	292.0	293.0	294.0	295.0	296.0	297.0	298.0	298.0	299.0	300.0	301.0	302.0	303.0	304.0	305.0	306.0	307.0	308.0	309.0	310.0	311.0	312.0	313.0	314.0	315.0	316.0	317.0	318.0	319.0	320.0	321.0	322.0	323.0	324.0	325.0	326.0	327.0	328.0	329.0	330.0	331.0	332.0	333.0	334.0	335.0	336.0	337.0	338.0	339.0	340.0	341.0	342.0	343.0	344.0	345.0	346.0	347.0	348.0	349.0	350.0	351.0	352.0	353.0	354.0	355.0	356.0	357.0	358.0	359.0	360.0	361.0	362.0	363.0	364.0	365.0	366.0	367.0	368.0	369.0	370.0	371.0	372.0	373.0	374.0	375.0	376.0	377.0	378.0	379.0	380.0	381.0	382.0	383.0	384.0	385.0	386.0	387.0	388.0	389.0	390.0	391.0	392.0	393.0	394.0	395.0	396.0	397.0	398.0	399.0	400.0	401.0	402.0	403.0	404.0	405.0	406.0	407.0	408.0	409.0	410.0	411.0	412.0	413.0	414.0	415.0	416.0	417.0	418.0	419.0	420.0	421.0	422.0	423.0	424.0	425.0	426.0	427.0	428.0	429.0	430.0	431.0	432.0	433.0	434.0	435.0	436.0	437.0	438.0	439.0	440.0	441.0	442.0	443.0	444.0	445.0	446.0	447.0	447.0	448.0	449.0	450.0	451.0	452.0	453.0	454.0	455.0	456.0	457.0	458.0	459.0	460.0	461.0	462.0	463.0	464.0	465.0	466.0	467.0	468.0	469.0	470.0	471.0	472.0	473.0	474.0	475.0	476.0	477.0	478.0	479.0	480.0	481.0	482.0	483.0	484.0	485.0	486.0	487.0	488.0	489.0	490.0	491.0	492.0	493.0	494.0	495.0	496.0	497.0	498.0	499.0	500.0	501.0	502.0	503.0	504.0	505.0	506.0	507.0	508.0	509.0	510.0	511.0	512.0	513.0	514.0	515.0	516.0	517.0	518.0	519.0	520.0	521.0	522.0	523.0	524.0	525.0	526.0	527.0	528.0	529.0	530.0	531.0	532.0	533.0	534.0	535.0	536.0	537.0	538.0	539.0	540.0	541.0	542.0	543.0	544.0	545.0	546.0	547.0	548.0	549.0	550.0	551.0	552.0	553.0	554.0	555.0	556.0	557.0	558.0	559.0	560.0	561.0	562.0	563.0	564.0	565.0	566.0	567.0	568.0	569.0	570.0	571.0	572.0	573.0	574.0	575.0	576.0	577.0	578.0	579.0	580.0	581.0	582.0	583.0	584.0	585.0	586.0	587.0	588.0	589.0	590.0	591.0	592.0	593.0	594.0	595.0	596.0	596.0	597.0	598.0	599.0
2171.214092576859
