2279.9257661874562	300.0	2000.0	68.03905736827313	0	0.0	2279.9257661874562	1	0	1	-0.6353396777667999
5200.0	6000.0	287.6040912933528	279.73099208486616	0	323.1905614135703	487.6040912933531	1	0	2	-0.6329111026359967
6200.0	1000.0	2387.6040912933527	0.0	0	878.7310926696437	2587.604091293353	1	0	0	-0.6405606718684862
9200.0	6000.0	287.6040912933539	0.0	0	253.17020893029076	487.60409129335494	1	0	2	2.0494792487232205
10200.0	1000.0	2387.6040912933545	0.0	0	828.8130581708683	2587.604091293355	1	0	0	-0.6405606718684862
13200.0	6000.0	309.88828068266196	20.25835399027909	0	250.7629402703824	509.8882806826623	1	0	2	1.9257667478203784
14200.0	2000.0	2409.8882806826605	0.0	0	679.2306322808417	2609.8882806826623	1	0	0	1.0900788605924463
17988.605060714082	6000.0	200.0	688.7066237298468	0	0.0	1188.6050607140824	1	0	2	-1.440753332798681
18233.65709049032	1000.0	2979.4531732013834	0.0	0	0.0	3213.1102636917058	1	0	0	-0.7066370234909943
21324.619493098326	6000.0	776.0717307932262	0.0	0	0.0	1100.6912238915575	1	0	2	1.9888049419952896
22200.0	3000.0	2988.229274581723	0.0	0	270.49016732451855	3188.229274581725	1	0	0	2.0452740102537583
25371.27002761975	6000.0	699.8322442000022	0.0	0	0.0	1071.10227181976	1	0	2	3.0912399114881515
26200.0	3000.0	2953.9752690577784	0.0	0	364.32129701815575	3153.9752690577843	1	0	0	2.048782686750615
29200.0	6000.0	853.9752690577797	0.0	0	76.6148152039932	1053.9752690577843	1	0	2	3.091920868297673
30200.0	3000.0	2953.975269057781	0.0	0	332.60723560909537	3153.975269057788	1	0	0	2.049093885755836
33428.05878942665	6000.0	603.1106006884645	0.0	0	0.0	1031.1693901151193	1	0	2	3.0946072558587923
34200.0	3000.0	2908.363511172452	0.0	0	206.89758491412795	3108.3635111724543	1	0	0	2.0528639843700516
37290.744601881	6000.0	708.5444491033516	0.0	0	0.0	999.2890509843637	1	0	2	3.0978631138443236
38200.0	3000.0	2890.2145907962517	0.0	0	470.90819270529755	3090.214590796262	1	0	0	2.0554801839911345
41200.0	6000.0	790.2145907962564	0.0	0	101.47861394622305	990.2145907962622	1	0	2	3.098372176407724
42200.0	3000.0	2890.2145907962536	0.0	0	473.97121219073597	3090.2145907962768	1	0	0	2.055580794942056
45511.70031408084	6000.0	447.34424530733645	0.0	0	0.0	959.0445593882032	1	0	2	3.1010803564766887
46200.0	2000.0	2827.8745279800924	0.0	0	323.7595492640976	3027.874527980137	1	0	0	1.047379700821518
49743.67914020965	6000.0	200.0	63.793205682291415	0	0.0	943.6791402096933	1	0	2	2.3183124049098747
50200.0	500.0	2789.3112261886827	0.0	0	316.8739035805047	2989.311226188729	1	0	0	-2.415031624542599
53445.199285185685	6000.0	419.5920124844299	0.0	0	0.0	864.79129767017	1	0	2	1.3193169428970863
54200.0	1000.0	2740.2713691515382	0.0	0	483.69880996045686	2940.2713691515964	1	0	0	-0.6762930554960567
57200.0	6000.0	640.2713691515348	0.0	0	87.00347126145061	840.2713691515964	1	0	2	2.014697511653365
58200.0	2000.0	2740.271369151536	0.0	0	585.6802697146122	2940.2713691515964	1	0	0	1.057000918859098
61357.71182273038	6000.0	466.7883641481055	0.0	0	0.0	824.5001868785403	1	0	2	2.70997373118319
62200.0	2000.0	2708.7290046054477	0.0	0	501.2847203998099	2908.7290046054986	1	0	0	1.05993198691342
65532.23267707246	6000.0	285.5788969400116	38.45985192206888	0	0.0	817.8115740125213	1	0	2	2.479189682028469
66200.0	1000.0	2684.5883063052183	0.0	0	503.5341458376788	2884.5883063052606	1	0	0	-0.6707824609363917
69200.0	6000.0	584.5883063052274	0.0	0	259.18120207566244	784.5883063052752	1	0	2	2.0197703709031805
70200.0	3000.0	2684.5883063052265	0.0	0	323.36505042068893	2884.5883063052606	1	0	0	2.075937704849528
73200.0	6000.0	584.5883063052343	0.0	0	300.907215469284	784.5883063052752	1	0	2	3.118215255067703
74200.0	3000.0	2684.5883063052192	0.0	0	399.95738160329347	2884.5883063052606	1	0	0	2.076080084527179
77599.73763785206	6000.0	200.0	50.111904847322904	0	0.0	799.7376378521003	1	0	2	2.8177830667142145
78200.0	1000.0	2659.7638740668604	0.0	0	388.46331818561885	2859.763874066921	1	0	0	-0.6687019951090993
81200.0	6000.0	559.7638740668465	0.0	0	124.95451949337439	759.7638740669063	1	0	2	2.022492282900081
82200.0	2000.0	2659.763874066844	0.0	0	554.9941227523959	2859.7638740669063	1	0	0	1.0650126426173225
85239.14333642017	6000.0	516.7062040046753	0.0	0	0.0	755.8495404249115	1	0	2	2.7166172208505786
86200.0	2000.0	2651.9352067828286	0.0	0	554.415846033211	2851.9352067828877	1	0	0	1.0657773780242388
89200.0	6000.0	551.9352067828319	0.0	0	72.13663326058304	751.9352067828877	1	0	2	2.717036617688148
90200.0	2000.0	2651.935206782829	0.0	0	707.299428679049	2851.9352067829022	1	0	0	1.065874167982424
93304.23976704571	6000.0	437.27146303254506	0.0	0	0.0	741.5112300783367	1	0	2	2.717912453871771
94200.0	2000.0	2631.0872533736856	0.0	0	487.907564865367	2831.087253373771	1	0	0	1.0677260966208189
97293.49613595409	6000.0	447.98872459227636	17.952018880090463	0	0.0	741.4848605464649	1	0	2	2.6107592776456556
98200.0	2000.0	2632.1352469509643	0.0	0	654.9794902907015	2832.135246951075	1	0	0	1.0677974511832278
101200.0	6000.0	532.1352469509724	0.0	0	307.07044587696146	732.1352469510748	1	0	2	2.718043990569725
102200.0	2000.0	2632.1352469509634	0.0	0	602.9751802140236	2832.1352469510894	1	0	0	1.0678439843127814
105254.07360064564	6000.0	472.654286240753	0.0	0	0.0	726.727886886496	1	0	2	2.720094900583723
106200.0	2000.0	2621.32052682182	0.0	0	622.6880282726925	2821.320526821917	1	0	0	1.0689065740310257
109306.37151741982	6000.0	456.2981899540338	47.260302085446256	0	0.0	762.6697073739779	1	0	2	2.432871031409907
110200.0	2000.0	2652.0325556318553	0.0	0	474.53448201995343	2852.032555632002	1	0	0	1.065646748058641
113536.22977951467	6000.0	222.83881104274482	36.96273897911112	0	0.0	759.068590557581	1	0	2	2.4937602002821184
114200.0	1000.0	2625.4456126059385	0.0	0	482.19836365222	2825.445612606083	1	0	0	-0.6649291221391975
117882.10184025999	6000.0	200.0	386.24219243640573	0	0.0	1082.101840260133	1	0	2	-0.3161485314055992
118200.0	500.0	2913.8916562339887	0.0	0	200.37305717507843	3113.891656234133	1	0	0	-2.4282462496597734
121200.0	6000.0	813.8916562339926	0.0	0	17.395057976376847	1013.8916562341474	1	0	2	1.3047419926197532
122200.0	3000.0	2913.8916562339973	0.0	0	517.400221516742	3113.891656234133	1	0	0	2.0532871336084635
125200.0	6000.0	813.8916562339984	0.0	0	290.5024584721832	1013.8916562341328	1	0	2	3.0953012097156583
126200.0	3000.0	2913.8916562339896	0.0	0	493.2249036136054	3113.891656234133	1	0	0	2.053201806993896
129502.67638824614	6000.0	480.94762916323236	0.0	0	0.0	983.6240174095292	1	0	2	3.098373027852323
130200.0	2000.0	2853.3563785847596	0.0	0	195.79502752202097	3053.3563785849256	1	0	0	1.0444197981711971
133473.13823896533	6000.0	452.904315722909	0.0	0	0.0	926.0425546884071	1	0	2	2.699179423995492
134200.0	2000.0	2798.7287307916836	0.0	0	349.80220072111115	2998.7287307918305	1	0	0	1.0504150796028746
137200.0	6000.0	698.7287307917096	0.0	0	171.48263793744263	898.7287307918305	1	0	2	2.7016406426816575
138200.0	3000.0	2798.7287307916918	0.0	0	419.5835669770604	2998.7287307918305	1	0	0	2.064688980832157
141389.42757315727	6000.0	490.35840031871294	0.0	0	0.0	879.7859734761296	1	0	2	3.1088330568181233
142200.0	2000.0	2760.843216160261	0.0	0	393.1843707099033	2960.8432161604287	1	0	0	1.0545005262687133
145493.5298521759	6000.0	337.960378766768	0.0	0	0.0	831.4902309428435	1	0	2	2.708824194600454
146200.0	1000.0	2702.1372457251123	0.0	0	460.1272763145098	2902.1372457252874	1	0	0	-0.6725637809253195
149244.35245358624	6000.0	553.3495467802329	0.0	0	0.0	797.7020003666112	1	0	2	2.0193785688414927
150200.0	2000.0	2693.2667550078477	0.0	0	598.7315633368271	2893.2667550080223	1	0	0	1.0616769646428583
153200.0	6000.0	593.2667550078493	0.0	0	147.15122039569542	793.2667550080223	1	0	2	2.7123649482561953
154200.0	3000.0	2693.2667550078822	0.0	0	330.35820780473296	2893.2667550080514	1	0	0	2.0750768424141905
157357.44802146478	6000.0	420.0739313966541	0.0	0	0.0	777.5219528615999	1	0	2	3.11980820574869
158200.0	2000.0	2661.7771507149273	0.0	0	525.3897375514498	2861.77715071509	1	0	0	1.0646530511853278
161200.0	6000.0	561.7771507148922	0.0	0	120.37656748891459	761.7771507150319	1	0	2	2.715797750979166
162200.0	3000.0	2661.7771507148927	0.0	0	514.3129527294368	2861.777150715032	1	0	0	2.078441255143889
165283.92791064255	6000.0	469.4564490080812	0.0	0	0.0	753.3843596507504	1	0	2	3.122039845859317
166200.0	2000.0	2644.9915685864103	0.0	0	431.0725481478148	2844.991568586498	1	0	0	1.0663305597564996
169502.01103024933	6000.0	279.851788520775	60.97486655328703	0	0.0	781.8628187701688	1	0	2	2.3476730921123035
170200.0	1000.0	2651.661715745209	0.0	0	471.67140798302717	2851.6617157452856	1	0	0	-0.6675149933654062
173371.3507281783	6000.0	363.17591474907573	0.0	0	0.0	734.5266429274343	1	0	2	2.0255394039446832
174200.0	1000.0	2617.391570109585	0.0	0	584.8690949328884	2817.3915701096703	1	0	0	-0.6637470180712687
177200.0	6000.0	517.3915701095932	0.0	0	380.23931515429285	717.3915701096994	1	0	2	2.026319525628197
178200.0	2000.0	2617.3915701096244	0.0	0	575.1719756288803	2817.3915701097867	1	0	0	1.0692950004529918
181200.0	6000.0	517.3915701096162	0.0	0	282.23518629037426	717.3915701097867	1	0	2	2.7196628932394615
182200.0	2000.0	2617.391570109615	0.0	0	556.0548911068763	2817.3915701097576	1	0	0	1.0692927605029556
185789.63896194205	6000.0	200.0	301.10117093329825	0	0.0	989.638961942197	1	0	2	0.8936510839289259
186200.0	1000.0	2830.67506574783	0.0	0	211.72141389042372	3030.675065748015	1	0	0	-0.6867856695248402
189200.0	6000.0	730.6750657478377	0.0	0	225.6744419625611	930.6750657480443	1	0	2	2.005322942539685
190200.0	3000.0	2830.6750657478196	0.0	0	550.1407503814844	3030.6750657480443	1	0	0	2.061643582302775
193200.0	6000.0	730.6750657478094	0.0	0	81.65259677442373	930.6750657480443	1	0	2	3.1042887791594858
194200.0	3000.0	2830.675065747817	0.0	0	459.17997488577385	3030.6750657480734	1	0	0	2.0615292881551492
197259.88275447604	6000.0	664.8040358241308	0.0	0	0.0	924.6867903004168	1	0	2	3.105499932285802
198200.0	3000.0	2818.6985148525696	0.0	0	411.8048268331331	3018.6985148527892	1	0	0	2.0625819964524807
201697.3090789908	6000.0	200.0	25.764974579370417	0	0.0	897.3090789910348	1	0	2	2.953739272911484
202200.0	500.0	2747.578171091727	0.0	0	344.8120296076231	2947.5781710919982	1	0	0	-2.4106696317841276
205200.0	6000.0	647.5781710916999	0.0	0	329.2558840474521	847.5781710919691	1	0	2	1.3201378126234844
206200.0	3000.0	2747.5781710916954	0.0	0	545.9194724738772	2947.57817109194	1	0	0	2.0699156744969867
209887.9394878193	6000.0	200.0	281.05024137230635	0	0.0	1087.9394878195308	1	0	2	1.410019937054366
210245.38670406616	2000.0	858.6805035510565	16.127719797892865	0	0.0	1104.0672076174233	1	0	1	1.339894649111613
211200.0	3000.0	2999.528537210612	0.0	0	401.3504323128436	3199.5285372108046	1	0	0	2.5321611444112375
214200.0	6000.0	899.5285372106323	0.0	0	233.41406020653085	1099.5285372108337	1	0	2	3.086915664620616
215200.0	3000.0	2999.5285372106255	0.0	0	405.55998069630004	3199.5285372108337	1	0	0	2.0446133841462597
218200.0	6000.0	899.5285372106403	0.0	0	175.4210247209412	1099.5285372108337	1	0	2	3.0870690781407184
219200.0	3000.0	2999.528537210645	0.0	0	495.4964686409512	3199.528537210863	1	0	0	2.0446858116103197
222200.0	6000.0	899.5285372106663	0.0	0	263.0043704621203	1099.528537210892	1	0	2	3.087085679212761
223200.0	3000.0	2999.5285372106446	0.0	0	762.9142723041878	3199.528537210892	1	0	0	2.044777605210035
226200.0	6000.0	899.528537210658	0.0	0	192.42011583104613	1099.528537210892	1	0	2	3.0870655872466815
227480.49408189548	6000.0	2747.083863504742	0.0	0	0.0	3227.577945400466	1	0	0	3.7737618780082545
230269.70447110504	6000.0	850.9089452891928	0.0	0	0.0	1120.6134163944807	1	0	2	3.7783499056922123
231200.0	3000.0	3013.6429692837332	0.0	0	444.8687789775722	3213.642969283974	1	0	0	2.0431251921227944
234215.66459571046	6000.0	896.4119140022085	0.0	0	0.0	1112.0765097129333	1	0	2	3.086285507065802
235200.0	3000.0	3010.5100501415814	0.0	0	392.16930907714413	3210.510050141893	1	0	0	2.0433649860361514
238200.0	6000.0	910.5100501415936	0.0	0	136.01600533854798	1110.510050141922	1	0	2	3.086188104809953
239200.0	3000.0	3010.5100501416073	0.0	0	463.6627511509578	3210.510050141922	1	0	0	2.0435771731307484
242200.0	6000.0	910.510050141605	0.0	0	91.880058390263	1110.510050141922	1	0	2	3.086189356831706
243200.0	3000.0	3010.51005014158	0.0	0	371.9282495289226	3210.5100501418638	1	0	0	2.04333877833815
246200.0	6000.0	910.510050141549	0.0	0	156.4620031309605	1110.5100501418347	1	0	2	3.0862093018160612
247200.0	3000.0	3010.510050141563	0.0	0	532.1275111577415	3210.510050141893	1	0	0	2.043627585992035
250730.86809396377	6000.0	326.5551467814056	0.0	0	0.0	1057.4232407454983	1	0	2	3.0906311692990784
251200.0	1000.0	2904.3364313487987	0.0	0	323.90625143409125	3104.3364313490747	1	0	0	-0.69362849806841
254200.0	6000.0	804.3364313488173	0.0	0	38.268785332271364	1004.3364313490456	1	0	2	1.9983992254950014
255200.0	3000.0	2904.3364313488087	0.0	0	499.08880319603486	3104.3364313490747	1	0	0	2.054212340326832
258385.25902357232	6000.0	600.5515054192508	0.0	0	0.0	985.8105289918312	1	0	2	3.0988283830921017
259200.0	3000.0	2867.2846266343504	0.0	0	292.93219544008025	3067.284626634675	1	0	0	2.057369504766785
262708.3991322208	6000.0	208.04558119157022	0.0	0	0.0	916.4447134126967	1	0	2	3.104879211098423
263200.0	1000.0	2765.6048001902495	0.0	0	207.37647717859363	2965.604800190573	1	0	0	-0.680102602490199
266351.97961464996	6000.0	498.4272240753192	0.0	0	0.0	850.4068387255538	1	0	2	2.0128771138342043
267200.0	2000.0	2735.208877260227	0.0	0	286.14837291795993	2935.2088772605057	1	0	0	1.0565252042036515
270406.61684366665	6000.0	407.93034922687946	0.0	0	0.0	814.5471928938641	1	0	2	2.71020645581027
271200.0	1000.0	2693.885508526893	0.0	0	598.3949736569193	2893.8855085271643	1	0	0	-0.6714275324913694
274332.07941767736	6000.0	448.59814908187013	0.0	0	0.0	780.6775667595211	1	0	2	2.021107832742065
275200.0	1000.0	2667.469624991575	0.0	0	643.34878959856	2867.469624991936	1	0	0	-0.6686588962728564
278200.0	6000.0	567.4696249916316	0.0	0	103.11640249576885	767.4696249919361	1	0	2	2.021700451294298
279200.0	2000.0	2667.4696249916324	0.0	0	631.4149019910255	2867.4696249920526	1	0	0	1.0643207261615082
282226.6017645867	6000.0	538.207683946295	0.0	0	0.0	764.8094485334004	1	0	2	2.716293864113602
283200.0	2000.0	2662.1492720743463	0.0	0	609.6286875704536	2862.1492720748065	1	0	0	1.064804262860868
286200.0	6000.0	562.1492720743013	0.0	0	284.92686842248077	762.1492720747483	1	0	2	2.7151648555604178
287200.0	2000.0	2662.149272074259	0.0	0	616.1851297434187	2862.149272074632	1	0	0	1.0648527614532433
290589.30721644266	6000.0	200.58706423491694	60.614300225047984	0	0.0	789.8942806779523	1	0	2	2.349717861123935
291200.0	1000.0	2650.96355903329	0.0	0	409.4523926444235	2850.96355903364	1	0	0	-0.6677490774752282
294200.0	6000.0	550.9635590333492	0.0	0	202.10211345745483	750.9635590336984	1	0	2	2.023662191987114
295200.0	3000.0	2650.963559033302	0.0	0	679.3415558731649	2850.963559033582	1	0	0	2.0796341030277636
298480.6830274894	6000.0	389.6373146969481	134.02280536549625	0	0.0	870.320342186722	1	0	2	2.3064856538260683
299200.0	2000.0	2742.2520394374346	0.0	0	391.8111031522858	2942.2520394378225	1	0	0	1.0561326962883268
302200.0	6000.0	642.2520394374714	0.0	0	69.11296822020086	842.2520394378807	1	0	2	2.707869794686051
303200.0	3000.0	2742.2520394374023	0.0	0	506.33431873784866	2942.2520394378807	1	0	0	2.070375765476526
306200.0	6000.0	642.2520394374334	0.0	0	391.61367129319115	842.2520394378807	1	0	2	3.112459078641598
307200.0	3000.0	2742.252039437457	0.0	0	706.7907069908688	2942.2520394378807	1	0	0	2.070505254987336
310200.0	6000.0	642.252039437441	0.0	0	443.08321703539696	842.2520394378225	1	0	2	3.112316650969579
311200.0	3000.0	2742.2520394374706	0.0	0	491.88524677511305	2942.2520394378807	1	0	0	2.0704844721064264
314304.6288304663	6000.0	527.1603259245754	0.0	0	0.0	831.7891563912854	1	0	2	3.1137433265095504
315203.7582308181	3000.0	2717.943865607943	0.0	0	0.0	2921.702096426452	1	0	0	2.0703481711183507
318590.7655327556	6000.0	200.0	7.362018566540655	0	0.0	790.7655327559914	1	0	2	3.07406235546792
319200.0	2000.0	2651.688979480029	0.0	0	155.5067885457538	2851.688979480474	1	0	0	1.0643609546650863
322200.0	6000.0	551.6889794800031	0.0	0	44.08019454171881	751.6889794804738	1	0	2	2.717433254388151
323200.0	2000.0	2651.6889794800427	0.0	0	751.4996683128411	2851.688979480532	1	0	0	1.0658987907126591
326200.0	6000.0	551.6889794800957	0.0	0	120.461298379465	751.6889794807066	1	0	2	2.7164451285319946
327200.0	2000.0	2651.6889794800177	0.0	0	656.0933576672687	2851.68897948059	1	0	0	1.0658987907126487
330213.0327255625	6000.0	537.3529813612562	0.0	0	0.0	750.3857069243095	1	0	2	2.7177605346467635
331200.0	2000.0	2649.0824343675336	0.0	0	591.7258807034232	2849.0824343679706	1	0	0	1.066159445223914
334350.7292192113	6000.0	403.7558133475841	18.614109193212627	0	0.0	754.4850325592561	1	0	2	2.6051668496542986
335200.0	2000.0	2639.4121106377265	0.0	0	531.7201862860238	2839.41211063799	1	0	0	1.0669127097196118
338200.0	6000.0	539.4121106377139	0.0	0	150.2159371082089	739.412110638048	1	0	2	2.7178516877813936
339200.0	2000.0	2639.4121106376933	0.0	0	701.2745826600003	2839.412110638048	1	0	0	1.0671264775969087
342390.35422064754	6000.0	330.0224679254061	0.0	0	0.0	720.3766885732766	1	0	2	2.7198052636736336
343200.0	1000.0	2601.3412665082133	0.0	0	605.4241705721361	2801.3412665086216	1	0	0	-0.6621384070124301
346695.92535487027	6000.0	200.0	221.97874895370876	0	0.0	895.9253548706765	1	0	2	0.6798026130341229
347200.0	500.0	2746.3328193832203	0.0	0	346.42338015913265	2946.3328193835914	1	0	0	-2.410533376252485
350875.8005999602	6000.0	200.0	270.0434914299075	0	0.0	1075.8005999606103	1	0	2	-0.3210182236787199
351200.0	500.0	2908.2205399641243	0.0	0	205.72226603492163	3108.2205399645027	1	0	0	-2.427661944846095
354458.65531496075	6000.0	523.699693507247	0.0	0	0.0	982.3550084683229	1	0	2	1.3071276874036213
355200.0	2000.0	2856.4894769719176	0.0	0	380.8247921245056	3056.489476972318	1	0	0	1.0447280542731132
358200.0	6000.0	756.4894769718712	0.0	0	260.74781154538505	956.4894769723178	1	0	2	2.695920623377906
359200.0	3000.0	2856.489476971857	0.0	0	584.9170292303897	3056.489476972318	1	0	0	2.0590558897234055
362200.0	6000.0	756.4894769718394	0.0	0	22.06563170166919	956.4894769723178	1	0	2	3.1019945587341278
363200.0	3000.0	2856.4894769718253	0.0	0	390.1109122480266	3056.4894769722014	1	0	0	2.058865275391532
366200.0	6000.0	756.4894769718438	0.0	0	125.53865274495911	956.4894769722014	1	0	2	3.1015837583983084
367200.0	3000.0	2856.4894769719363	0.0	0	610.7964922807296	3056.489476972318	1	0	0	2.0590815112338983
370380.78367887676	6000.0	557.6274302075399	0.0	0	0.0	938.4111090846127	1	0	2	3.102594953976328
371200.0	2000.0	2820.332741196596	0.0	0	278.9610370377777	3020.3327411968494	1	0	0	1.0482462460794522
374709.3588452201	6000.0	200.0	36.3290804959488	0	0.0	909.3588452203549	1	0	2	2.4847889426297822
375200.0	2000.0	2758.4229606980934	0.0	0	135.23084536922397	2958.4229606983718	1	0	0	1.05315945228606
378349.2282387272	6000.0	494.27189809820163	0.0	0	0.0	843.5001368256635	1	0	2	2.7074441158544906
379200.0	2000.0	2728.5773129526865	0.0	0	546.4367653703666	2928.5773129529553	1	0	0	1.057989747311857
382381.2968171886	6000.0	429.150814045266	0.0	0	0.0	810.4476312341867	1	0	2	2.7107178057440824
383200.0	2000.0	2692.317949514989	0.0	0	406.32810037286254	2892.317949515418	1	0	0	1.0614215968862397
386345.7829155867	6000.0	433.4542818089375	1.3613994903243167	0	0.0	779.2371973960544	1	0	2	2.7063277979310554
387200.0	2000.0	2664.6589058369823	0.0	0	585.8355546027888	2864.6589058373356	1	0	0	1.064436058388584
390542.6448971378	6000.0	214.04729410731554	23.907068292681515	0	0.0	756.6921912455	1	0	2	2.5722630208821258
391200.0	1000.0	2622.4277015313796	0.0	0	359.08170437283115	2822.427701531735	1	0	0	-0.6649441927835796
394376.272212667	6000.0	423.47543564901326	86.31560731941761	0	0.0	799.7476483163191	1	0	2	1.5013724291825215
395200.0	2000.0	2682.1204270493886	0.0	0	552.8614706294611	2882.1204270496964	1	0	0	1.0625930247072828
398400.6287771339	6000.0	361.428772202149	0.0	0	0.0	762.0575493363431	1	0	2	2.7152793279800616
399200.0	1000.0	2641.9946716226054	0.0	0	549.6647672311519	2841.9946716228733	1	0	0	-0.6662676286916516
402270.84209543496	6000.0	521.83905420538	52.51880687389951	0	0.0	792.6811496406444	1	0	2	1.7052976796148092
403200.0	2000.0	2685.596940096862	0.0	0	617.982430524833	2885.596940097166	1	0	0	1.0624690090839808
406646.6146744977	6000.0	297.8563843116126	185.0323510565771	0	0.0	944.4710588096059	1	0	2	1.5871802624424918
407200.0	1000.0	2799.809591359488	0.0	0	357.43375696620205	2999.8095913596917	1	0	0	-0.6828330743057547
410200.0	6000.0	699.809591359512	0.0	0	81.93165443406906	899.8095913596917	1	0	2	2.008762285652854
411200.0	3000.0	2799.809591359482	0.0	0	487.80033019784605	2999.8095913595753	1	0	0	2.0646255498111836
414200.0	6000.0	699.8095913595139	0.0	0	55.543088811740745	899.8095913595753	1	0	2	3.107310818820213
415200.0	3000.0	2799.8095913594943	0.0	0	325.47186846775	2999.8095913595753	1	0	0	2.064321267213016
418200.0	6000.0	699.8095913595606	0.0	0	216.76856772368774	899.8095913595753	1	0	2	3.1069912572715537
419200.0	3000.0	2799.8095913595907	0.0	0	493.63833715149667	2999.8095913596335	1	0	0	2.0646461687924687
422239.50301194703	6000.0	656.3562782178541	0.0	0	0.0	895.8592901650118	1	0	2	3.1077371216412564
423200.0	3000.0	2791.908988970137	0.0	0	334.97198325512	2991.9089889702154	1	0	0	2.065086218656697
426594.9985711418	6000.0	257.4105607141221	0.0	0	0.0	852.4091318559949	1	0	2	3.1108757684659993
427200.0	1000.0	2712.909274741666	0.0	0	400.49255785916466	2912.9092747417744	1	0	0	-0.6739506454648845
430200.0	6000.0	612.9092747416928	0.0	0	35.371461454371456	812.9092747417744	1	0	2	2.017807915262259
431200.0	2000.0	2712.909274741705	0.0	0	475.49393803975545	2912.9092747418326	1	0	0	1.059567393743461
434200.0	6000.0	612.9092747417263	0.0	0	405.40962739655515	812.9092747417162	1	0	2	2.7098814599927064
435200.0	2000.0	2712.909274741719	0.0	0	617.8394401902915	2912.909274741658	1	0	0	1.059776761186543
438798.75094579824	6000.0	200.0	223.3788778512338	0	0.0	998.7509457981796	1	0	2	1.362127861944603
439428.7009090749	2000.0	2633.0450330509248	0.0	0	0.0	3061.7459421257954	1	0	0	1.0423611936146615
442363.60230102093	6000.0	581.7825019278561	0.0	0	0.0	945.3848029487999	1	0	2	2.6976655480752227
443200.0	2000.0	2829.0245728466757	0.0	0	493.93475723889424	3029.0245728467125	1	0	0	1.0478689062135702
446200.0	6000.0	729.0245728466424	0.0	0	263.79190479015233	929.0245728467125	1	0	2	2.698629709390943
447200.0	3000.0	2829.024572846619	0.0	0	562.394897856575	3029.0245728466543	1	0	0	2.0617558791661854
450321.29860410944	6000.0	595.5961083262744	0.0	0	0.0	916.8947124356637	1	0	2	3.1055378864035137
451200.0	3000.0	2804.7648520247853	0.0	0	316.92584081343375	3004.764852024731	1	0	0	2.0636665584574416
454200.0	6000.0	704.7648520247992	0.0	0	255.4943208990735	904.7648520247894	1	0	2	3.1065326077834703
455200.0	3000.0	2804.7648520247794	0.0	0	652.2411700229277	3004.7648520248476	1	0	0	2.0642539737286425
458200.0	6000.0	704.7648520248218	0.0	0	207.61302077420987	904.7648520248476	1	0	2	3.1065514058338835
459200.0	3000.0	2804.7648520248026	0.0	0	508.3787502312334	3004.7648520247894	1	0	0	2.064161179349136
462513.1405223443	6000.0	360.31027744595906	0.0	0	0.0	873.450799790211	1	0	2	3.1094718411767355
463200.0	2000.0	2742.13674755586	0.0	0	330.80990914278664	2942.1367475558072	1	0	0	1.0559789567165263
466200.0	6000.0	642.1367475558588	0.0	0	209.30433996830834	842.136747555749	1	0	2	2.707225609772062
467200.0	3000.0	2742.1367475558563	0.0	0	513.7910840567783	2942.1367475556326	1	0	0	2.0704183486317387
470200.0	6000.0	642.1367475558042	0.0	0	103.58106596814469	842.1367475556908	1	0	2	3.1133338272570406
471200.0	3000.0	2742.136747555824	0.0	0	437.4544940965716	2942.1367475556326	1	0	0	2.0703225482406555
474200.0	6000.0	642.1367475558585	0.0	0	45.41829648660496	842.1367475556326	1	0	2	3.11319977385761
475200.0	3000.0	2742.1367475558213	0.0	0	622.3980795475654	2942.136747555691	1	0	0	2.0705167841755596
478637.9584853975	6000.0	200.0	36.015987619543296	0	0.0	837.9584853973356	1	0	2	2.898860380725141
479200.0	1000.0	2694.162636857749	0.0	0	269.63366216875147	2894.162636857538	1	0	0	-0.6725877642218372
482496.36955899943	6000.0	268.1561219584223	0.0	0	0.0	764.5256809577695	1	0	2	2.021938626113155
483200.0	1000.0	2634.8887250579214	0.0	0	536.0467298043077	2834.8887250578846	1	0	0	-0.6656841712896117
486334.6899237238	6000.0	386.7298089616932	0.0	0	0.0	721.4197326854919	1	0	2	2.026814987476849
487200.0	1000.0	2607.950740313124	0.0	0	712.676985293685	2807.9507403131574	1	0	0	-0.6626294791340921
490200.0	6000.0	507.95074031314675	0.0	0	59.81974999041995	707.9507403131574	1	0	2	2.0280887751454095
491200.0	2000.0	2607.9507403131306	0.0	0	575.1357258805656	2807.9507403130992	1	0	0	1.0702181208850234
494267.6563409531	6000.0	433.52876526480486	0.0	0	0.0	701.185106217803	1	0	2	2.7221224820860996
495200.0	2000.0	2594.4194721225867	0.0	0	512.4297356432071	2794.4194721225067	1	0	0	1.071512430816811
498200.0	6000.0	494.419472122581	0.0	0	48.46531534404494	694.4194721225067	1	0	2	2.722860823079783
499200.0	2000.0	2594.4194721225444	0.0	0	695.9878678310197	2794.4194721224485	1	0	0	1.071625741448463
502200.0	6000.0	494.41947212254416	0.0	0	47.83909046539338	694.4194721224485	1	0	2	2.722204833354052
503200.0	2000.0	2594.4194721225017	0.0	0	613.538852386584	2794.4194721223903	1	0	0	1.071624088366729
506212.89925193234	6000.0	480.23029499691813	0.0	0	0.0	693.1295469291508	1	0	2	2.722786024320188
507200.0	2000.0	2591.8396217359964	0.0	0	593.2910127007635	2791.839621735853	1	0	0	1.0717807531783263
510200.0	6000.0	491.8396217359443	0.0	0	243.45476624317234	691.8396217358531	1	0	2	2.7224074820803987
511200.0	2000.0	2591.8396217359036	0.0	0	748.3339751412277	2791.839621735795	1	0	0	1.0718837264871282
514200.0	6000.0	491.8396217358322	0.0	0	198.04324205272133	691.8396217356785	1	0	2	2.7225860636903096
515200.0	2000.0	2591.8396217358227	0.0	0	589.264670745295	2791.8396217356785	1	0	0	1.071883726487147
518200.0	6000.0	491.8396217357807	0.0	0	266.18756911874516	691.8396217356785	1	0	2	2.7223110545595466
519200.0	3000.0	2591.839621735762	0.0	0	702.2966067384114	2791.8396217356203	1	0	0	2.0855464967575585
522200.0	6000.0	491.83962173573195	0.0	0	211.2735471612541	691.8396217355621	1	0	2	3.127805254089817
523200.0	3000.0	2591.83962173579	0.0	0	593.4317753934301	2791.8396217356203	1	0	0	2.085546496757563
526231.0429046224	6000.0	473.9610477458705	14.789655540596499	0	0.0	705.0039523681626	1	0	2	3.0388116003701167
527200.0	3000.0	2601.899661906144	0.0	0	546.3648355278419	2801.8996619060636	1	0	0	2.0844445705543198
530200.0	6000.0	501.89966190630946	0.0	0	73.39004580071196	701.89966190618	1	0	2	3.127233147391778
531200.0	2000.0	2601.899661906337	0.0	0	493.55117467278615	2801.89966190618	1	0	0	1.0707747901014635
534430.7723194213	6000.0	320.0475935613617	65.4522572894486	0	0.0	750.8199129826389	1	0	2	2.3240762260262153
535200.0	1000.0	2627.7426810404654	0.0	0	579.1644409036962	2827.742681040312	1	0	0	-0.6648557963139725
538502.5811041293	6000.0	236.12000881256307	37.46958392208808	0	0.0	738.701112941606	1	0	2	1.7996610233680015
539200.0	1000.0	2608.443002528944	0.0	0	475.4821988431504	2808.443002528744	1	0	0	-0.6631810551387953
542200.0	6000.0	508.44300252887115	0.0	0	17.535022064694203	708.4430025287438	1	0	2	2.0286068205757233
543200.0	2000.0	2608.443002528851	0.0	0	724.8018142991932	2808.4430025288602	1	0	0	1.0702233884078312
546377.0966980597	6000.0	313.6366346630903	0.0	0	0.0	690.7333327229135	1	0	2	2.722493902926043
547200.0	1000.0	2573.0236629168526	0.0	0	611.0820214267587	2773.0236629169667	1	0	0	-0.6592709884069137
550384.7190708902	6000.0	387.91905662989734	107.35124699291327	0	0.0	772.6381275202148	1	0	2	1.3776810995605602
551200.0	2000.0	2654.166220431175	0.0	0	376.4304108050419	2854.1662204313325	1	0	0	1.0650921407915233
554362.9885281333	6000.0	374.878839484526	0.0	0	0.0	737.8673676179023	1	0	2	2.7178135760330906
555200.0	1000.0	2621.5685148044863	0.0	0	628.5754924771609	2821.568514804472	1	0	0	-0.6641148372232075
558791.7356439152	6000.0	200.0	299.4006304566973	0	0.0	991.73564391525	1	0	2	0.2064802210826342
559200.0	1000.0	2832.562079523849	0.0	0	197.005882206955	3032.5620795238065	1	0	0	-0.6870576544039324
562209.6690860435	6000.0	721.9260848761357	0.0	0	0.0	931.5951709195506	1	0	2	2.005885160785311
563200.0	3000.0	2830.6282623153284	0.0	0	199.54758677142672	3030.628262315411	1	0	0	2.0614572611862956
566457.6914921779	6000.0	447.16762091969645	0.0	0	0.0	904.8591130977729	1	0	2	3.107052627363695
567200.0	1000.0	2779.089963879824	0.0	0	496.4320814034436	2979.089963879902	1	0	0	-0.68011361553536
570596.3447384533	6000.0	243.11075158108886	0.0	0	0.0	839.4554900345393	1	0	2	2.0139745357656644
571200.0	500.0	2699.8210161890265	0.0	0	473.6374179801205	2899.8210161891766	1	0	0	-2.405392510970912
574240.1615564313	6000.0	555.643304114598	0.0	0	0.0	795.8048605460208	1	0	2	1.3264593923228865
575200.0	2000.0	2691.7887049026845	0.0	0	542.8769293793011	2891.7887049025157	1	0	0	1.0618407663606177
578733.1854915996	6000.0	227.7096476882972	202.20453049566157	0	0.0	960.895139287808	1	0	2	1.4845512401482708
579200.0	1000.0	2807.5765901279183	0.0	0	308.37334625574294	3007.5765901277773	1	0	0	-0.6840263990755285
582200.0	6000.0	707.5765901279246	0.0	0	165.1511103505036	907.5765901277773	1	0	2	2.0077398423006296
583200.0	3000.0	2807.5765901278314	0.0	0	386.02012498886324	3007.576590127661	1	0	0	2.0638385055794215
586605.0464448688	6000.0	262.0255007722719	0.0	0	0.0	867.0719456407242	1	0	2	3.109997163548764
587200.0	1000.0	2726.567301154132	0.0	0	368.75055936339777	2926.567301153671	1	0	0	-0.6754165798140337
590200.0	6000.0	626.5673011542094	0.0	0	195.35819140658714	826.5673011539038	1	0	2	2.0158789054613284
591200.0	3000.0	2726.5673011542185	0.0	0	666.1225451659411	2926.5673011537874	1	0	0	2.0720737288157407
594433.6101337675	6000.0	369.5961540099436	0.0	0	0.0	803.2062877770513	1	0	2	3.116215577543293
595200.0	1000.0	2679.8452744006117	0.0	0	578.3961161186453	2879.845274400199	1	0	0	-0.6700742211777597
598215.5639645613	6000.0	562.7249133830617	0.0	0	0.0	778.2888779438799	1	0	2	2.0216746569941195
8.21	8.18	9.36	9.43	11.4	7.61	5.21	3.17	5.82	5.75	4.24	7.3	8.0	5.5	4.74	6.58	5.71	6.51	5.36	6.35	5.6	5.35	5.33	4.62	3.89	5.29	4.97	5.68	6.32	8.09	6.02	6.17	7.33	5.92	7.61	4.43	5.68	4.75	6.81	5.54	6.46	6.07	5.13	6.51	5.51	4.82	5.13	7.1	8.38	5.66	4.83	7.51	4.31	6.24	5.29	5.17	5.03	4.48	7.29	7.98	7.14	5.41	6.51	5.1	5.02	4.77	8.05	7.26	6.53	4.3	4.33	5.87	6.8	7.37	7.48	6.23	6.35	7.22	6.5	7.14	7.73	5.62	5.47	5.72	5.33	6.07	7.81	6.52	6.96	4.98	5.02	4.76	6.21	6.64	5.51	5.43	5.4	6.43	4.69	5.54	7.74	5.27	4.74	4.44	6.92	8.93	5.79	7.26	5.69	7.7	11.9	9.64	5.68	6.67	5.82	5.24	4.76	6.94	6.99	5.4	4.91	8.66	8.38	5.85	5.19	6.72	6.48	5.66	6.28	4.86	5.29	5.24	2.84	5.36	5.4	5.1	5.46	5.69	4.39	4.95	6.85	7.05	6.29	5.4	6.0	6.83	9.48	4.73	7.11	6.49	8.21	8.18	9.36	9.43	11.4	7.61	5.21	3.17	5.82	5.75	4.24	7.3	8.0	5.5	4.74	6.58	5.71	6.51	5.36	6.35	5.6	5.35	5.33	4.62	3.89	5.29	4.97	5.68	6.32	8.09	6.02	6.17	7.33	5.92	7.61	4.43	5.68	4.75	6.81	5.54	6.46	6.07	5.13	6.51	5.51	4.82	5.13	7.1	8.38	5.66	4.83	7.51	4.31	6.24	5.29	5.17	5.03	4.48	7.29	7.98	7.14	5.41	6.51	5.1	5.02	4.77	8.05	7.26	6.53	4.3	4.33	5.87	6.8	7.37	7.48	6.23	6.35	7.22	6.5	7.14	7.73	5.62	5.47	5.72	5.33	6.07	7.81	6.52	6.96	4.98	5.02	4.76	6.21	6.64	5.51	5.43	5.4	6.43	4.69	5.54	7.74	5.27	4.74	4.44	6.92	8.93	5.79	7.26	5.69	7.7	11.9	9.64	5.68	6.67	5.82	5.24	4.76	6.94	6.99	5.4	4.91	8.66	8.38	5.85	5.19	6.72	6.48	5.66	6.28	4.86	5.29	5.24	2.84	5.36	5.4	5.1	5.46	5.69	4.39	4.95	6.85	7.05	6.29	5.4	6.0	6.83	9.48	4.73	7.11	6.49	8.21	8.18	9.36	9.43	11.4	7.61	5.21	3.17	5.82	5.75	4.24	7.3	8.0	5.5	4.74	6.58	5.71	6.51	5.36	6.35	5.6	5.35	5.33	4.62	3.89	5.29	4.97	5.68	6.32	8.09	6.02	6.17	7.33	5.92	7.61	4.43	5.68	4.75	6.81	5.54	6.46	6.07	5.13	6.51	5.51	4.82	5.13	7.1	8.38	5.66	4.83	7.51	4.31	6.24	5.29	5.17	5.03	4.48	7.29	7.98	7.14	5.41	6.51	5.1	5.02	4.77	8.05	7.26	6.53	4.3	4.33	5.87	6.8	7.37	7.48	6.23	6.35	7.22	6.5	7.14	7.73	5.62	5.47	5.72	5.33	6.07	7.81	6.52	6.96	4.98	5.02	4.76	6.21	6.64	5.51	5.43	5.4	6.43	4.69	5.54	7.74	5.27	4.74	4.44	6.92	8.93	5.79	7.26	5.69	7.7	11.9	9.64	5.68	6.67	5.82	5.24	4.76	6.94	6.99	5.4	4.91	8.66	8.38	5.85	5.19	6.72	6.48	5.66	6.28	4.86	5.29	5.24	2.84	5.36	5.4	5.1	5.46	5.69	4.39	4.95	6.85	7.05	6.29	5.4	6.0	6.83	9.48	4.73	7.11	6.49	8.21	8.18	9.36	9.43	11.4	7.61	5.21	3.17	5.82	5.75	4.24	7.3	8.0	5.5	4.74	6.58	5.71	6.51	5.36	6.35	5.6	5.35	5.33	4.62	3.89	5.29	4.97	5.68	6.32	8.09	6.02	6.17	7.33	5.92	7.61	4.43	5.68	4.75	6.81	5.54	6.46	6.07	5.13	6.51	5.51	4.82	5.13	7.1	8.38	5.66	4.83	7.51	4.31	6.24	5.29	5.17	5.03	4.48	7.29	7.98	7.14	5.41	6.51	5.1	5.02	4.77	8.05	7.26	6.53	4.3	4.33	5.87	6.8	7.37	7.48	6.23	6.35	7.22	6.5	7.14	7.73	5.62	5.47	5.72	5.33	6.07	7.81	6.52	6.96	4.98	5.02	4.76	6.21	6.64	5.51	5.43	5.4	6.43	4.69	5.54	7.74	5.27	4.74	4.44	6.92	8.93	5.79	7.26	5.69	7.7	11.9	9.64	5.68	6.67	5.82	5.24	4.76	6.94	6.99	5.4	4.91	8.66	8.38	5.85	5.19	6.72	6.48	5.66	6.28	4.86	5.29	5.24	2.84	5.36	5.4	5.1	5.46	5.69	4.39	4.95	6.85	7.05	6.29	5.4	6.0	6.83	9.48	4.73	7.11	6.49	8.21
1.0	2.0	3.0	4.0	5.0	6.0	7.0	8.0	9.0	10.0	11.0	12.0	13.0	14.0	15.0	16.0	17.0	18.0	19.0	20.0	21.0	22.0	23.0	24.0	25.0	26.0	27.0	28.0	29.0	30.0	31.0	32.0	33.0	34.0	35.0	36.0	37.0	38.0	39.0	40.0	41.0	42.0	43.0	44.0	45.0	46.0	47.0	48.0	49.0	50.0	51.0	52.0	53.0	54.0	55.0	56.0	57.0	58.0	59.0	60.0	61.0	62.0	63.0	64.0	65.0	66.0	67.0	68.0	69.0	70.0	71.0	72.0	73.0	74.0	75.0	76.0	77.0	78.0	79.0	80.0	81.0	82.0	83.0	84.0	85.0	86.0	87.0	88.0	89.0	90.0	91.0	92.0	93.0	94.0	95.0	96.0	97.0	98.0	99.0	100.0	101.0	102.0	103.0	104.0	105.0	106.0	107.0	108.0	109.0	110.0	111.0	112.0	113.0	114.0	115.0	116.0	117.0	118.0	119.0	120.0	121.0	122.0	123.0	124.0	125.0	126.0	127.0	128.0	129.0	130.0	131.0	132.0	133.0	134.0	135.0	136.0	137.0	138.0	139.0	140.0	141.0	142.0	143.0	144.0	145.0	146.0	147.0	148.0	149.0	149.0	150.0	151.0	152.0	153.0	154.0	155.0	156.0	157.0	158.0	159.0	160.0	161.0	162.0	163.0	164.0	165.0	166.0	167.0	168.0	169.0	170.0	171.0	172.0	173.0	174.0	175.0	176.0	177.0	178.0	179.0	180.0	181.0	182.0	183.0	184.0	185.0	186.0	187.0	188.0	189.0	190.0	191.0	192.0	193.0	194.0	195.0	196.0	197.0	198.0	199.0	200.0	201.0	202.0	203.0	204.0	205.0	206.0	207.0	208.0	209.0	210.0	211.0	212.0	213.0	214.0	215.0	216.0	217.0	218.0	219.0	220.0	221.0	222.0	223.0	224.0	225.0	226.0	227.0	228.0	229.0	230.0	231.0	232.0	233.0	234.0	235.0	236.0	237.0	238.0	239.0	240.0	241.0	242.0	243.0	244.0	245.0	246.0	247.0	248.0	249.0	250.0	251.0	252.0	253.0	254.0	255.0	256.0	257.0	258.0	259.0	260.0	261.0	262.0	263.0	264.0	265.0	266.0	267.0	268.0	269.0	270.0	271.0	272.0	273.0	274.0	275.0	276.0	277.0	278.0	279.0	280.0	281.0	282.0	283.0	284.0	285.0	286.0	287.0	288.0	289.0	290.0	291.0	292.0	293.0	294.0	295.0	296.0	297.0	298.0	298.0	299.0	300.0	301.0	302.0	303.0	304.0	305.0	306.0	307.0	308.0	309.0	310.0	311.0	312.0	313.0	314.0	315.0	316.0	317.0	318.0	319.0	320.0	321.0	322.0	323.0	324.0	325.0	326.0	327.0	328.0	329.0	330.0	331.0	332.0	333.0	334.0	335.0	336.0	337.0	338.0	339.0	340.0	341.0	342.0	343.0	344.0	345.0	346.0	347.0	348.0	349.0	350.0	351.0	352.0	353.0	354.0	355.0	356.0	357.0	358.0	359.0	360.0	361.0	362.0	363.0	364.0	365.0	366.0	367.0	368.0	369.0	370.0	371.0	372.0	373.0	374.0	375.0	376.0	377.0	378.0	379.0	380.0	381.0	382.0	383.0	384.0	385.0	386.0	387.0	388.0	389.0	390.0	391.0	392.0	393.0	394.0	395.0	396.0	397.0	398.0	399.0	400.0	401.0	402.0	403.0	404.0	405.0	406.0	407.0	408.0	409.0	410.0	411.0	412.0	413.0	414.0	415.0	416.0	417.0	418.0	419.0	420.0	421.0	422.0	423.0	424.0	425.0	426.0	427.0	428.0	429.0	430.0	431.0	432.0	433.0	434.0	435.0	436.0	437.0	438.0	439.0	440.0	441.0	442.0	443.0	444.0	445.0	446.0	447.0	447.0	448.0	449.0	450.0	451.0	452.0	453.0	454.0	455.0	456.0	457.0	458.0	459.0	460.0	461.0	462.0	463.0	464.0	465.0	466.0	467.0	468.0	469.0	470.0	471.0	472.0	473.0	474.0	475.0	476.0	477.0	478.0	479.0	480.0	481.0	482.0	483.0	484.0	485.0	486.0	487.0	488.0	489.0	490.0	491.0	492.0	493.0	494.0	495.0	496.0	497.0	498.0	499.0	500.0	501.0	502.0	503.0	504.0	505.0	506.0	507.0	508.0	509.0	510.0	511.0	512.0	513.0	514.0	515.0	516.0	517.0	518.0	519.0	520.0	521.0	522.0	523.0	524.0	525.0	526.0	527.0	528.0	529.0	530.0	531.0	532.0	533.0	534.0	535.0	536.0	537.0	538.0	539.0	540.0	541.0	542.0	543.0	544.0	545.0	546.0	547.0	548.0	549.0	550.0	551.0	552.0	553.0	554.0	555.0	556.0	557.0	558.0	559.0	560.0	561.0	562.0	563.0	564.0	565.0	566.0	567.0	568.0	569.0	570.0	571.0	572.0	573.0	574.0	575.0	576.0	577.0	578.0	579.0	580.0	581.0	582.0	583.0	584.0	585.0	586.0	587.0	588.0	589.0	590.0	591.0	592.0	593.0	594.0	595.0	596.0	596.0	597.0
2135.069500949164
