2494.3246695524986	300.0	2000.0	96.16470877208985	0	0.0	2494.3246695524986	1	0	1	-0.824911889224633
5200.0	6000.0	406.4844513349567	192.89495575905192	0	21.33066757970937	606.4844513349562	1	0	2	-0.1228527676324438
6200.0	2000.0	2506.4844513349567	0.0	0	735.7953336685641	2706.4844513349562	1	0	0	1.0804192435272166
9200.0	6000.0	406.4844513349561	0.0	0	155.41042222852957	606.4844513349544	1	0	2	2.731162010143626
10200.0	2000.0	2506.4844513349567	0.0	0	559.4845245473334	2706.4844513349553	1	0	0	1.080378529599363
13348.053409871829	6000.0	381.01283665268306	124.89739652430751	0	0.0	729.0662465245132	1	0	2	1.9700613143015089
14200.0	2000.0	2614.260905537329	0.0	0	528.5489185773095	2814.2609055373305	1	0	0	1.0693997227292773
17200.0	6000.0	514.260905537326	0.0	0	94.34632264765969	714.2609055373287	1	0	2	2.7205348417764292
18200.0	2000.0	2614.2609055373255	0.0	0	659.6946439973799	2814.2609055373287	1	0	0	1.0696415981069793
21200.0	6000.0	514.2609055373271	0.0	0	388.0910353231702	714.2609055373323	1	0	2	2.719730571785366
22200.0	3000.0	2614.2609055373246	0.0	0	592.3604126049722	2814.2609055373287	1	0	0	2.083304368377391
25719.08854934394	6000.0	203.77710320583589	236.83054722440068	0	0.0	922.8656525497827	1	0	2	1.6840825100745984
26200.0	1000.0	2770.956797615379	0.0	0	209.31562857423341	2970.9567976153885	1	0	0	-0.6807146316537387
29280.120211406575	6000.0	582.8245650681442	0.0	0	0.0	862.9447764747238	1	0	2	2.013134301920848
30200.0	3000.0	2754.9327553340577	0.0	0	589.7084081502253	2954.9327553340663	1	0	0	2.0691434017493338
33324.12734409732	6000.0	518.3926768270109	0.0	0	0.0	842.5200209243412	1	0	2	3.113160401696841
34200.0	2000.0	2730.107286514598	0.0	0	576.2968696021271	2930.1072865146125	1	0	0	1.0578989690965033
37200.0	6000.0	630.1072865145989	0.0	0	239.82273083359178	830.1072865146198	1	0	2	2.7085608285774194
38200.0	3000.0	2730.1072865145966	0.0	0	601.1459927847463	2930.10728651462	1	0	0	2.0717197302796615
41269.06901383148	6000.0	554.1313712999576	0.0	0	0.0	823.2003851314657	1	0	2	3.115404494315443
42200.0	3000.0	2716.2934837482885	0.0	0	513.7528036006333	2916.293483748319	1	0	0	2.0729512287110228
45200.0	6000.0	616.2934837482943	0.0	0	323.3174010013099	816.2934837483117	1	0	2	3.1151825697369735
46200.0	3000.0	2716.2934837483003	0.0	0	482.673822519042	2916.2934837483263	1	0	0	2.073024371388038
49542.2110649351	6000.0	242.37978006165358	2.289516129053988	0	0.0	784.5908449967756	1	0	2	3.104892416553488
50200.0	1000.0	2650.3697385032474	0.0	0	393.14344132148835	2850.3697385032865	1	0	0	-0.667633107415155
53572.220782590186	6000.0	356.4687409299388	195.94714843263466	0	0.0	928.6895235201591	1	0	2	0.8303815836607599
54200.0	2000.0	2791.467445261099	0.0	0	310.6072857790423	2991.4674452611434	1	0	0	1.0509046911687292
57200.0	6000.0	691.4674452611055	0.0	0	14.957413223921321	891.4674452611507	1	0	2	2.703554219082224
58200.0	3000.0	2791.4674452611066	0.0	0	576.433936578811	2991.4674452611507	1	0	0	2.065580162544456
61234.32444652964	6000.0	653.7105540785126	0.0	0	0.0	888.0350006081935	1	0	2	3.1088017272573274
62200.0	3000.0	2784.6025559551845	0.0	0	303.78470780215866	2984.602555955229	1	0	0	2.065901907924783
65200.0	6000.0	684.6025559551827	0.0	0	42.71516106768104	884.602555955229	1	0	2	3.109363937241146
66200.0	3000.0	2784.6025559551927	0.0	0	686.1675511903522	2984.6025559552436	1	0	0	2.0662702033356
69318.75904752342	6000.0	553.9676036794467	0.0	0	0.0	872.7266512029164	1	0	2	3.110311614678792
70200.0	3000.0	2760.8507464505306	0.0	0	261.0634567892266	2960.8507464505965	1	0	0	2.0680810188141
73304.49530178956	6000.0	545.9059144820111	0.0	0	0.0	850.401216271639	1	0	2	3.1127027991519096
74200.0	3000.0	2739.951686092622	0.0	0	478.1643668527395	2939.9516860926815	1	0	0	2.0705236236141182
77647.7935364594	6000.0	200.0	47.83745819338034	0	0.0	847.7935364594741	1	0	2	2.8280297684723794
78200.0	1000.0	2703.0141828134692	0.0	0	259.6306973395549	2903.014182813553	1	0	0	-0.6735687928903821
81200.0	6000.0	603.0141828134712	0.0	0	123.59767104171624	803.0141828135529	1	0	2	2.018370472967129
82200.0	2000.0	2703.0141828134783	0.0	0	686.1584672914323	2903.0141828135966	1	0	0	1.0607662703793546
85362.21066345216	6000.0	424.58245301610174	0.0	0	0.0	786.7931164683832	1	0	2	2.7137131265009984
86200.0	2000.0	2670.5720501230458	0.0	0	465.3815691557684	2870.5720501231845	1	0	0	1.063716845091025
89200.0	6000.0	570.572050123024	0.0	0	122.35326864771196	770.5720501231553	1	0	2	2.7147984284529545
90200.0	3000.0	2670.572050123026	0.0	0	542.1956303610787	2870.5720501231553	1	0	0	2.0775911260435485
93201.3396777292	6000.0	569.0984046209127	0.0	0	0.0	770.4380823502288	1	0	2	3.1204077140558133
94200.0	3000.0	2670.3041145771736	0.0	0	469.70207631484664	2870.304114577273	1	0	0	2.077598859588783
97260.09481535258	6000.0	504.1998176893166	0.0	0	0.0	764.2946330419945	1	0	2	3.121589796761267
98200.0	2000.0	2658.2851515066377	0.0	0	594.7481152869732	2858.285151506716	1	0	0	1.0651393525245088
101203.76538263494	6000.0	554.1432306082069	0.0	0	15.881819741087384	757.908613243213	1	0	2	2.7160332047745706
102200.0	3000.0	2657.5320749796465	0.0	0	350.79759145289427	2857.5320749797247	1	0	0	2.0786702969075703
105302.78463842472	6000.0	444.46897271245496	0.0	0	0.0	747.253611137261	1	0	2	3.1229624683860213
106200.0	2000.0	2636.975147294707	0.0	0	642.3233036919555	2836.9751472947974	1	0	0	1.067293375566336
109248.54454896723	6000.0	483.5761434307524	0.0	0	0.0	732.120692398079	1	0	2	2.7190829704737256
110200.0	2000.0	2627.266237501244	0.0	0	654.633106754758	2827.266237501317	1	0	0	1.0683115286987057
113200.0	6000.0	527.266237501258	0.0	0	361.2456279676553	727.2662375013169	1	0	2	2.718487784421943
114200.0	3000.0	2627.266237501259	0.0	0	361.5969338305149	2827.266237501288	1	0	0	2.0817356339086093
117200.0	6000.0	527.2662375012695	0.0	0	114.9712768264144	727.2662375013024	1	0	2	3.1246979657632563
118200.0	3000.0	2627.2662375012596	0.0	0	632.2557540172711	2827.266237501288	1	0	0	2.082003835180994
121282.35488858164	6000.0	436.6758600614559	0.0	0	0.0	719.0307486431266	1	0	2	3.125376532350322
122200.0	2000.0	2610.795259784932	0.0	0	560.1026952311804	2810.795259784936	1	0	0	1.069839684129521
125200.0	6000.0	510.7952597849381	0.0	0	94.53809249738697	710.7952597849362	1	0	2	2.7208748160662273
126200.0	2000.0	2610.7952597849417	0.0	0	682.4321903990058	2810.7952597849508	1	0	0	1.0699881626822185
129845.94934331611	6000.0	200.0	363.40819805708145	0	0.0	1045.9493433161115	1	0	2	0.5077145026212406
130200.0	1000.0	2881.3544089844895	0.0	0	190.02086238755146	3081.3544089845236	1	0	0	-0.6920737394405828
133449.21774873632	6000.0	507.2148853745192	0.0	0	0.0	956.4326341108826	1	0	2	2.0030629638308683
134200.0	2000.0	2831.510859237194	0.0	0	366.0931036652182	3031.510859237256	1	0	0	1.0472011902254075
137200.0	6000.0	731.5108592371738	0.0	0	264.7748385462037	931.5108592372271	1	0	2	2.6981392382651737
138200.0	3000.0	2831.510859237189	0.0	0	440.8748228835175	3031.510859237256	1	0	0	2.061427122711014
141200.0	6000.0	731.5108592371962	0.0	0	157.52856645168504	931.5108592372271	1	0	2	3.103869176259583
142200.0	3000.0	2831.5108592371653	0.0	0	346.85552640695823	3031.510859237198	1	0	0	2.061365435052125
145227.61392013117	6000.0	701.1355470928565	0.0	0	0.0	928.7494672240573	1	0	2	3.10507291594741
146200.0	3000.0	2825.98807521091	0.0	0	458.80364636238664	3025.9880752109166	1	0	0	2.0619599788089773
149337.59749172538	6000.0	574.630834312989	0.0	0	0.0	912.2283260383992	1	0	2	3.106850112630064
150200.0	2000.0	2798.468576865818	0.0	0	585.7745457451965	2998.468576865882	1	0	0	1.0510463986171015
153200.0	6000.0	698.4685768657928	0.0	0	309.8379110712849	898.4685768658819	1	0	2	2.7015140843654692
154200.0	3000.0	2798.4685768657937	0.0	0	474.7434207247861	2998.468576865882	1	0	0	2.0647875112527103
157200.0	6000.0	698.4685768657785	0.0	0	403.2249493385316	898.4685768658528	1	0	2	3.106780453699173
158200.0	3000.0	2798.4685768657796	0.0	0	605.4796144231223	2998.4685768657946	1	0	0	2.064855249581675
161200.0	6000.0	698.4685768658073	0.0	0	236.70550579566043	898.4685768657946	1	0	2	3.1070029888446005
162200.0	3000.0	2798.4685768658205	0.0	0	367.3967579245509	2998.4685768658237	1	0	0	2.0646126614514806
165421.87261677952	6000.0	454.40869840835353	0.0	0	0.0	876.2813151878654	1	0	2	3.109761144539612
166200.0	2000.0	2754.094053509925	0.0	0	455.2249032850377	2954.094053509936	1	0	0	1.055240333378531
169200.0	6000.0	654.0940535098821	0.0	0	31.06618376664119	854.0940535099071	1	0	2	2.7067718160118197
170200.0	3000.0	2754.0940535098707	0.0	0	635.9779368986492	2954.094053509878	1	0	0	2.0693210535801363
173270.35829386	6000.0	576.6999302638615	0.0	0	0.0	847.0582241238735	1	0	2	3.1123694090646215
174200.0	3000.0	2740.022394737835	0.0	0	266.5934576840955	2940.022394737898	1	0	0	2.069998171995068
177200.0	6000.0	640.0223947378782	0.0	0	151.17083458640263	840.0223947379855	1	0	2	3.113198241198312
178200.0	3000.0	2740.0223947378704	0.0	0	270.198395238549	2940.0223947379855	1	0	0	2.0704901396565343
181828.80689683385	6000.0	299.8669034961185	319.57463206862855	0	0.0	1128.673800329998	1	0	2	1.166975176083052
182200.0	1000.0	2965.7931106465862	0.0	0	158.66647351285792	3165.7931106465985	1	0	0	-0.7006502639037018
185580.16952349053	6000.0	447.6066348070202	0.0	0	0.0	1027.7761582975509	1	0	2	1.9952985997104546
186200.0	2000.0	2889.7592059484978	0.0	0	24.468488814134616	3089.759205948474	1	0	0	1.0398025803164854
189588.54253019433	6000.0	362.36242273472357	0.0	0	0.0	950.904952929006	1	0	2	2.6967101170696517
190200.0	1000.0	2812.0506999096697	0.0	0	414.98137222236255	3012.050699909567	1	0	0	-0.6838362235603381
193200.0	6000.0	712.0506999096586	0.0	0	159.2958358101314	912.0506999095378	1	0	2	2.0074273457885794
194200.0	3000.0	2812.050699909662	0.0	0	638.352195681975	3012.0506999095087	1	0	0	2.0635253889401732
197444.4738863738	6000.0	443.12942489850474	0.0	0	0.0	887.6033112721343	1	0	2	3.1087154075008483
198200.0	2000.0	2763.1559226349286	0.0	0	413.8045936495473	2963.15592263476	1	0	0	1.0541508288715464
201365.7803312654	6000.0	480.7975582429849	0.0	0	0.0	846.5778895082185	1	0	2	2.707584662297952
202200.0	2000.0	2729.999856381851	0.0	0	456.9035097686574	2929.999856381648	1	0	0	1.0577189096899202
205200.0	6000.0	629.9998563818915	0.0	0	95.81978080279077	829.9998563817353	1	0	2	2.709140584930379
206200.0	3000.0	2729.999856381912	0.0	0	538.6521684206091	2929.9998563817353	1	0	0	2.071647138632491
209200.0	6000.0	629.9998563819117	0.0	0	348.6364482540812	829.9998563817353	1	0	2	3.1137089558665285
210200.0	3000.0	2729.999856381912	0.0	0	364.7922064663726	2929.9998563817644	1	0	0	2.0714786883765193
213806.15815485618	6000.0	200.0	215.24919450902735	0	0.0	1006.1581548560353	1	0	2	1.8150292856981363
214200.0	1000.0	2845.5423393705682	0.0	0	167.39494744577678	3045.5423393704114	1	0	0	-0.6885273359536175
217681.3182408502	6000.0	216.09227443538794	0.0	0	0.0	897.4105152854463	1	0	2	2.007991587746865
218200.0	1000.0	2749.278691200585	0.0	0	280.52574055298464	2949.278691200452	1	0	0	-0.6781448865778137
221703.21684113125	6000.0	200.0	94.7816673125099	0	0.0	903.2168411310995	1	0	2	1.4409537238252752
222200.0	500.0	2752.8951570181043	0.0	0	346.41713444684865	2952.895157017978	1	0	0	-2.411169635454308
225212.89244956602	6000.0	638.7134624954673	0.0	0	0.0	851.6059120613791	1	0	2	1.321204123113184
226200.0	2000.0	2750.3166671048793	0.0	0	704.4150292633567	2950.3166671048093	1	0	0	1.0560360219502338
229200.0	6000.0	650.3166671048497	0.0	0	125.69856677376083	850.3166671047511	1	0	2	2.7068275941236917
230200.0	2000.0	2750.316667104845	0.0	0	615.1915398213896	2950.316667104722	1	0	0	1.0560298216322972
233404.96522982407	6000.0	424.8549142983469	0.0	0	0.0	829.8201441222627	1	0	2	2.7093141433797228
234200.0	2000.0	2709.32362113999	0.0	0	281.47920269920724	2909.3236211398616	1	0	0	1.0593514697586057
237200.0	6000.0	609.3236211400027	0.0	0	165.33876788723865	809.3236211398616	1	0	2	2.7109200033283014
238200.0	2000.0	2709.323621140002	0.0	0	719.6989900958142	2909.3236211398325	1	0	0	1.0601353265467282
241200.0	6000.0	609.3236211400184	0.0	0	351.2305212142819	809.3236211398325	1	0	2	2.710337462046838
242200.0	3000.0	2709.3236211399844	0.0	0	592.7950177638268	2909.3236211398034	1	0	0	2.073783893789742
245200.0	6000.0	609.3236211399606	0.0	0	60.55709245573962	809.3236211397743	1	0	2	3.1165584134950475
246200.0	3000.0	2709.323621139968	0.0	0	397.4460294729215	2909.3236211397743	1	0	0	2.073610315854594
249286.8328488906	6000.0	513.8074873603132	0.0	0	0.0	800.6403362506826	1	0	2	3.117897283063693
250200.0	3000.0	2691.957051361865	0.0	0	560.6396602979803	2891.957051361649	1	0	0	2.0754005047848785
253366.29643454423	6000.0	409.03097336323077	0.0	0	0.0	775.327407907258	1	0	2	3.1201571467160516
254200.0	2000.0	2658.6977644530307	0.0	0	565.2472776547656	2858.697764452867	1	0	0	1.0649671812824504
257200.0	6000.0	558.6977644530265	0.0	0	302.3937040869787	758.697764452867	1	0	2	2.7154736420887704
258200.0	3000.0	2658.6977644530243	0.0	0	604.468897607032	2858.697764452867	1	0	0	2.078835276956077
261200.0	6000.0	558.6977644530397	0.0	0	49.890095058013685	758.697764452867	1	0	2	3.121988135704849
262200.0	3000.0	2658.6977644530625	0.0	0	593.4825441701687	2858.697764452925	1	0	0	2.0788588458003594
265200.0	6000.0	558.6977644530336	0.0	0	138.86154749273555	758.6977644528961	1	0	2	3.1211905643451194
266200.0	3000.0	2658.6977644530343	0.0	0	382.95668392424705	2858.6977644529543	1	0	0	2.0785541855434873
269200.0	6000.0	558.697764453043	0.0	0	90.92424984666286	758.6977644529543	1	0	2	3.1215961647248456
270200.0	3000.0	2658.6977644530393	0.0	0	448.12616529362276	2858.697764452896	1	0	0	2.0786858444375693
273209.2593012178	6000.0	548.512533113519	0.0	0	0.0	757.7718343311572	1	0	2	3.1220905445423908
274200.0	3000.0	2656.845904209519	0.0	0	420.1191409204621	2856.84590420936	1	0	0	2.078861211209531
277200.0	6000.0	556.8459042094812	0.0	0	278.19273816409986	756.8459042094182	1	0	2	3.1211646766008525
278200.0	3000.0	2656.84590420949	0.0	0	546.0705280349357	2856.84590420936	1	0	0	2.0789724084302654
281200.0	6000.0	556.8459042095245	0.0	0	293.8981020268402	756.8459042094182	1	0	2	3.1210740431835267
282200.0	3000.0	2656.845904209515	0.0	0	594.6144685007748	2856.845904209418	1	0	0	2.0790458685101822
285553.7805849412	6000.0	291.03178928071935	112.13138955137424	0	0.0	844.8123742218595	1	0	2	2.4400615697750156
286200.0	1000.0	2709.434315727814	0.0	0	433.15317429357674	2909.434315727791	1	0	0	-0.6734915025949477
289200.667220503	6000.0	608.7003731744926	0.0	0	0.0	809.3675936774816	1	0	2	2.01844784522821
290200.0	3000.0	2709.3008716271565	0.0	0	456.8428982262849	2909.3008716271725	1	0	0	2.073644838345378
293524.1934313122	6000.0	252.68809718368448	0.0	0	0.0	776.8815284958691	1	0	2	3.118919395003406
294200.0	1000.0	2644.462185364638	0.0	0	366.11632315372117	2844.462185364566	1	0	0	-0.6670610273893898
297200.0	6000.0	544.4621853646534	0.0	0	39.165959044185	744.4621853645658	1	0	2	2.0245938478238363
298200.0	2000.0	2644.462185364661	0.0	0	595.3653574213386	2844.462185364566	1	0	0	1.066617617750885
301200.0	6000.0	544.4621853646967	0.0	0	309.3427505393629	744.462185364624	1	0	2	2.716759527553549
302200.0	2000.0	2644.4621853646677	0.0	0	695.5562909708824	2844.462185364566	1	0	0	1.066621470124257
305200.0	6000.0	544.4621853647533	0.0	0	38.987119574681856	744.4621853647404	1	0	2	2.7176469765529787
306200.0	3000.0	2644.4621853647604	0.0	0	431.7228571831365	2844.462185364682	1	0	0	2.0801620390098434
309200.0	6000.0	544.4621853648409	0.0	0	28.303275915968698	744.4621853646822	1	0	2	3.12322799769263
310200.0	3000.0	2644.462185364837	0.0	0	440.99092213844415	2844.462185364682	1	0	0	2.0800921020426215
313200.0	6000.0	544.4621853647707	0.0	0	231.73290112626273	744.462185364624	1	0	2	3.122415996141671
314200.0	2000.0	2644.462185364805	0.0	0	568.0366457980708	2844.462185364624	1	0	0	1.0665915127577668
317200.0	6000.0	544.4621853648105	0.0	0	302.7233046978363	744.4621853646822	1	0	2	2.7169659238219515
318200.0	2000.0	2644.4621853648155	0.0	0	738.941817932995	2844.462185364682	1	0	0	1.0666214701242442
321200.0	6000.0	544.4621853647989	0.0	0	348.32570880209096	744.462185364624	1	0	2	2.7166938282422413
322200.0	3000.0	2644.462185364773	0.0	0	52.279691840929445	2844.462185364624	1	0	0	2.079026069542082
325559.008178716	6000.0	229.524731298667	72.70140229227275	0	0.0	788.5329100145027	1	0	2	2.682278969712546
326200.0	1000.0	2652.632092143051	0.0	0	418.72561462945305	2852.6320921430597	1	0	0	-0.6678289589530166
329200.0	6000.0	552.6320921430598	0.0	0	131.27206490386743	752.6320921430597	1	0	2	2.023357823676664
330200.0	2000.0	2652.6320921430556	0.0	0	721.9710478102206	2852.6320921430597	1	0	0	1.0658044794464052
333200.0	6000.0	552.6320921430902	0.0	0	286.7123860485153	752.6320921431179	1	0	2	2.7161988812713287
334200.0	3000.0	2652.63209214311	0.0	0	525.3565873155603	2852.6320921430597	1	0	0	2.079415802121919
337225.91852166277	6000.0	524.1217183140793	0.0	0	0.0	750.0402399768936	1	0	2	3.1226118467577417
338200.0	3000.0	2647.4483878105516	0.0	0	586.3454570503673	2847.448387810553	1	0	0	2.0799481419118853
341200.0	6000.0	547.4483878105812	0.0	0	227.21313451079186	747.448387810553	1	0	2	3.122228701655824
342200.0	3000.0	2647.4483878105234	0.0	0	570.9110496824142	2847.44838781032	1	0	0	2.079918079802877
345200.0	6000.0	547.4483878105572	0.0	0	148.64325306075625	747.4483878103783	1	0	2	3.122185865774002
346200.0	3000.0	2647.4483878105634	0.0	0	231.5775113759446	2847.4483878103783	1	0	0	2.0795041675387287
349639.6574669895	6000.0	200.0	123.79529625260233	0	0.0	839.6574669893016	1	0	2	2.3731148399145505
350200.0	1000.0	2695.6917202905543	0.0	0	373.500570544973	2895.6917202904588	1	0	0	-0.6723971142453687
353368.48232095595	6000.0	410.3611672390416	0.0	0	0.0	778.8434881949215	1	0	2	2.020564545447075
354200.0	2000.0	2661.9952560993647	0.0	0	406.6134766333853	2861.9952560993843	1	0	0	1.064440205523006
357200.0	6000.0	561.9952560993142	0.0	0	289.4797852070187	761.9952560993843	1	0	2	2.715117224788988
358200.0	2000.0	2661.9952560992765	0.0	0	571.8555365640786	2861.995256099268	1	0	0	1.064815834365012
361454.33793285117	6000.0	404.35736069919557	111.03075521473215	0	0.0	858.6952935503214	1	0	2	2.040342022370323
362200.0	2000.0	2733.261500265228	0.0	0	460.50281217100564	2933.2615002651582	1	0	0	1.0572161294475488
365200.0	6000.0	633.2615002651596	0.0	0	3.0654901296366006	833.2615002651	1	0	2	2.7090688392869358
366200.0	3000.0	2733.261500265091	0.0	0	424.54170340811834	2933.2615002651	1	0	0	2.071202309590444
369200.0	6000.0	633.2615002651255	0.0	0	219.33940869715298	833.2615002651582	1	0	2	3.1135390379352366
370200.0	3000.0	2733.2615002651005	0.0	0	376.2487101847655	2933.2615002651582	1	0	0	2.071214559421368
373213.89476699504	6000.0	617.9772565705631	0.0	0	0.0	831.8720235656365	1	0	2	3.114536599731735
374200.0	3000.0	2730.482546866102	0.0	0	505.3687547632726	2930.482546866173	1	0	0	2.0715472793149257
377382.0224254224	6000.0	430.257878901516	0.0	0	0.0	812.2803043239401	1	0	2	3.1163315193585914
378200.0	2000.0	2694.078061781636	0.0	0	478.2608126627747	2894.078061781707	1	0	0	1.0613499038345822
381300.3477235604	6000.0	483.69556586519434	0.0	0	0.0	784.0432894257247	1	0	2	2.713630858347696
382200.0	2000.0	2674.008517069572	0.0	0	514.7490640222677	2874.008517069684	1	0	0	1.0634442954312835
385200.0	6000.0	574.008517069612	0.0	0	255.7142170309089	774.0085170698585	1	0	2	2.7138870037593943
386200.0	3000.0	2674.0085170696843	0.0	0	527.9974418390775	2874.0085170698585	1	0	0	2.077224364489609
389200.0	6000.0	574.0085170696831	0.0	0	275.7165671372204	774.0085170698585	1	0	2	3.1194613051134885
390200.0	3000.0	2674.008517069651	0.0	0	510.76584154518787	2874.0085170698003	1	0	0	2.077247242733757
393551.65384601423	6000.0	252.864902925975	59.705105883601085	0	0.0	804.5187489403179	1	0	2	2.758820339396869
394200.0	1000.0	2669.353364338801	0.0	0	406.07568166108103	2869.353364338982	1	0	0	-0.6695471068115115
397200.0	6000.0	569.353364338739	0.0	0	184.92339434009045	769.3533643389237	1	0	2	2.021678191885441
398200.0	3000.0	2669.3533643386872	0.0	0	572.0583079183125	2869.3533643388655	1	0	0	2.077795122497233
401200.0	6000.0	569.3533643387157	0.0	0	45.52781901147682	769.3533643388655	1	0	2	3.1209342151861685
402200.0	2000.0	2669.3533643387514	0.0	0	704.8739429635461	2869.3533643389237	1	0	0	1.0641323522268236
405200.0	6000.0	569.3533643387904	0.0	0	126.03735171910375	769.3533643389237	1	0	2	2.7148466962111537
406200.0	3000.0	2669.353364338795	0.0	0	420.50828964443645	2869.353364338982	1	0	0	2.0775961840587813
409200.0	6000.0	569.3533643387357	0.0	0	223.4745101230219	769.3533643389819	1	0	2	3.120001702167727
410200.0	3000.0	2669.3533643387445	0.0	0	680.878689868201	2869.353364338982	1	0	0	2.0777951224972258
413200.0	6000.0	569.3533643387473	0.0	0	165.56352009705734	769.3533643389819	1	0	2	3.1201251409650386
414200.0	3000.0	2669.353364338748	0.0	0	479.81082142167725	2869.353364338982	1	0	0	2.077634493218171
417200.0	6000.0	569.3533643388246	0.0	0	390.0532528886688	769.3533643390401	1	0	2	3.1196888691627396
418200.0	3000.0	2669.3533643387973	0.0	0	427.9709247654537	2869.353364338982	1	0	0	2.0776337481868055
421254.2256601822	6000.0	509.70513813841194	0.0	0	0.0	763.93079832074	1	0	2	3.121354565944149
422200.0	3000.0	2658.5082323023794	0.0	0	321.9702875527437	2858.508232302498	1	0	0	2.0784253763252485
425296.93725703075	6000.0	451.8772495686054	0.0	0	0.0	748.8145065994468	1	0	2	3.1221004494354405
426200.0	2000.0	2639.12078089631	0.0	0	190.47710036247736	2839.120780896512	1	0	0	1.0662629429530726
429309.30287470674	6000.0	418.8876187189041	0.0	0	0.0	728.19049342582	1	0	2	2.7192217738156472
430200.0	1000.0	2617.2602059550104	0.0	0	664.9666750075412	2817.2602059551864	1	0	0	-0.6635962921336441
433284.8968654405	6000.0	423.8736539704996	0.0	0	0.0	708.7705194111331	1	0	2	2.0279673426000033
434200.0	1000.0	2600.2808328669466	0.0	0	691.5311132576317	2800.280832867138	1	0	0	-0.661828346025861
437271.4819322185	6000.0	440.20020848653905	16.863182781797036	0	0.0	711.6821407052339	1	0	2	1.9269949296745437
438200.0	2000.0	2604.53394748316	0.0	0	443.7673830653657	2804.5339474833454	1	0	0	1.070371598507478
441544.0510288683	6000.0	228.98301325434085	93.55017956932284	0	0.0	773.0340421227738	1	0	2	2.1529844443125987
442200.0	1000.0	2638.6289392358144	0.0	0	469.44048664032016	2838.6289392359904	1	0	0	-0.6663225543638434
445200.0	6000.0	538.6289392357717	0.0	0	245.38253813469782	738.6289392359322	1	0	2	2.0243122214693727
446200.0	2000.0	2638.6289392358003	0.0	0	625.5646574831917	2838.6289392359904	1	0	0	1.0672032070588262
449200.0	6000.0	538.6289392357761	0.0	0	220.25404523231555	738.628939235874	1	0	2	2.717584413191933
450200.0	2000.0	2638.628939235833	0.0	0	749.9617071020184	2838.628939235932	1	0	0	1.0672047947371217
453200.0	6000.0	538.6289392357975	0.0	0	334.73547688295366	738.6289392359322	1	0	2	2.7174151321668
454200.0	2000.0	2638.6289392358326	0.0	0	639.8063532263623	2838.6289392359904	1	0	0	1.0672047947371168
457362.22196844907	6000.0	360.18477394187073	0.0	0	0.0	722.4067423910601	1	0	2	2.7194221270629866
458200.0	2000.0	2606.1845455460552	0.0	0	515.744401463191	2806.184545546188	1	0	0	1.0702147806800042
461200.0	6000.0	506.1845455460377	0.0	0	15.212586926063523	706.184545546188	1	0	2	2.721690050730826
462200.0	2000.0	2606.1845455460584	0.0	0	682.1921884778421	2806.1845455460716	1	0	0	1.070449234106103
465200.0	6000.0	506.18454554598793	0.0	0	266.27757176407613	706.1845455460134	1	0	2	2.7208349128012923
466200.0	2000.0	2606.1845455459975	0.0	0	669.3197650871007	2806.1845455460134	1	0	0	1.0704492341061145
469200.0	6000.0	506.1845455460448	0.0	0	228.5338332974352	706.1845455460134	1	0	2	2.720893440543666
470200.0	3000.0	2606.1845455460743	0.0	0	566.0479887562105	2806.184545545955	1	0	0	2.0840871795706146
473279.52132468845	6000.0	563.0057646452269	131.17697841495328	0	0.0	842.5270893335692	1	0	2	2.3273319882607977
474200.0	3000.0	2734.5749568648216	0.0	0	418.454233368102	2934.574956864759	1	0	0	2.07106259145461
477829.0801747054	6000.0	200.0	234.0120321010121	0	0.0	1029.0801747053629	1	0	2	1.7061790977876363
478200.0	1000.0	2866.1721572348824	0.0	0	68.28509961318923	3066.172157234745	1	0	0	-0.6913619686438549
481200.0	6000.0	766.1721572348634	0.0	0	215.87972470064415	966.1721572346869	1	0	2	2.001639183681217
482200.0	3000.0	2866.172157234862	0.0	0	372.6989575079642	3066.1721572346287	1	0	0	2.057905120340994
485334.9389979759	6000.0	617.7392594613254	0.0	0	0.0	952.6782574369572	1	0	2	3.102226062969873
486200.0	2000.0	2839.1843576396036	0.0	0	278.76240595045965	3039.1843576392857	1	0	0	1.0464841041868587
489624.37108089734	6000.0	299.9776028795683	25.092212933654082	0	0.0	924.3486837765668	1	0	2	2.5488486402402395
490200.0	1000.0	2781.9115756871897	0.0	0	384.8133217251161	2981.9115756867686	1	0	0	-0.6809689378096107
493200.0	6000.0	681.9115756871524	0.0	0	275.8723167598364	881.9115756867104	1	0	2	2.0100730412891954
494200.0	3000.0	2781.911575687119	0.0	0	468.28214018425206	2981.911575686652	1	0	0	2.0664435915367534
497489.02394671633	6000.0	363.98523429913826	0.0	0	0.0	853.0091810150188	1	0	2	3.1120483299526027
498200.0	1000.0	2724.1067863438575	0.0	0	515.5558019176242	2924.1067863433855	1	0	0	-0.6746539980015576
501200.0	6000.0	624.106786343849	0.0	0	224.10581695998553	824.1067863433855	1	0	2	2.0159337992103517
502200.0	3000.0	2724.1067863438493	0.0	0	430.9890931674163	2924.1067863433855	1	0	0	2.0721431947200055
505200.0	6000.0	624.1067863437912	0.0	0	452.11302930512466	824.1067863433273	1	0	2	3.11419726655913
506200.0	3000.0	2724.1067863437825	0.0	0	615.9977215655963	2924.106786343269	1	0	0	2.0723197802967888
509255.93443700636	6000.0	562.5789056368324	0.0	0	0.0	818.513342642691	1	0	2	3.1156566701134807
510200.0	3000.0	2712.91989894263	0.0	0	451.7138439178234	2912.919898942113	1	0	0	2.073271092992468
513725.334735082	6000.0	200.0	149.9530087706224	0	0.0	925.3347350814729	1	0	2	2.206131270138286
514200.0	1000.0	2772.8012615737875	0.0	0	244.7324712445261	2972.801261573215	1	0	0	-0.6807452616693344
517742.168936063	6000.0	200.0	112.34960735951	0	0.0	942.1689360624296	1	0	2	1.3362333847226688
518200.0	500.0	2787.9520424567127	0.0	0	290.661666429718	2987.952042456134	1	0	0	-2.414984292736365
521428.51894252124	6000.0	436.5812056833009	0.0	0	0.0	865.1001482040156	1	0	2	1.3192384346541939
522200.0	1000.0	2742.24825395246	0.0	0	574.3987348980154	2942.248253951897	1	0	0	-0.6763096820599794
525200.0	6000.0	642.2482539523048	0.0	0	256.68398362526204	842.2482539516641	1	0	2	2.013955014602564
526200.0	2000.0	2742.248253952309	0.0	0	643.858046216541	2942.2482539517223	1	0	0	1.0568428632655449
529558.0539722457	6000.0	264.2651227479893	14.43294387815547	0	0.0	822.3190949930577	1	0	2	2.6227997514592407
530200.0	1000.0	2686.5136977691154	0.0	0	415.84504450752866	2886.5136977685615	1	0	0	-0.6712070894374533
533497.0266453899	6000.0	281.3614146857806	19.615478950466027	0	0.0	778.3880600755801	1	0	2	1.9033101369124266
534200.0	1000.0	2648.685395536647	0.0	0	492.48741739441175	2848.6853955367114	1	0	0	-0.6671674077623755
537200.0	6000.0	548.685395536638	0.0	0	269.77054429915734	748.6853955368279	1	0	2	2.0234397357335574
538200.0	2000.0	2648.685395536541	0.0	0	803.1318885167129	2848.6853955367114	1	0	0	1.0661991491070344
541200.0	6000.0	548.6853955364228	0.0	0	267.81522004888393	748.685395536595	1	0	2	2.7165703062597393
542200.0	3000.0	2648.685395536564	0.0	0	621.0911653517978	2848.685395536595	1	0	0	2.0798619193774646
545200.0	6000.0	548.6853955366272	0.0	0	238.0994639560813	748.6853955367114	1	0	2	3.1220717332752925
546200.0	3000.0	2648.685395536539	0.0	0	504.0078448660206	2848.6853955364786	1	0	0	2.079780810839296
549200.0	6000.0	548.6853955366545	0.0	0	50.44142339087557	748.6853955367114	1	0	2	3.1225644746426715
550200.0	3000.0	2648.685395536716	0.0	0	332.76357743598055	2848.6853955367114	1	0	0	2.0795319351485135
553200.0	6000.0	548.685395536589	0.0	0	36.70339356770273	748.6853955367114	1	0	2	3.1228902890581813
554200.0	3000.0	2648.685395536596	0.0	0	525.2216735213296	2848.685395536828	1	0	0	2.0797625545162335
557200.0	6000.0	548.6853955367046	0.0	0	149.04642994969618	748.6853955367114	1	0	2	3.122190142007301
558200.0	3000.0	2648.6853955367146	0.0	0	633.2083868382033	2848.6853955367114	1	0	0	2.0798501044380617
561200.0	6000.0	548.6853955367385	0.0	0	370.4323685129639	748.6853955367114	1	0	2	3.1218222352429983
562200.0	3000.0	2648.6853955367155	0.0	0	294.70484711625613	2848.685395536595	1	0	0	2.079523879521936
565200.0	6000.0	548.6853955367943	0.0	0	72.8417901272187	748.685395536595	1	0	2	3.122861774166644
566200.0	3000.0	2648.685395536843	0.0	0	669.5374082867056	2848.6853955369443	1	0	0	2.0798619193774437
569200.0	6000.0	548.6853955367137	0.0	0	259.60902563412674	748.6853955367114	1	0	2	3.122034615704928
570200.0	3000.0	2648.6853955367583	0.0	0	604.9555957770208	2848.685395536828	1	0	0	2.079842915288971
573200.0	6000.0	548.6853955367034	0.0	0	270.58809843147174	748.6853955368279	1	0	2	3.1219287150238344
574200.0	3000.0	2648.6853955367305	0.0	0	554.4898536403198	2848.685395536828	1	0	0	2.079806175273566
577200.0	6000.0	548.6853955366236	0.0	0	138.5237511083251	748.685395536595	1	0	2	3.122397238897429
578200.0	3000.0	2648.6853955366923	0.0	0	620.1639471763046	2848.685395536595	1	0	0	2.0798619193774646
581353.41052742	6000.0	379.93381537479377	0.0	0	0.0	733.344342794735	1	0	2	3.1235465014359876
582200.0	2000.0	2618.003290052838	0.0	0	450.78396884771064	2818.003290052875	1	0	0	1.0688979062413937
585514.5126471273	6000.0	286.8062699802317	104.33353797035909	0	0.0	801.3189171074191	1	0	2	2.085641936926857
586200.0	1000.0	2669.867652394591	0.0	0	487.89132621209137	2869.8676523944596	1	0	0	-0.6693411665048564
589200.0	6000.0	569.8676523944861	0.0	0	32.36229623039253	769.8676523942268	1	0	2	2.0222325354791293
590200.0	2000.0	2669.8676523943614	0.0	0	594.7881046710536	2869.8676523941103	1	0	0	1.064080923421292
593454.0331869455	6000.0	326.86435480658275	33.12109822927823	0	0.0	780.8975417518523	1	0	2	2.5151856516035678
594200.0	1000.0	2655.4942230574698	0.0	0	545.2378133732127	2855.4942230572924	1	0	0	-0.6676825096970096
597200.0	6000.0	555.4942230574356	0.0	0	85.94559040025342	755.494223057176	1	0	2	2.023237205227306
598200.0	2000.0	2655.4942230574693	0.0	0	753.4909990949091	2855.494223057409	1	0	0	1.0655182663549807
6.44	7.0	6.31	5.99	5.44	7.56	6.6	6.15	8.64	9.72	4.09	5.37	6.36	7.81	6.9	6.92	6.82	7.54	6.22	7.21	8.32	8.24	5.18	5.84	4.97	6.87	6.14	8.91	7.12	4.65	7.43	8.61	6.67	6.75	5.2	6.39	5.63	5.17	6.29	6.58	5.76	8.19	4.98	8.36	7.66	4.93	5.99	6.74	7.4	4.33	6.02	6.89	7.41	6.85	9.07	6.73	6.28	9.17	7.27	5.69	6.19	6.99	3.63	5.8	5.85	6.79	6.28	5.06	5.46	5.54	6.16	6.65	4.67	7.1	7.01	6.54	8.48	7.15	6.48	5.62	6.65	7.34	7.63	9.01	7.46	4.39	7.89	6.16	3.08	6.36	5.6	4.44	4.68	5.07	6.37	7.38	5.66	5.72	6.27	7.16	6.72	9.1	7.88	5.44	4.97	4.93	5.61	5.15	4.03	4.37	5.42	7.63	5.46	5.03	4.75	5.38	6.59	8.21	9.05	7.6	6.46	7.1	5.48	7.85	5.97	6.8	8.79	7.87	7.3	9.13	6.02	4.89	8.02	7.69	6.1	7.05	8.04	5.72	7.51	7.18	4.58	5.83	6.33	6.7	6.16	4.54	5.66	6.51	7.63	5.66	6.44	7.0	6.31	5.99	5.44	7.56	6.6	6.15	8.64	9.72	4.09	5.37	6.36	7.81	6.9	6.92	6.82	7.54	6.22	7.21	8.32	8.24	5.18	5.84	4.97	6.87	6.14	8.91	7.12	4.65	7.43	8.61	6.67	6.75	5.2	6.39	5.63	5.17	6.29	6.58	5.76	8.19	4.98	8.36	7.66	4.93	5.99	6.74	7.4	4.33	6.02	6.89	7.41	6.85	9.07	6.73	6.28	9.17	7.27	5.69	6.19	6.99	3.63	5.8	5.85	6.79	6.28	5.06	5.46	5.54	6.16	6.65	4.67	7.1	7.01	6.54	8.48	7.15	6.48	5.62	6.65	7.34	7.63	9.01	7.46	4.39	7.89	6.16	3.08	6.36	5.6	4.44	4.68	5.07	6.37	7.38	5.66	5.72	6.27	7.16	6.72	9.1	7.88	5.44	4.97	4.93	5.61	5.15	4.03	4.37	5.42	7.63	5.46	5.03	4.75	5.38	6.59	8.21	9.05	7.6	6.46	7.1	5.48	7.85	5.97	6.8	8.79	7.87	7.3	9.13	6.02	4.89	8.02	7.69	6.1	7.05	8.04	5.72	7.51	7.18	4.58	5.83	6.33	6.7	6.16	4.54	5.66	6.51	7.63	5.66	6.44	7.0	6.31	5.99	5.44	7.56	6.6	6.15	8.64	9.72	4.09	5.37	6.36	7.81	6.9	6.92	6.82	7.54	6.22	7.21	8.32	8.24	5.18	5.84	4.97	6.87	6.14	8.91	7.12	4.65	7.43	8.61	6.67	6.75	5.2	6.39	5.63	5.17	6.29	6.58	5.76	8.19	4.98	8.36	7.66	4.93	5.99	6.74	7.4	4.33	6.02	6.89	7.41	6.85	9.07	6.73	6.28	9.17	7.27	5.69	6.19	6.99	3.63	5.8	5.85	6.79	6.28	5.06	5.46	5.54	6.16	6.65	4.67	7.1	7.01	6.54	8.48	7.15	6.48	5.62	6.65	7.34	7.63	9.01	7.46	4.39	7.89	6.16	3.08	6.36	5.6	4.44	4.68	5.07	6.37	7.38	5.66	5.72	6.27	7.16	6.72	9.1	7.88	5.44	4.97	4.93	5.61	5.15	4.03	4.37	5.42	7.63	5.46	5.03	4.75	5.38	6.59	8.21	9.05	7.6	6.46	7.1	5.48	7.85	5.97	6.8	8.79	7.87	7.3	9.13	6.02	4.89	8.02	7.69	6.1	7.05	8.04	5.72	7.51	7.18	4.58	5.83	6.33	6.7	6.16	4.54	5.66	6.51	7.63	5.66	6.44	7.0	6.31	5.99	5.44	7.56	6.6	6.15	8.64	9.72	4.09	5.37	6.36	7.81	6.9	6.92	6.82	7.54	6.22	7.21	8.32	8.24	5.18	5.84	4.97	6.87	6.14	8.91	7.12	4.65	7.43	8.61	6.67	6.75	5.2	6.39	5.63	5.17	6.29	6.58	5.76	8.19	4.98	8.36	7.66	4.93	5.99	6.74	7.4	4.33	6.02	6.89	7.41	6.85	9.07	6.73	6.28	9.17	7.27	5.69	6.19	6.99	3.63	5.8	5.85	6.79	6.28	5.06	5.46	5.54	6.16	6.65	4.67	7.1	7.01	6.54	8.48	7.15	6.48	5.62	6.65	7.34	7.63	9.01	7.46	4.39	7.89	6.16	3.08	6.36	5.6	4.44	4.68	5.07	6.37	7.38	5.66	5.72	6.27	7.16	6.72	9.1	7.88	5.44	4.97	4.93	5.61	5.15	4.03	4.37	5.42	7.63	5.46	5.03	4.75	5.38	6.59	8.21	9.05	7.6	6.46	7.1	5.48	7.85	5.97	6.8	8.79	7.87	7.3	9.13	6.02	4.89	8.02	7.69	6.1	7.05	8.04	5.72	7.51	7.18	4.58	5.83	6.33	6.7	6.16	4.54	5.66	6.51	7.63	5.66	6.44	7.0	6.31
1.0	2.0	3.0	4.0	5.0	6.0	7.0	8.0	9.0	10.0	11.0	12.0	13.0	14.0	15.0	16.0	17.0	18.0	19.0	20.0	21.0	22.0	23.0	24.0	25.0	26.0	27.0	28.0	29.0	30.0	31.0	32.0	33.0	34.0	35.0	36.0	37.0	38.0	39.0	40.0	41.0	42.0	43.0	44.0	45.0	46.0	47.0	48.0	49.0	50.0	51.0	52.0	53.0	54.0	55.0	56.0	57.0	58.0	59.0	60.0	61.0	62.0	63.0	64.0	65.0	66.0	67.0	68.0	69.0	70.0	71.0	72.0	73.0	74.0	75.0	76.0	77.0	78.0	79.0	80.0	81.0	82.0	83.0	84.0	85.0	86.0	87.0	88.0	89.0	90.0	91.0	92.0	93.0	94.0	95.0	96.0	97.0	98.0	99.0	100.0	101.0	102.0	103.0	104.0	105.0	106.0	107.0	108.0	109.0	110.0	111.0	112.0	113.0	114.0	115.0	116.0	117.0	118.0	119.0	120.0	121.0	122.0	123.0	124.0	125.0	126.0	127.0	128.0	129.0	130.0	131.0	132.0	133.0	134.0	135.0	136.0	137.0	138.0	139.0	140.0	141.0	142.0	143.0	144.0	145.0	146.0	147.0	148.0	149.0	149.0	150.0	151.0	152.0	153.0	154.0	155.0	156.0	157.0	158.0	159.0	160.0	161.0	162.0	163.0	164.0	165.0	166.0	167.0	168.0	169.0	170.0	171.0	172.0	173.0	174.0	175.0	176.0	177.0	178.0	179.0	180.0	181.0	182.0	183.0	184.0	185.0	186.0	187.0	188.0	189.0	190.0	191.0	192.0	193.0	194.0	195.0	196.0	197.0	198.0	199.0	200.0	201.0	202.0	203.0	204.0	205.0	206.0	207.0	208.0	209.0	210.0	211.0	212.0	213.0	214.0	215.0	216.0	217.0	218.0	219.0	220.0	221.0	222.0	223.0	224.0	225.0	226.0	227.0	228.0	229.0	230.0	231.0	232.0	233.0	234.0	235.0	236.0	237.0	238.0	239.0	240.0	241.0	242.0	243.0	244.0	245.0	246.0	247.0	248.0	249.0	250.0	251.0	252.0	253.0	254.0	255.0	256.0	257.0	258.0	259.0	260.0	261.0	262.0	263.0	264.0	265.0	266.0	267.0	268.0	269.0	270.0	271.0	272.0	273.0	274.0	275.0	276.0	277.0	278.0	279.0	280.0	281.0	282.0	283.0	284.0	285.0	286.0	287.0	288.0	289.0	290.0	291.0	292.0	293.0	294.0	295.0	296.0	297.0	298.0	298.0	299.0	300.0	301.0	302.0	303.0	304.0	305.0	306.0	307.0	308.0	309.0	310.0	311.0	312.0	313.0	314.0	315.0	316.0	317.0	318.0	319.0	320.0	321.0	322.0	323.0	324.0	325.0	326.0	327.0	328.0	329.0	330.0	331.0	332.0	333.0	334.0	335.0	336.0	337.0	338.0	339.0	340.0	341.0	342.0	343.0	344.0	345.0	346.0	347.0	348.0	349.0	350.0	351.0	352.0	353.0	354.0	355.0	356.0	357.0	358.0	359.0	360.0	361.0	362.0	363.0	364.0	365.0	366.0	367.0	368.0	369.0	370.0	371.0	372.0	373.0	374.0	375.0	376.0	377.0	378.0	379.0	380.0	381.0	382.0	383.0	384.0	385.0	386.0	387.0	388.0	389.0	390.0	391.0	392.0	393.0	394.0	395.0	396.0	397.0	398.0	399.0	400.0	401.0	402.0	403.0	404.0	405.0	406.0	407.0	408.0	409.0	410.0	411.0	412.0	413.0	414.0	415.0	416.0	417.0	418.0	419.0	420.0	421.0	422.0	423.0	424.0	425.0	426.0	427.0	428.0	429.0	430.0	431.0	432.0	433.0	434.0	435.0	436.0	437.0	438.0	439.0	440.0	441.0	442.0	443.0	444.0	445.0	446.0	447.0	447.0	448.0	449.0	450.0	451.0	452.0	453.0	454.0	455.0	456.0	457.0	458.0	459.0	460.0	461.0	462.0	463.0	464.0	465.0	466.0	467.0	468.0	469.0	470.0	471.0	472.0	473.0	474.0	475.0	476.0	477.0	478.0	479.0	480.0	481.0	482.0	483.0	484.0	485.0	486.0	487.0	488.0	489.0	490.0	491.0	492.0	493.0	494.0	495.0	496.0	497.0	498.0	499.0	500.0	501.0	502.0	503.0	504.0	505.0	506.0	507.0	508.0	509.0	510.0	511.0	512.0	513.0	514.0	515.0	516.0	517.0	518.0	519.0	520.0	521.0	522.0	523.0	524.0	525.0	526.0	527.0	528.0	529.0	530.0	531.0	532.0	533.0	534.0	535.0	536.0	537.0	538.0	539.0	540.0	541.0	542.0	543.0	544.0	545.0	546.0	547.0	548.0	549.0	550.0	551.0	552.0	553.0	554.0	555.0	556.0	557.0	558.0	559.0	560.0	561.0	562.0	563.0	564.0	565.0	566.0	567.0	568.0	569.0	570.0	571.0	572.0	573.0	574.0	575.0	576.0	577.0	578.0	579.0	580.0	581.0	582.0	583.0	584.0	585.0	586.0	587.0	588.0	589.0	590.0	591.0	592.0	593.0	594.0	595.0	596.0	596.0	597.0	598.0	599.0
2312.5406941922683
