2258.310962290924	300.0	2000.0	134.09297978198785	0	0.0	2258.310962290924	1	0	1	-1.0275609173103972
5200.0	3000.0	360.0802426869935	365.25476607908536	0	168.1729086416608	560.0802426869941	1	0	2	-1.4995320500974831
6200.0	1000.0	2460.080242686993	0.0	0	636.5351354971426	2660.0802426869936	1	0	0	0.04533889355209486
9519.641571305456	6000.0	318.74166062663153	282.0610421596757	0	0.0	838.3832319320882	1	0	2	0.32258675608066256
10200.0	1000.0	2706.4190748015426	0.0	0	452.4703045176884	2906.4190748015435	1	0	0	-0.6730421893199735
13940.392100347037	6000.0	200.0	370.9202141638159	0	0.0	1140.3921003470368	1	0	2	-0.22865471313102292
14200.0	500.0	2966.352890312335	0.0	0	119.98066775193183	3166.352890312337	1	0	0	-2.4340511293312606
18185.432834439533	6000.0	200.0	379.6574796101363	0	0.0	1385.4328344395362	1	0	2	-0.9926419283729087
18365.052426770213	500.0	1020.3804076693219	0.0	0	0.0	1385.4328344395326	1	0	1	-2.0572114975829674
19200.0	3000.0	1185.432834439533	0.0	0	71.19894836726962	1385.4328344395326	1	0	1	1.5235748868190606
20233.601365213264	3000.0	1151.8314692262666	0.0	0	81.80129678314552	1385.4328344395362	1	0	1	3.3153343560471153
21689.26834023455	3000.0	696.1644942049826	0.0	0	0.0	1385.4328344395362	1	0	1	3.3153343560471153
22219.192250700795	2000.0	1166.2405837387391	0.0	0	0.0	1385.4328344395362	1	0	1	2.301671585776704
23245.594705853357	3000.0	1139.8381285861713	0.0	0	0.0	1385.4328344395326	1	0	1	2.9098692479389516
24217.96003761453	3000.0	1167.4727968249954	0.0	0	0.0	1385.4328344395362	1	0	1	3.315334356047116
25200.0	3000.0	1185.432834439526	0.0	0	197.24614658494465	1385.4328344395362	1	0	1	3.3153343560471153
26447.872873304193	3000.0	937.5599611353333	0.0	0	0.0	1385.4328344395326	1	0	1	3.3153343560471162
27544.029960379925	2000.0	841.4028740596025	0.0	0	0.0	1385.4328344395326	1	0	1	2.3016715857767043
28301.204121129325	2000.0	1084.2287133102013	0.0	0	0.0	1385.4328344395326	1	0	1	2.707136693884869
29200.0	2000.0	1185.4328344395267	0.0	0	119.39786298945182	1385.4328344395326	1	0	1	2.707136693884869
30200.0	2000.0	1185.4328344395278	0.0	0	447.99201741860816	1385.4328344395326	1	0	1	2.707136693884869
31200.0	2000.0	1185.4328344395299	0.0	0	565.5670014517382	1385.4328344395326	1	0	1	2.707136693884869
32200.0	2000.0	1185.4328344395308	0.0	0	415.30440735055527	1385.4328344395326	1	0	1	2.707136693884869
33244.01197954597	3000.0	1141.4208548935685	0.0	0	0.0	1385.4328344395362	1	0	1	2.909869247938951
34329.68358995756	3000.0	1055.7492444819813	0.0	0	0.0	1385.4328344395399	1	0	1	3.315334356047115
35200.0	3000.0	1185.4328344395387	0.0	0	126.6361452047131	1385.4328344395326	1	0	1	3.3153343560471162
36200.0	3000.0	1185.432834439535	0.0	0	138.623267566305	1385.4328344395326	1	0	1	3.3153343560471162
37200.0	3000.0	1185.4328344395321	0.0	0	303.6363225537207	1385.4328344395326	1	0	1	3.3153343560471162
38200.0	3000.0	1185.4328344395317	0.0	0	202.22217067645397	1385.4328344395326	1	0	1	3.3153343560471162
39200.0	3000.0	1185.4328344395385	0.0	0	294.3181645395671	1385.4328344395253	1	0	1	3.3153343560471167
40305.18251464032	3000.0	1080.2503197992237	0.0	0	0.0	1385.432834439518	1	0	1	3.315334356047117
41200.0	3000.0	1185.4328344395474	0.0	0	274.6936915374172	1385.4328344395108	1	0	1	3.315334356047118
42200.0	3000.0	1185.4328344395453	0.0	0	259.30046383300214	1385.4328344395108	1	0	1	3.315334356047118
43284.93414815526	3000.0	1100.4986862842752	0.0	0	0.0	1385.4328344395035	1	0	1	3.315334356047119
44300.438477961834	3000.0	1084.9943564776936	0.0	0	0.0	1385.4328344395035	1	0	1	3.315334356047119
45262.22290495801	3000.0	1123.2099294815162	0.0	0	0.0	1385.4328344395108	1	0	1	3.315334356047118
46251.17331302114	3000.0	1134.2595214183898	0.0	0	0.0	1385.4328344395108	1	0	1	3.315334356047118
47200.0	3000.0	1185.4328344395235	0.0	0	152.3223897620628	1385.4328344395108	1	0	1	3.315334356047118
48200.0	3000.0	1185.4328344395294	0.0	0	229.20226235596056	1385.432834439518	1	0	1	3.315334356047117
49200.0	3000.0	1185.432834439529	0.0	0	104.12688253768283	1385.4328344395253	1	0	1	3.3153343560471167
50200.0	3000.0	1185.4328344395346	0.0	0	74.26829933840781	1385.4328344395253	1	0	1	3.3153343560471167
51200.0	3000.0	1185.4328344395337	0.0	0	303.3568691199762	1385.4328344395253	1	0	1	3.3153343560471167
52200.0	3000.0	1185.4328344395317	0.0	0	266.2494543107168	1385.4328344395253	1	0	1	3.3153343560471167
53290.75870329394	3000.0	1094.674131145594	0.0	0	0.0	1385.4328344395253	1	0	1	3.3153343560471167
54200.0	3000.0	1185.432834439542	0.0	0	68.54836929349403	1385.4328344395326	1	0	1	3.3153343560471162
55218.30581598915	3000.0	1167.1270184503928	0.0	0	0.0	1385.4328344395253	1	0	1	3.3153343560471167
56572.603488388435	3000.0	812.8293460511012	0.0	0	0.0	1385.432834439518	1	0	1	3.315334356047117
57200.0	2000.0	1185.4328344395324	0.0	0	171.9534233339873	1385.432834439518	1	0	1	2.3016715857767056
58200.0	3000.0	1185.4328344395294	0.0	0	117.45490793410863	1385.432834439518	1	0	1	2.9098692479389525
59277.108709963206	3000.0	1108.3241244763124	0.0	0	0.0	1385.4328344395108	1	0	1	3.315334356047118
60582.49941613942	3000.0	802.9334183000942	0.0	0	0.0	1385.4328344395108	1	0	1	3.315334356047118
61568.04336816126	2000.0	817.3894662782468	0.0	0	0.0	1385.4328344395108	1	0	1	2.3016715857767065
62274.69008874513	2000.0	1110.7427456943838	0.0	0	0.0	1385.4328344395108	1	0	1	2.707136693884871
63200.0	3000.0	1185.4328344395137	0.0	0	210.52792037109612	1385.4328344395108	1	0	1	2.9098692479389534
64200.0	3000.0	1185.4328344395162	0.0	0	320.15395820154663	1385.432834439518	1	0	1	3.315334356047117
65200.0	3000.0	1185.4328344395244	0.0	0	125.86517145576363	1385.4328344395253	1	0	1	3.3153343560471167
66200.0	3000.0	1185.4328344395346	0.0	0	268.2801793837425	1385.4328344395326	1	0	1	3.3153343560471162
67200.0	3000.0	1185.4328344395344	0.0	0	207.70261234598001	1385.4328344395326	1	0	1	3.3153343560471162
68200.0	3000.0	1185.4328344395433	0.0	0	402.3294111474388	1385.4328344395326	1	0	1	3.3153343560471162
69200.0	3000.0	1185.4328344395365	0.0	0	89.23907583167602	1385.4328344395326	1	0	1	3.3153343560471162
70274.52593852731	3000.0	1110.9068959122283	0.0	0	0.0	1385.4328344395326	1	0	1	3.3153343560471162
71374.78861478693	3000.0	1010.6442196525985	0.0	0	0.0	1385.4328344395326	1	0	1	3.3153343560471162
72203.78904855625	3000.0	1181.643785883287	0.0	0	0.0	1385.4328344395326	1	0	1	3.3153343560471153
73200.0	3000.0	1185.4328344395328	0.0	0	442.59471045437385	1385.432834439518	1	0	1	3.315334356047117
74200.0	3000.0	1185.4328344395362	0.0	0	379.59559691329196	1385.4328344395326	1	0	1	3.3153343560471162
75200.0	3000.0	1185.4328344395333	0.0	0	86.68750258254295	1385.432834439518	1	0	1	3.315334356047117
76200.0	3000.0	1185.4328344395144	0.0	0	3.4369473314582137	1385.4328344395035	1	0	1	3.315334356047119
77200.0	3000.0	1185.4328344395126	0.0	0	302.98586259095464	1385.4328344395035	1	0	1	3.315334356047119
78392.84893983406	3000.0	992.583894605459	0.0	0	0.0	1385.432834439518	1	0	1	3.315334356047117
79264.40683807193	3000.0	1121.0259963675937	0.0	0	0.0	1385.432834439518	1	0	1	3.315334356047117
80324.99064589695	3000.0	1060.4421885425613	0.0	0	0.0	1385.432834439518	1	0	1	3.315334356047117
81290.0953646943	3000.0	1095.3374697452095	0.0	0	0.0	1385.432834439518	1	0	1	3.315334356047117
82200.0	3000.0	1185.4328344395017	0.0	0	232.45153631953872	1385.4328344395035	1	0	1	3.315334356047119
83200.0	3000.0	1185.432834439508	0.0	0	285.6904868072161	1385.4328344395035	1	0	1	3.315334356047119
84200.0	3000.0	1185.432834439517	0.0	0	370.5838226164924	1385.4328344395035	1	0	1	3.315334356047119
85200.0	3000.0	1185.432834439499	0.0	0	343.70307137811324	1385.432834439489	1	0	1	3.3153343560471207
86200.0	3000.0	1185.4328344395042	0.0	0	60.99028202024056	1385.432834439489	1	0	1	3.3153343560471207
87200.0	3000.0	1185.432834439498	0.0	0	120.2873646698281	1385.432834439489	1	0	1	3.3153343560471207
88283.31801795549	3000.0	1102.114816484021	0.0	0	0.0	1385.4328344395035	1	0	1	3.315334356047119
89434.71263337602	3000.0	950.7202010634744	0.0	0	0.0	1385.432834439489	1	0	1	3.3153343560471207
90815.64804018721	3000.0	569.784794252295	0.0	0	0.0	1385.432834439489	1	0	1	3.3153343560471207
91231.63914245219	1000.0	1153.7936919873177	0.0	0	0.0	1385.4328344394744	1	0	1	0.5688036343768471
92200.0	2000.0	1185.4328344394894	0.0	0	364.03722315854975	1385.4328344394598	1	0	1	2.013989513324931
93200.0	2000.0	1185.4328344394896	0.0	0	374.9332253905304	1385.4328344394744	1	0	1	2.7071366938848747
94200.0	2000.0	1185.4328344394921	0.0	0	541.6985635473538	1385.432834439489	1	0	1	2.7071366938848733
95200.0	2000.0	1185.4328344394878	0.0	0	48.708417313260725	1385.432834439489	1	0	1	2.7071366938848733
96200.0	2000.0	1185.4328344394994	0.0	0	194.6464818133245	1385.432834439489	1	0	1	2.7071366938848733
97200.0	2000.0	1185.4328344395026	0.0	0	247.87802001615637	1385.432834439489	1	0	1	2.7071366938848733
98200.0	2000.0	1185.432834439501	0.0	0	467.2839176914713	1385.432834439489	1	0	1	2.7071366938848733
99200.0	2000.0	1185.4328344395055	0.0	0	399.27604155662993	1385.4328344394744	1	0	1	2.7071366938848747
100200.0	3000.0	1185.4328344395146	0.0	0	427.0249794360134	1385.4328344394744	1	0	1	2.909869247938957
101200.0	3000.0	1185.4328344395167	0.0	0	465.7351896290638	1385.4328344394744	1	0	1	3.3153343560471216
102200.0	3000.0	1185.4328344395044	0.0	0	327.9855738825281	1385.4328344394744	1	0	1	3.3153343560471216
103200.0	3000.0	1185.4328344394905	0.0	0	378.5503380057635	1385.4328344394744	1	0	1	3.3153343560471216
104200.0	3000.0	1185.4328344394933	0.0	0	7.373010187613545	1385.4328344394744	1	0	1	3.3153343560471216
105200.0	3000.0	1185.4328344394958	0.0	0	186.76296819822164	1385.4328344394744	1	0	1	3.3153343560471216
106200.0	3000.0	1185.4328344395112	0.0	0	206.2412159655214	1385.4328344394744	1	0	1	3.3153343560471216
107200.0	3000.0	1185.4328344395044	0.0	0	36.4211414004385	1385.4328344394744	1	0	1	3.3153343560471216
108200.0	3000.0	1185.432834439497	0.0	0	338.8890915099764	1385.4328344394744	1	0	1	3.3153343560471216
109492.10513866911	3000.0	893.3276957703811	0.0	0	0.0	1385.4328344394744	1	0	1	3.3153343560471216
110303.22746439042	2000.0	1082.205370049073	0.0	0	0.0	1385.4328344394744	1	0	1	2.30167158577671
111382.48230395527	3000.0	1002.9505304842329	0.0	0	0.0	1385.4328344394744	1	0	1	2.909869247938957
112200.0	2000.0	1185.4328344395208	0.0	0	263.1355002082564	1385.4328344394744	1	0	1	2.30167158577671
113466.9477016926	3000.0	918.4851327469214	0.0	0	0.0	1385.432834439489	1	0	1	2.909869247938956
114348.29010343995	2000.0	1037.1427309995456	0.0	0	0.0	1385.4328344394744	1	0	1	2.30167158577671
115200.0	2000.0	1185.4328344395071	0.0	0	292.5247748320544	1385.4328344394744	1	0	1	2.7071366938848747
116200.0	2000.0	1185.4328344394876	0.0	0	331.54985997216136	1385.4328344394744	1	0	1	2.7071366938848747
117200.0	2000.0	1185.4328344394803	0.0	0	163.89374872398912	1385.4328344394598	1	0	1	2.707136693884876
118200.0	2000.0	1185.432834439485	0.0	0	265.77077506778005	1385.4328344394453	1	0	1	2.7071366938848773
119258.66667238272	3000.0	1126.7661620567783	0.0	0	0.0	1385.4328344394453	1	0	1	2.9098692479389605
120200.0	3000.0	1185.4328344394996	0.0	0	125.4200286113628	1385.4328344394453	1	0	1	3.315334356047125
121200.0	3000.0	1185.4328344395003	0.0	0	49.22912194966921	1385.4328344394453	1	0	1	3.315334356047125
122200.0	3000.0	1185.4328344394964	0.0	0	197.9012242344761	1385.4328344394453	1	0	1	3.315334356047125
123200.0	3000.0	1185.4328344394914	0.0	0	123.88288495464076	1385.4328344394453	1	0	1	3.315334356047125
124200.0	3000.0	1185.4328344394894	0.0	0	262.86854445662175	1385.4328344394453	1	0	1	3.315334356047125
125548.80507651865	3000.0	836.6277579208455	0.0	0	0.0	1385.4328344394598	1	0	1	3.3153343560471233
126310.47021364617	2000.0	1074.9626207933084	0.0	0	0.0	1385.4328344394598	1	0	1	2.3016715857767114
127200.0	3000.0	1185.4328344394903	0.0	0	28.345008744989173	1385.4328344394598	1	0	1	2.9098692479389587
128200.0	3000.0	1185.4328344394914	0.0	0	139.8654927207972	1385.4328344394453	1	0	1	3.315334356047125
129200.0	3000.0	1185.4328344394762	0.0	0	107.74790080801176	1385.4328344394453	1	0	1	3.315334356047125
130666.29363528197	3000.0	719.1391991575033	0.0	0	0.0	1385.4328344394453	1	0	1	3.315334356047125
131308.91379907416	2000.0	1076.5190353653093	0.0	0	0.0	1385.4328344394307	1	0	1	2.301671585776713
132200.0	3000.0	1185.4328344394457	0.0	0	167.95996950005065	1385.4328344394162	1	0	1	2.9098692479389636
133200.0	3000.0	1185.4328344394448	0.0	0	73.52059446985368	1385.4328344394162	1	0	1	3.315334356047128
134200.0	3000.0	1185.432834439425	0.0	0	189.05933146708412	1385.4328344394162	1	0	1	3.315334356047128
135200.0	3000.0	1185.4328344394298	0.0	0	259.03824662489933	1385.4328344394453	1	0	1	3.315334356047125
136200.0	3000.0	1185.432834439428	0.0	0	198.12663201149553	1385.4328344394453	1	0	1	3.315334356047125
137200.0	3000.0	1185.432834439445	0.0	0	69.94791911978973	1385.4328344394744	1	0	1	3.3153343560471233
138200.0	3000.0	1185.4328344394419	0.0	0	13.449845220631687	1385.4328344394744	1	0	1	3.3153343560471216
139200.0	3000.0	1185.4328344394548	0.0	0	67.90439526468981	1385.4328344394744	1	0	1	3.3153343560471216
140200.0	3000.0	1185.432834439485	0.0	0	387.70145083157695	1385.4328344394453	1	0	1	3.315334356047125
141200.0	3000.0	1185.4328344395176	0.0	0	227.5085484694573	1385.4328344394453	1	0	1	3.315334356047125
142200.0	3000.0	1185.4328344395265	0.0	0	131.5862007867836	1385.4328344394744	1	0	1	3.3153343560471216
143505.81672306065	3000.0	879.6161113788794	0.0	0	0.0	1385.4328344394744	1	0	1	3.3153343560471216
144200.0	2000.0	1185.43283443954	0.0	0	65.22283720213454	1385.4328344395035	1	0	1	2.301671585776707
145281.33496878186	3000.0	1104.0978656576622	0.0	0	0.0	1385.4328344395035	1	0	1	2.9098692479389543
146200.0	3000.0	1185.4328344395221	0.0	0	55.81498735694913	1385.4328344395035	1	0	1	3.315334356047119
147419.53536940308	3000.0	965.8974650364238	0.0	0	0.0	1385.4328344395035	1	0	1	3.315334356047119
148207.4408824675	2000.0	1177.9919519719815	0.0	0	0.0	1385.4328344395035	1	0	1	2.301671585776707
149200.0	3000.0	1185.4328344394578	0.0	0	83.2673703195469	1385.4328344395035	1	0	1	2.9098692479389543
150200.0	3000.0	1185.432834439452	0.0	0	192.15757817338454	1385.4328344395035	1	0	1	3.315334356047119
151382.49870157117	3000.0	1002.934132868284	0.0	0	0.0	1385.4328344395035	1	0	1	3.315334356047119
152200.0	2000.0	1185.4328344394385	0.0	0	178.78111736022402	1385.4328344394744	1	0	1	2.30167158577671
153329.92220251774	3000.0	1055.5106319216889	0.0	0	0.0	1385.4328344395035	1	0	1	2.9098692479389543
154200.0	2000.0	1185.4328344394398	0.0	0	152.61428044602508	1385.4328344394744	1	0	1	2.30167158577671
155274.90899412948	3000.0	1110.5238403099368	0.0	0	0.0	1385.4328344394744	1	0	1	2.909869247938957
156208.26632118	2000.0	1177.1665132594296	0.0	0	0.0	1385.4328344394744	1	0	1	2.30167158577671
157200.0	2000.0	1185.4328344394303	0.0	0	300.0249361045426	1385.4328344394744	1	0	1	2.7071366938848747
158200.0	2000.0	1185.4328344394373	0.0	0	186.70750291884178	1385.4328344395035	1	0	1	2.7071366938848715
159200.0	2000.0	1185.43283443942	0.0	0	522.732068620011	1385.4328344395035	1	0	1	2.7071366938848715
160258.21709105567	3000.0	1127.2157433836974	0.0	0	0.0	1385.4328344394744	1	0	1	2.909869247938956
161266.627743036	3000.0	1118.8050914033952	0.0	0	0.0	1385.4328344394744	1	0	1	3.3153343560471216
162200.0	3000.0	1185.4328344393894	0.0	0	2.6677753343537915	1385.4328344394744	1	0	1	3.3153343560471216
163200.0	3000.0	1185.4328344393814	0.0	0	518.9422421117488	1385.4328344394744	1	0	1	3.3153343560471216
164200.0	3000.0	1185.4328344393882	0.0	0	303.4699200131581	1385.4328344395035	1	0	1	3.315334356047119
165200.0	3000.0	1185.432834439418	0.0	0	56.46824309567455	1385.4328344395035	1	0	1	3.315334356047119
166200.0	3000.0	1185.4328344394105	0.0	0	81.56758530173101	1385.4328344395035	1	0	1	3.315334356047119
167322.19310321895	3000.0	1063.239731220448	0.0	0	0.0	1385.4328344395035	1	0	1	3.315334356047119
168200.0	3000.0	1185.4328344393857	0.0	0	138.73796351903002	1385.4328344395326	1	0	1	3.3153343560471162
169383.9348506197	3000.0	1001.4979838197021	0.0	0	0.0	1385.4328344395617	1	0	1	3.315334356047115
170540.0283638468	3000.0	845.4044705925841	0.0	0	0.0	1385.4328344395617	1	0	1	3.315334356047113
171200.0	2000.0	1185.432834439366	0.0	0	92.89159148401814	1385.4328344395617	1	0	1	2.3016715857767016
172347.5039262606	3000.0	1037.9289081787938	0.0	0	0.0	1385.4328344395617	1	0	1	2.9098692479389485
173202.83211183178	3000.0	1182.6007226076053	0.0	0	0.0	1385.4328344395326	1	0	1	3.3153343560471162
174312.75563527126	3000.0	1072.6771991681312	0.0	0	0.0	1385.4328344395035	1	0	1	3.315334356047118
175326.9877816916	3000.0	1058.4450527477836	0.0	0	0.0	1385.4328344395035	1	0	1	3.315334356047119
176226.34049888694	2000.0	1159.092335552411	0.0	0	0.0	1385.4328344394744	1	0	1	2.30167158577671
177301.7045997805	2000.0	1083.7282346588672	0.0	0	0.0	1385.4328344394453	1	0	1	2.7071366938848764
178200.0	2000.0	1185.4328344394075	0.0	0	136.3746690840344	1385.4328344394744	1	0	1	2.7071366938848764
179200.0	2000.0	1185.4328344394078	0.0	0	625.7635937835439	1385.4328344394744	1	0	1	2.7071366938848747
180200.0	2000.0	1185.432834439396	0.0	0	451.09236322232755	1385.4328344394744	1	0	1	2.7071366938848747
181200.0	2000.0	1185.432834439418	0.0	0	535.1143644879339	1385.4328344394744	1	0	1	2.7071366938848747
182200.0	3000.0	1185.432834439447	0.0	0	76.40284702123608	1385.4328344395035	1	0	1	2.9098692479389543
183200.0	3000.0	1185.4328344394396	0.0	0	356.4185236043704	1385.4328344395326	1	0	1	3.3153343560471162
184200.0	3000.0	1185.4328344394726	0.0	0	249.81253107535304	1385.4328344395326	1	0	1	3.3153343560471162
185200.0	3000.0	1185.432834439455	0.0	0	60.745244841848034	1385.4328344395326	1	0	1	3.3153343560471162
186200.0	3000.0	1185.432834439505	0.0	0	226.6014850428328	1385.4328344395326	1	0	1	3.3153343560471162
187200.0	3000.0	1185.432834439538	0.0	0	349.21285631519277	1385.4328344395326	1	0	1	3.3153343560471162
188200.0	3000.0	1185.4328344395567	0.0	0	84.58728114661062	1385.4328344395326	1	0	1	3.3153343560471162
189200.0	3000.0	1185.432834439544	0.0	0	60.81155777774984	1385.4328344395326	1	0	1	3.3153343560471145
190200.0	3000.0	1185.432834439577	0.0	0	125.2659384146973	1385.4328344395617	1	0	1	3.315334356047113
191200.0	3000.0	1185.4328344396015	0.0	0	91.83626860243385	1385.4328344395326	1	0	1	3.3153343560471162
192200.0	3000.0	1185.4328344395876	0.0	0	10.358537631924264	1385.4328344395617	1	0	1	3.315334356047113
193200.0	3000.0	1185.43283443959	0.0	0	69.82505739846965	1385.4328344395617	1	0	1	3.315334356047113
194200.0	3000.0	1185.4328344395876	0.0	0	167.62323601177195	1385.4328344395617	1	0	1	3.315334356047113
195200.0	3000.0	1185.4328344395806	0.0	0	192.2052340580558	1385.4328344395617	1	0	1	3.315334356047113
196200.0	3000.0	1185.4328344395624	0.0	0	350.0282891842944	1385.4328344395617	1	0	1	3.315334356047113
197200.0	3000.0	1185.432834439579	0.0	0	171.72535030846484	1385.4328344395908	1	0	1	3.31533435604711
198366.16619399446	3000.0	1019.2666404450968	0.0	0	0.0	1385.4328344395617	1	0	1	3.315334356047112
199200.0	3000.0	1185.43283443957	0.0	0	82.81387709686533	1385.4328344395617	1	0	1	3.315334356047113
200200.0	3000.0	1185.4328344395647	0.0	0	201.1181753690762	1385.4328344395617	1	0	1	3.315334356047113
201200.0	3000.0	1185.4328344395428	0.0	0	74.633428325149	1385.4328344395617	1	0	1	3.315334356047113
202200.0	3000.0	1185.432834439539	0.0	0	176.8600843846216	1385.4328344395617	1	0	1	3.315334356047113
203200.0	3000.0	1185.4328344395258	0.0	0	302.04700090378174	1385.4328344395617	1	0	1	3.315334356047113
204381.13712622	3000.0	1004.2957082194914	0.0	0	0.0	1385.4328344395326	1	0	1	3.3153343560471153
205200.0	2000.0	1185.4328344395294	0.0	0	113.81864634650992	1385.4328344395326	1	0	1	2.3016715857767043
206200.0	2000.0	1185.4328344395426	0.0	0	336.72066421151976	1385.4328344395326	1	0	1	2.707136693884869
207200.0	2000.0	1185.4328344395797	0.0	0	344.2705479139404	1385.4328344395617	1	0	1	2.707136693884866
208377.78210532246	3000.0	1007.6507291171329	0.0	0	0.0	1385.4328344395617	1	0	1	2.9098692479389485
209200.0	2000.0	1185.432834439592	0.0	0	36.86985570730758	1385.4328344395617	1	0	1	2.3016715857767016
210619.50295609605	3000.0	765.9298783435572	0.0	0	0.0	1385.4328344395617	1	0	1	2.9098692479389485
211200.0	2000.0	1185.4328344396226	0.0	0	61.050330047728494	1385.4328344395908	1	0	1	2.301671585776698
212200.0	3000.0	1185.4328344395892	0.0	0	35.85354979406111	1385.4328344395908	1	0	1	2.9098692479389454
213200.0	3000.0	1185.4328344396088	0.0	0	236.61174050410045	1385.4328344395617	1	0	1	3.315334356047113
214200.0	3000.0	1185.432834439599	0.0	0	400.1447407187661	1385.4328344395617	1	0	1	3.315334356047113
215200.0	3000.0	1185.4328344395972	0.0	0	338.29970205403515	1385.4328344395908	1	0	1	3.31533435604711
216200.0	3000.0	1185.4328344395963	0.0	0	271.3294485724182	1385.4328344395908	1	0	1	3.31533435604711
217200.0	3000.0	1185.432834439575	0.0	0	266.11249461586704	1385.4328344395908	1	0	1	3.31533435604711
218200.0	3000.0	1185.4328344395738	0.0	0	137.89866835228167	1385.4328344395908	1	0	1	3.31533435604711
219492.29237958675	3000.0	893.1404548528294	0.0	0	0.0	1385.43283443962	1	0	1	3.3153343560471074
220200.0	2000.0	1185.4328344395785	0.0	0	17.145638017100282	1385.4328344395617	1	0	1	2.3016715857767007
221200.0	3000.0	1185.4328344395738	0.0	0	201.50063737115124	1385.4328344395617	1	0	1	2.9098692479389485
222200.0	3000.0	1185.432834439576	0.0	0	193.4310213411518	1385.4328344395617	1	0	1	3.315334356047113
223200.0	3000.0	1185.4328344396026	0.0	0	250.8840982960246	1385.4328344395617	1	0	1	3.315334356047113
224216.27517233675	3000.0	1169.157662102832	0.0	0	0.0	1385.4328344395326	1	0	1	3.3153343560471162
225200.0	3000.0	1185.4328344395717	0.0	0	262.9156162304571	1385.4328344395326	1	0	1	3.3153343560471162
226227.85714623166	3000.0	1157.5756882079206	0.0	0	0.0	1385.4328344395617	1	0	1	3.315334356047113
227200.0	3000.0	1185.4328344396015	0.0	0	84.65752185412566	1385.4328344395908	1	0	1	3.3153343560471122
228200.0	3000.0	1185.4328344396072	0.0	0	11.544786095328163	1385.4328344395908	1	0	1	3.31533435604711
229200.0	3000.0	1185.4328344395658	0.0	0	108.19603652574006	1385.4328344395908	1	0	1	3.31533435604711
230200.0	3000.0	1185.4328344396126	0.0	0	134.29884289563051	1385.4328344395908	1	0	1	3.31533435604711
231200.0	3000.0	1185.4328344396072	0.0	0	373.20784123562044	1385.4328344395908	1	0	1	3.31533435604711
232200.0	3000.0	1185.4328344395806	0.0	0	89.91186315973755	1385.4328344395617	1	0	1	3.315334356047111
233200.0	3000.0	1185.432834439601	0.0	0	96.35676562885055	1385.4328344395617	1	0	1	3.315334356047113
234200.0	3000.0	1185.4328344396035	0.0	0	408.6909911293769	1385.4328344395617	1	0	1	3.315334356047113
235200.0	3000.0	1185.4328344396338	0.0	0	198.00353972770972	1385.4328344395326	1	0	1	3.3153343560471162
236200.0	3000.0	1185.4328344396367	0.0	0	317.00059929754934	1385.4328344395035	1	0	1	3.315334356047119
237208.87420123004	3000.0	1176.558633209604	0.0	0	0.0	1385.4328344394744	1	0	1	3.3153343560471216
238255.18316251732	3000.0	1130.2496719223118	0.0	0	0.0	1385.4328344394744	1	0	1	3.3153343560471216
239200.0	3000.0	1185.4328344396442	0.0	0	244.46642877956037	1385.4328344394453	1	0	1	3.315334356047125
240407.89816506673	3000.0	977.5346693729433	0.0	0	0.0	1385.4328344394453	1	0	1	3.315334356047125
241345.76679068943	2000.0	1039.6660437502428	0.0	0	0.0	1385.4328344394453	1	0	1	2.3016715857767127
242200.0	2000.0	1185.4328344396881	0.0	0	327.22136735811364	1385.4328344394453	1	0	1	2.7071366938848773
243200.0	2000.0	1185.4328344396886	0.0	0	278.00542986777145	1385.4328344394744	1	0	1	2.7071366938848747
244227.8105433094	2000.0	1157.622291130292	0.0	0	0.0	1385.4328344394744	1	0	1	2.7071366938848747
245200.0	2000.0	1185.4328344397154	0.0	0	334.65501720266184	1385.4328344394744	1	0	1	2.7071366938848747
246200.0	2000.0	1185.432834439744	0.0	0	234.27953748195432	1385.4328344394744	1	0	1	2.7071366938848747
247200.0	2000.0	1185.4328344397752	0.0	0	311.57120393472724	1385.4328344394744	1	0	1	2.7071366938848747
248200.0	2000.0	1185.432834439778	0.0	0	305.31317307890276	1385.4328344394744	1	0	1	2.7071366938848747
249200.0	3000.0	1185.4328344397845	0.0	0	457.0207460455422	1385.4328344394744	1	0	1	2.909869247938957
250200.0	3000.0	1185.4328344397868	0.0	0	474.41623014293145	1385.4328344394453	1	0	1	3.315334356047125
251200.0	3000.0	1185.4328344397693	0.0	0	39.99853552147397	1385.4328344394453	1	0	1	3.315334356047125
252200.0	3000.0	1185.4328344397913	0.0	0	37.554807176959	1385.4328344395035	1	0	1	3.3153343560471207
253200.0	3000.0	1185.4328344397675	0.0	0	313.74566555279307	1385.4328344395035	1	0	1	3.315334356047119
254200.0	3000.0	1185.432834439778	0.0	0	194.54982476888108	1385.4328344395035	1	0	1	3.315334356047119
255200.0	3000.0	1185.4328344397863	0.0	0	334.184570124984	1385.4328344395035	1	0	1	3.315334356047119
256200.0	3000.0	1185.4328344397552	0.0	0	198.5158669441298	1385.4328344395035	1	0	1	3.315334356047119
257200.0	3000.0	1185.4328344397368	0.0	0	213.13569998188177	1385.4328344395035	1	0	1	3.315334356047119
258259.09082553707	3000.0	1126.3420089026677	0.0	0	0.0	1385.4328344395035	1	0	1	3.315334356047119
259200.0	3000.0	1185.432834439744	0.0	0	49.46935765686794	1385.4328344395035	1	0	1	3.315334356047119
260200.0	3000.0	1185.432834439745	0.0	0	30.234329046099447	1385.4328344394744	1	0	1	3.31533435604712
261569.2279588466	3000.0	816.2048755931813	0.0	0	0.0	1385.4328344395326	1	0	1	3.3153343560471162
262551.75370498927	2000.0	833.6791294504945	0.0	0	0.0	1385.4328344394744	1	0	1	2.301671585776709
263200.0	1000.0	1185.4328344397836	0.0	0	139.42915451875888	1385.4328344395035	1	0	1	0.9742687424850123
264200.0	2000.0	1185.4328344397422	0.0	0	410.1805582840461	1385.4328344394453	1	0	1	2.0139895133249315
265200.0	2000.0	1185.432834439705	0.0	0	331.3679427395109	1385.4328344394453	1	0	1	2.7071366938848773
266200.0	2000.0	1185.4328344396934	0.0	0	429.80835092638154	1385.432834439387	1	0	1	2.7071366938848835
267200.0	2000.0	1185.4328344396993	0.0	0	477.081315922027	1385.4328344393289	1	0	1	2.707136693884889
268200.0	2000.0	1185.4328344397527	0.0	0	464.9953363239765	1385.4328344393289	1	0	1	2.707136693884889
269200.48425382294	3000.0	1184.948580616856	0.0	0	0.0	1385.4328344392707	1	0	1	2.909869247938974
270200.0	3000.0	1185.4328344397886	0.0	0	341.6581840464496	1385.4328344392707	1	0	1	3.315334356047142
271200.0	3000.0	1185.432834439751	0.0	0	278.5350286075263	1385.4328344392707	1	0	1	3.315334356047142
272200.0	3000.0	1185.4328344397875	0.0	0	142.84219215268968	1385.4328344392707	1	0	1	3.315334356047142
273475.97198979853	3000.0	909.4608446412001	0.0	0	0.0	1385.4328344392707	1	0	1	3.315334356047142
274200.0	2000.0	1185.4328344397422	0.0	0	30.268632992811035	1385.4328344392125	1	0	1	2.3016715857767336
275200.0	3000.0	1185.4328344397293	0.0	0	92.75145897158654	1385.4328344392707	1	0	1	2.9098692479389805
276200.0	3000.0	1185.4328344397527	0.0	0	306.8073829730274	1385.4328344392707	1	0	1	3.315334356047142
277200.0	3000.0	1185.4328344397352	0.0	0	14.291158370731864	1385.4328344392707	1	0	1	3.315334356047142
278273.19637926586	3000.0	1112.2364551739092	0.0	0	0.0	1385.4328344392125	1	0	1	3.3153343560471455
279691.9067847422	3000.0	693.5260496975893	0.0	0	0.0	1385.4328344392707	1	0	1	3.315334356047143
280392.87539594993	2000.0	992.5574384898755	0.0	0	0.0	1385.4328344392707	1	0	1	2.3016715857767305
281200.0	2000.0	1185.4328344398068	0.0	0	315.31752733606845	1385.4328344393289	1	0	1	2.707136693884889
282200.0	3000.0	1185.4328344398682	0.0	0	23.12541647849139	1385.4328344393289	1	0	1	2.909869247938971
283200.0	3000.0	1185.4328344398384	0.0	0	47.2541899337084	1385.4328344393289	1	0	1	3.3153343560471358
284200.0	3000.0	1185.4328344398311	0.0	0	387.121230360819	1385.4328344393289	1	0	1	3.3153343560471358
285200.0	3000.0	1185.4328344398061	0.0	0	133.4621002425556	1385.4328344393289	1	0	1	3.3153343560471358
286200.0	3000.0	1185.4328344397973	0.0	0	99.93193721486023	1385.4328344393289	1	0	1	3.3153343560471358
287200.0	3000.0	1185.4328344397968	0.0	0	388.4863669514307	1385.4328344393289	1	0	1	3.3153343560471358
288200.0	3000.0	1185.4328344398034	0.0	0	52.142926902743056	1385.4328344392707	1	0	1	3.3153343560471384
289200.0	3000.0	1185.432834439784	0.0	0	185.10126120975474	1385.4328344392707	1	0	1	3.315334356047142
290200.0	3000.0	1185.4328344397682	0.0	0	466.9292098879232	1385.4328344392125	1	0	1	3.3153343560471478
291200.0	3000.0	1185.4328344397884	0.0	0	225.64053104945924	1385.4328344391542	1	0	1	3.3153343560471535
292200.0	3000.0	1185.432834439784	0.0	0	271.77810930699343	1385.4328344391542	1	0	1	3.3153343560471535
293593.0388042798	3000.0	792.3940301599688	0.0	0	0.0	1385.432834439096	1	0	1	3.3153343560471593
294200.0	2000.0	1185.4328344398077	0.0	0	66.58964697091142	1385.4328344390378	1	0	1	2.3016715857767513
295229.3216841257	3000.0	1156.1111503141174	0.0	0	0.0	1385.4328344390378	1	0	1	2.909869247939001
296200.0	3000.0	1185.4328344398236	0.0	0	184.9850129847182	1385.4328344390378	1	0	1	3.3153343560471655
297200.0	3000.0	1185.4328344398784	0.0	0	272.2811568056932	1385.4328344389796	1	0	1	3.315334356047171
298200.0	3000.0	1185.4328344399228	0.0	0	9.597596512758173	1385.4328344390378	1	0	1	3.3153343560471678
299200.0	3000.0	1185.4328344400042	0.0	0	268.1702951412299	1385.4328344390378	1	0	1	3.3153343560471655
300303.4598845026	3000.0	1081.9729499373948	0.0	0	0.0	1385.4328344390378	1	0	1	3.3153343560471655
301214.98854229884	3000.0	1170.4442921410673	0.0	0	0.0	1385.4328344390378	1	0	1	3.3153343560471655
302200.0	3000.0	1185.4328344398905	0.0	0	222.22531351645011	1385.4328344390378	1	0	1	3.3153343560471655
303200.0	3000.0	1185.4328344399107	0.0	0	90.02284077351214	1385.4328344390378	1	0	1	3.3153343560471655
304200.0	3000.0	1185.432834439937	0.0	0	275.22983470751205	1385.4328344390378	1	0	1	3.3153343560471655
305200.0	2000.0	1185.4328344398439	0.0	0	4.642351336253341	1385.4328344389796	1	0	1	2.301671585776757
306200.0	2000.0	1185.4328344398518	0.0	0	314.0494131220039	1385.4328344389796	1	0	1	2.707136693884924
307200.0	2000.0	1185.4328344398482	0.0	0	273.9785100988811	1385.4328344389796	1	0	1	2.707136693884924
308200.0	2000.0	1185.4328344398089	0.0	0	499.3897231197916	1385.4328344389796	1	0	1	2.707136693884924
3.75	3.75	4.25	5.54	3.32	2.92	4.24	3.06	3.96	3.83	1.82	3.81	3.12	3.54	3.74	3.28	2.54	2.17	2.73	4.48	3.52	4.85	3.48	3.73	3.72	3.73	3.76	4.1	3.76	3.43	3.75	4.67	3.44	3.02	3.38	3.1	3.39	4.37	3.46	3.09	3.87	3.61	2.99	3.41	3.22	2.44	3.6	4.41	3.29	3.31	2.39	3.19	4.05	3.45	3.9	3.73	3.86	5.8	3.6	3.3	1.81	3.61	4.1	4.63	4.01	4.08	3.7	2.9	3.93	3.41	4.54	3.82	4.55	3.79	5.54	4.29	4.47	3.09	3.64	3.63	2.2	2.83	3.13	3.83	2.5	3.19	3.01	3.38	3.67	4.52	4.71	4.3	3.65	3.87	3.3	3.39	3.75	4.17	1.96	3.89	2.7	2.97	2.68	1.76	3.29	3.66	3.35	3.17	3.72	3.96	3.43	4.27	3.49	3.59	2.48	3.14	3.96	4.05	3.52	3.26	2.17	3.57	4.01	3.98	4.85	2.99	4.63	3.73	3.97	3.74	5.17	3.06	3.81	2.15	3.44	4.1	3.21	3.49	2.69	4.73	3.41	2.9	3.46	2.87	3.43	2.15	3.51	3.3	3.86	2.42	3.75	3.75	4.25	5.54	3.32	2.92	4.24	3.06	3.96	3.83	1.82	3.81	3.12	3.54	3.74	3.28	2.54	2.17	2.73	4.48	3.52	4.85	3.48	3.73	3.72	3.73	3.76	4.1	3.76	3.43	3.75	4.67	3.44	3.02	3.38	3.1	3.39	4.37	3.46	3.09	3.87	3.61	2.99	3.41	3.22	2.44	3.6	4.41	3.29	3.31	2.39	3.19	4.05	3.45	3.9	3.73	3.86	5.8	3.6	3.3	1.81	3.61	4.1	4.63	4.01	4.08	3.7	2.9	3.93	3.41	4.54	3.82	4.55	3.79	5.54	4.29	4.47	3.09	3.64	3.63	2.2	2.83	3.13	3.83	2.5	3.19	3.01	3.38	3.67	4.52	4.71	4.3	3.65	3.87	3.3	3.39	3.75	4.17	1.96	3.89	2.7	2.97	2.68	1.76	3.29	3.66	3.35	3.17	3.72	3.96	3.43	4.27	3.49	3.59	2.48	3.14	3.96	4.05	3.52	3.26	2.17	3.57	4.01	3.98	4.85	2.99	4.63	3.73	3.97	3.74	5.17	3.06	3.81	2.15	3.44	4.1	3.21	3.49	2.69	4.73	3.41	2.9	3.46	2.87	3.43	2.15	3.51	3.3	3.86	2.42	3.75	3.75	4.25	5.54	3.32	2.92	4.24	3.06	3.96	3.83
1.0	2.0	3.0	4.0	5.0	6.0	7.0	8.0	9.0	10.0	11.0	12.0	13.0	14.0	15.0	16.0	17.0	18.0	19.0	20.0	21.0	22.0	23.0	24.0	25.0	26.0	27.0	28.0	29.0	30.0	31.0	32.0	33.0	34.0	35.0	36.0	37.0	38.0	39.0	40.0	41.0	42.0	43.0	44.0	45.0	46.0	47.0	48.0	49.0	50.0	51.0	52.0	53.0	54.0	55.0	56.0	57.0	58.0	59.0	60.0	61.0	62.0	63.0	64.0	65.0	66.0	67.0	68.0	69.0	70.0	71.0	72.0	73.0	74.0	75.0	76.0	77.0	78.0	79.0	80.0	81.0	82.0	83.0	84.0	85.0	86.0	87.0	88.0	89.0	90.0	91.0	92.0	93.0	94.0	95.0	96.0	97.0	98.0	99.0	100.0	101.0	102.0	103.0	104.0	105.0	106.0	107.0	108.0	109.0	110.0	111.0	112.0	113.0	114.0	115.0	116.0	117.0	118.0	119.0	120.0	121.0	122.0	123.0	124.0	125.0	126.0	127.0	128.0	129.0	130.0	131.0	132.0	133.0	134.0	135.0	136.0	137.0	138.0	139.0	140.0	141.0	142.0	143.0	144.0	145.0	146.0	147.0	148.0	149.0	149.0	150.0	151.0	152.0	153.0	154.0	155.0	156.0	157.0	158.0	159.0	160.0	161.0	162.0	163.0	164.0	165.0	166.0	167.0	168.0	169.0	170.0	171.0	172.0	173.0	174.0	175.0	176.0	177.0	178.0	179.0	180.0	181.0	182.0	183.0	184.0	185.0	186.0	187.0	188.0	189.0	190.0	191.0	192.0	193.0	194.0	195.0	196.0	197.0	198.0	199.0	200.0	201.0	202.0	203.0	204.0	205.0	206.0	207.0	208.0	209.0	210.0	211.0	212.0	213.0	214.0	215.0	216.0	217.0	218.0	219.0	220.0	221.0	222.0	223.0	224.0	225.0	226.0	227.0	228.0	229.0	230.0	231.0	232.0	233.0	234.0	235.0	236.0	237.0	238.0	239.0	240.0	241.0	242.0	243.0	244.0	245.0	246.0	247.0	248.0	249.0	250.0	251.0	252.0	253.0	254.0	255.0	256.0	257.0	258.0	259.0	260.0	261.0	262.0	263.0	264.0	265.0	266.0	267.0	268.0	269.0	270.0	271.0	272.0	273.0	274.0	275.0	276.0	277.0	278.0	279.0	280.0	281.0	282.0	283.0	284.0	285.0	286.0	287.0	288.0	289.0	290.0	291.0	292.0	293.0	294.0	295.0	296.0	297.0	298.0	298.0	299.0	300.0	301.0	302.0	303.0	304.0	305.0	306.0	307.0	308.0
2030.4943817908163
