2636.8052613014825	300.0	2000.0	57.462349721183756	0	0.0	2636.8052613014825	1	0	1	-0.6077729791300687
5200.0	6000.0	336.79999999999984	0.0	0	483.64585083167276	536.8000000000002	1	0	2	1.0402745692261663
6200.0	2000.0	2436.8	0.0	0	738.1791613506939	2636.8000000000006	1	0	0	1.0873876886607126
9200.0	6000.0	336.8000000000002	0.0	0	174.25906846608268	536.7999999999993	1	0	2	2.7379181459789645
10200.0	2000.0	2436.7999999999997	0.0	0	675.5753290109606	2636.7999999999984	1	0	0	1.0873876886607126
13361.45738390424	6000.0	387.2702482348674	207.3394277541201	0	0.0	748.7276321391073	1	0	2	1.4734932061658081
14200.0	2000.0	2632.5818937486833	0.0	0	640.2257145159929	2832.581893748682	1	0	0	1.0676735291583568
17200.0	6000.0	532.5818937486852	0.0	0	275.9138684232639	732.5818937486838	1	0	2	2.7181401666258136
18200.0	3000.0	2632.5818937486865	0.0	0	589.151423403473	2832.581893748684	1	0	0	2.0814589363533607
21200.0	6000.0	532.5818937486833	0.0	0	28.648485274086852	732.5818937486802	1	0	2	3.1245749438194075
22200.0	3000.0	2632.5818937486856	0.0	0	519.8843492180058	2832.581893748684	1	0	0	2.0814033780374963
25200.0	6000.0	532.5818937486843	0.0	0	185.34109637267102	732.5818937486838	1	0	2	3.1238874840143884
26200.0	3000.0	2632.5818937486824	0.0	0	486.11552435434714	2832.581893748684	1	0	0	2.0813519811037575
29200.0	6000.0	532.581893748687	0.0	0	95.29642132666413	732.5818937486838	1	0	2	3.124035989159533
30200.0	3000.0	2632.581893748686	0.0	0	632.6532162708718	2832.581893748684	1	0	0	2.0814722695562557
33200.0	6000.0	532.5818937486806	0.0	0	375.751629388069	732.5818937486838	1	0	2	3.1234039908765006
34200.0	3000.0	2632.5818937486815	0.0	0	461.3909994363712	2832.5818937486874	1	0	0	2.081335211420156
37200.0	6000.0	532.5818937486845	0.0	0	359.1265475165783	732.5818937487056	1	0	2	3.1234731422263047
38200.0	3000.0	2632.5818937486956	0.0	0	623.3148991880444	2832.58189374872	1	0	0	2.081472269556252
41200.0	6000.0	532.5818937486963	0.0	0	351.0515910879112	732.5818937487202	1	0	2	3.123423499526978
42200.0	3000.0	2632.581893748692	0.0	0	567.5384551676034	2832.581893748713	1	0	0	2.081452625076607
45200.0	6000.0	532.5818937486821	0.0	0	327.3924549219082	732.5818937487056	1	0	2	3.123418992827311
46200.0	3000.0	2632.5818937486833	0.0	0	683.9346702991534	2832.5818937487056	1	0	0	2.0814722695562535
49200.0	6000.0	532.5818937486877	0.0	0	91.23352198358043	732.5818937487202	1	0	2	3.124028939952338
50200.0	3000.0	2632.581893748689	0.0	0	513.5917727460983	2832.581893748713	1	0	0	2.081367367849545
53200.0	6000.0	532.5818937486927	0.0	0	65.51595183743484	732.5818937487202	1	0	2	3.1244005586813177
54200.0	3000.0	2632.581893748697	0.0	0	497.73407064831554	2832.581893748713	1	0	0	2.081359521436986
57200.0	6000.0	532.5818937487024	0.0	0	252.4646916184065	732.5818937487202	1	0	2	3.123741076864804
58200.0	3000.0	2632.581893748702	0.0	0	669.5350261582862	2832.58189374872	1	0	0	2.0814722695562518
61200.0	6000.0	532.5818937486977	0.0	0	376.43105018595816	732.5818937487202	1	0	2	3.123440820749283
62200.0	3000.0	2632.5818937486924	0.0	0	741.9348940593409	2832.5818937487056	1	0	0	2.081472269556253
65200.0	6000.0	532.5818937486943	0.0	0	380.8577206242844	732.5818937486983	1	0	2	3.1234455708453153
66200.0	3000.0	2632.5818937487047	0.0	0	679.7550666637762	2832.58189374872	1	0	0	2.081472269556253
69200.0	6000.0	532.5818937486987	0.0	0	465.4640036312194	732.5818937487202	1	0	2	3.123359660205238
70200.0	3000.0	2632.581893748699	0.0	0	629.2564284034743	2832.58189374872	1	0	0	2.0814722695562518
73200.0	6000.0	532.5818937486997	0.0	0	117.96942478402343	732.5818937487347	1	0	2	3.1240201089036246
74200.0	3000.0	2632.5818937487015	0.0	0	646.6250347101741	2832.58189374872	1	0	0	2.0814722695562518
77387.21451115419	6000.0	373.74192644496145	42.814540878076286	0	0.0	760.9564375991467	1	0	2	2.8647753041598802
78200.0	3000.0	2642.2349864837493	0.0	0	338.453782246841	2842.2349864837306	1	0	0	2.0798970225949125
81200.0	6000.0	542.2349864837383	0.0	0	457.95609935358516	742.234986483716	1	0	2	3.122386012319091
82200.0	3000.0	2642.234986483725	0.0	0	672.4241473581496	2842.234986483716	1	0	0	2.080506960282752
85200.0	6000.0	542.2349864837341	0.0	0	281.3697577590792	742.2349864837306	1	0	2	3.122606517786003
86200.0	3000.0	2642.2349864837283	0.0	0	510.08535527328786	2842.2349864837306	1	0	0	2.0803714650896175
89200.0	6000.0	542.234986483724	0.0	0	578.8972721847094	742.234986483716	1	0	2	3.1223017275442233
90200.0	3000.0	2642.234986483721	0.0	0	631.6770452178462	2842.2349864837015	1	0	0	2.0805069602827535
93200.0	6000.0	542.2349864837199	0.0	0	331.2493240968033	742.2349864837015	1	0	2	3.122574640358862
94200.0	3000.0	2642.234986483718	0.0	0	348.3402870584687	2842.2349864837015	1	0	0	2.080262515307014
97200.0	6000.0	542.2349864837157	0.0	0	231.8840735041449	742.234986483716	1	0	2	3.1227589889803724
98200.0	3000.0	2642.2349864837292	0.0	0	337.44100641683326	2842.234986483716	1	0	0	2.0802849212455783
101200.0	6000.0	542.2349864837514	0.0	0	260.06388498556043	742.2349864837306	1	0	2	3.1226643163639025
102200.0	3000.0	2642.234986483752	0.0	0	546.1308716206986	2842.2349864837306	1	0	0	2.0804554447795
105200.0	6000.0	542.234986483749	0.0	0	173.76215321730706	742.2349864837015	1	0	2	3.122976335645495
106200.0	2000.0	2642.2349864837424	0.0	0	607.8276927909901	2842.234986483687	1	0	0	1.0668441900123429
109200.0	6000.0	542.2349864837429	0.0	0	459.85989826061996	742.234986483687	1	0	2	2.7169032902597547
110200.0	3000.0	2642.234986483749	0.0	0	714.4748860668769	2842.2349864837015	1	0	0	2.080506960282754
113200.0	6000.0	542.2349864837505	0.0	0	264.7776390707004	742.2349864837015	1	0	2	3.1226136538566167
114200.0	3000.0	2642.234986483756	0.0	0	611.082441788647	2842.234986483716	1	0	0	2.080506960282752
117200.0	6000.0	542.2349864837485	0.0	0	117.4713248443295	742.234986483716	1	0	2	3.1232469613134386
118200.0	3000.0	2642.234986483761	0.0	0	508.53666849022557	2842.2349864837306	1	0	0	2.0804004748321967
121200.0	6000.0	542.2349864837794	0.0	0	445.9135611883394	742.2349864837306	1	0	2	3.1224238224979945
122200.0	3000.0	2642.2349864837834	0.0	0	664.0984602188255	2842.2349864837306	1	0	0	2.0805069602827517
125200.0	6000.0	542.2349864837762	0.0	0	320.7717816098593	742.2349864837306	1	0	2	3.122504099053129
126200.0	3000.0	2642.2349864837793	0.0	0	513.1979446948098	2842.234986483745	1	0	0	2.080379233230843
129200.0	6000.0	542.2349864837627	0.0	0	103.92029355721024	742.2349864837306	1	0	2	3.123077710747227
130200.0	3000.0	2642.23498648378	0.0	0	604.3938929089636	2842.234986483745	1	0	0	2.080494435539416
133200.0	6000.0	542.2349864837731	0.0	0	432.0784656464821	742.2349864837306	1	0	2	3.1224206468983002
134200.0	3000.0	2642.234986483777	0.0	0	553.5898548439727	2842.2349864837306	1	0	0	2.0804635712337083
137200.0	6000.0	542.2349864837756	0.0	0	185.5686454810202	742.2349864837597	1	0	2	3.1227878010735672
138200.0	3000.0	2642.234986483769	0.0	0	513.0315289550344	2842.2349864837306	1	0	0	2.0803993273202366
141364.15447592194	6000.0	376.2197056628577	13.231493357482123	0	0.0	740.3741815847752	1	0	2	3.0443110013057555
142200.0	2000.0	2623.958733992584	0.0	0	544.9713432959688	2823.958733992593	1	0	0	1.0684290368118399
145200.0	6000.0	523.9587339925438	0.0	0	429.6270795809396	723.9587339925638	1	0	2	2.7187915397639304
146200.0	3000.0	2623.958733992564	0.0	0	483.06264417895	2823.958733992564	1	0	0	2.0822373369573746
149233.71884464636	6000.0	486.8680048815595	0.0	0	0.0	720.5868495278992	1	0	2	3.1255782598182127
150200.0	3000.0	2617.2149650632678	0.0	0	567.423920107045	2817.2149650632637	1	0	0	2.0829504667469467
153656.17103837305	6000.0	200.0	167.79379740643972	0	0.0	856.1710383730533	1	0	2	2.108448364856312
154200.0	1000.0	2710.5539345357533	0.0	0	335.21605187648674	2910.5539345357683	1	0	0	-0.6739992442975533
157200.0	6000.0	610.5539345357597	0.0	0	465.97318122620345	810.5539345357683	1	0	2	2.016910289397109
158200.0	3000.0	2710.553934535776	0.0	0	541.8307296497806	2910.5539345357975	1	0	0	2.0735756320936827
161200.0	6000.0	610.5539345357934	0.0	0	289.8540535393695	810.5539345358266	1	0	2	3.115804851676312
162200.0	3000.0	2710.553934535778	0.0	0	490.1106665756961	2910.5539345357975	1	0	0	2.0735374177495247
165200.0	6000.0	610.5539345357795	0.0	0	40.39507268249872	810.5539345357392	1	0	2	3.1166501830857607
166200.0	3000.0	2710.5539345357975	0.0	0	339.41362449832377	2910.5539345357683	1	0	0	2.073425030122239
169200.0	6000.0	610.5539345358449	0.0	0	372.2484178878658	810.5539345357683	1	0	2	3.1156650563238935
170200.0	3000.0	2710.5539345358566	0.0	0	617.2949990943016	2910.5539345357683	1	0	0	2.0736750654775493
173200.0	6000.0	610.5539345358411	0.0	0	398.2138340776728	810.5539345357101	1	0	2	3.115560689148126
174200.0	3000.0	2710.5539345358693	0.0	0	541.0940747769782	2910.55393453571	1	0	0	2.073629379497847
177200.0	6000.0	610.5539345358906	0.0	0	177.69853750651237	810.5539345357101	1	0	2	3.1160818983407217
178200.0	3000.0	2710.5539345358934	0.0	0	652.3386025374348	2910.5539345357683	1	0	0	2.0736750654775493
181200.0	6000.0	610.5539345358852	0.0	0	338.36709266959224	810.5539345358266	1	0	2	3.1157211101786983
182200.0	3000.0	2710.553934535887	0.0	0	781.4797107603226	2910.5539345358266	1	0	0	2.0736750654775413
185200.0	6000.0	610.5539345358961	0.0	0	521.8985675992735	810.5539345358266	1	0	2	3.1154796704530754
186200.0	3000.0	2710.553934535912	0.0	0	627.7703122995736	2910.5539345358266	1	0	0	2.073666568340273
189200.0	6000.0	610.5539345359055	0.0	0	346.25172625095	810.5539345358557	1	0	2	3.115694683707821
190200.0	3000.0	2710.5539345358916	0.0	0	627.7814712970867	2910.5539345358266	1	0	0	2.073675065477541
193200.0	6000.0	610.5539345358512	0.0	0	444.26520590818836	810.5539345357683	1	0	2	3.1155560830835283
194200.0	3000.0	2710.553934535833	0.0	0	572.4453088240698	2910.5539345357683	1	0	0	2.073618165789543
197200.0	6000.0	610.5539345358264	0.0	0	192.45061591319973	810.5539345357683	1	0	2	3.11596302236281
198200.0	3000.0	2710.5539345358197	0.0	0	582.9513495776919	2910.5539345357683	1	0	0	2.0736209873543796
201294.01308024602	6000.0	507.13954626523355	0.0	0	0.0	801.1526265112334	1	0	2	3.118275667700695
202200.0	3000.0	2691.75131848667	0.0	0	450.70156341113034	2891.7513184866402	1	0	0	2.075331848775346
205200.0	6000.0	591.7513184866855	0.0	0	169.17399619863136	791.7513184866111	1	0	2	3.117984891308577
206200.0	3000.0	2691.751318486715	0.0	0	509.70570892319665	2891.7513184866402	1	0	0	2.0754536825957075
209200.0	6000.0	591.7513184867302	0.0	0	82.82610059902072	791.7513184866402	1	0	2	3.118299691815653
210200.0	3000.0	2691.7513184867316	0.0	0	529.2707433922624	2891.7513184866402	1	0	0	2.0754786251304744
213200.0	6000.0	591.751318486744	0.0	0	473.59657174590393	791.7513184866402	1	0	2	3.1174207123325997
214200.0	3000.0	2691.7513184867776	0.0	0	177.87327083095443	2891.7513184866984	1	0	0	2.0749563729463145
217312.54933828337	6000.0	493.57207252293546	23.295478316237563	0	0.0	806.1214108061977	1	0	2	2.9779518704922636
218200.0	3000.0	2694.8664769779607	0.0	0	512.6635966855392	2894.866476977855	1	0	0	2.0750431891408434
221200.0	6000.0	594.8664769779537	0.0	0	350.5760625045805	794.8664769778261	1	0	2	3.1172445510173414
222200.0	3000.0	2694.8664769779048	0.0	0	561.329556951212	2894.866476977797	1	0	0	2.0751938466349076
225200.0	6000.0	594.8664769778852	0.0	0	361.6344002629339	794.8664769778261	1	0	2	3.117192191364475
226200.0	3000.0	2694.8664769779107	0.0	0	763.1410296153626	2894.866476977855	1	0	0	2.0752438112333387
229200.0	6000.0	594.8664769779449	0.0	0	471.1804036538233	794.8664769779134	1	0	2	3.117084290375513
230200.0	3000.0	2694.866476977953	0.0	0	688.9129640797037	2894.8664769778843	1	0	0	2.075243811233334
233200.0	6000.0	594.8664769779605	0.0	0	42.429695088241715	794.8664769779134	1	0	2	3.1184952777479227
234200.0	3000.0	2694.8664769779502	0.0	0	673.9511645394086	2894.8664769778843	1	0	0	2.075243811233332
237200.0	6000.0	594.8664769779647	0.0	0	107.73759210534627	794.8664769778843	1	0	2	3.1177922212335893
238200.0	3000.0	2694.8664769779557	0.0	0	593.3607694275852	2894.866476977855	1	0	0	2.0752361424593246
241200.0	6000.0	594.8664769779485	0.0	0	94.77410633178079	794.8664769778261	1	0	2	3.11806489313244
242200.0	3000.0	2694.866476977949	0.0	0	603.6845130672154	2894.866476977826	1	0	0	2.075225895481387
245200.0	6000.0	594.8664769779332	0.0	0	107.01952898313175	794.866476977797	1	0	2	3.1179654540593127
246200.0	3000.0	2694.8664769779703	0.0	0	640.3484330289066	2894.8664769778843	1	0	0	2.0752438112333396
249200.0	6000.0	594.8664769779427	0.0	0	204.91522152809193	794.8664769778261	1	0	2	3.1175624434010394
250200.0	3000.0	2694.866476977937	0.0	0	596.9159121791308	2894.866476977797	1	0	0	2.07523866464614
253276.35631685468	6000.0	510.87452843779477	0.0	0	0.0	787.2308452923608	1	0	2	3.1186412587284282
254200.0	3000.0	2679.5952136070287	0.0	0	35.80047277407721	2879.5952136069536	1	0	0	2.0748601166127933
257200.0	6000.0	579.5952136070316	0.0	0	178.78410356701352	779.5952136069245	1	0	2	3.119089880566745
258200.0	3000.0	2679.5952136070587	0.0	0	693.2706079302588	2879.5952136069245	1	0	0	2.076770937570431
261200.0	6000.0	579.5952136070422	0.0	0	346.67010269031744	779.5952136068663	1	0	2	3.118752891254185
262200.0	3000.0	2679.5952136070446	0.0	0	655.5139599673275	2879.5952136068663	1	0	0	2.076770937570437
265200.0	6000.0	579.5952136070576	0.0	0	411.16383258329006	779.595213606779	1	0	2	3.1186891663159813
266200.0	3000.0	2679.59521360705	0.0	0	662.2354239131673	2879.5952136066626	1	0	0	2.076770937570454
269200.0	6000.0	579.5952136070204	0.0	0	2.176828737487085	779.5952136066044	1	0	2	3.120150844997682
270200.0	3000.0	2679.595213607011	0.0	0	546.3254603471141	2879.5952136066044	1	0	0	2.0767246086178823
273212.58479102206	6000.0	565.7519434827063	0.0	0	0.0	778.3367345044389	1	0	2	3.1199778590963585
274200.0	3000.0	2677.078255402566	0.0	0	505.7156715129968	2877.0782554022153	1	0	0	2.0768955408897076
277200.0	6000.0	577.0782554025803	0.0	0	190.72070072154747	777.0782554023317	1	0	2	3.119280419605973
278200.0	3000.0	2677.0782554025636	0.0	0	634.9478675402934	2877.0782554023317	1	0	0	2.0770226333908908
281200.0	6000.0	577.0782554026175	0.0	0	20.236194005527068	777.0782554023899	1	0	2	3.1202642177710436
282200.0	3000.0	2677.078255402648	0.0	0	654.1891053083818	2877.07825540239	1	0	0	2.077022633390885
285200.0	6000.0	577.0782554026664	0.0	0	355.68555792199913	777.0782554022735	1	0	2	3.1189316673446026
286200.0	3000.0	2677.078255402638	0.0	0	622.6162671102793	2877.0782554022735	1	0	0	2.077022633390895
289200.0	6000.0	577.0782554025924	0.0	0	165.81971122213872	777.0782554022735	1	0	2	3.119528506991446
290200.0	3000.0	2677.0782554025864	0.0	0	656.7432451100904	2877.0782554022735	1	0	0	2.0770226333909
293200.0	6000.0	577.0782554026242	0.0	0	408.50379488256294	777.0782554023317	1	0	2	3.118890016662986
294200.0	3000.0	2677.0782554025795	0.0	0	494.9250700197299	2877.0782554022735	1	0	0	2.076935948543201
297200.0	6000.0	577.0782554025706	0.0	0	304.1652796283597	777.0782554023317	1	0	2	3.1190993737255637
298200.0	3000.0	2677.0782554025377	0.0	0	617.6799219088862	2877.0782554022735	1	0	0	2.0770226333908917
301200.0	6000.0	577.0782554026047	0.0	0	312.22303880832624	777.0782554023899	1	0	2	3.1190740582279974
302200.0	3000.0	2677.0782554025823	0.0	0	609.5101012100349	2877.07825540239	1	0	0	2.0770203150897806
305200.0	6000.0	577.0782554026398	0.0	0	391.0698600335745	777.0782554025063	1	0	2	3.118947046860021
306200.0	3000.0	2677.0782554025777	0.0	0	436.9298858992406	2877.07825540239	1	0	0	2.0768643319587556
309200.0	6000.0	577.0782554025812	0.0	0	344.35702836181736	777.0782554024481	1	0	2	3.118991974957603
310200.0	3000.0	2677.0782554025623	0.0	0	624.7042311216355	2877.07825540239	1	0	0	2.0770226333908814
313200.0	6000.0	577.0782554026291	0.0	0	245.46771205536788	777.0782554025063	1	0	2	3.1191866999571722
314200.0	3000.0	2677.0782554025886	0.0	0	720.9546832522028	2877.078255402448	1	0	0	2.077022633390877
317200.0	6000.0	577.0782554025614	0.0	0	101.11446724727284	777.0782554023899	1	0	2	3.1195834867361243
318200.0	3000.0	2677.0782554025554	0.0	0	582.7554873924819	2877.07825540239	1	0	0	2.077007274344443
321200.0	6000.0	577.078255402572	0.0	0	360.3376939157606	777.0782554022735	1	0	2	3.1189769226833075
322200.0	3000.0	2677.07825540255	0.0	0	712.0938338699634	2877.0782554022735	1	0	0	2.0770226333908965
325200.0	6000.0	577.0782554026185	0.0	0	52.59879477607319	777.0782554023317	1	0	2	3.1200247758498123
326200.0	3000.0	2677.0782554025927	0.0	0	516.7441170428065	2877.0782554022735	1	0	0	2.076915955256646
329200.0	6000.0	577.0782554025996	0.0	0	361.6896656664903	777.0782554021571	1	0	2	3.119016663703546
330200.0	3000.0	2677.0782554025745	0.0	0	627.4363208969007	2877.0782554022153	1	0	0	2.077022633390907
333200.0	6000.0	577.078255402625	0.0	0	239.1076619409141	777.0782554022153	1	0	2	3.1192604160340083
334200.0	3000.0	2677.0782554025727	0.0	0	616.796981660591	2877.078255402157	1	0	0	2.0770217348688975
337200.0	6000.0	577.0782554026132	0.0	0	86.07034539349843	777.0782554022153	1	0	2	3.1195765282556565
338200.0	3000.0	2677.078255402631	0.0	0	677.9533527963213	2877.07825540239	1	0	0	2.0770226333908894
341200.0	6000.0	577.0782554025903	0.0	0	244.82363350439118	777.0782554024481	1	0	2	3.1192130566266996
342200.0	3000.0	2677.0782554025636	0.0	0	572.7041684900178	2877.078255402448	1	0	0	2.0769762835945293
345200.0	6000.0	577.0782554026144	0.0	0	457.55343872884987	777.0782554025063	1	0	2	3.1188950520079617
346200.0	3000.0	2677.0782554026205	0.0	0	553.1060757039813	2877.0782554025063	1	0	0	2.076967634302914
349252.8541866263	6000.0	518.9386501136114	0.0	0	0.0	771.7928367397981	1	0	2	3.1205300746478257
350200.0	3000.0	2666.5074180773145	0.0	0	337.217086038494	2866.5074180772062	1	0	0	2.0776726528775398
353200.0	6000.0	566.507418077267	0.0	0	238.0872533885995	766.5074180772062	1	0	2	3.120333736578661
354200.0	3000.0	2666.5074180772385	0.0	0	677.5676933003706	2866.507418077148	1	0	0	2.078079717123407
357200.0	6000.0	566.5074180772315	0.0	0	449.11956334189745	766.5074180772644	1	0	2	3.1199645540060894
358200.0	3000.0	2666.5074180771685	0.0	0	746.0350004378706	2866.5074180772062	1	0	0	2.0780797171234
361200.0	6000.0	566.5074180771998	0.0	0	515.2791320584365	766.5074180772062	1	0	2	3.119893130065165
362200.0	3000.0	2666.507418077205	0.0	0	659.5234668380581	2866.5074180772062	1	0	0	2.0780797171234036
365200.0	6000.0	566.5074180771561	0.0	0	397.60164313437417	766.5074180772062	1	0	2	3.1199980389620037
366200.0	3000.0	2666.507418077128	0.0	0	708.6942964518094	2866.5074180772644	1	0	0	2.0780797171233996
369200.0	6000.0	566.5074180770984	0.0	0	412.6033364365576	766.5074180772644	1	0	2	3.120024146347916
370200.0	3000.0	2666.5074180771185	0.0	0	659.5867383090663	2866.5074180773227	1	0	0	2.0780797171233965
373200.0	6000.0	566.5074180771129	0.0	0	203.4234085608623	766.5074180772644	1	0	2	3.120286707898291
374200.0	3000.0	2666.507418077164	0.0	0	507.3570858152816	2866.5074180773227	1	0	0	2.077981517502293
377200.0	6000.0	566.507418077174	0.0	0	455.6083979936666	766.5074180773227	1	0	2	3.1199335659324876
378200.0	3000.0	2666.507418077216	0.0	0	560.6756420749007	2866.507418077439	1	0	0	2.0780688468018056
381200.0	6000.0	566.5074180772111	0.0	0	197.17694895341992	766.5074180774973	1	0	2	3.1203284330301675
382200.0	3000.0	2666.507418077261	0.0	0	656.014356973581	2866.5074180775555	1	0	0	2.0780797171233685
385200.0	6000.0	566.5074180772366	0.0	0	347.4310592826223	766.5074180773809	1	0	2	3.1200677124000014
386200.0	3000.0	2666.507418077227	0.0	0	725.1850301971426	2866.5074180773227	1	0	0	2.0780797171233907
389200.0	6000.0	566.5074180772399	0.0	0	502.2404657000443	766.5074180773227	1	0	2	3.11989523868261
390200.0	3000.0	2666.5074180772385	0.0	0	492.24246264231624	2866.5074180773227	1	0	0	2.0779950000494005
393426.13129393046	6000.0	358.5865089873237	37.11228566688976	0	0.0	784.717802917934	1	0	2	2.8964100388937437
394200.0	2000.0	2662.104673524699	0.0	0	316.98382831405615	2862.1046735247946	1	0	0	1.0641395132050862
397328.75865617936	6000.0	460.94395119187004	36.79436314945792	0	0.0	789.7026073713205	1	0	2	2.4929477118714107
398200.0	2000.0	2676.8267417532584	0.0	0	555.0055542140035	2876.8267417532625	1	0	0	1.0632069442104872
401200.0	6000.0	576.8267417533049	0.0	0	14.055438672367018	776.8267417532625	1	0	2	2.71471517742558
402200.0	3000.0	2676.8267417533007	0.0	0	593.0523820805829	2876.8267417532625	1	0	0	2.0770223105953396
405335.06745077966	6000.0	495.7337465591305	61.34654605764524	0	0.0	830.8011973387329	1	0	2	2.7472423020732473
406200.0	2000.0	2717.294452260812	0.0	0	526.8182858542423	2917.294452260656	1	0	0	1.059119563770357
409200.0	6000.0	617.2944522608389	0.0	0	373.3543924652622	817.2944522606558	1	0	2	2.709457142141381
410200.0	3000.0	2717.2944522608195	0.0	0	583.798664028931	2917.2944522605976	1	0	0	2.0729738216972464
413200.0	6000.0	617.2944522607921	0.0	0	328.1860527652316	817.294452260714	1	0	2	3.1150562763988936
414200.0	3000.0	2717.2944522607754	0.0	0	615.4488495230908	2917.294452260656	1	0	0	2.073001013705054
417200.0	6000.0	617.2944522607829	0.0	0	99.38811578589957	817.2944522606558	1	0	2	3.1158241770134376
418200.0	3000.0	2717.29445226086	0.0	0	667.9809353320161	2917.294452260714	1	0	0	2.073001013705055
421292.7823220686	6000.0	515.2338979854304	0.0	0	0.0	808.0162200538907	1	0	2	3.117139237842168
422200.0	3000.0	2698.7379878471143	0.0	0	462.3178490892751	2898.737987847009	1	0	0	2.074641972925324
425200.0	6000.0	598.7379878471212	0.0	0	337.30690407252405	798.7379878470092	1	0	2	3.116894735600123
426200.0	3000.0	2698.7379878471343	0.0	0	556.6620925987372	2898.737987847009	1	0	0	2.074801685189898
429200.0	6000.0	598.7379878471596	0.0	0	394.28386258595856	798.737987846951	1	0	2	3.1167881279139964
430200.0	3000.0	2698.737987847189	0.0	0	763.1416593252798	2898.737987847009	1	0	0	2.0748566601464233
433200.0	6000.0	598.7379878471919	0.0	0	27.28437216783641	798.7379878471256	1	0	2	3.117894654548136
434200.0	3000.0	2698.73798784722	0.0	0	554.5498141064891	2898.737987847184	1	0	0	2.0747938710882545
437200.0	6000.0	598.7379878471803	0.0	0	327.8837462987285	798.7379878471838	1	0	2	3.1169508684534355
438200.0	3000.0	2698.737987847138	0.0	0	371.08276653970825	2898.7379878471256	1	0	0	2.0746567292551124
441200.0	6000.0	598.7379878471136	0.0	0	339.4010671141441	798.7379878471256	1	0	2	3.1169429766802352
442200.0	3000.0	2698.7379878471434	0.0	0	655.6526695634238	2898.7379878471256	1	0	0	2.0748566601464153
445200.0	6000.0	598.7379878471975	0.0	0	48.61112602963112	798.7379878471838	1	0	2	3.1176925297829077
446200.0	3000.0	2698.737987847229	0.0	0	621.41490619455	2898.737987847184	1	0	0	2.0748566601464034
449200.0	6000.0	598.7379878472897	0.0	0	321.0418499506777	798.737987847242	1	0	2	3.116873066793416
450200.0	3000.0	2698.7379878473125	0.0	0	542.2706438496243	2898.7379878473002	1	0	0	2.074800085693679
453306.8126121154	6000.0	481.24411452036793	0.0	0	0.0	788.0567266357248	1	0	2	3.119367348090508
454200.0	2000.0	2677.3754654242557	0.0	0	601.1251078393543	2877.3754654242075	1	0	0	1.0632093426372577
457200.0	6000.0	577.3754654242795	0.0	0	248.37781830882886	777.3754654242075	1	0	2	2.713699139001469
458200.0	3000.0	2677.375465424263	0.0	0	709.3076586201205	2877.3754654242075	1	0	0	2.0769929123887065
461200.0	6000.0	577.375465424217	0.0	0	332.99144291406265	777.3754654241493	1	0	2	3.11901054218189
462200.0	3000.0	2677.3754654242034	0.0	0	530.1159357181168	2877.3754654241493	1	0	0	2.07692266125945
465212.8680251113	6000.0	563.2206378017195	0.0	0	0.0	776.0886629128945	1	0	2	3.1208722128634747
466200.0	3000.0	2674.8018604019603	0.0	0	712.2846513772965	2874.801860401756	1	0	0	2.0772502728909483
469200.0	6000.0	574.8018604020193	0.0	0	60.34955949237337	774.8018604018725	1	0	2	3.120036287507169
470200.0	3000.0	2674.8018604020235	0.0	0	561.9803145139012	2874.8018604018725	1	0	0	2.077182533885267
473200.0	6000.0	574.801860401999	0.0	0	169.83870553190354	774.8018604018725	1	0	2	3.119696169329368
474200.0	3000.0	2674.8018604019653	0.0	0	500.2285414542421	2874.8018604018143	1	0	0	2.0771430231609216
477200.0	6000.0	574.8018604019903	0.0	0	477.30755898094503	774.8018604018725	1	0	2	3.1191020888769216
478200.0	3000.0	2674.8018604020112	0.0	0	562.7157047459623	2874.8018604018725	1	0	0	2.0771905623763463
481200.0	6000.0	574.8018604019635	0.0	0	602.6709200575133	774.8018604017561	1	0	2	3.118975144064438
482200.0	3000.0	2674.8018604019894	0.0	0	685.8591782349395	2874.801860401756	1	0	0	2.0772502728909497
485200.0	6000.0	574.8018604018922	0.0	0	177.27347063540947	774.8018604016979	1	0	2	3.119593348247431
486200.0	3000.0	2674.801860401948	0.0	0	611.5882074754918	2874.801860401756	1	0	0	2.077245563304589
489200.0	6000.0	574.8018604019021	0.0	0	259.0188975703786	774.8018604017561	1	0	2	3.119388585087333
490200.0	3000.0	2674.801860401884	0.0	0	597.916755658167	2874.801860401756	1	0	0	2.0772502728909528
493200.0	6000.0	574.8018604019065	0.0	0	358.6172277175938	774.8018604018143	1	0	2	3.1192291604488913
494200.0	3000.0	2674.8018604018885	0.0	0	741.3068449251587	2874.801860401756	1	0	0	2.077250272890944
497423.6268377639	6000.0	328.8123388616366	0.0	0	0.0	752.4391766254557	1	0	2	3.1209269858642528
498200.0	2000.0	2630.076492849066	0.0	0	309.53160794777796	2830.0764928489807	1	0	0	1.06734210688606
501200.0	6000.0	530.0764928491158	0.0	0	152.6601050379104	730.0764928489807	1	0	2	2.7187430885143327
502200.0	2000.0	2630.076492849052	0.0	0	737.8854495725827	2830.0764928489807	1	0	0	1.0680600393758144
505200.0	6000.0	530.0764928489544	0.0	0	311.06009860668564	730.0764928488643	1	0	2	2.718271663178956
506200.0	2000.0	2630.0764928489184	0.0	0	788.7786259321729	2830.076492848806	1	0	0	1.0680600393758295
509258.01475521957	6000.0	466.2602621073621	0.0	0	0.0	724.2750173268723	1	0	2	2.720379311403603
510200.0	3000.0	2618.4735418050027	0.0	0	622.6732758344733	2818.473541804822	1	0	0	2.0828480176101274
513200.0	6000.0	518.473541804957	0.0	0	44.37714040046558	718.4735418048222	1	0	2	3.1258921798245214
514200.0	3000.0	2618.473541804963	0.0	0	360.21398346556816	2818.473541804822	1	0	0	2.082607007240996
517200.0	6000.0	518.4735418048826	0.0	0	292.8521653189091	718.4735418048222	1	0	2	3.1250256238125753
518200.0	3000.0	2618.473541804918	0.0	0	622.0931683824165	2818.473541804822	1	0	0	2.0828831047506418
521200.0	6000.0	518.4735418049027	0.0	0	383.3980132860015	718.4735418048222	1	0	2	3.124816804016416
522200.0	3000.0	2618.4735418049245	0.0	0	655.8923597317771	2818.473541804822	1	0	0	2.0828831047506418
525200.0	6000.0	518.4735418050232	0.0	0	513.9099406282185	718.4735418048222	1	0	2	3.1246529956969233
526200.0	3000.0	2618.473541805091	0.0	0	648.791473813355	2818.4735418049386	1	0	0	2.0828831047506347
529200.0	6000.0	518.4735418051798	0.0	0	486.1553782138508	718.473541805055	1	0	2	3.1246874166227023
530200.0	3000.0	2618.473541805268	0.0	0	480.71588860673364	2818.473541805055	1	0	0	2.082753734423844
533200.0	6000.0	518.4735418052227	0.0	0	253.06607040483505	718.4735418049386	1	0	2	3.1249912061134344
534200.0	3000.0	2618.4735418052182	0.0	0	565.2032102252124	2818.473541805055	1	0	0	2.082829732213877
537200.0	6000.0	518.4735418053198	0.0	0	267.034109831322	718.4735418051714	1	0	2	3.124908132785033
538200.0	3000.0	2618.4735418052956	0.0	0	660.7404749960406	2818.473541804822	1	0	0	2.0828831047506324
541200.0	6000.0	518.4735418052545	0.0	0	142.95084890071303	718.4735418047057	1	0	2	3.1254625990004383
542200.0	3000.0	2618.473541805245	0.0	0	651.0275360927917	2818.4735418045893	1	0	0	2.082883104750658
545254.3369377162	6000.0	458.7029103173636	0.0	0	0.0	713.0398480328731	1	0	2	3.126752908460888
546200.0	3000.0	2607.6061542620428	0.0	0	599.708313712501	2807.6061542613897	1	0	0	2.08389026815379
549200.0	6000.0	507.6061542620988	0.0	0	431.1746427050093	707.6061542612733	1	0	2	3.1258649897835507
550200.0	3000.0	2607.60615426209	0.0	0	410.75869641266763	2807.606154261157	1	0	0	2.0837803832949184
553425.7293180887	6000.0	437.69679928149543	162.17535901559052	0	0.0	863.426117369323	1	0	2	2.138718282101288
554200.0	2000.0	2740.8531855613405	0.0	0	388.3170021623373	2940.8531855605543	1	0	0	1.056408062663253
557200.0	6000.0	640.8531855614065	0.0	0	295.6243440840626	840.8531855605543	1	0	2	2.7072578339726068
558200.0	3000.0	2740.853185561378	0.0	0	454.03293273679446	2940.8531855605543	1	0	0	2.070519485817556
561200.0	6000.0	640.8531855613555	0.0	0	329.3143400645349	840.8531855604379	1	0	2	3.1126252913120007
562200.0	3000.0	2740.853185561319	0.0	0	730.33014811459	2940.8531855605543	1	0	0	2.070645140375071
565200.0	6000.0	640.85318556123	0.0	0	264.1768500418402	840.8531855604379	1	0	2	3.1127427230500624
566200.0	3000.0	2740.85318556129	0.0	0	632.1276170947822	2940.853185560787	1	0	0	2.0706451403750594
569200.0	6000.0	640.8531855613776	0.0	0	36.461026720004156	840.8531855609035	1	0	2	3.113757891780826
570200.0	3000.0	2740.8531855614597	0.0	0	531.7624946071301	2940.85318556102	1	0	0	2.0705651556127025
573200.0	6000.0	640.8531855615379	0.0	0	328.77822283201385	840.8531855610199	1	0	2	3.112630230770815
574200.0	3000.0	2740.853185561567	0.0	0	674.0098835057579	2940.85318556102	1	0	0	2.0706451403750217
577200.0	6000.0	640.8531855617485	0.0	0	403.9671960066771	840.8531855612528	1	0	2	3.112567053743788
578200.0	3000.0	2740.8531855617784	0.0	0	455.3754274355015	2940.8531855612528	1	0	0	2.0705096208359763
581200.0	6000.0	640.8531855616898	0.0	0	453.47008712170646	840.8531855612528	1	0	2	3.1125198686184743
582200.0	3000.0	2740.8531855615815	0.0	0	593.6968529849546	2940.85318556102	1	0	0	2.0706180976530275
585200.0	6000.0	640.8531855614635	0.0	0	344.4116577731911	840.8531855609035	1	0	2	3.112695517955347
586200.0	3000.0	2740.853185561384	0.0	0	572.5159936074633	2940.8531855609035	1	0	0	2.0705970368761406
589200.0	6000.0	640.8531855614559	0.0	0	343.91918705718126	840.8531855609035	1	0	2	3.1126213015589594
590200.0	3000.0	2740.8531855614497	0.0	0	661.2247532659676	2940.8531855609035	1	0	0	2.0706451403750386
593200.0	6000.0	640.8531855614889	0.0	0	100.5381750818342	840.8531855609035	1	0	2	3.1134733246539943
594200.0	3000.0	2740.85318556153	0.0	0	631.6966487704776	2940.85318556102	1	0	0	2.070645140375029
597200.0	6000.0	640.853185561679	0.0	0	109.64551965042483	840.8531855610199	1	0	2	3.113237129103733
598200.0	3000.0	2740.85318556155	0.0	0	642.3201963898027	2940.8531855609035	1	0	0	2.0706451403750266
9.05	9.49	6.56	7.34	6.2	9.23	9.45	8.91	8.7	8.92	9.06	8.2	8.75	11.0	11.2	7.16	8.09	7.59	8.33	9.27	10.7	13.7	9.02	6.44	6.38	8.42	8.58	13.6	12.4	9.74	8.1	11.4	15.3	9.74	8.13	9.83	6.27	8.86	9.41	7.72	8.36	8.72	11.7	10.5	8.46	5.72	6.08	5.55	7.53	6.15	7.34	4.66	8.94	9.61	8.78	9.06	6.23	7.08	11.6	7.22	9.02	8.93	6.42	9.38	10.6	8.05	7.39	7.24	6.27	7.48	10.1	7.19	6.75	7.33	5.65	5.33	9.11	7.63	9.09	8.0	7.73	5.5	10.7	6.82	8.0	7.95	8.09	11.0	7.74	14.4	13.3	9.86	10.0	11.2	9.7	9.05	9.57	7.84	3.61	6.17	8.68	8.86	8.91	7.03	12.4	4.76	6.34	10.1	10.5	9.01	10.1	16.0	10.3	10.1	7.21	9.81	7.98	8.26	7.1	7.98	9.21	6.86	8.82	10.7	4.78	4.33	7.37	8.51	7.48	9.5	11.3	8.99	6.9	7.61	7.63	7.78	10.1	11.5	7.67	10.4	10.6	10.4	8.39	9.56	7.96	7.41	12.0	7.37	7.91	6.05	9.05	9.49	6.56	7.34	6.2	9.23	9.45	8.91	8.7	8.92	9.06	8.2	8.75	11.0	11.2	7.16	8.09	7.59	8.33	9.27	10.7	13.7	9.02	6.44	6.38	8.42	8.58	13.6	12.4	9.74	8.1	11.4	15.3	9.74	8.13	9.83	6.27	8.86	9.41	7.72	8.36	8.72	11.7	10.5	8.46	5.72	6.08	5.55	7.53	6.15	7.34	4.66	8.94	9.61	8.78	9.06	6.23	7.08	11.6	7.22	9.02	8.93	6.42	9.38	10.6	8.05	7.39	7.24	6.27	7.48	10.1	7.19	6.75	7.33	5.65	5.33	9.11	7.63	9.09	8.0	7.73	5.5	10.7	6.82	8.0	7.95	8.09	11.0	7.74	14.4	13.3	9.86	10.0	11.2	9.7	9.05	9.57	7.84	3.61	6.17	8.68	8.86	8.91	7.03	12.4	4.76	6.34	10.1	10.5	9.01	10.1	16.0	10.3	10.1	7.21	9.81	7.98	8.26	7.1	7.98	9.21	6.86	8.82	10.7	4.78	4.33	7.37	8.51	7.48	9.5	11.3	8.99	6.9	7.61	7.63	7.78	10.1	11.5	7.67	10.4	10.6	10.4	8.39	9.56	7.96	7.41	12.0	7.37	7.91	6.05	9.05	9.49	6.56	7.34	6.2	9.23	9.45	8.91	8.7	8.92	9.06	8.2	8.75	11.0	11.2	7.16	8.09	7.59	8.33	9.27	10.7	13.7	9.02	6.44	6.38	8.42	8.58	13.6	12.4	9.74	8.1	11.4	15.3	9.74	8.13	9.83	6.27	8.86	9.41	7.72	8.36	8.72	11.7	10.5	8.46	5.72	6.08	5.55	7.53	6.15	7.34	4.66	8.94	9.61	8.78	9.06	6.23	7.08	11.6	7.22	9.02	8.93	6.42	9.38	10.6	8.05	7.39	7.24	6.27	7.48	10.1	7.19	6.75	7.33	5.65	5.33	9.11	7.63	9.09	8.0	7.73	5.5	10.7	6.82	8.0	7.95	8.09	11.0	7.74	14.4	13.3	9.86	10.0	11.2	9.7	9.05	9.57	7.84	3.61	6.17	8.68	8.86	8.91	7.03	12.4	4.76	6.34	10.1	10.5	9.01	10.1	16.0	10.3	10.1	7.21	9.81	7.98	8.26	7.1	7.98	9.21	6.86	8.82	10.7	4.78	4.33	7.37	8.51	7.48	9.5	11.3	8.99	6.9	7.61	7.63	7.78	10.1	11.5	7.67	10.4	10.6	10.4	8.39	9.56	7.96	7.41	12.0	7.37	7.91	6.05	9.05	9.49	6.56	7.34	6.2	9.23	9.45	8.91	8.7	8.92	9.06	8.2	8.75	11.0	11.2	7.16	8.09	7.59	8.33	9.27	10.7	13.7	9.02	6.44	6.38	8.42	8.58	13.6	12.4	9.74	8.1	11.4	15.3	9.74	8.13	9.83	6.27	8.86	9.41	7.72	8.36	8.72	11.7	10.5	8.46	5.72	6.08	5.55	7.53	6.15	7.34	4.66	8.94	9.61	8.78	9.06	6.23	7.08	11.6	7.22	9.02	8.93	6.42	9.38	10.6	8.05	7.39	7.24	6.27	7.48	10.1	7.19	6.75	7.33	5.65	5.33	9.11	7.63	9.09	8.0	7.73	5.5	10.7	6.82	8.0	7.95	8.09	11.0	7.74	14.4	13.3	9.86	10.0	11.2	9.7	9.05	9.57	7.84	3.61	6.17	8.68	8.86	8.91	7.03	12.4	4.76	6.34	10.1	10.5	9.01	10.1	16.0	10.3	10.1	7.21	9.81	7.98	8.26	7.1	7.98	9.21	6.86	8.82	10.7	4.78	4.33	7.37	8.51	7.48	9.5	11.3	8.99	6.9	7.61	7.63	7.78	10.1	11.5	7.67	10.4	10.6	10.4	8.39	9.56	7.96	7.41	12.0	7.37	7.91	6.05	9.05	9.49	6.56
1.0	2.0	3.0	4.0	5.0	6.0	7.0	8.0	9.0	10.0	11.0	12.0	13.0	14.0	15.0	16.0	17.0	18.0	19.0	20.0	21.0	22.0	23.0	24.0	25.0	26.0	27.0	28.0	29.0	30.0	31.0	32.0	33.0	34.0	35.0	36.0	37.0	38.0	39.0	40.0	41.0	42.0	43.0	44.0	45.0	46.0	47.0	48.0	49.0	50.0	51.0	52.0	53.0	54.0	55.0	56.0	57.0	58.0	59.0	60.0	61.0	62.0	63.0	64.0	65.0	66.0	67.0	68.0	69.0	70.0	71.0	72.0	73.0	74.0	75.0	76.0	77.0	78.0	79.0	80.0	81.0	82.0	83.0	84.0	85.0	86.0	87.0	88.0	89.0	90.0	91.0	92.0	93.0	94.0	95.0	96.0	97.0	98.0	99.0	100.0	101.0	102.0	103.0	104.0	105.0	106.0	107.0	108.0	109.0	110.0	111.0	112.0	113.0	114.0	115.0	116.0	117.0	118.0	119.0	120.0	121.0	122.0	123.0	124.0	125.0	126.0	127.0	128.0	129.0	130.0	131.0	132.0	133.0	134.0	135.0	136.0	137.0	138.0	139.0	140.0	141.0	142.0	143.0	144.0	145.0	146.0	147.0	148.0	149.0	149.0	150.0	151.0	152.0	153.0	154.0	155.0	156.0	157.0	158.0	159.0	160.0	161.0	162.0	163.0	164.0	165.0	166.0	167.0	168.0	169.0	170.0	171.0	172.0	173.0	174.0	175.0	176.0	177.0	178.0	179.0	180.0	181.0	182.0	183.0	184.0	185.0	186.0	187.0	188.0	189.0	190.0	191.0	192.0	193.0	194.0	195.0	196.0	197.0	198.0	199.0	200.0	201.0	202.0	203.0	204.0	205.0	206.0	207.0	208.0	209.0	210.0	211.0	212.0	213.0	214.0	215.0	216.0	217.0	218.0	219.0	220.0	221.0	222.0	223.0	224.0	225.0	226.0	227.0	228.0	229.0	230.0	231.0	232.0	233.0	234.0	235.0	236.0	237.0	238.0	239.0	240.0	241.0	242.0	243.0	244.0	245.0	246.0	247.0	248.0	249.0	250.0	251.0	252.0	253.0	254.0	255.0	256.0	257.0	258.0	259.0	260.0	261.0	262.0	263.0	264.0	265.0	266.0	267.0	268.0	269.0	270.0	271.0	272.0	273.0	274.0	275.0	276.0	277.0	278.0	279.0	280.0	281.0	282.0	283.0	284.0	285.0	286.0	287.0	288.0	289.0	290.0	291.0	292.0	293.0	294.0	295.0	296.0	297.0	298.0	298.0	299.0	300.0	301.0	302.0	303.0	304.0	305.0	306.0	307.0	308.0	309.0	310.0	311.0	312.0	313.0	314.0	315.0	316.0	317.0	318.0	319.0	320.0	321.0	322.0	323.0	324.0	325.0	326.0	327.0	328.0	329.0	330.0	331.0	332.0	333.0	334.0	335.0	336.0	337.0	338.0	339.0	340.0	341.0	342.0	343.0	344.0	345.0	346.0	347.0	348.0	349.0	350.0	351.0	352.0	353.0	354.0	355.0	356.0	357.0	358.0	359.0	360.0	361.0	362.0	363.0	364.0	365.0	366.0	367.0	368.0	369.0	370.0	371.0	372.0	373.0	374.0	375.0	376.0	377.0	378.0	379.0	380.0	381.0	382.0	383.0	384.0	385.0	386.0	387.0	388.0	389.0	390.0	391.0	392.0	393.0	394.0	395.0	396.0	397.0	398.0	399.0	400.0	401.0	402.0	403.0	404.0	405.0	406.0	407.0	408.0	409.0	410.0	411.0	412.0	413.0	414.0	415.0	416.0	417.0	418.0	419.0	420.0	421.0	422.0	423.0	424.0	425.0	426.0	427.0	428.0	429.0	430.0	431.0	432.0	433.0	434.0	435.0	436.0	437.0	438.0	439.0	440.0	441.0	442.0	443.0	444.0	445.0	446.0	447.0	447.0	448.0	449.0	450.0	451.0	452.0	453.0	454.0	455.0	456.0	457.0	458.0	459.0	460.0	461.0	462.0	463.0	464.0	465.0	466.0	467.0	468.0	469.0	470.0	471.0	472.0	473.0	474.0	475.0	476.0	477.0	478.0	479.0	480.0	481.0	482.0	483.0	484.0	485.0	486.0	487.0	488.0	489.0	490.0	491.0	492.0	493.0	494.0	495.0	496.0	497.0	498.0	499.0	500.0	501.0	502.0	503.0	504.0	505.0	506.0	507.0	508.0	509.0	510.0	511.0	512.0	513.0	514.0	515.0	516.0	517.0	518.0	519.0	520.0	521.0	522.0	523.0	524.0	525.0	526.0	527.0	528.0	529.0	530.0	531.0	532.0	533.0	534.0	535.0	536.0	537.0	538.0	539.0	540.0	541.0	542.0	543.0	544.0	545.0	546.0	547.0	548.0	549.0	550.0	551.0	552.0	553.0	554.0	555.0	556.0	557.0	558.0	559.0	560.0	561.0	562.0	563.0	564.0	565.0	566.0	567.0	568.0	569.0	570.0	571.0	572.0	573.0	574.0	575.0	576.0	577.0	578.0	579.0	580.0	581.0	582.0	583.0	584.0	585.0	586.0	587.0	588.0	589.0	590.0	591.0	592.0	593.0	594.0	595.0	596.0	596.0	597.0	598.0	599.0
2508.9259164277014
