2961.5939290778583	300.0	2000.0	82.86164834753724	0	0.0	2961.5939290778583	1	0	1	-0.7919639091945636
5253.646126923264	6000.0	602.58926038441	0.0	0	0.0	856.2353873076736	1	0	2	1.0094008581635001
6200.0	3000.0	2750.8707746153477	0.0	0	518.5824902622116	2950.8707746153473	1	0	0	2.0695057720393883
9200.0	6000.0	650.8707746153458	0.0	0	341.32092548378205	850.8707746153432	1	0	2	3.111653371380762
10200.0	3000.0	2750.870774615346	0.0	0	520.4598529688301	2950.8707746153423	1	0	0	2.06958725954049
13227.09812668057	6000.0	621.0628352667205	0.0	0	0.0	848.1609619472856	1	0	2	3.1130055787532616
14200.0	3000.0	2745.4511492792344	0.0	0	563.4904174461099	2945.451149279228	1	0	0	2.0701056616477507
17200.0	6000.0	645.4511492792329	0.0	0	196.78739014603343	845.4511492792262	1	0	2	3.112399590034077
18200.0	3000.0	2745.451149279232	0.0	0	431.28873506943637	2945.4511492792262	1	0	0	2.069981024630639
21492.323687867363	6000.0	323.8950926251307	0.0	0	0.0	816.2187804924906	1	0	2	3.1153081931504016
22200.0	1000.0	2686.98641170576	0.0	0	493.01562158911474	2886.986411705755	1	0	0	-0.6710110010250598
25377.337302270975	6000.0	391.91537920769025	0.0	0	0.0	769.2526814786615	1	0	2	2.0216734191473753
26200.0	1000.0	2651.5189512515685	0.0	0	599.5161923158776	2851.5189512515644	1	0	0	-0.667139295678306
29200.0	6000.0	551.5189512515681	0.0	0	97.13377903448054	751.5189512515644	1	0	2	2.023604892648761
30200.0	2000.0	2651.518951251569	0.0	0	691.0585440859286	2851.5189512515644	1	0	0	1.0659157935355559
33200.0	6000.0	551.5189512515705	0.0	0	281.2764166608649	751.5189512515681	1	0	2	2.716111827194745
34200.0	3000.0	2651.5189512515763	0.0	0	436.71185346455604	2851.5189512515753	1	0	0	2.079368041732446
37393.456538371895	6000.0	401.28997415825484	56.88474101432257	0	0.0	794.7465125301533	1	0	2	2.777122965669693
38200.0	2000.0	2675.4008586929585	0.0	0	567.8114231827713	2875.4008586929485	1	0	0	1.0632730410465476
41400.414223731445	6000.0	354.9452125883669	0.0	0	0.0	755.3594363198063	1	0	2	2.7163879257925547
42200.0	2000.0	2635.318013946668	0.0	0	492.1252062090498	2835.318013946664	1	0	0	1.0672227372163974
45280.52027392102	6000.0	446.74571263354085	0.0	0	0.0	727.2659865545647	1	0	2	2.7193235667486215
46200.0	2000.0	2619.2139591624596	0.0	0	573.8017276700484	2819.213959162458	1	0	0	1.0690411155326645
49225.947347533984	6000.0	490.67187687508624	0.0	0	0.0	716.6192244090707	1	0	2	2.7207876456293167
50200.0	2000.0	2614.024489655671	0.0	0	543.7700733890888	2814.0244896556687	1	0	0	1.0695592253712407
53934.965750091134	6000.0	200.0	449.4889413132512	0	0.0	1134.9657500911344	1	0	2	-0.008711821044414259
54355.8366452803	2000.0	815.6356118928826	36.506507082050746	0	0.0	1171.4722571731909	1	0	1	1.210881420451089
55200.0	3000.0	3055.888592645154	0.0	0	279.9670473721053	3255.8885926451694	1	0	0	2.5261159898737344
58200.0	6000.0	955.8885926451542	0.0	0	378.5549434204222	1155.888592645184	1	0	2	3.081042198066683
59200.0	3000.0	3055.8885926451576	0.0	0	594.6187076095957	3255.8885926451767	1	0	0	2.0391315823962683
62240.09981429569	6000.0	911.7787969199	0.0	0	0.0	1151.8786112156085	1	0	2	3.0823991358276706
63200.0	3000.0	3047.8686297860177	0.0	0	311.91510527902574	3247.868629786033	1	0	0	2.039563967963439
66200.0	6000.0	947.8686297860272	0.0	0	76.58637341315625	1147.8686297860477	1	0	2	3.082708869538506
67200.0	3000.0	3047.8686297860354	0.0	0	622.1500272065459	3247.868629786055	1	0	0	2.0399370399199768
70208.11477099964	6000.0	938.942381686446	0.0	0	0.0	1147.0571526861022	1	0	2	3.083490586134925
71200.0	3000.0	3046.2456755861353	0.0	0	517.4001860873832	3246.2456755861494	1	0	0	2.0399855452482
74254.53629167084	6000.0	886.2557547482319	0.0	0	0.0	1140.792046419083	1	0	2	3.083345038462652
75200.0	3000.0	3035.3384172519973	0.0	0	347.0105791271635	3235.338417252002	1	0	0	2.0408981946579883
78200.0	6000.0	935.338417251998	0.0	0	82.60402891067497	1135.3384172520018	1	0	2	3.084008109104364
79200.0	3000.0	3035.3384172520127	0.0	0	308.9248088944296	3235.338417252031	1	0	0	2.040874941156492
82710.8070370372	6000.0	373.45067651108786	0.0	0	0.0	1084.2577135483007	1	0	2	3.0881287276958784
83200.0	1000.0	2933.1770098445727	0.0	0	295.9504661900719	3133.1770098445995	1	0	0	-0.6965526749441084
86401.30471365702	6000.0	611.7418248218348	0.0	0	0.0	1013.046538478884	1	0	2	1.9977682983826992
87200.0	2000.0	2892.9160671131553	0.0	0	497.87983757440816	3092.916067113183	1	0	0	1.0414503107497861
90200.0	6000.0	792.9160671131581	0.0	0	55.8568837679486	992.9160671131685	1	0	2	2.6928673549595956
91200.0	3000.0	2892.916067113151	0.0	0	457.0275356617203	3092.9160671131685	1	0	0	2.05533938947231
94200.0	6000.0	792.9160671131696	0.0	0	26.074397597258212	992.9160671131976	1	0	2	3.0986903115392086
95200.0	3000.0	2892.91606711318	0.0	0	587.1003100035014	3092.9160671131976	1	0	0	2.055422001712433
98200.0	6000.0	792.9160671131924	0.0	0	111.1080742982158	992.9160671132122	1	0	2	3.098111091301804
99200.0	3000.0	2892.9160671131935	0.0	0	604.4811708905327	3092.916067113212	1	0	0	2.0554319451227756
102305.36659948496	6000.0	677.0128076797313	0.0	0	0.0	982.3794071647135	1	0	2	3.0992044223325257
103200.0	3000.0	2871.842747216189	0.0	0	344.8401902639016	3071.8427472162	1	0	0	2.057056341076016
106344.77934958812	6000.0	612.5854626692568	0.0	0	0.0	957.3648122573941	1	0	2	3.102203653910655
107200.0	3000.0	2842.886877298567	0.0	0	293.8724334967992	3042.886877298588	1	0	0	2.0597579904140977
110200.0	6000.0	742.8868772985741	0.0	0	116.62660025263904	942.8868772985879	1	0	2	3.1030982743828335
111200.0	3000.0	2842.886877298576	0.0	0	316.0547119888215	3042.8868772986025	1	0	0	2.060098471990124
114413.88993881237	6000.0	507.6079446049685	0.0	0	0.0	921.4978834173817	1	0	2	3.1049462291319214
115200.0	2000.0	2800.108889536099	0.0	0	361.86975998058915	3000.1088895361463	1	0	0	1.0504105844740685
118200.0	6000.0	700.1088895360915	0.0	0	191.30485727159248	900.1088895361318	1	0	2	2.701455895558752
119200.0	3000.0	2800.1088895361117	0.0	0	389.50552335103566	3000.1088895361463	1	0	0	2.0644884147990914
122479.28334518043	6000.0	392.89720983764244	0.0	0	0.0	872.1805550181161	1	0	2	3.109783968249103
123200.0	1000.0	2744.252220500025	0.0	0	520.9761790765187	2944.252220500086	1	0	0	-0.6766302393727202
126200.0	6000.0	644.2522205000258	0.0	0	91.91892870407901	844.2522205001005	1	0	2	2.014234062296266
127200.0	3000.0	2744.2522205000428	0.0	0	69.58328172698384	2944.2522205001005	1	0	0	2.0688132543981106
130292.48989746335	6000.0	542.5133332903625	0.0	0	0.0	835.0032307537913	1	0	2	3.1138450266613855
131200.0	2000.0	2725.75424100738	0.0	0	626.1811499142495	2925.7542410074675	1	0	0	1.0584095848612884
134210.9448704094	6000.0	613.7148835569996	0.0	0	0.0	824.6597539664945	1	0	2	2.7096302850255176
135200.0	2000.0	2723.565266925486	0.0	0	436.0315114177938	2923.5652669255505	1	0	0	1.058505275589344
138284.28034855067	6000.0	530.8568835197295	0.0	0	0.0	815.1372320704977	1	0	2	2.71053165073215
139200.0	2000.0	2706.7091972153457	0.0	0	315.9349972634227	2906.709197215445	1	0	0	1.0599521616042376
142200.0	6000.0	606.7091972153498	0.0	0	41.37993339597597	806.7091972154158	1	0	2	2.7114912933415427
143200.0	2000.0	2706.709197215355	0.0	0	572.4706868985377	2906.7091972154158	1	0	0	1.060372355089021
146200.0	6000.0	606.7091972153312	0.0	0	41.029348669049796	806.7091972153867	1	0	2	2.7117028402425123
147200.0	2000.0	2706.709197215314	0.0	0	578.8261459216592	2906.7091972153867	1	0	0	1.0603501212323159
150206.65898148948	6000.0	599.3843175768677	0.0	0	0.0	806.0432990664267	1	0	2	2.7116073120917994
151200.0	3000.0	2705.3774009173817	0.0	0	510.0534620510007	2905.3774009174667	1	0	0	2.0741428940885274
154882.70980344605	6000.0	200.0	314.18489352116046	0	0.0	1082.7098034460505	1	0	2	1.2045104680466843
155291.22194777033	2000.0	804.0758634387499	12.588007763064546	0	0.0	1095.2978112091077	1	0	1	1.3620098609614146
156200.0	3000.0	2986.1756164320536	0.0	0	144.78398629819276	3186.1756164320686	1	0	0	2.5328654637925347
159570.6943790299	6000.0	478.4117994991714	0.0	0	0.0	1049.106178529124	1	0	2	3.091497264561087
160200.0	2000.0	2912.036740626087	0.0	0	155.77729616352008	3112.036740626092	1	0	0	1.038272770114935
163200.0	6000.0	812.036740626116	0.0	0	168.49508738768054	1012.0367406261212	1	0	2	2.690586663231083
164200.0	3000.0	2912.0367406261153	0.0	0	449.8557703605038	3112.036740626092	1	0	0	2.0533553846576513
167200.0	6000.0	812.0367406261137	0.0	0	373.8927474882512	1012.0367406260921	1	0	2	3.0954739462456726
168200.0	3000.0	2912.036740626122	0.0	0	520.4728967468836	3112.036740626092	1	0	0	2.0534601386956077
171200.0	6000.0	812.0367406261321	0.0	0	356.6129452275345	1012.0367406261212	1	0	2	3.0954713828283786
172200.0	3000.0	2912.036740626115	0.0	0	648.6986001430196	3112.036740626092	1	0	0	2.053526784868515
175233.01959385414	6000.0	775.7151873865355	0.0	0	0.0	1008.734781240666	1	0	2	3.096468537259667
176200.0	3000.0	2905.432821855246	0.0	0	337.5331013680552	3105.432821855269	1	0	0	2.0537943852783296
179200.0	6000.0	805.4328218552347	0.0	0	413.3208593703166	1005.4328218552691	1	0	2	3.09611852431405
180200.0	3000.0	2905.4328218552337	0.0	0	612.4751460764674	3105.432821855269	1	0	0	2.054187176745595
183873.33133646174	6000.0	200.0	122.93786204791219	0	0.0	1073.3313364617352	1	0	2	2.355426393002565
184200.0	1000.0	2905.9982028155578	0.0	0	76.50120953377336	3105.9982028155937	1	0	0	-0.6952714510892034
187307.3726864456	6000.0	687.8882477254256	0.0	0	0.0	995.260934171034	1	0	2	1.9995746901160558
188200.0	3000.0	2884.5236655264844	0.0	0	459.51251963101095	3084.5236655264744	1	0	0	2.0560291240447
191553.1243978727	6000.0	396.08682786651553	0.0	0	0.0	949.2112257392146	1	0	2	3.10253794449227
192200.0	2000.0	2813.898785951967	0.0	0	181.19665301273926	3013.898785951955	1	0	0	1.0481211508216672
195269.8762423477	6000.0	637.0349193695051	0.0	0	0.0	906.9111617172312	1	0	2	2.701435916182839
196200.0	3000.0	2799.923537482436	0.0	0	505.9616939581465	2999.9235374824784	1	0	0	2.0645557669576435
199208.23513645458	6000.0	690.8648873824242	0.0	0	0.0	899.1000238370616	1	0	2	3.108283458147775
200200.0	3000.0	2798.2765101915325	0.0	0	515.4135153568932	2998.2765101915284	1	0	0	2.0648269178863052
203628.2393287635	6000.0	307.60231638685593	73.08097075927958	0	0.0	935.8416451503581	1	0	2	2.6653161041585967
204200.0	1000.0	2793.017712274024	0.0	0	388.0843815813423	2993.017712273984	1	0	0	-0.6820666652814982
207253.43470659846	6000.0	634.2395350157313	0.0	0	0.0	887.6742416141788	1	0	2	2.010594397561146
208200.0	3000.0	2782.33077095434	0.0	0	475.1244677549985	2982.330770954286	1	0	0	2.0662942049104345
211586.23700960958	6000.0	270.49991460266506	11.845322017144056	0	0.0	856.7369242122222	1	0	2	3.040674032145626
212200.0	1000.0	2718.113223251265	0.0	0	446.36570196723915	2918.1132232512755	1	0	0	-0.6743461220425435
215579.01709355402	6000.0	311.4642634033238	100.24531187405262	0	0.0	890.4813569573744	1	0	2	1.4082568754125402
216200.0	1000.0	2752.579647601954	0.0	0	450.02939500677167	2952.5796476019896	1	0	0	-0.6778004519558357
219207.8516734613	6000.0	643.9428067944968	0.0	0	0.0	851.794480255805	1	0	2	2.0141092360001087
220200.0	3000.0	2751.009312909687	0.0	0	466.31777752857306	2951.0093129096786	1	0	0	2.069487820429439
223418.47827943912	6000.0	410.68320552668837	0.0	0	0.0	829.1614849658217	1	0	2	3.1146643111327785
224200.0	2000.0	2707.313657021903	0.0	0	402.0026187550393	2907.3136570219067	1	0	0	1.0597612361748445
227452.91665092643	6000.0	515.6728295880798	169.60680780475445	0	0.0	968.5894805145217	1	0	2	1.6783199276883343
228200.0	2000.0	2843.2978154218545	0.0	0	370.9636266597663	3043.297815421858	1	0	0	1.046067663117995
231200.0	6000.0	743.2978154218795	0.0	0	143.24485898166313	943.2978154218581	1	0	2	2.6974641192218995
232200.0	3000.0	2843.2978154218586	0.0	0	555.3073235709162	3043.297815421858	1	0	0	2.0603646366105224
235200.0	6000.0	743.2978154218479	0.0	0	344.7955239986186	943.297815421829	1	0	2	3.102307879652291
236200.0	3000.0	2843.297815421861	0.0	0	307.97909516468644	3043.297815421858	1	0	0	2.059963527120125
239230.62655980632	6000.0	709.6085996349578	0.0	0	0.0	940.2351594413049	1	0	2	3.1036095760175755
240200.0	3000.0	2837.1725034606307	0.0	0	500.7363314902177	3037.1725034606643	1	0	0	2.060914485915813
243926.63648677673	6000.0	200.0	238.29784726707473	0	0.0	1126.6364867767843	1	0	2	1.668409132243296
244222.1698815538	1000.0	2934.0199447006294	0.0	0	0.0	3156.189826254471	1	0	0	-0.7007902940437739
247544.6457419427	6000.0	477.1096285636961	0.0	0	0.0	1021.7553705064638	1	0	2	1.9961176538013237
248200.0	2000.0	2887.290796312087	0.0	0	89.07810444317874	3087.2907963121543	1	0	0	1.0404221869396735
251355.73123590165	6000.0	615.9864368202494	0.0	0	0.0	971.7176727219485	1	0	2	2.694811068034385
252200.0	2000.0	2856.144549131713	0.0	0	398.05104447502526	3056.144549131801	1	0	0	1.045040207629127
255200.0	6000.0	756.1445491316944	0.0	0	33.017954178649234	956.1445491318009	1	0	2	2.6965889893321067
256200.0	3000.0	2856.1445491317127	0.0	0	567.5035631850769	3056.14454913183	1	0	0	2.0590723884435898
259593.4450142447	6000.0	323.3550334625386	0.0	0	0.0	916.8000477073656	1	0	2	3.1049882784265903
260200.0	1000.0	2777.4555462827902	0.0	0	311.0054549664783	2977.455546282872	1	0	0	-0.6806826063832837
263502.78289617266	6000.0	344.39436049286417	0.0	0	0.0	847.1772566656	1	0	2	2.0138089625955704
264200.0	1000.0	2716.8989670482497	0.0	0	488.4445115716662	2916.898967048299	1	0	0	-0.6740025224419062
267235.4800720932	6000.0	577.8708877457443	0.0	0	0.0	813.3509598389501	1	0	2	2.018141556755206
268200.0	2000.0	2709.8029526296077	0.0	0	674.9035798093537	2909.8029526295722	1	0	0	1.0600873933977553
271556.4197144043	6000.0	284.8007105398061	60.96313068631858	0	0.0	841.2204249440692	1	0	2	2.342092397106171
272200.0	1000.0	2705.578453503653	0.0	0	422.355212315917	2905.578453503549	1	0	0	-0.6731031851479619
275687.9822781227	6000.0	240.68034281074378	156.25672294730703	0	0.0	928.6626209333772	1	0	2	1.0679820980015624
276200.0	1000.0	2779.864393121185	0.0	0	276.67967302916804	2979.8643931211554	1	0	0	-0.6812590474664326
279200.0	6000.0	679.8643931211988	0.0	0	28.98270944453543	879.8643931210972	1	0	2	2.0109068362130413
280200.0	3000.0	2779.8643931211413	0.0	0	398.4163923940505	2979.864393121039	1	0	0	2.066533554722331
283200.0	6000.0	679.8643931211462	0.0	0	17.969602575176395	879.864393121039	1	0	2	3.1095191564019737
284200.0	3000.0	2779.864393121139	0.0	0	437.0241068992764	2979.8643931211554	1	0	0	2.0665523798316086
287631.87612262246	6000.0	204.80065823641195	0.0	0	0.0	836.6767808589502	1	0	2	3.112860307043793
288200.0	1000.0	2693.4891685966495	0.0	0	357.44728211441543	2893.489168596687	1	0	0	-0.6721733973348011
291200.0	6000.0	593.4891685966104	0.0	0	240.18134969408857	793.4891685966868	1	0	2	2.0189170805923413
292200.0	2000.0	2693.4891685966154	0.0	0	517.1481065675034	2893.489168596687	1	0	0	1.0615984321159684
295462.5626963163	6000.0	313.498298450922	8.025541638364189	0	0.0	776.0609947672929	1	0	2	2.6661583074471857
296200.0	1000.0	2649.804725135588	0.0	0	499.4011409768136	2849.8047251356766	1	0	0	-0.6671821126677889
299209.429204353	6000.0	539.4326003472711	0.0	0	0.0	748.8618047003984	1	0	2	2.0243811701737684
300200.0	2000.0	2647.9188842649687	0.0	0	658.0606252091238	2847.91888426512	1	0	0	1.0662758002342003
303217.93937585055	6000.0	528.1855708293751	0.0	0	0.0	746.1249466800946	1	0	2	2.7177726398425186
304200.0	2000.0	2644.3310090948926	0.0	0	612.4657327796449	2844.331009095011	1	0	0	1.0665932128985691
307324.1285407586	6000.0	407.78961426038336	0.0	0	0.0	731.9181550191715	1	0	2	2.7190928154017793
308200.0	2000.0	2619.505300943111	0.0	0	517.4942783224978	2819.505300943274	1	0	0	1.0689008279471983
311200.0	6000.0	519.5053009431089	0.0	0	284.4052437772043	719.5053009432158	1	0	2	2.7194506763677495
312200.0	3000.0	2619.505300943106	0.0	0	469.6290066551883	2819.5053009431576	1	0	0	2.0826385987227125
315454.10190094775	6000.0	239.99320990059113	0.0	0	0.0	694.0951108483714	1	0	2	3.127104279316714
316200.0	1000.0	2568.6849207536075	0.0	0	490.58355099952314	2768.684920753585	1	0	0	-0.6590920486503897
319401.29437406524	6000.0	437.094766219945	172.57605176196734	0	0.0	838.3891402852023	1	0	2	0.9801384441353552
320200.0	2000.0	2718.2597028786686	0.0	0	409.1575054586865	2918.259702878655	1	0	0	1.0587102884820405
323200.0	6000.0	618.2597028787136	0.0	0	207.3210845188587	818.2597028787131	1	0	2	2.709764073806278
324200.0	3000.0	2718.259702878668	0.0	0	486.16106948279776	2918.259702878655	1	0	0	2.072781287581896
327200.0	6000.0	618.2597028786324	0.0	0	228.86708051961614	818.2597028785967	1	0	2	3.115155529927724
328200.0	3000.0	2718.259702878604	0.0	0	543.5955383874243	2918.2597028785385	1	0	0	2.0728596975723534
331216.97148065246	6000.0	599.5910741608691	0.0	0	0.0	816.5625548132812	1	0	2	3.116432044463558
332200.0	3000.0	2714.865406748093	0.0	0	530.5698557471624	2914.8654067479656	1	0	0	2.0731718213120858
335200.0	6000.0	614.8654067481414	0.0	0	257.74257924972335	814.8654067479656	1	0	2	3.115427786107359
336200.0	3000.0	2714.865406748159	0.0	0	448.74193679203745	2914.865406748024	1	0	0	2.0731391999781454
339338.7043658931	6000.0	462.29060426573847	0.0	0	0.0	800.9949701586738	1	0	2	3.1179274569426996
340200.0	2000.0	2687.1245335695185	0.0	0	547.1103151998832	2887.1245335694402	1	0	0	1.062161376664898
343234.7805358581	6000.0	548.8659441255606	0.0	0	0.0	783.6464799835812	1	0	2	2.7139602354874492
344200.0	3000.0	2680.1684263978473	0.0	0	500.7190033760271	2880.168426397722	1	0	0	2.0765647602713386
347200.0	6000.0	580.1684263978718	0.0	0	109.45972947729751	780.168426397664	1	0	2	3.119128875378264
348234.73890077096	3000.0	2648.9034157039887	0.0	0	0.0	2883.6423164746957	1	0	0	2.0748393953254096
351374.48589414364	6000.0	505.1026982116774	103.12160551432112	0	0.0	879.5885923550231	1	0	2	2.491606069783798
352200.0	2000.0	2762.1400029409156	0.0	0	435.69069443061016	2962.140002940665	1	0	0	1.0544094954820538
355200.0	6000.0	662.1400029409281	0.0	0	348.09230842260877	862.140002940665	1	0	2	2.704992976443596
356200.0	3000.0	2762.1400029409024	0.0	0	497.00112385925604	2962.140002940723	1	0	0	2.0683990404123254
359392.1178394937	6000.0	450.81037949790823	0.0	0	0.0	842.928218991321	1	0	2	3.1126139544803246
360200.0	2000.0	2723.7164350421854	0.0	0	249.3290047700284	2923.716435041977	1	0	0	1.0577298067588918
363305.6799104336	6000.0	507.46853356532955	0.0	0	0.0	813.1484439988271	1	0	2	2.711392612009872
364200.0	2000.0	2702.580452955579	0.0	0	660.9587845815695	2902.5804529554443	1	0	0	1.0607565079545334
367200.0	6000.0	602.5804529555697	0.0	0	238.47373641916784	802.5804529555026	1	0	2	2.711294441358855
368200.0	3000.0	2702.5804529555894	0.0	0	670.7083248839481	2902.5804529555026	1	0	0	2.074472413635574
371371.9497696814	6000.0	413.4357063061633	0.0	0	0.0	785.3854759873939	1	0	2	3.118845982117663
372200.0	2000.0	2668.1904990193334	0.0	0	507.8093661839375	2868.190499019169	1	0	0	1.0639675742440358
375782.3220797458	6000.0	200.0	247.60344427367218	0	0.0	982.3220797456452	1	0	2	1.2102540799514157
376200.0	2000.0	2824.0898717712616	0.0	0	48.28732238570228	3024.0898717711098	1	0	0	1.0460388855472837
379360.23064104136	6000.0	547.836166625769	0.0	0	0.0	908.0668076670263	1	0	2	2.7012788155402636
380200.0	2000.0	2792.043743563011	0.0	0	292.70619168150006	2992.0437435628846	1	0	0	1.0511918326197636
383269.98659595195	6000.0	615.0584880158974	0.0	0	0.0	885.045083967736	1	0	2	2.703687316061266
384200.0	2000.0	2778.0464243726815	0.0	0	696.697634720651	2978.0464243725874	1	0	0	1.0532606642973121
387204.6866155878	6000.0	672.8911472260885	0.0	0	0.0	877.577762813773	1	0	2	2.704576024333331
388200.0	3000.0	2777.1091012550482	0.0	0	606.8518734142417	2977.109101255017	1	0	0	2.0670195488056224
391534.6997929217	6000.0	408.6083834266215	90.6082312595147	0	0.0	943.3081763482769	1	0	2	2.5598153747701216
392200.0	2000.0	2809.838197056151	0.0	0	242.43440918659326	3009.8381970560877	1	0	0	1.0488260335075505
395200.0	6000.0	709.838197056165	0.0	0	72.17693226371193	909.8381970560877	1	0	2	2.7011721079500015
396200.0	3000.0	2809.8381970561745	0.0	0	467.9230850831955	3009.838197056146	1	0	0	2.0636140036359474
399255.27257639397	6000.0	649.038363022933	0.0	0	0.0	904.3109394168132	1	0	2	3.1073416243613625
400200.0	3000.0	2798.783681777528	0.0	0	433.2639522352838	2998.7836817774805	1	0	0	2.064659599186877
403439.60610229353	6000.0	435.21696925468234	0.0	0	0.0	874.8230715481914	1	0	2	3.1099873339052846
404200.0	2000.0	2750.8624613188863	0.0	0	416.853258906689	2950.862461318844	1	0	0	1.0553947353418485
407222.72444739786	6000.0	625.8655691811778	0.0	0	0.0	848.5900165789644	1	0	2	2.707635838236297
408200.0	2000.0	2746.317571839254	0.0	0	699.1949309159536	2946.3175718390266	1	0	0	1.0564359314768028
411200.0	6000.0	646.3175718392686	0.0	0	43.49857127631549	846.3175718390266	1	0	2	2.707414109033497
412200.0	3000.0	2746.3175718392695	0.0	0	307.32220508897444	2946.3175718389684	1	0	0	2.0697207610145734
415200.0	6000.0	646.3175718392503	0.0	0	63.35177103342721	846.3175718389102	1	0	2	3.1127690112119115
416200.0	3000.0	2746.3175718392336	0.0	0	378.672087172803	2946.31757183891	1	0	0	2.0698557773344484
419298.03797319287	6000.0	538.4758013270758	0.0	0	0.0	836.5137745196116	1	0	2	3.1140762964700173
420200.0	2000.0	2726.709977200719	0.0	0	523.7885699252947	2926.709977200371	1	0	0	1.0581951787160757
423252.0181606359	6000.0	569.4900005012571	0.0	0	0.0	821.5081611368223	1	0	2	2.709837927156806
424200.0	2000.0	2716.3063450735694	0.0	0	463.91806746885413	2916.306345073215	1	0	0	1.0592175264837522
427200.0	6000.0	616.3063450735315	0.0	0	9.702614458277822	816.3063450730988	1	0	2	2.7106911705170345
428200.0	2000.0	2716.306345073555	0.0	0	624.4343227756326	2916.306345073157	1	0	0	1.059437054153399
431963.96775121323	6000.0	200.0	385.5074375099847	0	0.0	1163.9677512128255	1	0	2	0.3797581767857204
432200.0	500.0	2987.57097609195	0.0	0	95.21603887260426	3187.5709760914906	1	0	0	-2.436377370184999
435584.2587384068	6000.0	464.88636384441565	0.0	0	0.0	1049.145102250739	1	0	2	1.3000296419792066
436200.0	2000.0	2910.7192284105327	0.0	0	263.59300390497083	3110.7192284100456	1	0	0	1.0386694683772406
439519.51579237997	6000.0	459.2518567925777	0.0	0	0.0	978.7676491721068	1	0	2	2.693619399709257
440200.0	1000.0	2846.816069934608	0.0	0	476.3969803178916	3046.816069934168	1	0	0	-0.6870583999909332
443340.6065910539	6000.0	592.1488197753108	0.0	0	0.0	932.7554108287441	1	0	2	2.0058841650673496
444200.0	2000.0	2818.6947517237854	0.0	0	541.5431616423884	3018.69475172332	1	0	0	1.04898697221047
447200.0	6000.0	718.6947517237667	0.0	0	135.11715401452966	918.694751723262	1	0	2	2.699793991986127
448200.0	3000.0	2818.694751723771	0.0	0	428.50815091998084	3018.694751723262	1	0	0	2.0627062253166555
451417.586266363	6000.0	479.3498587244535	0.0	0	0.0	896.9361250869697	1	0	2	3.108348260845948
452200.0	2000.0	2775.177498451103	0.0	0	446.55557602038607	2975.1774984507356	1	0	0	1.0531244486625853
455379.93263703136	6000.0	477.2515977165913	0.0	0	0.0	857.1842347475467	1	0	2	2.7066356296766103
456200.0	2000.0	2739.1909710448713	0.0	0	358.2935140931513	2939.190971044416	1	0	0	1.0565872231963405
459409.21150136436	6000.0	409.0583195440371	0.0	0	0.0	818.2698209079681	1	0	2	2.709976111036386
460200.0	1000.0	2697.3486707719067	0.0	0	546.9391911344137	2897.34867077152	1	0	0	-0.6718297505325042
463216.25041577045	6000.0	579.4732134244025	0.0	0	0.0	795.7236291944282	1	0	2	2.0195969907224636
464200.0	3000.0	2694.0985876177415	0.0	0	588.6384887552122	2894.098587617278	1	0	0	2.0752699122302545
467200.0	6000.0	594.0985876177365	0.0	0	147.79308736871462	794.0985876173945	1	0	2	3.117766958668688
468200.0	3000.0	2694.0985876177792	0.0	0	478.6140879347804	2894.0985876174527	1	0	0	2.0751467105499453
471200.0	6000.0	594.0985876177308	0.0	0	117.69370887201512	794.0985876174527	1	0	2	3.1177654165378454
472200.0	3000.0	2694.0985876176915	0.0	0	501.78401419572765	2894.0985876173945	1	0	0	2.0752890633373413
475200.0	6000.0	594.0985876176677	0.0	0	109.20671462087194	794.0985876173363	1	0	2	3.1181424700610796
476200.0	3000.0	2694.098587617658	0.0	0	630.6069852018845	2894.098587617278	1	0	0	2.075320600169396
479200.0	6000.0	594.0985876176583	0.0	0	247.16576002322836	794.0985876172781	1	0	2	3.117431205769506
480200.0	3000.0	2694.0985876176305	0.0	0	421.4853500094032	2894.098587617278	1	0	0	2.07514001135271
483234.05087110586	6000.0	556.6426294012066	0.0	0	0.0	790.6935005067498	1	0	2	3.119136363115935
484200.0	2000.0	2687.2884133964803	0.0	0	553.8216110118083	2887.2884133961634	1	0	0	1.0622171829993756
487240.44427662797	6000.0	542.799709105772	0.0	0	0.0	783.2439857333084	1	0	2	2.71354846844197
488200.0	2000.0	2679.1995580709868	0.0	0	519.700666107703	2879.1995580705116	1	0	0	1.0630264690711222
491200.0	6000.0	579.1995580709565	0.0	0	229.87645636306843	779.1995580703951	1	0	2	2.7136016580184696
492200.0	2000.0	2679.1995580709677	0.0	0	651.2106520045782	2879.199558070395	1	0	0	1.063147732853673
495200.0	6000.0	579.1995580709159	0.0	0	368.3523820043192	779.1995580703951	1	0	2	2.7132456065447474
496200.0	3000.0	2679.1995580709076	0.0	0	427.1932455567294	2879.199558070395	1	0	0	2.0766048539407524
499200.0	6000.0	579.1995580709895	0.0	0	25.268791642098222	779.1995580705698	1	0	2	3.119494498236951
500200.0	3000.0	2679.199558071012	0.0	0	404.13107171392767	2879.1995580705698	1	0	0	2.07660011210112
503414.97745421703	6000.0	342.7243584322739	0.0	0	0.0	757.7018126488547	1	0	2	3.1212777889310437
504200.0	1000.0	2636.2040672275666	0.0	0	622.8762925896444	2836.204067227198	1	0	0	-0.665643534866535
507307.69716864737	6000.0	417.7371817155117	0.0	0	0.0	725.4343503625132	1	0	2	2.025873355629506
508200.0	2000.0	2614.6646334980924	0.0	0	469.52404595626285	2814.6646334977704	1	0	0	1.0693149908817103
511200.0	6000.0	514.6646334981268	0.0	0	58.288323417305946	714.6646334977122	1	0	2	2.720534941558683
512200.0	2000.0	2614.6646334981256	0.0	0	611.1720102315885	2814.664633497712	1	0	0	1.069599584422214
515200.0	6000.0	514.664633498098	0.0	0	174.17415975494077	714.664633497654	1	0	2	2.720101939409398
516200.0	2000.0	2614.6646334981106	0.0	0	710.1872929721139	2814.664633497654	1	0	0	1.0696012253109495
519323.0420646412	6000.0	379.3183623927448	0.0	0	0.0	702.3604270335054	1	0	2	2.721713464176298
520200.0	1000.0	2590.056220569797	0.0	0	683.0879203338991	2790.0562205692986	1	0	0	-0.6608800689373524
523870.1525282132	6000.0	200.0	406.46505496788484	0	0.0	1070.1525282126968	1	0	2	-0.4318045244740949
524200.0	2000.0	870.1525282132542	0.0	0	39.67252483702032	1070.1525282126968	1	0	1	1.4400524358394426
525200.0	3000.0	2970.1525282133516	0.0	0	480.07647934090346	3170.1525282128714	1	0	0	2.5352848138117867
528200.0	6000.0	870.1525282133493	0.0	0	84.50695822609123	1070.1525282128714	1	0	2	3.090441107641499
529200.0	3000.0	2970.15252821337	0.0	0	463.92738619283773	3170.1525282128714	1	0	0	2.047568747208535
532200.0	6000.0	870.1525282133263	0.0	0	258.5344620733522	1070.1525282128714	1	0	2	3.0897145927151537
533200.0	3000.0	2970.1525282133425	0.0	0	482.95918649528176	3170.1525282128714	1	0	0	2.047600842220368
536200.0	6000.0	870.1525282132671	0.0	0	299.06041489331983	1070.1525282126386	1	0	2	3.0897988596790062
537200.0	3000.0	2970.1525282132448	0.0	0	551.4280407305341	3170.1525282126386	1	0	0	2.047659073012685
540768.6020266743	6000.0	244.69029887155173	0.0	0	0.0	1013.2923255454516	1	0	2	3.094693716700756
541200.0	1000.0	2856.4321228784406	0.0	0	148.06982165190857	3056.432122878032	1	0	0	-0.689651363130328
544276.7378536027	6000.0	672.020483915466	0.0	0	0.0	948.7583375177346	1	0	2	2.003884481891303
545200.0	2000.0	2841.084552158094	0.0	0	455.0353839964373	3041.084552157554	1	0	0	1.0467051978597977
548200.0	6000.0	741.0845521580862	0.0	0	39.49364224832971	941.0845521576703	1	0	2	2.6980842622832215
549200.0	2000.0	2841.0845521579845	0.0	0	532.016350653721	3041.084552157554	1	0	0	1.0468965888239188
552200.0	6000.0	741.0845521580685	0.0	0	204.2429989920929	941.0845521575538	1	0	2	2.6973786482758246
553200.0	3000.0	2841.0845521581427	0.0	0	433.22957600827795	3041.084552157554	1	0	0	2.060448797458836
556608.4148048618	6000.0	291.8282668103734	0.0	0	0.0	900.2430716715753	1	0	2	3.106689394534525
557200.0	1000.0	2759.401591185934	0.0	0	342.5884204134345	2959.401591185364	1	0	0	-0.6787745768115063
560616.637736282	6000.0	262.55749590886523	55.87037693913021	0	0.0	879.1952321904246	1	0	2	1.6753972277824698
561200.0	1000.0	2737.531458562536	0.0	0	381.8380769001087	2937.53145856224	1	0	0	-0.6765066816139431
564200.0	6000.0	637.5314585624222	0.0	0	342.1020000600256	837.5314585618908	1	0	2	2.014391710733758
565200.0	3000.0	2737.531458562463	0.0	0	685.6555868664291	2937.531458562007	1	0	0	2.0709773130749234
568581.8877255959	6000.0	246.44197943860732	26.351835483161466	0	0.0	828.329705033917	1	0	2	2.956399270069678
569200.0	1000.0	2690.1409324748115	0.0	0	397.7104327993002	2890.1409324742854	1	0	0	-0.6716641758986468
572407.303374904	6000.0	369.0413835257742	6.303784950238082	0	0.0	776.3447584292153	1	0	2	1.9836211754748188
573200.0	2000.0	2655.6144209394797	0.0	0	402.4185592808062	2855.614420939004	1	0	0	1.0649567430427926
576371.3538498712	6000.0	367.1251860810356	0.0	0	0.0	738.4790359517792	1	0	2	2.717739555208381
577200.0	1000.0	2621.343650965057	0.0	0	561.8888440274168	2821.3436509643216	1	0	0	-0.6641486640726494
580279.078614387	6000.0	434.3571751394247	0.0	0	0.0	713.4357895256253	1	0	2	2.0274575798676304
581200.0	2000.0	2605.527928087722	0.0	0	513.0721026164247	2805.527928086929	1	0	0	1.0703578316481481
584760.3761462375	6000.0	200.0	282.62348433949876	0	0.0	960.3761462367838	1	0	2	1.0063078568104284
585200.0	1000.0	2804.3385316137096	0.0	0	235.73242341226432	3004.338531613117	1	0	0	-0.6840406248029995
588202.6232475124	6000.0	701.4529593501242	0.0	0	0.0	904.0762068618787	1	0	2	2.0084374686214472
589200.0	3000.0	2803.8138821112307	0.0	0	518.3042092591058	3003.8138821106404	1	0	0	2.0642714786481555
592416.5542137286	6000.0	465.60424700977615	0.0	0	0.0	882.1584607377881	1	0	2	3.1093465282924413
593200.0	2000.0	2760.5030393655406	0.0	0	294.28924847370945	2960.503039364936	1	0	0	1.0542553470286378
596218.0620765937	6000.0	640.6347551123835	0.0	0	0.0	858.6968317055143	1	0	2	2.7066777554031423
7.12	6.87	7.82	5.69	6.65	7.11	7.32	6.43	5.09	4.63	6.76	6.1	7.22	7.37	8.7	4.89	5.48	8.12	6.67	5.85	7.94	6.52	5.72	6.09	3.82	3.92	6.71	7.6	8.56	7.55	4.99	5.46	7.69	5.79	7.82	6.16	5.26	5.28	5.11	4.46	5.17	6.72	7.29	8.36	7.91	4.31	6.75	6.19	7.8	6.16	6.09	4.31	5.07	5.8	5.91	6.17	5.42	6.26	5.21	5.5	5.63	5.12	4.11	6.79	6.54	4.81	3.92	5.4	4.7	5.91	6.46	4.88	6.14	6.72	4.92	3.63	5.8	5.11	6.09	5.26	5.87	7.21	7.75	7.17	7.52	8.17	7.59	4.76	7.77	7.03	4.6	4.97	6.66	6.89	4.46	5.97	7.07	7.75	6.72	8.09	5.17	6.94	5.73	7.96	5.07	6.65	4.59	5.62	6.32	6.6	5.11	5.72	3.82	7.62	7.51	6.68	10.1	6.06	7.25	6.19	4.56	3.81	4.66	4.34	4.83	5.33	7.73	6.9	5.54	4.98	5.42	5.49	7.16	9.28	4.96	6.56	4.74	6.17	6.8	5.32	7.25	6.51	4.92	4.77	7.59	5.39	4.62	5.14	6.42	7.43	7.12	6.87	7.82	5.69	6.65	7.11	7.32	6.43	5.09	4.63	6.76	6.1	7.22	7.37	8.7	4.89	5.48	8.12	6.67	5.85	7.94	6.52	5.72	6.09	3.82	3.92	6.71	7.6	8.56	7.55	4.99	5.46	7.69	5.79	7.82	6.16	5.26	5.28	5.11	4.46	5.17	6.72	7.29	8.36	7.91	4.31	6.75	6.19	7.8	6.16	6.09	4.31	5.07	5.8	5.91	6.17	5.42	6.26	5.21	5.5	5.63	5.12	4.11	6.79	6.54	4.81	3.92	5.4	4.7	5.91	6.46	4.88	6.14	6.72	4.92	3.63	5.8	5.11	6.09	5.26	5.87	7.21	7.75	7.17	7.52	8.17	7.59	4.76	7.77	7.03	4.6	4.97	6.66	6.89	4.46	5.97	7.07	7.75	6.72	8.09	5.17	6.94	5.73	7.96	5.07	6.65	4.59	5.62	6.32	6.6	5.11	5.72	3.82	7.62	7.51	6.68	10.1	6.06	7.25	6.19	4.56	3.81	4.66	4.34	4.83	5.33	7.73	6.9	5.54	4.98	5.42	5.49	7.16	9.28	4.96	6.56	4.74	6.17	6.8	5.32	7.25	6.51	4.92	4.77	7.59	5.39	4.62	5.14	6.42	7.43	7.12	6.87	7.82	5.69	6.65	7.11	7.32	6.43	5.09	4.63	6.76	6.1	7.22	7.37	8.7	4.89	5.48	8.12	6.67	5.85	7.94	6.52	5.72	6.09	3.82	3.92	6.71	7.6	8.56	7.55	4.99	5.46	7.69	5.79	7.82	6.16	5.26	5.28	5.11	4.46	5.17	6.72	7.29	8.36	7.91	4.31	6.75	6.19	7.8	6.16	6.09	4.31	5.07	5.8	5.91	6.17	5.42	6.26	5.21	5.5	5.63	5.12	4.11	6.79	6.54	4.81	3.92	5.4	4.7	5.91	6.46	4.88	6.14	6.72	4.92	3.63	5.8	5.11	6.09	5.26	5.87	7.21	7.75	7.17	7.52	8.17	7.59	4.76	7.77	7.03	4.6	4.97	6.66	6.89	4.46	5.97	7.07	7.75	6.72	8.09	5.17	6.94	5.73	7.96	5.07	6.65	4.59	5.62	6.32	6.6	5.11	5.72	3.82	7.62	7.51	6.68	10.1	6.06	7.25	6.19	4.56	3.81	4.66	4.34	4.83	5.33	7.73	6.9	5.54	4.98	5.42	5.49	7.16	9.28	4.96	6.56	4.74	6.17	6.8	5.32	7.25	6.51	4.92	4.77	7.59	5.39	4.62	5.14	6.42	7.43	7.12	6.87	7.82	5.69	6.65	7.11	7.32	6.43	5.09	4.63	6.76	6.1	7.22	7.37	8.7	4.89	5.48	8.12	6.67	5.85	7.94	6.52	5.72	6.09	3.82	3.92	6.71	7.6	8.56	7.55	4.99	5.46	7.69	5.79	7.82	6.16	5.26	5.28	5.11	4.46	5.17	6.72	7.29	8.36	7.91	4.31	6.75	6.19	7.8	6.16	6.09	4.31	5.07	5.8	5.91	6.17	5.42	6.26	5.21	5.5	5.63	5.12	4.11	6.79	6.54	4.81	3.92	5.4	4.7	5.91	6.46	4.88	6.14	6.72	4.92	3.63	5.8	5.11	6.09	5.26	5.87	7.21	7.75	7.17	7.52	8.17	7.59	4.76	7.77	7.03	4.6	4.97	6.66	6.89	4.46	5.97	7.07	7.75	6.72	8.09	5.17	6.94	5.73	7.96	5.07	6.65	4.59	5.62	6.32	6.6	5.11	5.72	3.82	7.62	7.51	6.68	10.1	6.06	7.25	6.19	4.56	3.81	4.66	4.34	4.83	5.33	7.73	6.9	5.54	4.98	5.42	5.49	7.16	9.28	4.96	6.56	4.74	6.17	6.8	5.32	7.25	6.51	4.92	4.77	7.59	5.39	4.62	5.14
1.0	2.0	3.0	4.0	5.0	6.0	7.0	8.0	9.0	10.0	11.0	12.0	13.0	14.0	15.0	16.0	17.0	18.0	19.0	20.0	21.0	22.0	23.0	24.0	25.0	26.0	27.0	28.0	29.0	30.0	31.0	32.0	33.0	34.0	35.0	36.0	37.0	38.0	39.0	40.0	41.0	42.0	43.0	44.0	45.0	46.0	47.0	48.0	49.0	50.0	51.0	52.0	53.0	54.0	55.0	56.0	57.0	58.0	59.0	60.0	61.0	62.0	63.0	64.0	65.0	66.0	67.0	68.0	69.0	70.0	71.0	72.0	73.0	74.0	75.0	76.0	77.0	78.0	79.0	80.0	81.0	82.0	83.0	84.0	85.0	86.0	87.0	88.0	89.0	90.0	91.0	92.0	93.0	94.0	95.0	96.0	97.0	98.0	99.0	100.0	101.0	102.0	103.0	104.0	105.0	106.0	107.0	108.0	109.0	110.0	111.0	112.0	113.0	114.0	115.0	116.0	117.0	118.0	119.0	120.0	121.0	122.0	123.0	124.0	125.0	126.0	127.0	128.0	129.0	130.0	131.0	132.0	133.0	134.0	135.0	136.0	137.0	138.0	139.0	140.0	141.0	142.0	143.0	144.0	145.0	146.0	147.0	148.0	149.0	149.0	150.0	151.0	152.0	153.0	154.0	155.0	156.0	157.0	158.0	159.0	160.0	161.0	162.0	163.0	164.0	165.0	166.0	167.0	168.0	169.0	170.0	171.0	172.0	173.0	174.0	175.0	176.0	177.0	178.0	179.0	180.0	181.0	182.0	183.0	184.0	185.0	186.0	187.0	188.0	189.0	190.0	191.0	192.0	193.0	194.0	195.0	196.0	197.0	198.0	199.0	200.0	201.0	202.0	203.0	204.0	205.0	206.0	207.0	208.0	209.0	210.0	211.0	212.0	213.0	214.0	215.0	216.0	217.0	218.0	219.0	220.0	221.0	222.0	223.0	224.0	225.0	226.0	227.0	228.0	229.0	230.0	231.0	232.0	233.0	234.0	235.0	236.0	237.0	238.0	239.0	240.0	241.0	242.0	243.0	244.0	245.0	246.0	247.0	248.0	249.0	250.0	251.0	252.0	253.0	254.0	255.0	256.0	257.0	258.0	259.0	260.0	261.0	262.0	263.0	264.0	265.0	266.0	267.0	268.0	269.0	270.0	271.0	272.0	273.0	274.0	275.0	276.0	277.0	278.0	279.0	280.0	281.0	282.0	283.0	284.0	285.0	286.0	287.0	288.0	289.0	290.0	291.0	292.0	293.0	294.0	295.0	296.0	297.0	298.0	298.0	299.0	300.0	301.0	302.0	303.0	304.0	305.0	306.0	307.0	308.0	309.0	310.0	311.0	312.0	313.0	314.0	315.0	316.0	317.0	318.0	319.0	320.0	321.0	322.0	323.0	324.0	325.0	326.0	327.0	328.0	329.0	330.0	331.0	332.0	333.0	334.0	335.0	336.0	337.0	338.0	339.0	340.0	341.0	342.0	343.0	344.0	345.0	346.0	347.0	348.0	349.0	350.0	351.0	352.0	353.0	354.0	355.0	356.0	357.0	358.0	359.0	360.0	361.0	362.0	363.0	364.0	365.0	366.0	367.0	368.0	369.0	370.0	371.0	372.0	373.0	374.0	375.0	376.0	377.0	378.0	379.0	380.0	381.0	382.0	383.0	384.0	385.0	386.0	387.0	388.0	389.0	390.0	391.0	392.0	393.0	394.0	395.0	396.0	397.0	398.0	399.0	400.0	401.0	402.0	403.0	404.0	405.0	406.0	407.0	408.0	409.0	410.0	411.0	412.0	413.0	414.0	415.0	416.0	417.0	418.0	419.0	420.0	421.0	422.0	423.0	424.0	425.0	426.0	427.0	428.0	429.0	430.0	431.0	432.0	433.0	434.0	435.0	436.0	437.0	438.0	439.0	440.0	441.0	442.0	443.0	444.0	445.0	446.0	447.0	447.0	448.0	449.0	450.0	451.0	452.0	453.0	454.0	455.0	456.0	457.0	458.0	459.0	460.0	461.0	462.0	463.0	464.0	465.0	466.0	467.0	468.0	469.0	470.0	471.0	472.0	473.0	474.0	475.0	476.0	477.0	478.0	479.0	480.0	481.0	482.0	483.0	484.0	485.0	486.0	487.0	488.0	489.0	490.0	491.0	492.0	493.0	494.0	495.0	496.0	497.0	498.0	499.0	500.0	501.0	502.0	503.0	504.0	505.0	506.0	507.0	508.0	509.0	510.0	511.0	512.0	513.0	514.0	515.0	516.0	517.0	518.0	519.0	520.0	521.0	522.0	523.0	524.0	525.0	526.0	527.0	528.0	529.0	530.0	531.0	532.0	533.0	534.0	535.0	536.0	537.0	538.0	539.0	540.0	541.0	542.0	543.0	544.0	545.0	546.0	547.0	548.0	549.0	550.0	551.0	552.0	553.0	554.0	555.0	556.0	557.0	558.0	559.0	560.0	561.0	562.0	563.0	564.0	565.0	566.0	567.0	568.0	569.0	570.0	571.0	572.0	573.0	574.0	575.0	576.0	577.0	578.0	579.0	580.0	581.0	582.0	583.0	584.0	585.0	586.0	587.0	588.0	589.0	590.0	591.0	592.0	593.0	594.0	595.0
2815.6976482540576
