2265.89242193302	300.0	2000.0	88.94983058177439	0	0.0	2265.89242193302	1	0	1	-0.758735162536161
5200.0	6000.0	305.0806606654893	308.3460551504444	0	213.90194994445665	505.0806606654887	1	0	2	-0.8062193677532252
6200.0	1000.0	2405.0806606654887	0.0	0	848.4906189237936	2605.0806606654883	1	0	0	-0.6423083288056994
9200.0	6000.0	354.35344258336863	44.79343810716426	0	218.9453714779629	554.3534425833659	1	0	2	1.7742961094409262
10200.0	2000.0	2454.353442583368	0.0	0	818.8903367290059	2654.353442583365	1	0	0	1.0856323444023759
13200.0	6000.0	439.8307677526546	77.70665924480505	0	4.6131658422564215	639.83076775265	1	0	2	2.2621427468320787
14200.0	3000.0	2539.830767752654	0.0	0	597.6659546193259	2739.830767752648	1	0	0	2.090715071253026
17200.0	6000.0	439.83076775265687	0.0	0	138.28073420271176	639.83076775265	1	0	2	3.133344994707991
18200.0	3000.0	2539.830767752654	0.0	0	660.506987689605	2739.830767752652	1	0	0	2.090747382155859
21200.0	6000.0	439.8307677526521	0.0	0	342.6578427355671	639.8307677526536	1	0	2	3.132730964383044
22200.0	3000.0	2539.830767752653	0.0	0	602.3747894052794	2739.8307677526536	1	0	0	2.0907473821558584
25200.0	6000.0	439.83076775265744	0.0	0	73.65706635392417	639.8307677526609	1	0	2	3.1337645147749673
26200.0	3000.0	2539.830767752661	0.0	0	689.2365867181434	2739.830767752661	1	0	0	2.090747382155858
29200.0	6000.0	439.8307677526612	0.0	0	446.60579589432746	639.8307677526609	1	0	2	3.132611464169915
30200.0	3000.0	2539.830767752664	0.0	0	578.1998960869969	2739.830767752668	1	0	0	2.090691552687053
33208.433881137804	6000.0	430.5534985010813	0.0	0	0.0	638.9873796388856	1	0	2	3.1341216476682754
34200.0	2000.0	2538.143991525103	0.0	0	785.2846662211668	2738.1439915250994	1	0	0	1.077253289508202
37200.0	6000.0	438.14399152509327	0.0	0	378.11532714506757	638.1439915250812	1	0	2	2.7274091842943418
38200.0	3000.0	2538.1439915250976	0.0	0	605.6176351707545	2738.1439915250958	1	0	0	2.0909160597786154
41200.0	6000.0	438.1439915250872	0.0	0	586.9924920771882	638.1439915250958	1	0	2	3.1326692685137743
42200.0	3000.0	2538.1439915250885	0.0	0	754.2389283299926	2738.1439915250958	1	0	0	2.0909160597786145
45200.0	6000.0	438.14399152508156	0.0	0	317.1616404359738	638.1439915250885	1	0	2	3.132990834102073
46200.0	3000.0	2538.143991525082	0.0	0	679.673813771893	2738.1439915250885	1	0	0	2.090916059778615
49200.0	6000.0	438.1439915250821	0.0	0	382.81877205845376	638.1439915250958	1	0	2	3.1328691517353113
50200.0	3000.0	2538.1439915250817	0.0	0	361.23801927272143	2738.1439915250958	1	0	0	2.0906711951422325
53200.0	6000.0	438.1439915250802	0.0	0	162.52159373206814	638.1439915250958	1	0	2	3.1333205235457484
54200.0	2000.0	2538.1439915250826	0.0	0	731.9204285614542	2738.1439915250885	1	0	0	1.077253289508203
57200.0	6000.0	438.14399152509003	0.0	0	351.58413321798434	638.1439915250885	1	0	2	2.727486790715509
58200.0	2000.0	2538.143991525082	0.0	0	715.1206917587624	2738.143991525081	1	0	0	1.0772532895082039
61200.0	6000.0	438.1439915250748	0.0	0	373.83809475856833	638.143991525074	1	0	2	2.727412844494756
62200.0	3000.0	2538.1439915250758	0.0	0	673.781180586062	2738.143991525074	1	0	0	2.0909160597786167
65200.0	6000.0	438.1439915250734	0.0	0	164.53471677434572	638.143991525074	1	0	2	3.133366673670264
66200.0	3000.0	2538.143991525059	0.0	0	701.9979088161053	2738.143991525052	1	0	0	2.0909160597786176
69200.0	6000.0	438.14399152505075	0.0	0	497.0485580862005	638.143991525023	1	0	2	3.1326934804813185
70200.0	3000.0	2538.1439915250517	0.0	0	528.9055840399087	2738.143991525023	1	0	0	2.0908834102309086
73200.0	6000.0	438.1439915250576	0.0	0	105.21057308657328	638.1439915250085	1	0	2	3.1335405265741874
74200.0	3000.0	2538.143991525055	0.0	0	677.5015922809835	2738.143991525023	1	0	0	2.090916059778621
77200.0	6000.0	454.5457651359131	14.910703282593715	0	62.16767887851165	654.5457651358738	1	0	2	3.0429541290307336
78200.0	3000.0	2554.5457651359034	0.0	0	497.6354883333843	2754.545765135874	1	0	0	2.0891825552264516
81200.0	6000.0	454.545765135896	0.0	0	34.343999451069976	654.5457651358593	1	0	2	3.132166208205258
82200.0	2000.0	2554.5457651358784	0.0	0	768.7910653074068	2754.5457651358447	1	0	0	1.075613112147128
85200.0	6000.0	454.54576513586187	0.0	0	267.0679571009241	654.5457651358302	1	0	2	2.726057731820139
86200.0	2000.0	2554.5457651358756	0.0	0	791.7169888902281	2754.545765135874	1	0	0	1.075613112147127
89264.68990957201	6000.0	417.1195053198594	30.666037012001652	0	0.0	681.8094148918753	1	0	2	2.5403254190297178
90200.0	2000.0	2575.3404239346683	0.0	0	632.3961928000062	2775.340423934642	1	0	0	1.0734958990952923
93200.0	6000.0	475.3404239346668	0.0	0	347.23654112097574	675.3404239346419	1	0	2	2.723725608031317
94200.0	3000.0	2575.3404239346687	0.0	0	713.1231086656335	2775.3404239346564	1	0	0	2.0871964165376595
97200.0	6000.0	475.3404239346761	0.0	0	409.59137440226914	675.340423934671	1	0	2	3.1291419812535457
98200.0	3000.0	2575.3404239346896	0.0	0	699.2236595060531	2775.340423934671	1	0	0	2.087196416537657
101200.0	6000.0	475.34042393470236	0.0	0	96.82749354442058	675.340423934671	1	0	2	3.1297219964309804
102200.0	3000.0	2575.3404239346983	0.0	0	609.9789377708512	2775.3404239346564	1	0	0	2.0871630722099606
105200.0	6000.0	475.3404239347036	0.0	0	106.05810391230625	675.340423934671	1	0	2	3.129709736996643
106200.0	3000.0	2575.3404239346983	0.0	0	610.5620732803218	2775.340423934671	1	0	0	2.0871946996433217
109261.50855089602	6000.0	407.6810179490593	0.0	0	0.0	669.189568845075	1	0	2	3.1308306306063827
110200.0	2000.0	2563.038713755492	0.0	0	619.4473048095533	2763.0387137554935	1	0	0	1.07469014293918
113369.14090985112	6000.0	379.70967234495635	93.38723584155844	0	0.0	748.8505821960716	1	0	2	2.1570316618572005
114200.0	2000.0	2631.936491210969	0.0	0	501.3751252635848	2831.936491210945	1	0	0	1.0675910072434531
117271.56356002066	6000.0	462.6728383066215	8.596602834895862	0	0.0	734.2363983272517	1	0	2	2.667659991913261
118200.0	2000.0	2627.0800423252213	0.0	0	574.8103987381619	2827.0800423252076	1	0	0	1.068247358885813
121249.04815277028	6000.0	473.127074277912	0.0	0	0.0	722.1752270481957	1	0	2	2.72010666030971
122200.0	2000.0	2617.2704117711646	0.0	0	576.8618072250683	2817.2704117711546	1	0	0	1.069229434572469
125200.0	6000.0	517.2704117711502	0.0	0	129.8156175299082	717.2704117711401	1	0	2	2.720046990773618
126200.0	3000.0	2617.2704117711487	0.0	0	610.782789665318	2817.27041177114	1	0	0	2.0830034177540115
129200.0	6000.0	517.2704117711439	0.0	0	18.679093861559522	717.2704117711546	1	0	2	3.1259073028299684
130200.0	3000.0	2617.270411771144	0.0	0	487.50845055851096	2817.27041177114	1	0	0	2.082916109173796
133200.0	6000.0	517.2704117711834	0.0	0	420.83246731731924	717.2704117711983	1	0	2	3.1249300446446204
134200.0	3000.0	2617.2704117711737	0.0	0	693.8213550542132	2817.270411771169	1	0	0	2.083003417754006
137200.0	6000.0	517.2704117712144	0.0	0	400.7978219414654	717.2704117711983	1	0	2	3.124938319509866
138200.0	3000.0	2617.27041177126	0.0	0	603.1169096504455	2817.2704117711983	1	0	0	2.0830034177540044
141200.0	6000.0	517.2704117712502	0.0	0	371.46237932980875	717.2704117711983	1	0	2	3.124934045235782
142200.0	3000.0	2617.270411771244	0.0	0	429.65881240495946	2817.2704117711983	1	0	0	2.0828718297539535
145200.0	6000.0	517.2704117712368	0.0	0	81.67941220619832	717.2704117711692	1	0	2	3.125914943528587
146200.0	3000.0	2617.2704117712046	0.0	0	561.7506953844568	2817.270411771111	1	0	0	2.0829880603569895
149352.6656455374	6000.0	391.6752299515017	38.48820751947619	0	0.0	744.3408754887932	1	0	2	2.892457156737749
150200.0	2000.0	2629.074310935182	0.0	0	429.711441325082	2829.0743109350733	1	0	0	1.067780995458925
153200.0	6000.0	529.0743109351853	0.0	0	309.6003268924833	729.0743109350151	1	0	2	2.7184517889870956
154200.0	3000.0	2629.0743109351847	0.0	0	586.2110345551337	2829.074310935015	1	0	0	2.0817960181015867
157200.0	6000.0	529.0743109351972	0.0	0	109.9325248815876	729.074310934986	1	0	2	3.1243122364947737
158200.0	3000.0	2629.074310935191	0.0	0	393.5678500797367	2829.074310934957	1	0	0	2.081643509003314
161200.0	6000.0	529.0743109351572	0.0	0	457.8042832646461	729.0743109349569	1	0	2	3.1237141259891517
162200.0	3000.0	2629.074310935149	0.0	0	494.37464669387555	2829.074310934928	1	0	0	2.08169936064435
165200.0	6000.0	529.0743109351519	0.0	0	501.05346131447004	729.0743109349278	1	0	2	3.1236363441202406
166200.0	3000.0	2629.074310935137	0.0	0	639.1227575497178	2829.0743109348987	1	0	0	2.0818230278376317
169312.93168863983	6000.0	482.43177161478593	70.52938016677774	0	0.0	795.3634602543898	1	0	2	2.6955877060214775
170200.0	3000.0	2684.07029139062	0.0	0	278.8780284507666	2884.0702913903515	1	0	0	2.0756392609634062
173302.70010839042	6000.0	471.10017216114613	0.0	0	0.0	773.8002805512806	1	0	2	3.1201646404133463
174200.0	3000.0	2663.530269712512	0.0	0	440.65888025274035	2863.5302697122097	1	0	0	2.078110317468242
177370.01799801868	6000.0	388.4219231896922	10.828592088855544	0	0.0	758.4399212081044	1	0	2	3.0570152420800016
178200.0	2000.0	2641.438121406539	0.0	0	508.65988331343397	2841.4381214063033	1	0	0	1.0666185845829563
181200.0	6000.0	541.4381214065387	0.0	0	232.12027597709675	741.438121406245	1	0	2	2.7172902556318608
182200.0	3000.0	2641.4381214065197	0.0	0	236.43535737419734	2841.438121406187	1	0	0	2.080084893023389
185200.0	6000.0	541.4381214065106	0.0	0	115.08965339840506	741.4381214061868	1	0	2	3.1232800275087365
186200.0	3000.0	2641.438121406514	0.0	0	682.4166710639256	2841.438121406187	1	0	0	2.0805866467905076
189200.0	6000.0	541.4381214064908	0.0	0	301.9233601335436	741.4381214061577	1	0	2	3.1225549026935
190200.0	3000.0	2641.438121406508	0.0	0	616.372094385355	2841.438121406216	1	0	0	2.080586646790504
193274.0004106699	6000.0	524.554210067885	58.6514003620689	0	0.0	798.554620737501	1	0	2	2.7667235463183557
194200.0	3000.0	2691.1545796707983	0.0	0	575.2147532772797	2891.1545796704886	1	0	0	2.0755180963506845
197200.0	6000.0	591.1545796707727	0.0	0	238.29431082049268	791.1545796704304	1	0	2	3.117760884789189
198200.0	3000.0	2691.1545796707665	0.0	0	710.0824513368134	2891.1545796704304	1	0	0	2.075615000964081
201200.0	6000.0	591.1545796707826	0.0	0	206.19937648184714	791.1545796704304	1	0	2	3.11795103804209
202200.0	3000.0	2691.1545796707837	0.0	0	465.07911298409454	2891.1545796704304	1	0	0	2.0754846987494635
205200.0	6000.0	591.1545796707782	0.0	0	194.87708927984932	791.1545796703722	1	0	2	3.118060278863141
206200.0	3000.0	2691.154579670796	0.0	0	533.6166990670608	2891.154579670314	1	0	0	2.075537794756891
209200.0	6000.0	591.1545796708172	0.0	0	179.656263502402	791.1545796703431	1	0	2	3.1179146914764395
210200.0	3000.0	2691.154579670802	0.0	0	636.99829507299	2891.154579670285	1	0	0	2.0756150009640915
213200.0	6000.0	591.1545796707826	0.0	0	481.6428219634108	791.1545796702849	1	0	2	3.117450428069261
214200.0	3000.0	2691.1545796707887	0.0	0	588.8099539097748	2891.1545796702558	1	0	0	2.0755894951100125
217200.0	6000.0	591.1545796707654	0.0	0	173.0692268011917	791.1545796701976	1	0	2	3.1178777981595815
218200.0	3000.0	2691.1545796707596	0.0	0	570.469996278116	2891.1545796701685	1	0	0	2.0755615502398266
221200.0	6000.0	591.1545796707737	0.0	0	87.26058697589906	791.1545796701394	1	0	2	3.1185310604626464
222200.0	3000.0	2691.1545796707887	0.0	0	634.6724463236751	2891.1545796701685	1	0	0	2.0756150009641097
225200.0	6000.0	591.1545796707956	0.0	0	279.3779581466224	791.1545796701685	1	0	2	3.1176723474914665
226200.0	3000.0	2691.1545796707865	0.0	0	625.261431540479	2891.1545796701685	1	0	0	2.075615000964109
229200.0	6000.0	591.1545796708123	0.0	0	239.37064660410397	791.1545796701976	1	0	2	3.1178061723499884
230200.0	3000.0	2691.154579670834	0.0	0	449.389584120363	2891.1545796702267	1	0	0	2.075464974341008
233200.0	6000.0	591.1545796708295	0.0	0	246.3415752942965	791.1545796702267	1	0	2	3.117774126723881
234200.0	3000.0	2691.1545796708324	0.0	0	622.6105590393418	2891.1545796702267	1	0	0	2.0756150009641026
237200.0	6000.0	591.1545796708664	0.0	0	505.95424323988846	791.1545796702267	1	0	2	3.117456497750603
238200.0	3000.0	2691.154579670867	0.0	0	760.5575788243441	2891.1545796701976	1	0	0	2.0756150009641035
241200.0	6000.0	591.1545796708817	0.0	0	460.09247396636056	791.1545796702267	1	0	2	3.1174885727093873
242200.0	3000.0	2691.154579670913	0.0	0	413.75375223424635	2891.1545796702558	1	0	0	2.075398643547095
245200.0	6000.0	591.1545796709516	0.0	0	206.81981912718038	791.1545796702558	1	0	2	3.1178686786551304
246200.0	3000.0	2691.154579670966	0.0	0	559.4751943753508	2891.154579670285	1	0	0	2.075546003893522
249200.0	6000.0	591.1545796709757	0.0	0	260.7702617352188	791.1545796702849	1	0	2	3.1178380274474837
250200.0	3000.0	2691.154579671	0.0	0	628.0082617771695	2891.154579670285	1	0	0	2.0756150009640963
253200.0	6000.0	591.1545796709938	0.0	0	268.1871668903623	791.1545796702849	1	0	2	3.1177834947302037
254200.0	3000.0	2691.1545796709884	0.0	0	660.3093736726441	2891.154579670285	1	0	0	2.0756150009640963
257200.0	6000.0	591.1545796710036	0.0	0	134.37036236625863	791.1545796702849	1	0	2	3.118147795562991
258200.0	3000.0	2691.1545796710097	0.0	0	493.9494882239669	2891.154579670285	1	0	0	2.0754702518100254
261200.0	6000.0	591.1545796709773	0.0	0	275.06876835474395	791.1545796702267	1	0	2	3.117749769482316
262200.0	3000.0	2691.154579670944	0.0	0	657.7580198457581	2891.1545796701976	1	0	0	2.075615000964102
265200.0	6000.0	591.1545796710096	0.0	0	445.265936837357	791.1545796702267	1	0	2	3.1174462174020974
266200.0	3000.0	2691.1545796709993	0.0	0	599.2097620835411	2891.1545796701685	1	0	0	2.0755776244240716
269263.81870676583	6000.0	520.9540022285704	0.0	0	0.0	784.7727089935797	1	0	2	3.1195077511469584
270200.0	3000.0	2678.390838317812	0.0	0	637.4489668214228	2878.390838316991	1	0	0	2.0768257857243575
273200.0	6000.0	578.3908383178211	0.0	0	255.3888224484981	778.3908383168746	1	0	2	3.1191683013013263
274200.0	3000.0	2678.3908383178564	0.0	0	674.3914451575838	2878.3908383168746	1	0	0	2.076891375099434
277200.0	6000.0	578.3908383178818	0.0	0	82.18407756072702	778.3908383168746	1	0	2	3.119493103416711
278200.0	3000.0	2678.3908383178905	0.0	0	450.1696891137981	2878.3908383168746	1	0	0	2.0767278328917955
281200.0	6000.0	578.3908383178937	0.0	0	218.6060673937318	778.3908383168746	1	0	2	3.1191307730147
282200.0	3000.0	2678.3908383178427	0.0	0	749.904994034674	2878.390838316758	1	0	0	2.0768913750994438
285200.0	6000.0	578.3908383178958	0.0	0	325.18821522872895	778.3908383167582	1	0	2	3.118953790796113
286200.0	3000.0	2678.3908383178573	0.0	0	663.3382757538348	2878.390838316758	1	0	0	2.076891375099448
289200.0	6000.0	578.3908383178104	0.0	0	407.9816427224432	778.3908383166417	1	0	2	3.118775901824054
290200.0	3000.0	2678.3908383178086	0.0	0	517.263021247054	2878.3908383165835	1	0	0	2.0768118717104205
293200.0	6000.0	578.3908383179263	0.0	0	311.70329809800023	778.3908383166417	1	0	2	3.118889585559523
294200.0	3000.0	2678.390838317939	0.0	0	382.8017817775835	2878.3908383165835	1	0	0	2.076703281539152
297200.0	6000.0	578.3908383179066	0.0	0	372.1807121777092	778.3908383165253	1	0	2	3.1188216095862096
298200.0	3000.0	2678.39083831795	0.0	0	621.6576301038149	2878.3908383165253	1	0	0	2.0768913750994726
301200.0	6000.0	578.390838317928	0.0	0	12.145874162262771	778.3908383165835	1	0	2	3.119729558289171
302200.0	3000.0	2678.3908383179482	0.0	0	435.61932203389006	2878.3908383165835	1	0	0	2.076717848460005
305200.0	6000.0	578.3908383179519	0.0	0	378.1637772602262	778.3908383165835	1	0	2	3.1188345041766277
306200.0	3000.0	2678.390838317932	0.0	0	643.669624977978	2878.3908383165835	1	0	0	2.0768913750994633
309200.0	6000.0	578.3908383180377	0.0	0	228.26757387205726	778.3908383167	1	0	2	3.119127067002448
310200.0	3000.0	2678.390838318085	0.0	0	507.8102911923779	2878.390838316758	1	0	0	2.076784747260477
313200.0	6000.0	578.3908383180651	0.0	0	110.15026735310676	778.3908383167582	1	0	2	3.1196322766406612
314200.0	3000.0	2678.390838318002	0.0	0	652.944922753144	2878.3908383165835	1	0	0	2.076891375099459
317200.0	6000.0	578.3908383179264	0.0	0	196.85001636779634	778.3908383164671	1	0	2	3.1193808216755117
318200.0	3000.0	2678.390838317961	0.0	0	763.6812924036058	2878.3908383165253	1	0	0	2.0768913750994713
321319.2222082697	6000.0	447.2464092212985	0.0	0	0.0	766.4686174895614	1	0	2	3.1206762191944732
322200.0	3000.0	2654.5463966639973	0.0	0	408.03345042589353	2854.5463966625975	1	0	0	2.0789657074661037
325200.0	6000.0	554.5463966640646	0.0	0	223.66361682966817	754.546396662714	1	0	2	3.1215335762126903
326200.0	3000.0	2654.546396664037	0.0	0	658.819614207081	2854.546396662714	1	0	0	2.079275819264853
329427.47165150754	6000.0	412.9312735474783	98.73063049246184	0	0.0	840.4029250537278	1	0	2	2.5214984739322146
330200.0	2000.0	2717.6557599042076	0.0	0	541.8512004778022	2917.655759902904	1	0	0	1.0589837160632922
333200.0	6000.0	617.6557599041595	0.0	0	304.356914268923	817.655759902962	1	0	2	2.7094720773584915
334200.0	3000.0	2717.6557599041994	0.0	0	560.4375907043577	2917.6557599030784	1	0	0	2.072913256584033
337200.0	6000.0	617.6557599042083	0.0	0	397.91182137379656	817.6557599031366	1	0	2	3.114906101880621
338200.0	3000.0	2717.6557599042217	0.0	0	695.2234356793924	2917.6557599031366	1	0	0	2.07296488294081
341200.0	6000.0	617.6557599042519	0.0	0	643.9251024387195	817.6557599031366	1	0	2	3.1146856537807253
342200.0	6000.0	2717.655759904182	0.0	0	468.07488822261803	2917.6557599030784	1	0	0	3.805679657012199
345200.0	6000.0	617.655759904246	0.0	0	476.81867028743727	817.6557599031366	1	0	2	3.807933774904374
346200.0	3000.0	2717.6557599042253	0.0	0	534.6331813805155	2917.6557599031366	1	0	0	2.072936192770006
349231.35756524693	6000.0	583.1624381326064	0.0	0	0.0	814.5200033783913	1	0	2	3.1161557387024916
350200.0	3000.0	2711.384246854879	0.0	0	413.81849547388265	2911.3842468537623	1	0	0	2.073340258206471
353200.0	6000.0	611.384246854867	0.0	0	93.20816954580368	811.3842468537041	1	0	2	3.1163023522359237
354200.0	3000.0	2711.384246854894	0.0	0	548.1137043720228	2911.3842468538787	1	0	0	2.073535650070923
357200.0	6000.0	611.3842468548537	0.0	0	143.24683169578202	811.3842468537623	1	0	2	3.1163492511935367
358200.0	3000.0	2711.3842468548883	0.0	0	698.6169761743513	2911.3842468537623	1	0	0	2.0735920342457477
361200.0	6000.0	611.3842468549647	0.0	0	544.6039353127708	811.3842468538787	1	0	2	3.1153931150513348
362200.0	3000.0	2711.3842468549265	0.0	0	672.8772104755626	2911.3842468538787	1	0	0	2.073592034245736
365200.0	6000.0	611.3842468549328	0.0	0	291.449350496463	811.3842468538787	1	0	2	3.115709022053309
366200.0	3000.0	2711.3842468549537	0.0	0	709.9228881393792	2911.3842468538787	1	0	0	2.073592034245735
369200.0	6000.0	611.3842468549022	0.0	0	235.27957474032883	811.3842468538787	1	0	2	3.1158505771872886
370200.0	3000.0	2711.384246854827	0.0	0	475.2103617351386	2911.3842468537623	1	0	0	2.073447567915363
373200.0	6000.0	611.3842468548905	0.0	0	114.63552016817266	811.3842468539369	1	0	2	3.116135483573162
374200.0	3000.0	2711.3842468548805	0.0	0	386.26013792242156	2911.3842468538787	1	0	0	2.0733792940881135
377200.0	6000.0	611.3842468549178	0.0	0	264.1919608734315	811.3842468538787	1	0	2	3.1157063844745054
378200.0	3000.0	2711.3842468549033	0.0	0	624.3260987395188	2911.384246853937	1	0	0	2.0735920342457312
381200.0	6000.0	611.3842468549257	0.0	0	19.508998752688058	811.3842468539951	1	0	2	3.116363471018616
382200.0	3000.0	2711.384246854975	0.0	0	490.25235276139574	2911.384246853995	1	0	0	2.073484255061622
385200.0	6000.0	611.3842468550067	0.0	0	301.2413700114703	811.3842468539951	1	0	2	3.1155872822085313
386200.0	3000.0	2711.3842468549183	0.0	0	514.5302084829309	2911.3842468538787	1	0	0	2.073501478125873
389200.0	6000.0	611.3842468549395	0.0	0	376.15627842594404	811.3842468538205	1	0	2	3.1155688910906716
390200.0	3000.0	2711.384246854916	0.0	0	648.8386231994373	2911.3842468538205	1	0	0	2.073592034245742
393200.0	6000.0	611.3842468549713	0.0	0	495.57711752678733	811.3842468538205	1	0	2	3.115424521341752
394200.0	3000.0	2711.384246854899	0.0	0	606.4908383968286	2911.3842468537623	1	0	0	2.0735867241272454
397200.0	6000.0	611.3842468549545	0.0	0	358.4236550402129	811.3842468538205	1	0	2	3.1155071342789395
398200.0	3000.0	2711.384246854903	0.0	0	525.6550441675354	2911.384246853646	1	0	0	2.0734770357821306
401200.0	6000.0	611.3842468549781	0.0	0	305.7073679569294	811.3842468537041	1	0	2	3.115702194112028
402200.0	3000.0	2711.384246854954	0.0	0	593.131414662872	2911.384246853704	1	0	0	2.0735577407429027
405200.0	6000.0	611.3842468549467	0.0	0	334.791744834627	811.3842468537041	1	0	2	3.1155253825166938
406200.0	3000.0	2711.3842468549783	0.0	0	552.8168660544325	2911.3842468537623	1	0	0	2.0735264080593896
409200.0	6000.0	611.3842468549881	0.0	0	227.08594048314262	811.3842468538205	1	0	2	3.115777004683431
410200.0	3000.0	2711.3842468549483	0.0	0	580.8164429935277	2911.3842468537623	1	0	0	2.073548297155916
413373.92228269024	6000.0	420.06973589561613	0.0	0	0.0	793.9920185846277	1	0	2	3.1176086570705914
414200.0	2000.0	2676.599790316843	0.0	0	433.16467251681024	2876.599790315551	1	0	0	1.0629660688851121
417200.0	6000.0	576.5997903168764	0.0	0	358.0921520550619	776.5997903155512	1	0	2	2.713546726537527
418200.0	3000.0	2676.5997903168654	0.0	0	516.3551335631637	2876.599790315493	1	0	0	2.076975349257074
421200.0	6000.0	576.5997903168123	0.0	0	66.48541827133158	776.5997903153766	1	0	2	3.1200332940258133
422200.0	3000.0	2676.599790316794	0.0	0	690.2729656089214	2876.5997903153184	1	0	0	2.0770704798995876
425200.0	6000.0	576.5997903168278	0.0	0	83.12032798142172	776.5997903153184	1	0	2	3.1196820013507653
426200.0	3000.0	2676.599790316822	0.0	0	528.9986815931625	2876.5997903153184	1	0	0	2.0770007799021357
429200.0	6000.0	576.5997903168276	0.0	0	139.20195835089544	776.5997903153766	1	0	2	3.1196134072768267
430200.0	3000.0	2676.5997903168277	0.0	0	615.3951481849654	2876.5997903153766	1	0	0	2.0770704798995867
433200.0	6000.0	576.5997903167996	0.0	0	467.75653401506133	776.5997903153184	1	0	2	3.1189240761895967
434200.0	3000.0	2676.5997903168623	0.0	0	691.5611190265627	2876.5997903153766	1	0	0	2.0770704798995934
437200.0	6000.0	576.5997903168973	0.0	0	193.69251850940054	776.5997903154348	1	0	2	3.1194849588504034
438200.0	3000.0	2676.5997903169077	0.0	0	662.7209657678031	2876.5997903153766	1	0	0	2.0770704798995827
441309.0212685087	6000.0	456.6763949573618	0.0	0	0.0	765.697663464467	1	0	2	3.1210687166448707
442200.0	3000.0	2654.795536615269	0.0	0	280.46191031113267	2854.7955366136157	1	0	0	2.0785832441144665
445200.0	6000.0	554.7955366153063	0.0	0	215.4913691279944	754.7955366135575	1	0	2	3.121371300063359
446200.0	3000.0	2654.795536615265	0.0	0	460.4326925467467	2854.7955366134993	1	0	0	2.0791326026927806
449205.36574154405	6000.0	548.8932209167299	0.0	0	0.0	754.2589624590473	1	0	2	3.1224337539625058
450200.0	3000.0	2653.722388306365	0.0	0	463.40180251043057	2853.722388304712	1	0	0	2.0791842248735257
453200.0	6000.0	553.7223883063933	0.0	0	290.12245480553247	753.72238830477	1	0	2	3.1214778463631845
454200.0	3000.0	2653.722388306431	0.0	0	534.3945458480739	2853.722388304828	1	0	0	2.079313556446696
457200.0	6000.0	553.7223883063973	0.0	0	35.469852301932406	753.7223883048282	1	0	2	3.122468675192322
458200.0	3000.0	2653.722388306437	0.0	0	597.3799306904548	2853.7223883048864	1	0	0	2.0793582201006355
461200.0	6000.0	553.7223883064114	0.0	0	352.0887905532727	753.7223883048282	1	0	2	3.1213939594978117
462200.0	3000.0	2653.7223883063502	0.0	0	657.4978349057492	2853.7223883046536	1	0	0	2.079358220100654
465200.0	6000.0	553.7223883063416	0.0	0	180.61061941605294	753.7223883045954	1	0	2	3.121580067468281
466200.0	3000.0	2653.7223883063593	0.0	0	260.2551799949142	2853.7223883045954	1	0	0	2.078775474469702
469200.0	6000.0	553.7223883064348	0.0	0	262.37691986281425	753.7223883046536	1	0	2	3.121449665463583
470200.0	3000.0	2653.72238830645	0.0	0	624.8127645998029	2853.7223883046536	1	0	0	2.079358220100655
473200.0	6000.0	553.7223883064918	0.0	0	60.41881392884534	753.7223883046536	1	0	2	3.1219827039606063
474200.0	2000.0	2653.7223883064426	0.0	0	492.8550817936193	2853.7223883046536	1	0	0	1.065546222028261
477200.0	6000.0	553.722388306457	0.0	0	316.2180956444354	753.7223883047118	1	0	2	2.7160452988248616
478200.0	2000.0	2653.7223883064653	0.0	0	801.225340364268	2853.72238830477	1	0	0	1.065695449830239
481382.17052791425	6000.0	353.3348076007316	0.0	0	0.0	735.5053355132695	1	0	2	2.7184324493835907
482200.0	1000.0	2617.2882827235676	0.0	0	648.6794930525939	2817.2882827218273	1	0	0	-0.6636894809057537
485200.0	6000.0	517.288282723603	0.0	0	60.4937063055695	717.2882827218855	1	0	2	2.0271633696755016
486200.0	3000.0	2617.288282723622	0.0	0	594.5322768060723	2817.2882827218273	1	0	0	2.0829901181567343
489200.0	6000.0	517.288282723602	0.0	0	242.6590115869767	717.2882827217109	1	0	2	3.1251218440842288
490200.0	3000.0	2617.2882827236026	0.0	0	459.79246311972383	2817.2882827215944	1	0	0	2.0828132453955766
493200.0	6000.0	517.2882827235218	0.0	0	426.1363921154407	717.2882827215362	1	0	2	3.124892571549065
494200.0	3000.0	2617.2882827235067	0.0	0	645.5711936724838	2817.288282721478	1	0	0	2.083001630658976
497200.0	6000.0	517.288282723587	0.0	0	305.9819431370124	717.2882827215944	1	0	2	3.124964920789626
498200.0	3000.0	2617.2882827235717	0.0	0	482.1460484942654	2817.288282721478	1	0	0	2.0828567610091513
501200.0	6000.0	517.2882827236072	0.0	0	126.92885921458947	717.2882827215944	1	0	2	3.125396750308802
502200.0	3000.0	2617.2882827236103	0.0	0	559.5274320575991	2817.288282721478	1	0	0	2.0829452183594723
505200.0	6000.0	517.288282723666	0.0	0	105.74183022981742	717.288282721478	1	0	2	3.1256601654938074
506200.0	3000.0	2617.2882827236435	0.0	0	520.6564427135163	2817.288282721478	1	0	0	2.082921797984958
509200.0	6000.0	517.2882827236554	0.0	0	171.6015901088831	717.288282721478	1	0	2	3.1254365969721998
510200.0	3000.0	2617.2882827236513	0.0	0	693.5011864364496	2817.288282721478	1	0	0	2.083001630658976
513200.0	6000.0	517.2882827236645	0.0	0	198.58046402584296	717.2882827215362	1	0	2	3.125353471432177
514200.0	3000.0	2617.288282723684	0.0	0	698.3179901223048	2817.28828272142	1	0	0	2.0830016306589796
517321.8057360908	6000.0	383.3019730238418	0.0	0	0.0	705.1077091124025	1	0	2	3.1270543641773156
518200.0	2000.0	2592.9271355055707	0.0	0	447.07647997222375	2792.927135503269	1	0	0	1.0714727053142619
521200.0	6000.0	492.9271355056518	0.0	0	0.9749473369447514	692.9271355034434	1	0	2	2.7232215577156453
522200.0	3000.0	2592.927135505627	0.0	0	673.6025680085295	2792.9271355034434	1	0	0	2.08543774538078
525200.0	6000.0	492.9271355054275	0.0	0	487.93174704140984	692.9271355032688	1	0	2	3.1272298547823247
526200.0	3000.0	2592.927135505505	0.0	0	604.2362114429707	2792.927135503327	1	0	0	2.0854377453807973
529446.6502398009	6000.0	297.3352717632774	68.83945458066785	0	0.0	743.9855115622049	1	0	2	2.7097408867904145
530200.0	2000.0	2619.320487583992	0.0	0	384.7492783907801	2819.3204875821248	1	0	0	1.0684745448792374
533200.0	6000.0	519.3204875840537	0.0	0	168.90271296026185	719.3204875822412	1	0	2	2.719757306816355
534200.0	3000.0	2619.320487584069	0.0	0	648.589541756548	2819.3204875823576	1	0	0	2.082798410172888
537200.0	6000.0	519.3204875841046	0.0	0	353.4775662586326	719.320487582474	1	0	2	3.1248125854081206
538200.0	3000.0	2619.3204875840834	0.0	0	751.1762528894469	2819.3204875823576	1	0	0	2.082798410172879
541200.0	6000.0	519.3204875840057	0.0	0	167.0234687575139	719.3204875822412	1	0	2	3.125271290099766
542200.0	3000.0	2619.3204875841056	0.0	0	457.02415774494875	2819.3204875823576	1	0	0	2.0826455787668774
545200.0	6000.0	519.3204875841623	0.0	0	83.72532449418213	719.320487582474	1	0	2	3.1255883427661484
546200.0	3000.0	2619.320487584249	0.0	0	615.9238946422702	2819.3204875828233	1	0	0	2.0827984101728534
549200.0	6000.0	519.3204875841433	0.0	0	462.05952691833954	719.3204875825904	1	0	2	3.124644646768755
550200.0	3000.0	2619.3204875841448	0.0	0	653.6635367831914	2819.3204875823576	1	0	0	2.082798410172881
553200.0	6000.0	519.3204875842644	0.0	0	479.88041925791185	719.3204875825904	1	0	2	3.1246143116372207
554200.0	3000.0	2619.3204875843735	0.0	0	676.5505648612743	2819.320487582474	1	0	0	2.082798410172872
557200.0	6000.0	519.320487584517	0.0	0	75.91399130714126	719.320487582474	1	0	2	3.125774864621625
558200.0	3000.0	2619.32048758459	0.0	0	748.612376903533	2819.320487582474	1	0	0	2.0827984101728787
561200.0	6000.0	519.3204875845778	0.0	0	320.3976091706427	719.3204875825904	1	0	2	3.1249100675150063
562200.0	3000.0	2619.320487584629	0.0	0	757.1461075460538	2819.320487582707	1	0	0	2.0827984101728627
565290.8223812421	6000.0	419.4158682182612	0.0	0	0.0	710.2382494583726	1	0	2	3.126737345523982
566200.0	3000.0	2601.1560113361397	0.0	0	570.4018743444467	2801.1560113341548	1	0	0	2.0844777681691777
569200.0	6000.0	501.1560113361609	0.0	0	375.1183061718475	701.1560113341548	1	0	2	3.126528726510341
570200.0	3000.0	2601.1560113362025	0.0	0	651.4131578616798	2801.1560113341548	1	0	0	2.084614857797706
573200.0	6000.0	501.15601133633345	0.0	0	431.78756479069125	701.1560113341548	1	0	2	3.1264887693488097
574200.0	3000.0	2601.156011336357	0.0	0	548.7907225372037	2801.1560113341548	1	0	0	2.0845671303803006
577200.0	6000.0	501.1560113363122	0.0	0	357.6327065008227	701.1560113340383	1	0	2	3.126600624852885
578200.0	3000.0	2601.1560113362593	0.0	0	567.5459747770801	2801.1560113341548	1	0	0	2.0845563932348155
581200.0	6000.0	501.156011336175	0.0	0	606.464480847586	701.1560113340383	1	0	2	3.126352429522673
582200.0	3000.0	2601.1560113361597	0.0	0	607.7074616003083	2801.1560113341548	1	0	0	2.0846037600954412
585200.0	6000.0	501.15601133599887	0.0	0	390.8177802179707	701.1560113341548	1	0	2	3.126543257900475
586200.0	3000.0	2601.156011336041	0.0	0	680.093580381712	2801.156011334271	1	0	0	2.0846148577977064
589200.0	6000.0	501.15601133599296	0.0	0	310.6755788461305	701.1560113341548	1	0	2	3.126672110922126
590200.0	3000.0	2601.156011336066	0.0	0	617.907355842879	2801.1560113343876	1	0	0	2.0846148577976944
593250.8823419116	6000.0	445.18543523343897	0.0	0	0.0	696.0677771432092	1	0	2	3.128130457267616
594200.0	3000.0	2590.979542953937	0.0	0	588.5002113557421	2790.979542952031	1	0	0	2.0855300729616704
597200.0	6000.0	490.9795429540427	0.0	0	329.27344055322465	690.9795429520309	1	0	2	3.127577420950126
598200.0	3000.0	2590.9795429540063	0.0	0	636.7022099606693	2790.9795429521473	1	0	0	2.0856325046359188
6.61	7.96	8.25	10.3	8.07	7.1	8.05	9.33	12.4	7.59	6.1	9.48	10.7	5.44	7.66	10.4	9.26	10.5	12.7	16.7	9.7	9.2	8.92	6.41	5.98	7.96	8.69	9.22	13.5	11.8	9.93	11.3	13.7	8.18	8.31	8.02	5.71	7.06	6.96	7.11	6.3	8.61	6.87	9.66	9.6	12.1	10.3	9.48	8.38	8.72	8.48	8.32	6.92	7.19	6.52	7.39	6.05	7.8	6.63	6.73	10.2	7.69	7.97	8.09	9.55	9.13	10.9	8.53	11.9	6.7	6.8	8.46	4.81	5.91	7.15	10.0	7.55	7.02	8.88	7.65	10.8	10.7	4.22	6.86	6.73	5.86	4.84	6.78	10.7	5.35	5.98	8.66	7.49	8.27	5.83	10.2	10.6	11.0	6.79	7.16	6.45	7.77	7.96	9.29	9.24	7.89	10.7	6.73	6.51	8.0	8.56	11.8	6.94	6.89	5.93	8.12	10.1	12.5	12.6	7.29	6.59	7.75	8.58	10.4	9.2	10.9	8.18	7.89	11.7	12.1	11.4	6.67	7.09	9.36	8.79	14.1	7.94	7.38	9.49	15.8	10.5	10.4	11.5	6.87	7.66	6.44	7.7	10.8	8.91	10.8	6.61	7.96	8.25	10.3	8.07	7.1	8.05	9.33	12.4	7.59	6.1	9.48	10.7	5.44	7.66	10.4	9.26	10.5	12.7	16.7	9.7	9.2	8.92	6.41	5.98	7.96	8.69	9.22	13.5	11.8	9.93	11.3	13.7	8.18	8.31	8.02	5.71	7.06	6.96	7.11	6.3	8.61	6.87	9.66	9.6	12.1	10.3	9.48	8.38	8.72	8.48	8.32	6.92	7.19	6.52	7.39	6.05	7.8	6.63	6.73	10.2	7.69	7.97	8.09	9.55	9.13	10.9	8.53	11.9	6.7	6.8	8.46	4.81	5.91	7.15	10.0	7.55	7.02	8.88	7.65	10.8	10.7	4.22	6.86	6.73	5.86	4.84	6.78	10.7	5.35	5.98	8.66	7.49	8.27	5.83	10.2	10.6	11.0	6.79	7.16	6.45	7.77	7.96	9.29	9.24	7.89	10.7	6.73	6.51	8.0	8.56	11.8	6.94	6.89	5.93	8.12	10.1	12.5	12.6	7.29	6.59	7.75	8.58	10.4	9.2	10.9	8.18	7.89	11.7	12.1	11.4	6.67	7.09	9.36	8.79	14.1	7.94	7.38	9.49	15.8	10.5	10.4	11.5	6.87	7.66	6.44	7.7	10.8	8.91	10.8	6.61	7.96	8.25	10.3	8.07	7.1	8.05	9.33	12.4	7.59	6.1	9.48	10.7	5.44	7.66	10.4	9.26	10.5	12.7	16.7	9.7	9.2	8.92	6.41	5.98	7.96	8.69	9.22	13.5	11.8	9.93	11.3	13.7	8.18	8.31	8.02	5.71	7.06	6.96	7.11	6.3	8.61	6.87	9.66	9.6	12.1	10.3	9.48	8.38	8.72	8.48	8.32	6.92	7.19	6.52	7.39	6.05	7.8	6.63	6.73	10.2	7.69	7.97	8.09	9.55	9.13	10.9	8.53	11.9	6.7	6.8	8.46	4.81	5.91	7.15	10.0	7.55	7.02	8.88	7.65	10.8	10.7	4.22	6.86	6.73	5.86	4.84	6.78	10.7	5.35	5.98	8.66	7.49	8.27	5.83	10.2	10.6	11.0	6.79	7.16	6.45	7.77	7.96	9.29	9.24	7.89	10.7	6.73	6.51	8.0	8.56	11.8	6.94	6.89	5.93	8.12	10.1	12.5	12.6	7.29	6.59	7.75	8.58	10.4	9.2	10.9	8.18	7.89	11.7	12.1	11.4	6.67	7.09	9.36	8.79	14.1	7.94	7.38	9.49	15.8	10.5	10.4	11.5	6.87	7.66	6.44	7.7	10.8	8.91	10.8	6.61	7.96	8.25	10.3	8.07	7.1	8.05	9.33	12.4	7.59	6.1	9.48	10.7	5.44	7.66	10.4	9.26	10.5	12.7	16.7	9.7	9.2	8.92	6.41	5.98	7.96	8.69	9.22	13.5	11.8	9.93	11.3	13.7	8.18	8.31	8.02	5.71	7.06	6.96	7.11	6.3	8.61	6.87	9.66	9.6	12.1	10.3	9.48	8.38	8.72	8.48	8.32	6.92	7.19	6.52	7.39	6.05	7.8	6.63	6.73	10.2	7.69	7.97	8.09	9.55	9.13	10.9	8.53	11.9	6.7	6.8	8.46	4.81	5.91	7.15	10.0	7.55	7.02	8.88	7.65	10.8	10.7	4.22	6.86	6.73	5.86	4.84	6.78	10.7	5.35	5.98	8.66	7.49	8.27	5.83	10.2	10.6	11.0	6.79	7.16	6.45	7.77	7.96	9.29	9.24	7.89	10.7	6.73	6.51	8.0	8.56	11.8	6.94	6.89	5.93	8.12	10.1	12.5	12.6	7.29	6.59	7.75	8.58	10.4	9.2	10.9	8.18	7.89	11.7	12.1	11.4	6.67	7.09	9.36	8.79	14.1	7.94	7.38	9.49	15.8	10.5	10.4	11.5	6.87	7.66	6.44	7.7	10.8	8.91	10.8	6.61	7.96	8.25
1.0	2.0	3.0	4.0	5.0	6.0	7.0	8.0	9.0	10.0	11.0	12.0	13.0	14.0	15.0	16.0	17.0	18.0	19.0	20.0	21.0	22.0	23.0	24.0	25.0	26.0	27.0	28.0	29.0	30.0	31.0	32.0	33.0	34.0	35.0	36.0	37.0	38.0	39.0	40.0	41.0	42.0	43.0	44.0	45.0	46.0	47.0	48.0	49.0	50.0	51.0	52.0	53.0	54.0	55.0	56.0	57.0	58.0	59.0	60.0	61.0	62.0	63.0	64.0	65.0	66.0	67.0	68.0	69.0	70.0	71.0	72.0	73.0	74.0	75.0	76.0	77.0	78.0	79.0	80.0	81.0	82.0	83.0	84.0	85.0	86.0	87.0	88.0	89.0	90.0	91.0	92.0	93.0	94.0	95.0	96.0	97.0	98.0	99.0	100.0	101.0	102.0	103.0	104.0	105.0	106.0	107.0	108.0	109.0	110.0	111.0	112.0	113.0	114.0	115.0	116.0	117.0	118.0	119.0	120.0	121.0	122.0	123.0	124.0	125.0	126.0	127.0	128.0	129.0	130.0	131.0	132.0	133.0	134.0	135.0	136.0	137.0	138.0	139.0	140.0	141.0	142.0	143.0	144.0	145.0	146.0	147.0	148.0	149.0	149.0	150.0	151.0	152.0	153.0	154.0	155.0	156.0	157.0	158.0	159.0	160.0	161.0	162.0	163.0	164.0	165.0	166.0	167.0	168.0	169.0	170.0	171.0	172.0	173.0	174.0	175.0	176.0	177.0	178.0	179.0	180.0	181.0	182.0	183.0	184.0	185.0	186.0	187.0	188.0	189.0	190.0	191.0	192.0	193.0	194.0	195.0	196.0	197.0	198.0	199.0	200.0	201.0	202.0	203.0	204.0	205.0	206.0	207.0	208.0	209.0	210.0	211.0	212.0	213.0	214.0	215.0	216.0	217.0	218.0	219.0	220.0	221.0	222.0	223.0	224.0	225.0	226.0	227.0	228.0	229.0	230.0	231.0	232.0	233.0	234.0	235.0	236.0	237.0	238.0	239.0	240.0	241.0	242.0	243.0	244.0	245.0	246.0	247.0	248.0	249.0	250.0	251.0	252.0	253.0	254.0	255.0	256.0	257.0	258.0	259.0	260.0	261.0	262.0	263.0	264.0	265.0	266.0	267.0	268.0	269.0	270.0	271.0	272.0	273.0	274.0	275.0	276.0	277.0	278.0	279.0	280.0	281.0	282.0	283.0	284.0	285.0	286.0	287.0	288.0	289.0	290.0	291.0	292.0	293.0	294.0	295.0	296.0	297.0	298.0	298.0	299.0	300.0	301.0	302.0	303.0	304.0	305.0	306.0	307.0	308.0	309.0	310.0	311.0	312.0	313.0	314.0	315.0	316.0	317.0	318.0	319.0	320.0	321.0	322.0	323.0	324.0	325.0	326.0	327.0	328.0	329.0	330.0	331.0	332.0	333.0	334.0	335.0	336.0	337.0	338.0	339.0	340.0	341.0	342.0	343.0	344.0	345.0	346.0	347.0	348.0	349.0	350.0	351.0	352.0	353.0	354.0	355.0	356.0	357.0	358.0	359.0	360.0	361.0	362.0	363.0	364.0	365.0	366.0	367.0	368.0	369.0	370.0	371.0	372.0	373.0	374.0	375.0	376.0	377.0	378.0	379.0	380.0	381.0	382.0	383.0	384.0	385.0	386.0	387.0	388.0	389.0	390.0	391.0	392.0	393.0	394.0	395.0	396.0	397.0	398.0	399.0	400.0	401.0	402.0	403.0	404.0	405.0	406.0	407.0	408.0	409.0	410.0	411.0	412.0	413.0	414.0	415.0	416.0	417.0	418.0	419.0	420.0	421.0	422.0	423.0	424.0	425.0	426.0	427.0	428.0	429.0	430.0	431.0	432.0	433.0	434.0	435.0	436.0	437.0	438.0	439.0	440.0	441.0	442.0	443.0	444.0	445.0	446.0	447.0	447.0	448.0	449.0	450.0	451.0	452.0	453.0	454.0	455.0	456.0	457.0	458.0	459.0	460.0	461.0	462.0	463.0	464.0	465.0	466.0	467.0	468.0	469.0	470.0	471.0	472.0	473.0	474.0	475.0	476.0	477.0	478.0	479.0	480.0	481.0	482.0	483.0	484.0	485.0	486.0	487.0	488.0	489.0	490.0	491.0	492.0	493.0	494.0	495.0	496.0	497.0	498.0	499.0	500.0	501.0	502.0	503.0	504.0	505.0	506.0	507.0	508.0	509.0	510.0	511.0	512.0	513.0	514.0	515.0	516.0	517.0	518.0	519.0	520.0	521.0	522.0	523.0	524.0	525.0	526.0	527.0	528.0	529.0	530.0	531.0	532.0	533.0	534.0	535.0	536.0	537.0	538.0	539.0	540.0	541.0	542.0	543.0	544.0	545.0	546.0	547.0	548.0	549.0	550.0	551.0	552.0	553.0	554.0	555.0	556.0	557.0	558.0	559.0	560.0	561.0	562.0	563.0	564.0	565.0	566.0	567.0	568.0	569.0	570.0	571.0	572.0	573.0	574.0	575.0	576.0	577.0	578.0	579.0	580.0	581.0	582.0	583.0	584.0	585.0	586.0	587.0	588.0	589.0	590.0	591.0	592.0	593.0	594.0	595.0	596.0	596.0	597.0	598.0	599.0
2090.9779890585833
