3228.1862019738287	300.0	2000.0	118.40565461976553	0	0.0	3228.1862019738287	1	0	1	-1.0309528326047501
5200.0	3000.0	928.2000000000014	0.0	0	233.30382505192574	1128.2000000000012	1	0	2	0.6349956897300699
6200.0	2000.0	3028.200000000001	0.0	0	532.9013378085792	3228.2000000000007	1	0	0	1.721316037509176
9624.05800721854	6000.0	461.7361920596061	0.0	0	0.0	1085.794199278147	1	0	2	2.6833145318334974
10200.0	1000.0	2943.388398556293	0.0	0	347.9949424837796	3143.3883985562943	1	0	0	-0.6971612835084355
13557.58678785123	6000.0	450.04293191993713	0.0	0	0.0	1007.6297197711683	1	0	2	1.99721998398317
14200.0	1000.0	2871.871040986044	0.0	0	423.9803228414785	3071.871040986043	1	0	0	-0.6897589194410187
17441.52032651805	6000.0	506.198681816187	0.0	0	0.0	947.7190083342393	1	0	2	2.0040892409504623
18200.0	2000.0	2823.5669756824345	0.0	0	335.44571942406037	3023.5669756824373	1	0	0	1.0480122151390667
21524.783995645936	6000.0	402.4778385904494	32.88478010776498	0	0.0	927.2618342363894	1	0	2	2.5022432348160213
22200.0	1000.0	2794.7834346717914	0.0	0	506.14842995940126	2994.7834346717973	1	0	0	-0.6818035515826155
25423.291551858463	6000.0	449.16272762747974	0.0	0	0.0	872.4542794859444	1	0	2	2.0108079362489777
26200.0	1000.0	2750.1251243001007	0.0	0	435.96805000987297	2950.1251243001025	1	0	0	-0.6773068859948231
29315.622674267164	6000.0	522.9401826062199	0.0	0	0.0	838.5628568733882	1	0	2	2.0152171271822703
30200.0	2000.0	2727.0005894466676	0.0	0	573.5223503421075	2927.0005894466703	1	0	0	1.0582009816527522
33810.25965447602	6000.0	200.0	222.07730043360132	0	0.0	1010.2596544760236	1	0	2	1.3670244788224466
34200.0	500.0	2849.2336890284164	0.0	0	218.72180060104438	3049.233689028417	1	0	0	-2.4215094064785943
37536.49157315524	6000.0	379.09295855765174	0.0	0	0.0	915.5845317128915	1	0	2	1.3140740897652463
38200.0	1000.0	2781.9353743973666	0.0	0	412.3024866959895	2981.9353743973697	1	0	0	-0.680722600000649
41348.30364949008	6000.0	518.8013599582795	0.0	0	0.0	867.1050094483726	1	0	2	2.012259030001317
42200.0	2000.0	2752.2746444993486	0.0	0	467.2302299587027	2952.274644499361	1	0	0	1.0555699920681425
45341.72839683029	6000.0	496.3734079860366	0.0	0	0.0	838.1018048163314	1	0	2	2.7082146296401826
46200.0	2000.0	2723.9289651332906	0.0	0	366.3200829374982	2923.928965133302	1	0	0	1.058294021982414
50096.42782856795	6000.0	200.0	511.0378602649499	0	0.0	1296.4278285679466	1	0	2	-0.3916209006195297
50246.711049704616	500.0	1049.7167788633296	0.0	0	0.0	1296.4278285679393	1	0	1	-2.0483109969958067
51200.0	3000.0	1096.427828567941	0.0	0	236.54829062664066	1296.427828567932	1	0	1	1.5324753874062207
52200.0	3000.0	1096.4278285679354	0.0	0	394.74028065986204	1296.427828567932	1	0	1	3.324234856634276
53200.0	3000.0	1096.4278285679425	0.0	0	300.4839815084415	1296.427828567932	1	0	1	3.324234856634276
54200.0	3000.0	1096.4278285679454	0.0	0	217.9486403339397	1296.427828567932	1	0	1	3.324234856634276
55200.0	3000.0	1096.4278285679432	0.0	0	556.6935174071332	1296.427828567932	1	0	1	3.324234856634276
56200.0	3000.0	1096.4278285679386	0.0	0	422.3020367908175	1296.427828567932	1	0	1	3.324234856634276
57200.0	3000.0	1096.4278285679366	0.0	0	595.0455717047807	1296.427828567932	1	0	1	3.324234856634276
58200.0	3000.0	1096.4278285679488	0.0	0	337.85788503642834	1296.427828567932	1	0	1	3.324234856634276
59200.0	3000.0	1096.4278285679484	0.0	0	105.3453284776333	1296.4278285679247	1	0	1	3.3242348566342765
60200.0	3000.0	1096.4278285679518	0.0	0	170.47880419287685	1296.4278285679175	1	0	1	3.324234856634277
61381.2588122815	3000.0	915.1690162864511	0.0	0	0.0	1296.4278285679175	1	0	1	3.324234856634277
62245.875268416974	3000.0	1050.5525601509735	0.0	0	0.0	1296.4278285679175	1	0	1	3.324234856634277
63200.0	3000.0	1096.4278285679518	0.0	0	34.41651685247052	1296.4278285679175	1	0	1	3.324234856634277
64200.0	3000.0	1096.4278285679534	0.0	0	266.6082908691242	1296.4278285679247	1	0	1	3.3242348566342765
65200.0	3000.0	1096.4278285679534	0.0	0	313.9789466191942	1296.4278285679247	1	0	1	3.3242348566342765
66200.0	3000.0	1096.4278285679634	0.0	0	406.7548765478714	1296.4278285679393	1	0	1	3.324234856634275
67200.0	3000.0	1096.4278285679648	0.0	0	289.646635831421	1296.4278285679466	1	0	1	3.3242348566342743
68372.06583452206	3000.0	924.3619940459034	0.0	0	0.0	1296.4278285679466	1	0	1	3.3242348566342743
69200.0	3000.0	1096.4278285679652	0.0	0	71.60361856757663	1296.427828567932	1	0	1	3.324234856634276
70200.0	3000.0	1096.42782856797	0.0	0	427.11070544032555	1296.4278285679466	1	0	1	3.3242348566342743
71200.0	3000.0	1096.4278285679839	0.0	0	664.1217395787389	1296.4278285679466	1	0	1	3.3242348566342743
72200.0	3000.0	1096.4278285679898	0.0	0	412.3033453120588	1296.4278285679466	1	0	1	3.3242348566342743
73200.0	3000.0	1096.4278285679807	0.0	0	439.10280544012494	1296.4278285679466	1	0	1	3.3242348566342743
74200.0	3000.0	1096.4278285679782	0.0	0	288.1425822911551	1296.4278285679466	1	0	1	3.3242348566342743
75200.0	3000.0	1096.4278285679852	0.0	0	351.95038366327935	1296.4278285679466	1	0	1	3.3242348566342743
76200.0	3000.0	1096.4278285679854	0.0	0	344.10925613848667	1296.4278285679611	1	0	1	3.3242348566342725
77200.0	3000.0	1096.4278285679725	0.0	0	370.0167031481542	1296.4278285679611	1	0	1	3.3242348566342725
78200.0	3000.0	1096.4278285679807	0.0	0	175.43719057261478	1296.4278285679757	1	0	1	3.3242348566342717
79311.77027970366	3000.0	984.6575488643276	0.0	0	0.0	1296.4278285679902	1	0	1	3.32423485663427
80200.0	3000.0	1096.4278285679943	0.0	0	44.992161587724695	1296.4278285679902	1	0	1	3.32423485663427
81200.0	3000.0	1096.427828567997	0.0	0	613.5105733228702	1296.4278285679902	1	0	1	3.32423485663427
82200.0	3000.0	1096.4278285679834	0.0	0	495.8207055268431	1296.4278285679902	1	0	1	3.32423485663427
83200.0	3000.0	1096.4278285679625	0.0	0	229.31937827469665	1296.4278285679757	1	0	1	3.3242348566342717
84200.0	3000.0	1096.4278285679716	0.0	0	211.59792529669357	1296.4278285679902	1	0	1	3.32423485663427
85200.0	3000.0	1096.4278285679666	0.0	0	203.7187889039924	1296.4278285680048	1	0	1	3.324234856634269
86200.0	3000.0	1096.4278285679738	0.0	0	322.96158453202224	1296.4278285680048	1	0	1	3.324234856634269
87200.0	3000.0	1096.427828567979	0.0	0	619.3460996134963	1296.4278285680048	1	0	1	3.324234856634269
88200.0	3000.0	1096.4278285679684	0.0	0	614.8910516425676	1296.4278285679902	1	0	1	3.32423485663427
89200.0	3000.0	1096.4278285679604	0.0	0	673.4109367903002	1296.4278285679902	1	0	1	3.32423485663427
90200.0	3000.0	1096.4278285679504	0.0	0	579.771495885012	1296.4278285679757	1	0	1	3.3242348566342717
91200.0	3000.0	1096.4278285679375	0.0	0	465.3807091821509	1296.4278285679611	1	0	1	3.3242348566342725
92651.0986377867	6000.0	645.3291907812487	0.0	0	0.0	1296.4278285679611	1	0	1	3.670808446914246
93323.19609336961	3000.0	973.2317351983397	0.0	0	0.0	1296.4278285679611	1	0	1	2.631087676074328
94276.282045604	3000.0	1020.1457829639463	0.0	0	0.0	1296.4278285679611	1	0	1	3.3242348566342725
95200.0	3000.0	1096.4278285679566	0.0	0	51.01766990942997	1296.4278285679611	1	0	1	3.3242348566342725
96200.0	3000.0	1096.4278285679666	0.0	0	67.15895407702192	1296.4278285679611	1	0	1	3.3242348566342725
97200.0	3000.0	1096.4278285679766	0.0	0	500.153554969962	1296.4278285679611	1	0	1	3.3242348566342725
98200.0	3000.0	1096.4278285679832	0.0	0	682.499828445827	1296.4278285679611	1	0	1	3.3242348566342725
99200.0	3000.0	1096.4278285679802	0.0	0	504.30900112816016	1296.4278285679611	1	0	1	3.3242348566342725
100452.46740247215	3000.0	843.9604260958411	0.0	0	0.0	1296.4278285679611	1	0	1	3.3242348566342725
101200.0	3000.0	1096.4278285679961	0.0	0	1.8855009655526374	1296.4278285679466	1	0	1	3.3242348566342743
102200.0	3000.0	1096.427828567987	0.0	0	221.9268075352884	1296.4278285679466	1	0	1	3.3242348566342743
103200.0	3000.0	1096.4278285679895	0.0	0	225.2514604259777	1296.4278285679466	1	0	1	3.3242348566342743
104200.0	3000.0	1096.4278285679918	0.0	0	133.554189572038	1296.4278285679466	1	0	1	3.3242348566342743
105200.0	3000.0	1096.427828567992	0.0	0	371.70955150961527	1296.4278285679466	1	0	1	3.3242348566342743
106200.0	3000.0	1096.4278285679964	0.0	0	398.37521320657106	1296.4278285679611	1	0	1	3.3242348566342725
107200.0	3000.0	1096.4278285679998	0.0	0	325.03186043794267	1296.4278285679611	1	0	1	3.3242348566342725
108200.0	3000.0	1096.4278285680043	0.0	0	406.90969223769207	1296.4278285679757	1	0	1	3.3242348566342717
109200.0	3000.0	1096.427828568003	0.0	0	251.35597584946663	1296.4278285679757	1	0	1	3.3242348566342717
110200.0	3000.0	1096.4278285679934	0.0	0	292.7268440948101	1296.4278285679757	1	0	1	3.3242348566342717
111200.0	3000.0	1096.4278285679939	0.0	0	124.7241043093818	1296.4278285679902	1	0	1	3.32423485663427
112200.0	3000.0	1096.4278285679948	0.0	0	109.11358361280872	1296.4278285679902	1	0	1	3.32423485663427
113200.0	3000.0	1096.4278285680043	0.0	0	521.3593376044591	1296.4278285679902	1	0	1	3.32423485663427
114200.0	3000.0	1096.4278285680123	0.0	0	551.5067283377139	1296.4278285680048	1	0	1	3.324234856634269
115200.0	3000.0	1096.427828568028	0.0	0	463.90504048467847	1296.4278285680193	1	0	1	3.324234856634267
116227.47473534706	3000.0	1068.9530932209752	0.0	0	0.0	1296.4278285680193	1	0	1	3.324234856634267
117200.0	3000.0	1096.4278285680334	0.0	0	88.78121975740942	1296.4278285680193	1	0	1	3.324234856634267
118200.0	3000.0	1096.4278285680411	0.0	0	76.17149083032564	1296.4278285680193	1	0	1	3.324234856634267
119200.0	3000.0	1096.4278285680448	0.0	0	360.480032339241	1296.4278285680193	1	0	1	3.324234856634267
120200.0	3000.0	1096.4278285680416	0.0	0	320.82344318483956	1296.4278285680193	1	0	1	3.324234856634267
121200.0	3000.0	1096.4278285680366	0.0	0	432.3837612776988	1296.4278285680339	1	0	1	3.3242348566342654
122200.0	3000.0	1096.4278285680555	0.0	0	456.60468448422034	1296.4278285680339	1	0	1	3.3242348566342654
123200.0	3000.0	1096.4278285680655	0.0	0	437.890910632952	1296.4278285680193	1	0	1	3.324234856634267
124200.0	3000.0	1096.4278285680537	0.0	0	487.0084866193356	1296.4278285680193	1	0	1	3.324234856634267
125200.0	3000.0	1096.4278285680489	0.0	0	102.51490490658034	1296.4278285680339	1	0	1	3.3242348566342654
126200.0	3000.0	1096.4278285680434	0.0	0	311.2997938505723	1296.4278285680339	1	0	1	3.3242348566342654
127200.0	3000.0	1096.427828568039	0.0	0	328.23037578791264	1296.4278285680339	1	0	1	3.3242348566342654
128200.0	3000.0	1096.4278285680198	0.0	0	495.66490953926404	1296.4278285680339	1	0	1	3.3242348566342654
129200.0	3000.0	1096.4278285680102	0.0	0	561.9291825671971	1296.4278285680339	1	0	1	3.3242348566342654
130200.0	3000.0	1096.4278285680155	0.0	0	460.77441991787055	1296.4278285680193	1	0	1	3.324234856634267
131200.0	3000.0	1096.4278285680157	0.0	0	388.8633605022769	1296.4278285680193	1	0	1	3.324234856634267
132200.0	3000.0	1096.4278285680216	0.0	0	76.91828380496008	1296.4278285680048	1	0	1	3.3242348566342677
133200.0	3000.0	1096.4278285680255	0.0	0	343.0171389392053	1296.4278285680048	1	0	1	3.324234856634269
134200.0	3000.0	1096.4278285680284	0.0	0	87.15187672761385	1296.4278285680339	1	0	1	3.3242348566342654
135200.0	3000.0	1096.4278285680361	0.0	0	311.6858225397009	1296.4278285680339	1	0	1	3.3242348566342654
136200.0	3000.0	1096.427828568041	0.0	0	159.017254701379	1296.4278285680339	1	0	1	3.3242348566342654
137200.0	3000.0	1096.4278285680275	0.0	0	303.4320494044514	1296.4278285680339	1	0	1	3.3242348566342654
138200.0	3000.0	1096.427828568058	0.0	0	358.10194727330236	1296.4278285680339	1	0	1	3.3242348566342654
139223.83007524724	3000.0	1072.5977533208306	0.0	0	0.0	1296.4278285680339	1	0	1	3.3242348566342654
140200.0	3000.0	1096.4278285680866	0.0	0	116.16464270759025	1296.4278285680339	1	0	1	3.3242348566342654
141200.0	3000.0	1096.4278285680905	0.0	0	462.29817036612076	1296.427828568063	1	0	1	3.3242348566342628
142200.0	3000.0	1096.4278285681064	0.0	0	655.0674289502203	1296.427828568092	1	0	1	3.32423485663426
143200.0	3000.0	1096.427828568089	0.0	0	642.8627859473345	1296.427828568092	1	0	1	3.32423485663426
144200.0	3000.0	1096.4278285680834	0.0	0	352.04941501439316	1296.427828568092	1	0	1	3.32423485663426
145200.0	3000.0	1096.4278285681005	0.0	0	414.3497200082347	1296.427828568092	1	0	1	3.32423485663426
146200.0	6000.0	1096.4278285681114	0.0	0	231.73862202907912	1296.427828568092	1	0	1	3.670808446914233
147200.0	6000.0	1096.427828568099	0.0	0	21.307142023026245	1296.427828568063	1	0	1	4.36395562747418
148200.0	3000.0	1096.4278285681157	0.0	0	414.7535612171923	1296.427828568063	1	0	1	2.631087676074318
149200.0	3000.0	1096.4278285681144	0.0	0	353.7285235179879	1296.427828568063	1	0	1	3.3242348566342628
150200.0	3000.0	1096.4278285680955	0.0	0	590.189735960128	1296.427828568092	1	0	1	3.32423485663426
151200.0	3000.0	1096.4278285680684	0.0	0	295.6234965804033	1296.427828568092	1	0	1	3.32423485663426
152200.0	3000.0	1096.427828568028	0.0	0	335.974584343523	1296.427828568092	1	0	1	3.32423485663426
153200.0	3000.0	1096.4278285680373	0.0	0	423.25503742307774	1296.427828568092	1	0	1	3.32423485663426
154200.0	3000.0	1096.4278285680496	0.0	0	336.87390131893335	1296.427828568092	1	0	1	3.32423485663426
155207.17591607803	3000.0	1089.251912489995	0.0	0	0.0	1296.427828568092	1	0	1	3.32423485663426
156200.0	3000.0	1096.427828567995	0.0	0	241.6967973044666	1296.427828568063	1	0	1	3.3242348566342628
157200.0	3000.0	1096.4278285680223	0.0	0	671.5012198639452	1296.427828568063	1	0	1	3.3242348566342628
158200.0	3000.0	1096.4278285679945	0.0	0	645.7739393408701	1296.427828568063	1	0	1	3.3242348566342628
159200.0	3000.0	1096.4278285679754	0.0	0	456.9550842148601	1296.4278285680339	1	0	1	3.3242348566342654
160223.397186028	3000.0	1073.030642539959	0.0	0	0.0	1296.4278285680339	1	0	1	3.3242348566342654
161200.0	3000.0	1096.427828567977	0.0	0	217.74468097926	1296.4278285680339	1	0	1	3.3242348566342654
162200.0	3000.0	1096.4278285679568	0.0	0	176.68744924405473	1296.4278285680048	1	0	1	3.324234856634269
163200.0	3000.0	1096.4278285679302	0.0	0	165.04096740676323	1296.4278285679757	1	0	1	3.3242348566342717
164200.0	3000.0	1096.427828567963	0.0	0	391.8346181100642	1296.4278285679757	1	0	1	3.3242348566342717
165200.0	3000.0	1096.4278285679657	0.0	0	298.6903731060738	1296.4278285679757	1	0	1	3.3242348566342717
166200.0	3000.0	1096.4278285679898	0.0	0	105.12100896731135	1296.4278285679757	1	0	1	3.3242348566342717
167200.0	3000.0	1096.4278285679848	0.0	0	478.91218189004576	1296.4278285679757	1	0	1	3.3242348566342717
168200.0	3000.0	1096.4278285680177	0.0	0	92.33154386948445	1296.4278285679757	1	0	1	3.3242348566342717
169200.0	3000.0	1096.4278285680211	0.0	0	435.7664306091028	1296.4278285679757	1	0	1	3.3242348566342717
170200.0	3000.0	1096.4278285680027	0.0	0	488.1288428279513	1296.4278285679757	1	0	1	3.3242348566342717
171200.0	3000.0	1096.4278285680186	0.0	0	679.0286458308692	1296.4278285679757	1	0	1	3.3242348566342717
172200.0	3000.0	1096.4278285680302	0.0	0	430.9483235463849	1296.4278285679757	1	0	1	3.3242348566342717
173200.0	3000.0	1096.4278285680189	0.0	0	299.536056959274	1296.4278285679757	1	0	1	3.3242348566342717
174200.0	3000.0	1096.4278285680152	0.0	0	394.63727854087483	1296.4278285679757	1	0	1	3.3242348566342717
175200.0	3000.0	1096.427828568022	0.0	0	414.3953270193306	1296.4278285679466	1	0	1	3.3242348566342743
176200.0	3000.0	1096.4278285680161	0.0	0	154.8618490350491	1296.4278285679466	1	0	1	3.3242348566342743
177200.0	3000.0	1096.4278285680284	0.0	0	33.02726001437986	1296.4278285679757	1	0	1	3.3242348566342725
178200.0	3000.0	1096.4278285680175	0.0	0	419.3385188540851	1296.4278285679757	1	0	1	3.3242348566342717
179200.0	3000.0	1096.4278285680218	0.0	0	438.3647632559296	1296.4278285679757	1	0	1	3.3242348566342717
180200.0	3000.0	1096.4278285679768	0.0	0	421.8654679893807	1296.4278285679757	1	0	1	3.3242348566342717
181200.0	3000.0	1096.4278285679823	0.0	0	439.0747211528942	1296.4278285679757	1	0	1	3.3242348566342717
182200.0	3000.0	1096.4278285679793	0.0	0	521.3449071855284	1296.4278285679757	1	0	1	3.3242348566342717
183200.0	3000.0	1096.4278285679604	0.0	0	454.5946099087596	1296.4278285679466	1	0	1	3.3242348566342743
184200.0	3000.0	1096.4278285679347	0.0	0	226.8824470527179	1296.4278285679175	1	0	1	3.324234856634277
185200.0	3000.0	1096.427828567941	0.0	0	523.0139819619653	1296.4278285679175	1	0	1	3.324234856634277
186200.0	3000.0	1096.4278285679272	0.0	0	217.16772387441597	1296.4278285679175	1	0	1	3.324234856634277
187200.0	3000.0	1096.4278285679438	0.0	0	125.60069762222702	1296.4278285679175	1	0	1	3.324234856634277
188200.0	3000.0	1096.4278285679563	0.0	0	505.0645768271643	1296.4278285679175	1	0	1	3.324234856634277
189200.0	3000.0	1096.4278285679613	0.0	0	496.3169365542126	1296.4278285679175	1	0	1	3.324234856634277
190200.0	3000.0	1096.427828567987	0.0	0	345.8265058596444	1296.4278285679175	1	0	1	3.324234856634277
191200.0	3000.0	1096.4278285679925	0.0	0	34.71283958555432	1296.4278285679175	1	0	1	3.324234856634277
192200.0	3000.0	1096.4278285679877	0.0	0	237.07503629746498	1296.4278285679175	1	0	1	3.324234856634277
193200.0	3000.0	1096.4278285679948	0.0	0	405.00485507620033	1296.4278285679175	1	0	1	3.324234856634277
194200.0	3000.0	1096.4278285679918	0.0	0	457.9304574757407	1296.4278285679175	1	0	1	3.324234856634277
195200.0	3000.0	1096.4278285679873	0.0	0	532.307408379711	1296.4278285679175	1	0	1	3.324234856634277
196200.0	3000.0	1096.4278285679798	0.0	0	523.0091635216668	1296.4278285679175	1	0	1	3.324234856634277
197200.0	3000.0	1096.4278285680018	0.0	0	451.1791806653782	1296.4278285679466	1	0	1	3.3242348566342743
198259.9145519725	3000.0	1036.51327659551	0.0	0	0.0	1296.4278285679757	1	0	1	3.3242348566342725
199200.0	3000.0	1096.427828567968	0.0	0	87.1460205320036	1296.4278285679757	1	0	1	3.3242348566342717
200200.0	3000.0	1096.4278285679536	0.0	0	426.27130335295806	1296.4278285679757	1	0	1	3.3242348566342717
201200.0	3000.0	1096.4278285679588	0.0	0	242.35517561831512	1296.4278285679757	1	0	1	3.3242348566342717
202200.0	3000.0	1096.4278285679375	0.0	0	466.81560625651036	1296.4278285679466	1	0	1	3.3242348566342743
203200.0	3000.0	1096.427828567931	0.0	0	262.5294475829869	1296.4278285679466	1	0	1	3.3242348566342743
204200.0	3000.0	1096.427828567957	0.0	0	420.3319331398234	1296.4278285679757	1	0	1	3.3242348566342717
205200.0	3000.0	1096.4278285679177	0.0	0	337.05202159291366	1296.4278285679757	1	0	1	3.3242348566342717
206200.0	3000.0	1096.4278285679243	0.0	0	420.6325327725208	1296.4278285679757	1	0	1	3.3242348566342717
207200.0	3000.0	1096.427828567963	0.0	0	181.54893713380443	1296.4278285680048	1	0	1	3.324234856634269
208200.0	3000.0	1096.4278285679165	0.0	0	284.03080954393954	1296.4278285680048	1	0	1	3.324234856634269
209200.0	3000.0	1096.4278285679493	0.0	0	172.6376197229838	1296.4278285680048	1	0	1	3.324234856634269
210405.46779703803	3000.0	890.9600315299756	0.0	0	0.0	1296.4278285680339	1	0	1	3.324234856634266
211210.92150560228	3000.0	1085.5063229657503	0.0	0	0.0	1296.4278285680048	1	0	1	3.3242348566342677
212200.0	3000.0	1096.427828568038	0.0	0	229.7197239997913	1296.4278285680048	1	0	1	3.324234856634269
213200.0	3000.0	1096.4278285680264	0.0	0	308.1202765374328	1296.4278285680048	1	0	1	3.324234856634269
214200.0	3000.0	1096.4278285680077	0.0	0	392.5109289062093	1296.4278285680048	1	0	1	3.324234856634269
215200.0	3000.0	1096.427828568001	0.0	0	565.4817450847768	1296.4278285680339	1	0	1	3.3242348566342654
216200.0	3000.0	1096.4278285679902	0.0	0	461.3933718743792	1296.4278285680339	1	0	1	3.3242348566342654
217200.0	3000.0	1096.4278285679848	0.0	0	136.3363433163322	1296.4278285680339	1	0	1	3.3242348566342654
218200.0	3000.0	1096.427828568	0.0	0	346.79003207484493	1296.4278285680339	1	0	1	3.3242348566342654
219200.0	3000.0	1096.4278285680068	0.0	0	473.4962822221569	1296.4278285680339	1	0	1	3.3242348566342654
220200.0	3000.0	1096.4278285680134	0.0	0	522.553699657903	1296.4278285680339	1	0	1	3.3242348566342654
221200.0	3000.0	1096.4278285680007	0.0	0	593.9895431035256	1296.4278285680339	1	0	1	3.3242348566342654
222200.0	3000.0	1096.4278285679861	0.0	0	306.1396101836581	1296.4278285680339	1	0	1	3.3242348566342654
223200.0	3000.0	1096.4278285679493	0.0	0	300.50600391058833	1296.4278285680339	1	0	1	3.3242348566342654
224200.0	3000.0	1096.4278285679432	0.0	0	440.36754880519584	1296.4278285680048	1	0	1	3.324234856634269
225200.0	3000.0	1096.4278285679106	0.0	0	341.13383997784695	1296.4278285680048	1	0	1	3.324234856634269
226200.0	3000.0	1096.4278285679252	0.0	0	341.32123268811847	1296.4278285679757	1	0	1	3.3242348566342717
227438.75829867742	3000.0	857.6695298905086	0.0	0	0.0	1296.4278285679757	1	0	1	3.3242348566342717
228484.9944499594	3000.0	811.4333786085302	0.0	0	0.0	1296.4278285680048	1	0	1	3.324234856634269
229203.77649308761	3000.0	1092.6513354803217	0.0	0	0.0	1296.4278285679757	1	0	1	3.3242348566342717
230200.0	3000.0	1096.4278285679043	0.0	0	377.6142864044523	1296.4278285679757	1	0	1	3.3242348566342717
231200.0	3000.0	1096.427828567906	0.0	0	535.3803772133542	1296.4278285679757	1	0	1	3.3242348566342717
232200.0	3000.0	1096.4278285679027	0.0	0	331.99115839702426	1296.4278285679757	1	0	1	3.3242348566342717
233200.0	3000.0	1096.4278285679134	0.0	0	75.59600194057566	1296.4278285679757	1	0	1	3.3242348566342717
234200.0	3000.0	1096.4278285679206	0.0	0	72.93836615770124	1296.4278285679175	1	0	1	3.324234856634275
235200.0	3000.0	1096.4278285678931	0.0	0	267.18448500765953	1296.4278285679175	1	0	1	3.324234856634277
236200.0	3000.0	1096.4278285678947	0.0	0	550.1824346574722	1296.4278285679466	1	0	1	3.3242348566342743
237200.0	3000.0	1096.4278285678984	0.0	0	592.4356668406399	1296.4278285679466	1	0	1	3.3242348566342743
238200.0	3000.0	1096.4278285678583	0.0	0	615.4062589784735	1296.4278285679466	1	0	1	3.3242348566342743
239200.0	3000.0	1096.4278285678647	0.0	0	556.0434621943859	1296.4278285679466	1	0	1	3.3242348566342743
240200.0	3000.0	1096.4278285678608	0.0	0	347.94777808806975	1296.4278285679466	1	0	1	3.3242348566342743
242309.25002511803	6000.0	200.0	212.82219655018372	0	0.0	1509.250025118119	1	0	1	2.3832999257189904
242528.5384427446	1000.0	980.7115823734043	0.0	0	0.0	1509.250025118119	1	0	1	-0.13672526525096218
243735.9623715621	3000.0	773.2876535558596	0.0	0	0.0	1509.25002511809	1	0	1	2.2043403483111503
244325.78425742584	2000.0	1183.465767692118	0.0	0	0.0	1509.250025118119	1	0	1	2.2892898667088457
245200.0	3000.0	1309.2500251179536	0.0	0	175.2849594146537	1509.250025118119	1	0	1	2.8974875288710926
246200.0	3000.0	1309.250025117974	0.0	0	548.0346903779719	1509.250025118119	1	0	1	3.3029526369792572
247200.0	3000.0	1309.250025117998	0.0	0	578.5338614819048	1509.250025118119	1	0	1	3.3029526369792572
248200.0	3000.0	1309.250025118016	0.0	0	186.4377012833138	1509.250025118119	1	0	1	3.3029526369792572
249453.46152310335	3000.0	1055.7885020146573	0.0	0	0.0	1509.250025118119	1	0	1	3.3029526369792572
250200.0	3000.0	1309.2500251180163	0.0	0	115.63288622669643	1509.250025118119	1	0	1	3.3029526369792572
251200.0	3000.0	1309.2500251180284	0.0	0	159.6601304273354	1509.250025118119	1	0	1	3.3029526369792572
252200.0	3000.0	1309.250025118046	0.0	0	259.14826255946537	1509.250025118119	1	0	1	3.3029526369792572
253200.0	3000.0	1309.2500251180595	0.0	0	72.25170475596678	1509.2500251181482	1	0	1	3.3029526369792563
254200.0	3000.0	1309.2500251180481	0.0	0	221.77634775068145	1509.250025118119	1	0	1	3.3029526369792572
255200.0	3000.0	1309.2500251180734	0.0	0	339.14768472797005	1509.250025118119	1	0	1	3.3029526369792572
256200.0	3000.0	1309.25002511808	0.0	0	232.72129494472756	1509.250025118119	1	0	1	3.3029526369792572
257200.0	3000.0	1309.2500251180668	0.0	0	87.07515466690529	1509.25002511809	1	0	1	3.30295263697926
258200.0	3000.0	1309.2500251180754	0.0	0	207.6392950922891	1509.250025118119	1	0	1	3.3029526369792572
259200.0	3000.0	1309.250025118068	0.0	0	49.592078894900624	1509.2500251181482	1	0	1	3.3029526369792563
260200.0	3000.0	1309.2500251180718	0.0	0	128.9968633998942	1509.2500251181482	1	0	1	3.3029526369792546
261200.0	3000.0	1309.2500251181077	0.0	0	155.93578210077249	1509.2500251181773	1	0	1	3.3029526369792537
262200.0	3000.0	1309.2500251180973	0.0	0	307.3634619609802	1509.2500251181773	1	0	1	3.302952636979252
263200.0	3000.0	1309.2500251180643	0.0	0	466.52987799746916	1509.2500251181773	1	0	1	3.302952636979252
264200.0	3000.0	1309.2500251179886	0.0	0	266.5761315629934	1509.250025118119	1	0	1	3.3029526369792563
265200.0	3000.0	1309.2500251179658	0.0	0	64.67427471809788	1509.2500251180609	1	0	1	3.302952636979259
266200.0	3000.0	1309.250025117905	0.0	0	366.929431491124	1509.2500251180609	1	0	1	3.3029526369792626
267200.0	3000.0	1309.2500251178876	0.0	0	229.80349636869505	1509.2500251180609	1	0	1	3.3029526369792626
268200.0	3000.0	1309.250025117895	0.0	0	380.94000400649384	1509.2500251180609	1	0	1	3.3029526369792626
269200.0	3000.0	1309.2500251178735	0.0	0	70.97458801569883	1509.250025118119	1	0	1	3.3029526369792572
270200.0	3000.0	1309.2500251177796	0.0	0	314.1717068918515	1509.250025118119	1	0	1	3.3029526369792572
271200.0	3000.0	1309.2500251177976	0.0	0	263.32421182264807	1509.250025118119	1	0	1	3.3029526369792572
272200.0	3000.0	1309.250025117776	0.0	0	237.50463225244312	1509.250025118119	1	0	1	3.3029526369792572
273200.0	3000.0	1309.2500251177396	0.0	0	200.20083088852698	1509.2500251180609	1	0	1	3.3029526369792626
274200.0	3000.0	1309.250025117789	0.0	0	281.1074340477353	1509.2500251180609	1	0	1	3.3029526369792626
275305.9434418694	3000.0	1203.3065832484208	0.0	0	0.0	1509.2500251180609	1	0	1	3.3029526369792626
276200.0	3000.0	1309.2500251178174	0.0	0	115.01917516824324	1509.2500251180609	1	0	1	3.3029526369792626
277200.0	3000.0	1309.250025117738	0.0	0	469.6515632640221	1509.2500251180609	1	0	1	3.3029526369792626
278200.0	3000.0	1309.2500251177642	0.0	0	701.29389777896	1509.2500251180609	1	0	1	3.3029526369792626
279200.0	3000.0	1309.2500251177316	0.0	0	408.36797519912943	1509.250025118119	1	0	1	3.3029526369792572
280200.0	3000.0	1309.250025117743	0.0	0	270.10973460343666	1509.2500251180609	1	0	1	3.3029526369792626
282144.93099060864	6000.0	364.3190345090775	0.0	0	0.0	1509.250025118119	1	0	1	3.64952622725923
282424.0854148607	1000.0	1085.1646102570253	0.0	0	0.0	1509.250025118119	1	0	1	-0.13672526525096218
283326.44512771704	3000.0	1182.804897400625	0.0	0	0.0	1509.250025118119	1	0	1	2.2043403483111472
284200.0	3000.0	1309.25002511769	0.0	0	245.45215632661711	1509.250025118119	1	0	1	3.3029526369792572
285200.0	3000.0	1309.2500251176234	0.0	0	282.3678863653913	1509.2500251180609	1	0	1	3.3029526369792626
286200.0	3000.0	1309.2500251176284	0.0	0	178.994282222935	1509.2500251180609	1	0	1	3.3029526369792626
287200.0	3000.0	1309.250025117652	0.0	0	204.04840236058226	1509.2500251180609	1	0	1	3.3029526369792626
288200.0	3000.0	1309.2500251176336	0.0	0	8.52989453158807	1509.2500251180027	1	0	1	3.3029526369792688
289200.0	3000.0	1309.2500251176275	0.0	0	83.48163243132876	1509.2500251179445	1	0	1	3.302952636979275
290200.0	3000.0	1309.2500251175777	0.0	0	343.3652064089547	1509.2500251179445	1	0	1	3.302952636979275
291200.0	3000.0	1309.2500251176357	0.0	0	472.3061315296218	1509.2500251179445	1	0	1	3.302952636979275
292200.0	3000.0	1309.2500251176266	0.0	0	627.8191909322632	1509.2500251179445	1	0	1	3.302952636979275
293200.0	3000.0	1309.2500251176666	0.0	0	379.59055661788443	1509.2500251179445	1	0	1	3.302952636979275
294200.0	6000.0	1309.2500251177073	0.0	0	265.7519375678967	1509.2500251179445	1	0	1	3.649526227259247
295416.19194295973	6000.0	1093.0580821580547	0.0	0	0.0	1509.2500251180027	1	0	1	4.342673407819186
296512.6784197069	6000.0	996.5716054108467	0.0	0	0.0	1509.2500251180027	1	0	1	4.342673407819186
297200.0	3000.0	1309.2500251177294	0.0	0	2.7020068995771	1509.2500251179445	1	0	1	2.60980545641933
298200.0	3000.0	1309.2500251177137	0.0	0	234.8941636485397	1509.2500251179445	1	0	1	3.302952636979275
299200.0	3000.0	1309.2500251177032	0.0	0	480.6910235914984	1509.2500251179445	1	0	1	3.302952636979275
300200.0	3000.0	1309.2500251177073	0.0	0	319.76823952858103	1509.2500251178863	1	0	1	3.3029526369792803
301200.0	3000.0	1309.2500251176723	0.0	0	228.94691893295385	1509.2500251178863	1	0	1	3.3029526369792803
302200.0	3000.0	1309.2500251177012	0.0	0	385.81891060923226	1509.2500251178863	1	0	1	3.3029526369792803
303200.0	3000.0	1309.2500251177573	0.0	0	385.7140658326098	1509.2500251178863	1	0	1	3.3029526369792803
304200.0	3000.0	1309.2500251177867	0.0	0	363.05002508533653	1509.2500251178863	1	0	1	3.3029526369792803
305200.0	3000.0	1309.250025117763	0.0	0	302.66176543792244	1509.2500251178863	1	0	1	3.3029526369792803
306200.0	3000.0	1309.2500251177403	0.0	0	595.0351554294466	1509.2500251178863	1	0	1	3.3029526369792803
307200.0	3000.0	1309.2500251177028	0.0	0	627.9399039198179	1509.2500251178863	1	0	1	3.3029526369792803
308200.0	3000.0	1309.2500251176552	0.0	0	221.11892271967372	1509.2500251178863	1	0	1	3.3029526369792803
309200.0	3000.0	1309.2500251176914	0.0	0	272.0574913653545	1509.2500251178863	1	0	1	3.3029526369792803
310200.0	3000.0	1309.2500251177094	0.0	0	398.9781419594656	1509.2500251178863	1	0	1	3.3029526369792803
311200.0	3000.0	1309.2500251177034	0.0	0	326.73195431235945	1509.250025117828	1	0	1	3.302952636979286
312200.0	3000.0	1309.250025117724	0.0	0	129.91058785753557	1509.250025117828	1	0	1	3.302952636979286
313200.0	3000.0	1309.2500251176857	0.0	0	422.7276497792336	1509.250025117828	1	0	1	3.302952636979286
314200.0	3000.0	1309.2500251177235	0.0	0	142.94446860282915	1509.250025117828	1	0	1	3.302952636979286
315200.0	3000.0	1309.2500251177332	0.0	0	138.92979687196203	1509.2500251178863	1	0	1	3.302952636979284
316200.0	3000.0	1309.2500251177528	0.0	0	152.59048791165696	1509.2500251179445	1	0	1	3.302952636979275
317200.0	3000.0	1309.2500251177553	0.0	0	306.1493994802586	1509.2500251179445	1	0	1	3.302952636979275
318200.0	3000.0	1309.2500251177553	0.0	0	303.7354164358112	1509.2500251179445	1	0	1	3.302952636979275
319200.0	3000.0	1309.2500251177794	0.0	0	589.2950968600344	1509.2500251179445	1	0	1	3.302952636979275
320200.0	3000.0	1309.2500251177719	0.0	0	511.7851410252042	1509.2500251179445	1	0	1	3.302952636979275
321200.0	3000.0	1309.2500251178353	0.0	0	404.97154257266084	1509.2500251179445	1	0	1	3.302952636979275
322200.0	3000.0	1309.2500251178462	0.0	0	388.6710632131435	1509.2500251179445	1	0	1	3.302952636979275
323200.0	3000.0	1309.250025117877	0.0	0	487.70382008643355	1509.2500251180027	1	0	1	3.3029526369792688
324200.0	3000.0	1309.250025117934	0.0	0	258.77633769996464	1509.2500251180027	1	0	1	3.3029526369792688
2.98	3.66	4.15	6.7	5.64	4.33	5.03	5.35	3.82	5.61	4.81	3.52	5.14	5.2	5.46	4.43	3.67	5.41	5.7	6.61	6.46	5.84	3.72	3.48	5.18	4.7	5.99	4.09	5.7	5.77	5.97	4.53	4.9	2.97	3.04	3.93	4.58	3.49	5.14	5.92	4.65	2.92	4.78	6.0	7.92	6.64	6.2	4.0	6.44	6.54	4.17	3.46	2.95	4.38	6.41	7.94	5.87	3.76	3.52	4.29	6.7	7.84	8.13	6.58	6.83	3.73	3.64	4.07	2.83	3.83	5.86	7.82	5.64	2.62	3.75	4.15	3.88	4.17	4.05	4.99	4.9	4.53	4.34	3.34	4.61	3.88	5.75	6.38	4.74	3.93	4.05	3.58	4.92	3.81	4.03	4.62	4.34	5.04	4.91	3.56	4.22	6.49	9.08	6.32	6.0	3.16	4.46	3.95	4.67	3.73	4.7	4.63	3.97	4.0	5.43	7.82	10.2	5.69	6.42	6.66	5.9	5.85	4.51	6.16	4.51	4.36	6.85	6.26	3.56	5.09	7.54	7.87	5.43	3.57	5.13	4.16	4.05	5.24	4.16	4.04	4.61	4.02	4.12	5.99	8.57	6.46	4.01	5.35	4.39	3.92	2.98	3.66	4.15	6.7	5.64	4.33	5.03	5.35	3.82	5.61	4.81	3.52	5.14	5.2	5.46	4.43	3.67	5.41	5.7	6.61	6.46	5.84	3.72	3.48	5.18	4.7	5.99	4.09	5.7	5.77	5.97	4.53	4.9	2.97	3.04	3.93	4.58	3.49	5.14	5.92	4.65	2.92	4.78	6.0	7.92	6.64	6.2	4.0	6.44	6.54	4.17	3.46	2.95	4.38	6.41	7.94	5.87	3.76	3.52	4.29	6.7	7.84	8.13	6.58	6.83	3.73	3.64	4.07	2.83	3.83	5.86	7.82	5.64	2.62	3.75	4.15	3.88	4.17	4.05	4.99	4.9	4.53	4.34	3.34	4.61	3.88	5.75	6.38	4.74	3.93	4.05	3.58	4.92	3.81	4.03	4.62	4.34	5.04	4.91	3.56	4.22	6.49	9.08	6.32	6.0	3.16	4.46	3.95	4.67	3.73	4.7	4.63	3.97	4.0	5.43	7.82	10.2	5.69	6.42	6.66	5.9	5.85	4.51	6.16	4.51	4.36	6.85	6.26	3.56	5.09	7.54	7.87	5.43	3.57	5.13	4.16	4.05	5.24	4.16	4.04	4.61	4.02	4.12	5.99	8.57	6.46	4.01	5.35	4.39	3.92	2.98	3.66	4.15	6.7	5.64	4.33	5.03	5.35	3.82	5.61	4.81	3.52	5.14	5.2	5.46	4.43	3.67	5.41	5.7	6.61	6.46	5.84	3.72	3.48	5.18
1.0	2.0	3.0	4.0	5.0	6.0	7.0	8.0	9.0	10.0	11.0	12.0	13.0	14.0	15.0	16.0	17.0	18.0	19.0	20.0	21.0	22.0	23.0	24.0	25.0	26.0	27.0	28.0	29.0	30.0	31.0	32.0	33.0	34.0	35.0	36.0	37.0	38.0	39.0	40.0	41.0	42.0	43.0	44.0	45.0	46.0	47.0	48.0	49.0	50.0	51.0	52.0	53.0	54.0	55.0	56.0	57.0	58.0	59.0	60.0	61.0	62.0	63.0	64.0	65.0	66.0	67.0	68.0	69.0	70.0	71.0	72.0	73.0	74.0	75.0	76.0	77.0	78.0	79.0	80.0	81.0	82.0	83.0	84.0	85.0	86.0	87.0	88.0	89.0	90.0	91.0	92.0	93.0	94.0	95.0	96.0	97.0	98.0	99.0	100.0	101.0	102.0	103.0	104.0	105.0	106.0	107.0	108.0	109.0	110.0	111.0	112.0	113.0	114.0	115.0	116.0	117.0	118.0	119.0	120.0	121.0	122.0	123.0	124.0	125.0	126.0	127.0	128.0	129.0	130.0	131.0	132.0	133.0	134.0	135.0	136.0	137.0	138.0	139.0	140.0	141.0	142.0	143.0	144.0	145.0	146.0	147.0	148.0	149.0	149.0	150.0	151.0	152.0	153.0	154.0	155.0	156.0	157.0	158.0	159.0	160.0	161.0	162.0	163.0	164.0	165.0	166.0	167.0	168.0	169.0	170.0	171.0	172.0	173.0	174.0	175.0	176.0	177.0	178.0	179.0	180.0	181.0	182.0	183.0	184.0	185.0	186.0	187.0	188.0	189.0	190.0	191.0	192.0	193.0	194.0	195.0	196.0	197.0	198.0	199.0	200.0	201.0	202.0	203.0	204.0	205.0	206.0	207.0	208.0	209.0	210.0	211.0	212.0	213.0	214.0	215.0	216.0	217.0	218.0	219.0	220.0	221.0	222.0	223.0	224.0	225.0	226.0	227.0	228.0	229.0	230.0	231.0	232.0	233.0	234.0	235.0	236.0	237.0	238.0	239.0	240.0	241.0	242.0	243.0	244.0	245.0	246.0	247.0	248.0	249.0	250.0	251.0	252.0	253.0	254.0	255.0	256.0	257.0	258.0	259.0	260.0	261.0	262.0	263.0	264.0	265.0	266.0	267.0	268.0	269.0	270.0	271.0	272.0	273.0	274.0	275.0	276.0	277.0	278.0	279.0	280.0	281.0	282.0	283.0	284.0	285.0	286.0	287.0	288.0	289.0	290.0	291.0	292.0	293.0	294.0	295.0	296.0	297.0	298.0	298.0	299.0	300.0	301.0	302.0	303.0	304.0	305.0	306.0	307.0	308.0	309.0	310.0	311.0	312.0	313.0	314.0	315.0	316.0	317.0	318.0	319.0	320.0	321.0	322.0	323.0
2976.3037695534936
