2728.762414092918	300.0	2000.0	94.50176413106642	0	0.0	2728.762414092918	1	0	1	-0.8384390386314022
5200.0	3000.0	428.8000000000004	0.0	0	111.11791475295377	628.7999999999993	1	0	2	0.6850975366688248
6200.0	1000.0	2528.7999999999997	0.0	0	548.2759389492958	2728.799999999999	1	0	0	0.038412684731957636
10628.698162851586	6000.0	200.0	1220.698162851585	0	0.0	1828.698162851586	1	0	2	-5.390056759791195
10795.226310902852	500.0	1016.8190371436082	0.0	0	0.0	1812.045348046462	1	0	2	-2.100229650963184
11550.375780389639	3000.0	1186.154620708143	0.0	0	0.0	1736.5304010977834	1	0	2	1.2866657057706614
12303.788812409779	3000.0	1357.4002854859873	0.0	0	0.0	1661.1890978957672	1	0	2	3.086032468893928
13200.0	3000.0	1461.1890978957672	0.0	0	180.74415641348423	1661.1890978957672	1	0	1	3.0877587297014926
14200.0	3000.0	1461.1890978957663	0.0	0	260.3287461904274	1661.1890978957672	1	0	1	3.2877587297014927
15200.0	3000.0	1461.1890978957663	0.0	0	441.08486876003735	1661.1890978957672	1	0	1	3.2877587297014927
16200.0	3000.0	1461.189097895766	0.0	0	343.83568112355715	1661.189097895769	1	0	1	3.2877587297014923
18198.44191473471	6000.0	462.74718316105134	0.0	0	0.0	1661.1890978957636	1	0	1	3.634332319981465
18657.70926589707	1000.0	1003.4798319986953	0.0	0	0.0	1661.1890978957636	1	0	1	-0.15191917252872666
20139.76360051911	3000.0	521.425497376657	0.0	0	0.0	1661.18909789576	1	0	1	2.189146441033383
20695.95019937663	1000.0	965.2388985191343	0.0	0	0.0	1661.18909789576	1	0	1	0.5412280080312185
21289.541768850144	2000.0	1371.6473290456186	0.0	0	0.0	1661.1890978957636	1	0	1	1.9864138869793004
22200.0	2000.0	1461.1890978957638	0.0	0	249.6093454554757	1661.1890978957636	1	0	1	2.679561067539246
23200.0	3000.0	1461.1890978957642	0.0	0	218.57360496132242	1661.1890978957636	1	0	1	2.882293621593328
24200.0	3000.0	1461.1890978957633	0.0	0	14.503289189611678	1661.1890978957672	1	0	1	3.2877587297014927
25200.0	3000.0	1461.1890978957663	0.0	0	141.86274270878857	1661.1890978957708	1	0	1	3.2877587297014923
26200.0	3000.0	1461.1890978957633	0.0	0	360.0368089996773	1661.1890978957708	1	0	1	3.2877587297014923
27509.894236150667	3000.0	1151.2948617450966	0.0	0	0.0	1661.1890978957708	1	0	1	3.2877587297014923
28643.572598993418	3000.0	1017.6164989023443	0.0	0	0.0	1661.1890978957672	1	0	1	3.2877587297014927
29205.748458444614	3000.0	1455.4406394511457	0.0	0	0.0	1661.1890978957672	1	0	1	3.2877587297014927
30200.0	3000.0	1461.1890978957576	0.0	0	583.7209228546017	1661.1890978957672	1	0	1	3.2877587297014927
31200.0	3000.0	1461.189097895758	0.0	0	361.74809994457246	1661.1890978957672	1	0	1	3.2877587297014927
32318.741807504935	3000.0	1342.4472903908204	0.0	0	50.6644438193689	1661.1890978957672	1	0	1	3.2877587297014927
33825.99254662036	3000.0	835.1965512754059	0.0	0	0.0	1661.189097895778	1	0	1	3.2877587297014914
34615.002667381355	2000.0	1046.1864305144072	0.0	0	0.0	1661.1890978957817	1	0	1	2.2740959594310795
35480.92141777616	2000.0	1180.2676801196117	0.0	0	0.0	1661.1890978957817	1	0	1	2.679561067539244
36200.0	2000.0	1461.1890978957738	0.0	0	30.799110101193946	1661.1890978957817	1	0	1	2.679561067539244
37200.0	2000.0	1461.189097895769	0.0	0	296.9944406408613	1661.1890978957817	1	0	1	2.679561067539244
38200.0	2000.0	1461.189097895767	0.0	0	581.0775621816938	1661.1890978957817	1	0	1	2.679561067539244
39200.0	3000.0	1461.1890978957733	0.0	0	20.009980951683247	1661.1890978957817	1	0	1	2.8822936215933264
40200.0	3000.0	1461.1890978957738	0.0	0	270.4652392145581	1661.1890978957817	1	0	1	3.287758729701491
41225.30692980875	3000.0	1435.8821680870158	0.0	0	0.0	1661.1890978957817	1	0	1	3.287758729701491
42430.9184043139	3000.0	1230.27069358186	0.0	0	0.0	1661.1890978957745	1	0	1	3.2877587297014914
43394.53648060321	3000.0	1266.6526172925533	0.0	0	0.0	1661.1890978957745	1	0	1	3.2877587297014914
44200.0	3000.0	1461.1890978957686	0.0	0	174.83206252753735	1661.1890978957817	1	0	1	3.287758729701491
45200.0	3000.0	1461.189097895772	0.0	0	245.7368649785858	1661.189097895789	1	0	1	3.2877587297014905
46200.0	3000.0	1461.1890978957704	0.0	0	221.4432106603199	1661.189097895789	1	0	1	3.2877587297014905
47200.0	3000.0	1461.189097895772	0.0	0	25.416796975201578	1661.1890978957817	1	0	1	3.287758729701491
48200.0	3000.0	1461.1890978957726	0.0	0	238.2919084731111	1661.1890978957817	1	0	1	3.287758729701491
49296.433671193896	3000.0	1364.7554267018825	0.0	0	0.0	1661.1890978957817	1	0	1	3.2877587297014905
50200.0	3000.0	1461.1890978957776	0.0	0	2.8754918489430565	1661.1890978957745	1	0	1	3.2877587297014914
51298.64379090113	3000.0	1362.545306994649	0.0	0	0.0	1661.1890978957672	1	0	1	3.2877587297014927
53085.79508105372	3000.0	575.3940168420511	0.0	0	0.0	1661.18909789576	1	0	1	3.287758729701493
53473.351625078096	1000.0	1187.8374728176814	0.0	0	0.0	1661.18909789576	1	0	1	0.5412280080312185
54200.0	2000.0	1461.1890978957783	0.0	0	159.50300955349667	1661.18909789576	1	0	1	1.9864138869793009
55399.65317674086	3000.0	1261.5359211549244	0.0	0	0.0	1661.18909789576	1	0	1	2.8822936215933286
56200.0	2000.0	1461.1890978957806	0.0	0	268.976881331786	1661.1890978957526	1	0	1	2.274095959431082
57200.0	3000.0	1461.1890978957827	0.0	0	8.105554799985839	1661.1890978957454	1	0	1	2.8822936215933304
58200.0	3000.0	1461.1890978957867	0.0	0	243.04854635228548	1661.1890978957454	1	0	1	3.287758729701495
59302.28147562052	3000.0	1358.9076222752658	0.0	0	0.0	1661.1890978957454	1	0	1	3.287758729701495
60288.21465906159	3000.0	1372.974438834191	0.0	0	0.0	1661.1890978957454	1	0	1	3.287758729701495
61230.03476193617	3000.0	1431.154335959598	0.0	0	0.0	1661.1890978957454	1	0	1	3.287758729701495
62200.0	3000.0	1461.189097895765	0.0	0	241.72367018001387	1661.1890978957454	1	0	1	3.287758729701495
63200.0	3000.0	1461.1890978957665	0.0	0	63.22484574473492	1661.1890978957454	1	0	1	3.287758729701495
64279.38542578977	3000.0	1381.8036721059975	0.0	0	0.0	1661.1890978957454	1	0	1	3.287758729701495
65200.0	3000.0	1461.189097895772	0.0	0	289.7775333700047	1661.1890978957454	1	0	1	3.287758729701495
66200.0	3000.0	1461.1890978957804	0.0	0	206.57337016178644	1661.18909789576	1	0	1	3.2877587297014936
67200.0	3000.0	1461.1890978957965	0.0	0	410.89792079740437	1661.1890978957817	1	0	1	3.2877587297014914
68245.71519439227	3000.0	1415.4739035035159	0.0	0	0.0	1661.1890978957526	1	0	1	3.2877587297014927
69200.0	3000.0	1461.1890978957763	0.0	0	0.9783020960021531	1661.1890978957672	1	0	1	3.2877587297014936
70284.2855405639	3000.0	1376.9035573318615	0.0	0	0.0	1661.1890978957672	1	0	1	3.2877587297014927
71200.0	3000.0	1461.1890978957629	0.0	0	28.10621896327939	1661.1890978957526	1	0	1	3.2877587297014927
72384.26323837171	3000.0	1276.9258595240622	0.0	0	0.0	1661.1890978957672	1	0	1	3.2877587297014927
73425.39072468792	3000.0	1235.7983732078385	0.0	0	0.0	1661.1890978957672	1	0	1	3.2877587297014927
74659.78481680644	3000.0	1001.4042810893257	0.0	0	0.0	1661.1890978957526	1	0	1	3.2877587297014936
75663.97632832041	2000.0	997.2127695753492	0.0	0	0.0	1661.1890978957526	1	0	1	2.274095959431082
76503.09843200714	2000.0	1158.0906658886083	0.0	0	0.0	1661.1890978957526	1	0	1	2.6795610675392467
77459.79875663118	2000.0	1201.3903412645795	0.0	0	0.0	1661.1890978957526	1	0	1	2.6795610675392467
78200.0	2000.0	1461.1890978957529	0.0	0	11.973722955124686	1661.1890978957526	1	0	1	2.6795610675392467
79200.0	2000.0	1461.1890978957538	0.0	0	58.278591636175406	1661.1890978957526	1	0	1	2.6795610675392467
80200.0	2000.0	1461.1890978957372	0.0	0	112.13497510444722	1661.1890978957526	1	0	1	2.6795610675392467
81265.51180006776	3000.0	1395.6772978279748	0.0	0	0.0	1661.189097895738	1	0	1	2.882293621593331
82465.89197836284	3000.0	1195.297119532902	0.0	0	0.0	1661.189097895738	1	0	1	3.2877587297014954
83204.63330431949	2000.0	1456.555793576247	0.0	0	0.0	1661.189097895738	1	0	1	2.274095959431084
84200.0	2000.0	1461.1890978957338	0.0	0	408.7779409066861	1661.189097895738	1	0	1	2.6795610675392485
85200.0	3000.0	1461.1890978957226	0.0	0	87.2075869373366	1661.189097895738	1	0	1	2.882293621593331
86200.0	3000.0	1461.1890978957024	0.0	0	534.9022977220448	1661.189097895738	1	0	1	3.2877587297014954
87253.75948907602	3000.0	1407.4296088196672	0.0	0	0.0	1661.1890978957235	1	0	1	3.2877587297014967
88200.0	3000.0	1461.1890978956785	0.0	0	58.108889363036724	1661.1890978957235	1	0	1	3.2877587297014967
89200.0	3000.0	1461.1890978956772	0.0	0	195.5174526666524	1661.1890978957235	1	0	1	3.2877587297014967
90200.0	3000.0	1461.1890978956897	0.0	0	30.49908925659838	1661.1890978957235	1	0	1	3.2877587297014967
91200.0	3000.0	1461.1890978956815	0.0	0	18.815854001266416	1661.1890978957235	1	0	1	3.2877587297014967
92200.0	3000.0	1461.1890978956735	0.0	0	313.7266067089804	1661.1890978957235	1	0	1	3.2877587297014967
93200.0	3000.0	1461.1890978956656	0.0	0	318.3357345239201	1661.1890978957235	1	0	1	3.2877587297014967
94200.0	3000.0	1461.1890978956487	0.0	0	202.98368321701128	1661.1890978957235	1	0	1	3.2877587297014967
95200.0	3000.0	1461.189097895668	0.0	0	358.72349791599845	1661.189097895738	1	0	1	3.2877587297014954
96200.0	3000.0	1461.189097895663	0.0	0	243.83123313408578	1661.189097895738	1	0	1	3.2877587297014954
97200.0	3000.0	1461.1890978956517	0.0	0	146.96500929657486	1661.189097895738	1	0	1	3.2877587297014954
98200.0	3000.0	1461.1890978956533	0.0	0	390.5622297045484	1661.189097895738	1	0	1	3.2877587297014954
99220.01028960537	3000.0	1441.1788082902958	0.0	0	258.77112154908536	1661.189097895738	1	0	1	3.2877587297014954
100239.19082744974	3000.0	1421.9982704459221	0.0	0	0.0	1661.189097895738	1	0	1	3.2877587297014954
101200.0	3000.0	1461.1890978956478	0.0	0	75.86128183041001	1661.189097895738	1	0	1	3.2877587297014954
102200.0	3000.0	1461.1890978956258	0.0	0	586.6812180913403	1661.1890978957235	1	0	1	3.2877587297014967
103200.0	3000.0	1461.1890978956096	0.0	0	177.52766372053884	1661.1890978957235	1	0	1	3.2877587297014967
104200.0	3000.0	1461.1890978956242	0.0	0	254.43190560440416	1661.1890978957235	1	0	1	3.2877587297014967
105200.0	3000.0	1461.1890978956142	0.0	0	192.15291741090186	1661.1890978957235	1	0	1	3.2877587297014967
106461.08859777637	3000.0	1200.100500119236	0.0	0	0.0	1661.1890978957235	1	0	1	3.2877587297014967
107361.74759422081	3000.0	1299.441503674812	0.0	0	0.0	1661.1890978957235	1	0	1	3.2877587297014967
108314.08032803102	3000.0	1347.1087698645906	0.0	0	0.0	1661.1890978957235	1	0	1	3.2877587297014967
109200.0	3000.0	1461.1890978956087	0.0	0	258.81756263173884	1661.1890978957235	1	0	1	3.2877587297014967
110200.0	3000.0	1461.1890978956087	0.0	0	214.52822825999465	1661.1890978957235	1	0	1	3.2877587297014967
111216.23894230447	3000.0	1444.9501555911554	0.0	0	0.0	1661.1890978957235	1	0	1	3.2877587297014967
112200.0	3000.0	1461.1890978956299	0.0	0	169.84381273064355	1661.189097895738	1	0	1	3.2877587297014954
113200.0	3000.0	1461.1890978956278	0.0	0	103.33689291615156	1661.1890978957235	1	0	1	3.2877587297014967
114200.0	3000.0	1461.1890978956321	0.0	0	255.40239264970296	1661.1890978957235	1	0	1	3.2877587297014967
115210.96451569865	3000.0	1450.2245821969757	0.0	0	0.0	1661.1890978957235	1	0	1	3.2877587297014967
116504.13012005002	3000.0	1157.0589778456022	0.0	0	0.0	1661.1890978957235	1	0	1	3.2877587297014967
117331.22223052515	2000.0	1329.9668673704714	0.0	0	0.0	1661.189097895738	1	0	1	2.274095959431084
118248.27469660496	2000.0	1412.914401290665	0.0	0	0.0	1661.189097895738	1	0	1	2.6795610675392485
119200.0	2000.0	1461.1890978956212	0.0	0	189.2803060398437	1661.189097895738	1	0	1	2.6795610675392485
120200.0	2000.0	1461.1890978956242	0.0	0	63.297991016544984	1661.189097895738	1	0	1	2.6795610675392485
121200.0	3000.0	1461.1890978956135	0.0	0	50.86466478774673	1661.1890978957235	1	0	1	2.882293621593332
122200.0	2000.0	1461.18909789561	0.0	0	125.95453563082265	1661.1890978957235	1	0	1	2.2740959594310857
123200.0	3000.0	1461.1890978956144	0.0	0	25.324488578131422	1661.1890978957235	1	0	1	2.882293621593332
124200.0	3000.0	1461.189097895604	0.0	0	251.31253377220128	1661.1890978957235	1	0	1	3.2877587297014967
125200.0	3000.0	1461.1890978956028	0.0	0	141.10960737946152	1661.1890978957235	1	0	1	3.2877587297014967
126473.12298315	3000.0	1188.066114745594	0.0	0	0.0	1661.189097895709	1	0	1	3.287758729701498
127557.24477056124	3000.0	1103.9443273343381	0.0	0	0.0	1661.1890978956944	1	0	1	3.2877587297015
128509.95644657605	3000.0	1151.2326513195478	0.0	0	0.0	1661.189097895709	1	0	1	3.287758729701498
129225.69144361965	3000.0	1435.497654275943	0.0	0	0.0	1661.189097895709	1	0	1	3.287758729701498
130243.14722294504	3000.0	1418.0418749505582	0.0	0	0.0	1661.1890978956944	1	0	1	3.2877587297015
131200.0	3000.0	1461.1890978956294	0.0	0	163.31776176615676	1661.189097895709	1	0	1	3.2877587297014994
132200.0	3000.0	1461.1890978956342	0.0	0	229.92395473574288	1661.189097895709	1	0	1	3.287758729701498
133302.2166986265	3000.0	1358.9723992691702	0.0	0	0.0	1661.1890978957526	1	0	1	3.2877587297014945
134528.53238623048	3000.0	1132.6567116652104	0.0	0	0.0	1661.1890978957526	1	0	1	3.2877587297014936
135353.3652957962	3000.0	1307.8238020994904	0.0	0	0.0	1661.1890978957526	1	0	1	3.2877587297014936
136200.0	3000.0	1461.1890978956706	0.0	0	158.61743202569778	1661.1890978957526	1	0	1	3.2877587297014936
137200.0	3000.0	1461.1890978956753	0.0	0	282.0615930033673	1661.1890978957526	1	0	1	3.2877587297014936
138200.0	3000.0	1461.1890978956494	0.0	0	486.83343395165866	1661.1890978957526	1	0	1	3.2877587297014936
139200.0	3000.0	1461.1890978956724	0.0	0	391.9686793361325	1661.1890978957817	1	0	1	3.287758729701491
141308.15069791419	6000.0	353.0383999815262	0.0	0	0.0	1661.1890978957817	1	0	1	3.6343323199814637
141493.32956132662	1000.0	1167.8595365690653	0.0	0	0.0	1661.1890978957817	1	0	1	-0.15191917252872866
142200.0	3000.0	1461.189097895693	0.0	0	173.92764619743684	1661.1890978957817	1	0	1	2.1891464410333814
143200.0	3000.0	1461.189097895692	0.0	0	316.4237050792435	1661.1890978957817	1	0	1	3.287758729701491
144200.0	3000.0	1461.1890978956926	0.0	0	422.51957604888594	1661.1890978957817	1	0	1	3.287758729701491
145528.65261465116	6000.0	1132.5364832445032	0.0	0	0.0	1661.1890978957817	1	0	1	3.6343323199814637
146350.77446955102	3000.0	1310.4146283446346	0.0	0	0.0	1661.1890978957817	1	0	1	2.594611549141546
147284.0642031012	3000.0	1377.1248947944357	0.0	0	0.0	1661.1890978958108	1	0	1	3.2877587297014883
148626.82235511186	3000.0	1034.366742783795	0.0	0	0.0	1661.1890978958108	1	0	1	3.2877587297014883
149734.80929290128	3000.0	926.3798049943399	0.0	0	0.0	1661.1890978958108	1	0	1	3.2877587297014883
150373.50592570213	2000.0	1287.6831721934757	0.0	0	0.0	1661.1890978958108	1	0	1	2.274095959431077
151296.2713468353	3000.0	1364.9177510603251	0.0	0	0.0	1661.1890978958108	1	0	1	2.8822936215933237
152302.48227591693	3000.0	1358.706821978682	0.0	0	0.0	1661.1890978958108	1	0	1	3.2877587297014883
153327.41191360788	3000.0	1333.777184287736	0.0	0	0.0	1661.1890978958108	1	0	1	3.2877587297014883
154264.1863046657	2000.0	1397.002793229929	0.0	0	0.0	1661.1890978958108	1	0	1	2.274095959431077
155200.0	2000.0	1461.1890978956176	0.0	0	265.1273901548702	1661.1890978958108	1	0	1	2.6795610675392414
156200.0	3000.0	1461.1890978955994	0.0	0	386.76276619758573	1661.1890978958108	1	0	1	2.8822936215933237
157339.10952750375	3000.0	1322.0795703918468	0.0	0	0.0	1661.18909789584	1	0	1	3.287758729701486
158200.0	2000.0	1461.189097895575	0.0	0	328.47182657470694	1661.1890978958108	1	0	1	2.274095959431077
159200.0	3000.0	1461.189097895545	0.0	0	131.2278344014776	1661.1890978958108	1	0	1	2.8822936215933237
160200.0	3000.0	1461.189097895533	0.0	0	206.1028955343063	1661.1890978958108	1	0	1	3.2877587297014883
161200.0	3000.0	1461.189097895554	0.0	0	299.37293801564374	1661.1890978958108	1	0	1	3.2877587297014883
162200.0	3000.0	1461.189097895562	0.0	0	105.98515583091648	1661.1890978958108	1	0	1	3.2877587297014883
163200.0	3000.0	1461.1890978955491	0.0	0	304.85153880144935	1661.1890978958108	1	0	1	3.2877587297014883
164200.0	3000.0	1461.1890978955373	0.0	0	374.55425499670673	1661.1890978958108	1	0	1	3.2877587297014883
165200.0	3000.0	1461.1890978955332	0.0	0	513.7872725786583	1661.1890978958108	1	0	1	3.2877587297014883
167608.31541751718	6000.0	200.0	147.126319621621	0	0.0	1808.3154175174423	1	0	1	2.7482714181970436
167833.35410742572	500.0	952.4574411006353	0.0	0	0.0	1785.8115485266317	1	0	2	-2.297755846153372
169318.5688891869	3000.0	318.72118116336924	0.0	0	0.0	1637.2900703505438	1	0	2	1.29445421090433
169511.01574102827	500.0	1126.274329322002	0.0	0	0.0	1637.2900703505438	1	0	1	-1.3892500406141233
170200.0	2000.0	1437.2900703502976	0.0	0	53.35672463651281	1637.2900703505438	1	0	1	1.2956566091738773
171200.0	2000.0	1437.2900703502874	0.0	0	256.1377327782393	1637.290070350573	1	0	1	2.681950970293765
172200.0	2000.0	1437.2900703502905	0.0	0	240.33270027302206	1637.290070350573	1	0	1	2.681950970293765
173200.0	3000.0	1437.2900703503078	0.0	0	417.59848416325985	1637.290070350573	1	0	1	2.8846835243478472
174200.0	3000.0	1437.2900703502999	0.0	0	495.34239326568786	1637.2900703505438	1	0	1	3.290148632456015
175200.0	3000.0	1437.2900703503037	0.0	0	426.1011524188216	1637.2900703505438	1	0	1	3.290148632456015
176508.40649353008	3000.0	1128.883576820224	0.0	0	0.0	1637.2900703505438	1	0	1	3.290148632456015
177346.84917299077	3000.0	1290.4408973594911	0.0	0	0.0	1637.2900703505147	1	0	1	3.2901486324560176
178200.0	3000.0	1437.290070350281	0.0	0	102.20165614591679	1637.290070350573	1	0	1	3.2901486324560136
179200.0	3000.0	1437.290070350293	0.0	0	501.4652760112949	1637.2900703505438	1	0	1	3.290148632456015
180200.0	3000.0	1437.2900703502457	0.0	0	216.77334956690902	1637.2900703505147	1	0	1	3.2901486324560176
181265.86880929806	3000.0	1371.421261052177	0.0	0	228.54534267191775	1637.2900703505147	1	0	1	3.2901486324560176
183080.97223427932	3000.0	556.3178360709236	0.0	0	0.0	1637.2900703504856	1	0	1	3.2901486324560207
183623.5435531797	1000.0	1013.7465171705651	0.0	0	0.0	1637.2900703504856	1	0	1	0.543617910785746
184607.08374200243	2000.0	1030.206328347845	0.0	0	0.0	1637.2900703504565	1	0	1	1.9888037897338315
185335.22011879465	2000.0	1302.0699515556248	0.0	0	0.0	1637.2900703504565	1	0	1	2.6819509702937765
186318.79825954192	3000.0	1318.4918108083714	0.0	0	0.0	1637.2900703504565	1	0	1	2.8846835243478592
187391.59812477438	3000.0	1245.691945575907	0.0	0	0.0	1637.2900703504565	1	0	1	3.290148632456024
188200.0	2000.0	1437.290070350322	0.0	0	388.95547315798467	1637.2900703504565	1	0	1	2.276485862185612
189200.0	3000.0	1437.2900703503356	0.0	0	308.5910048277001	1637.2900703504565	1	0	1	2.8846835243478592
190637.57760122576	3000.0	999.7124691246084	0.0	0	0.0	1637.2900703504856	1	0	1	3.2901486324560216
191783.37149721885	3000.0	853.9185731315195	0.0	0	0.0	1637.2900703505147	1	0	1	3.2901486324560176
192235.91583218094	2000.0	1401.374238169412	0.0	0	0.0	1637.2900703504856	1	0	1	2.276485862185609
193200.0	3000.0	1437.2900703503465	0.0	0	187.62844079112983	1637.2900703504565	1	0	1	2.8846835243478592
194256.30839214122	3000.0	1380.9816782091405	0.0	0	0.0	1637.2900703504565	1	0	1	3.290148632456024
195200.0	3000.0	1437.2900703503312	0.0	0	222.49398940557148	1637.2900703504565	1	0	1	3.290148632456024
196200.0	3000.0	1437.2900703503356	0.0	0	156.78938573715277	1637.2900703504565	1	0	1	3.290148632456024
197500.9972242156	3000.0	1136.2928461347713	0.0	0	0.0	1637.2900703504565	1	0	1	3.290148632456024
198419.9737691237	3000.0	1217.316301226659	0.0	0	0.0	1637.2900703504274	1	0	1	3.2901486324560265
199616.6125518573	3000.0	1020.6775184930582	0.0	0	0.0	1637.2900703504274	1	0	1	3.2901486324560265
200243.6311759512	2000.0	1393.6588943992024	0.0	0	0.0	1637.2900703504274	1	0	1	2.2764858621856146
201647.90139888262	3000.0	989.3886714677641	0.0	0	0.0	1637.2900703504274	1	0	1	2.884683524347862
202318.75098482508	2000.0	1318.5390855253004	0.0	0	0.0	1637.2900703504274	1	0	1	2.2764858621856146
203200.0	2000.0	1437.2900703503612	0.0	0	162.96942586373189	1637.2900703504274	1	0	1	2.681950970293779
204200.0	3000.0	1437.2900703503676	0.0	0	118.75806358014233	1637.2900703504565	1	0	1	2.8846835243478592
205200.0	3000.0	1437.2900703503833	0.0	0	166.71252984803868	1637.2900703504565	1	0	1	3.290148632456024
206200.0	3000.0	1437.290070350387	0.0	0	162.44110418189666	1637.2900703504565	1	0	1	3.290148632456024
207200.0	3000.0	1437.2900703503772	0.0	0	159.91775434167357	1637.2900703504565	1	0	1	3.290148632456024
208200.0	3000.0	1437.2900703503817	0.0	0	186.48861500743078	1637.2900703504565	1	0	1	3.290148632456024
209200.0	3000.0	1437.2900703503722	0.0	0	56.968003025394864	1637.2900703504565	1	0	1	3.290148632456024
210200.0	3000.0	1437.2900703503585	0.0	0	16.52042142805294	1637.2900703503983	1	0	1	3.2901486324560274
211297.18754281112	3000.0	1340.102527539259	0.0	0	0.0	1637.2900703503983	1	0	1	3.290148632456029
212363.53595974616	3000.0	1273.7541106042527	0.0	0	0.0	1637.2900703504274	1	0	1	3.2901486324560265
213443.9557389939	3000.0	1193.3343313565401	0.0	0	0.0	1637.2900703504274	1	0	1	3.2901486324560265
214286.5699503574	3000.0	1350.7201199930353	0.0	0	0.0	1637.2900703503983	1	0	1	3.2901486324560287
215200.0	3000.0	1437.2900703503917	0.0	0	372.48202514406876	1637.2900703503983	1	0	1	3.290148632456029
216200.0	3000.0	1437.2900703503958	0.0	0	58.89116870003636	1637.2900703503983	1	0	1	3.290148632456029
217200.0	3000.0	1437.2900703504183	0.0	0	210.4748265320086	1637.2900703503983	1	0	1	3.290148632456029
218200.0	3000.0	1437.290070350444	0.0	0	337.5591402181599	1637.2900703503983	1	0	1	3.290148632456029
219341.65972004487	3000.0	1295.6303503055558	0.0	0	0.0	1637.2900703503983	1	0	1	3.2901486324560287
220372.6951114821	3000.0	1264.5949588683343	0.0	0	0.0	1637.2900703503983	1	0	1	3.2901486324560305
221720.8569253223	3000.0	916.4331450281319	0.0	0	0.0	1637.2900703504274	1	0	1	3.2901486324560265
222632.7152727852	2000.0	1004.5747975652199	0.0	0	0.0	1637.2900703504274	1	0	1	2.2764858621856146
223419.30685157664	2000.0	1217.983218773762	0.0	0	0.0	1637.2900703504274	1	0	1	2.681950970293779
224719.15744558396	2000.0	918.1326247664311	0.0	0	0.0	1637.2900703504274	1	0	1	2.681950970293779
225665.50930192557	2000.0	971.7807684248118	0.0	0	0.0	1637.2900703504274	1	0	1	2.681950970293779
226200.0	1000.0	1437.2900703504167	0.0	0	90.0438329782337	1637.2900703504274	1	0	1	0.9490830188939163
227200.0	2000.0	1437.2900703503994	0.0	0	401.317053688952	1637.2900703504274	1	0	1	1.9888037897338342
228200.0	2000.0	1437.290070350392	0.0	0	176.1681048659084	1637.2900703504565	1	0	1	2.6819509702937765
229200.0	2000.0	1437.2900703503835	0.0	0	256.78679030411877	1637.2900703504565	1	0	1	2.6819509702937765
230200.0	2000.0	1437.2900703503778	0.0	0	355.3020078846894	1637.2900703504565	1	0	1	2.6819509702937765
231200.0	3000.0	1437.2900703503947	0.0	0	213.587289033836	1637.2900703504565	1	0	1	2.8846835243478592
232200.0	3000.0	1437.2900703504079	0.0	0	16.024687030847417	1637.2900703504565	1	0	1	3.290148632456024
233204.877304853	3000.0	1432.4127654974072	0.0	0	0.0	1637.2900703504565	1	0	1	3.290148632456024
234200.0	3000.0	1437.2900703503824	0.0	0	150.05822826045915	1637.2900703504565	1	0	1	3.290148632456024
235200.0	3000.0	1437.2900703503756	0.0	0	531.6536299350555	1637.2900703504856	1	0	1	3.2901486324560207
236200.0	3000.0	1437.290070350336	0.0	0	238.48077960123192	1637.2900703504565	1	0	1	3.290148632456024
237200.0	3000.0	1437.29007035036	0.0	0	340.88204938254785	1637.2900703504565	1	0	1	3.290148632456024
238200.0	3000.0	1437.2900703503778	0.0	0	335.12809421285056	1637.2900703504856	1	0	1	3.2901486324560207
239200.0	3000.0	1437.290070350415	0.0	0	160.34313976112753	1637.2900703504856	1	0	1	3.2901486324560207
240200.0	3000.0	1437.290070350395	0.0	0	307.4773062769382	1637.2900703504565	1	0	1	3.290148632456024
241200.0	3000.0	1437.2900703503965	0.0	0	143.5318714666355	1637.2900703504565	1	0	1	3.290148632456024
242200.0	3000.0	1437.2900703504013	0.0	0	244.20461405045353	1637.2900703504565	1	0	1	3.290148632456024
243200.0	3000.0	1437.290070350432	0.0	0	164.9753046586702	1637.2900703504856	1	0	1	3.2901486324560207
244200.0	3000.0	1437.2900703504083	0.0	0	217.7949248578807	1637.2900703504565	1	0	1	3.290148632456024
245200.0	3000.0	1437.2900703504233	0.0	0	496.69993410704774	1637.2900703504565	1	0	1	3.290148632456024
246200.0	3000.0	1437.290070350446	0.0	0	299.76266280468553	1637.2900703504856	1	0	1	3.2901486324560207
247200.0	3000.0	1437.2900703504495	0.0	0	290.35375403269427	1637.2900703504856	1	0	1	3.2901486324560207
248200.0	3000.0	1437.290070350468	0.0	0	418.86730257669115	1637.2900703504856	1	0	1	3.2901486324560207
249546.6011917287	3000.0	1090.688878621813	0.0	0	0.0	1637.2900703505147	1	0	1	3.2901486324560176
250200.0	3000.0	1437.2900703505263	0.0	0	10.499829790118383	1637.2900703505147	1	0	1	3.2901486324560176
251200.0	3000.0	1437.2900703505338	0.0	0	447.93900924696936	1637.2900703505147	1	0	1	3.2901486324560176
252200.0	3000.0	1437.2900703505402	0.0	0	235.28547324668034	1637.2900703505147	1	0	1	3.2901486324560176
253200.0	3000.0	1437.2900703505545	0.0	0	162.96015218357206	1637.2900703505147	1	0	1	3.2901486324560176
254200.0	3000.0	1437.290070350562	0.0	0	265.34495218706434	1637.2900703505147	1	0	1	3.2901486324560176
255636.6941512607	3000.0	1000.5959190899057	0.0	0	0.0	1637.2900703505147	1	0	1	3.2901486324560176
256757.67452236314	3000.0	879.6155479874315	0.0	0	0.0	1637.2900703505147	1	0	1	3.2901486324560176
257408.0860238384	2000.0	1229.2040465121565	0.0	0	0.0	1637.2900703505147	1	0	1	2.2764858621856057
258200.0	3000.0	1437.2900703505916	0.0	0	55.29940263435128	1637.2900703505147	1	0	1	2.884683524347853
259202.8315365193	3000.0	1434.458533831324	0.0	0	0.0	1637.2900703505438	1	0	1	3.2901486324560167
260200.0	3000.0	1437.290070350646	0.0	0	345.95828429350513	1637.2900703505438	1	0	1	3.290148632456015
261428.0997213062	3000.0	1209.1903490444365	0.0	0	0.0	1637.2900703505438	1	0	1	3.290148632456015
262200.0	3000.0	1437.2900703506332	0.0	0	117.7693919709709	1637.2900703505438	1	0	1	3.290148632456015
263200.0	3000.0	1437.2900703506152	0.0	0	447.12407864560373	1637.2900703505147	1	0	1	3.290148632456017
264510.80305106647	3000.0	1126.487019284093	0.0	0	0.0	1637.2900703504565	1	0	1	3.2901486324560203
265678.87977109215	3000.0	958.4102992584853	0.0	0	0.0	1637.2900703504565	1	0	1	3.290148632456024
266672.6900917869	2000.0	964.5999785637306	0.0	0	0.0	1637.2900703504565	1	0	1	2.276485862185612
267327.9863166354	2000.0	1309.3037537152024	0.0	0	0.0	1637.2900703504565	1	0	1	2.6819509702937765
268552.412148902	3000.0	1084.8779214485492	0.0	0	0.0	1637.2900703504565	1	0	1	2.8846835243478592
269531.5606878394	2000.0	1105.7293825111742	0.0	0	0.0	1637.2900703504565	1	0	1	2.276485862185612
270200.0	2000.0	1437.2900703505393	0.0	0	17.774766872404143	1637.29007035034	1	0	1	2.6819509702937854
271200.0	2000.0	1437.2900703505054	0.0	0	434.20289697439875	1637.29007035034	1	0	1	2.681950970293788
272401.11907560524	3000.0	1236.1709947451955	0.0	0	0.0	1637.290070350282	1	0	1	2.884683524347875
273200.0	2000.0	1437.2900703503974	0.0	0	327.252332005417	1637.290070350282	1	0	1	2.276485862185629
274349.43160660233	3000.0	1287.8584637480844	0.0	0	0.0	1637.290070350282	1	0	1	2.884683524347876
275323.4292984865	3000.0	1313.8607718639414	0.0	0	0.0	1637.290070350282	1	0	1	3.2901486324560407
276200.0	3000.0	1437.2900703504356	0.0	0	89.60415771976113	1637.290070350282	1	0	1	3.2901486324560407
277331.5707594361	3000.0	1305.7193109142713	0.0	0	0.0	1637.2900703502237	1	0	1	3.290148632456047
278327.80411435314	3000.0	1309.4859559971942	0.0	0	0.0	1637.2900703501655	1	0	1	3.2901486324560523
279301.8074347074	3000.0	1335.4826356428528	0.0	0	0.0	1637.2900703501073	1	0	1	3.290148632456056
280200.0	3000.0	1437.2900703502753	0.0	0	84.97577070450643	1637.2900703501073	1	0	1	3.2901486324560585
281200.0	3000.0	1437.2900703502885	0.0	0	166.69643666042248	1637.2900703501073	1	0	1	3.2901486324560585
282552.55362511356	3000.0	1084.7364452367697	0.0	0	0.0	1637.2900703501073	1	0	1	3.2901486324560585
283601.97466481023	3000.0	1035.3154055400796	0.0	0	0.0	1637.2900703501073	1	0	1	3.2901486324560585
284338.246626095	2000.0	1299.043444255365	0.0	0	0.0	1637.2900703501073	1	0	1	2.276485862185647
285200.0	3000.0	1437.2900703503285	0.0	0	22.462266387592535	1637.290070350049	1	0	1	2.8846835243478997
286200.0	3000.0	1437.2900703503844	0.0	0	366.7695859952946	1637.290070350049	1	0	1	3.2901486324560643
287200.0	3000.0	1437.2900703504015	0.0	0	324.63142768188845	1637.290070350049	1	0	1	3.2901486324560643
288200.0	3000.0	1437.2900703503967	0.0	0	337.678227272816	1637.290070350049	1	0	1	3.2901486324560643
289207.69583121146	3000.0	1429.5942391389215	0.0	0	0.0	1637.290070350049	1	0	1	3.2901486324560643
290200.0	3000.0	1437.2900703504224	0.0	0	334.54499930056045	1637.290070350049	1	0	1	3.2901486324560643
291200.0	3000.0	1437.2900703504076	0.0	0	485.7071651801234	1637.290070350049	1	0	1	3.2901486324560643
292200.0	3000.0	1437.2900703503853	0.0	0	351.06161926680943	1637.290070350049	1	0	1	3.2901486324560643
293200.0	3000.0	1437.2900703503694	0.0	0	58.04366543836659	1637.290070350049	1	0	1	3.2901486324560643
294200.0	3000.0	1437.2900703503237	0.0	0	303.71899093833053	1637.290070350049	1	0	1	3.2901486324560643
295200.0	3000.0	1437.2900703502874	0.0	0	102.54026315850206	1637.2900703499909	1	0	1	3.29014863245607
296200.0	3000.0	1437.2900703502562	0.0	0	265.67198769090464	1637.2900703499909	1	0	1	3.29014863245607
297635.436350417	3000.0	1001.8537199332197	0.0	0	0.0	1637.290070350049	1	0	1	3.2901486324560656
298636.608444538	3000.0	1000.6816258121986	0.0	0	0.0	1637.2900703499909	1	0	1	3.29014863245607
299459.90602453373	3000.0	1177.3840458165885	0.0	0	0.0	1637.290070350049	1	0	1	3.2901486324560643
300702.5818770688	3000.0	934.7081932815265	0.0	0	0.0	1637.2900703499909	1	0	1	3.29014863245607
301721.7175430233	2000.0	915.572527327007	0.0	0	0.0	1637.2900703499326	1	0	1	2.2764858621856643
302714.92026450345	2000.0	922.3698058468173	0.0	0	0.0	1637.2900703499326	1	0	1	2.681950970293829
303743.58364519913	2000.0	893.7064251510812	0.0	0	0.0	1637.2900703499326	1	0	1	2.681950970293829
304354.04497836874	2000.0	1283.245091981487	0.0	0	0.0	1637.2900703499326	1	0	1	2.681950970293829
4.25	2.95	2.87	3.07	4.1	4.14	4.61	4.31	5.24	6.09	4.22	2.99	3.06	2.36	2.42	3.88	3.42	3.93	4.44	5.22	3.12	2.56	3.97	6.43	4.72	4.0	1.34	2.51	2.27	2.71	3.41	3.94	3.93	3.79	3.48	2.33	2.88	3.96	3.63	3.31	3.72	3.37	2.78	2.55	3.28	2.88	1.61	3.6	2.95	2.85	3.08	4.03	3.79	3.51	2.84	3.58	3.43	3.32	4.0	4.27	4.46	2.78	3.7	2.51	4.27	2.91	3.01	2.79	2.49	1.66	2.04	2.97	1.85	2.91	2.34	3.22	3.13	3.16	4.19	5.6	3.74	4.66	3.85	3.61	3.96	5.1	4.1	3.72	4.91	5.51	3.96	5.42	4.81	1.9	4.05	6.23	4.56	4.37	3.71	2.0	3.31	3.45	3.78	4.03	3.9	2.73	3.24	4.46	3.41	2.56	1.7	2.42	3.6	2.47	2.48	3.32	2.64	4.58	3.98	2.68	3.49	3.51	3.6	3.57	4.08	4.25	2.71	2.46	2.84	4.31	5.4	5.46	6.34	2.9	3.89	5.71	4.65	4.42	3.74	3.85	4.12	2.36	2.83	3.9	2.51	3.38	2.36	2.72	2.76	2.82	4.25	2.95	2.87	3.07	4.1	4.14	4.61	4.31	5.24	6.09	4.22	2.99	3.06	2.36	2.42	3.88	3.42	3.93	4.44	5.22	3.12	2.56	3.97	6.43	4.72	4.0	1.34	2.51	2.27	2.71	3.41	3.94	3.93	3.79	3.48	2.33	2.88	3.96	3.63	3.31	3.72	3.37	2.78	2.55	3.28	2.88	1.61	3.6	2.95	2.85	3.08	4.03	3.79	3.51	2.84	3.58	3.43	3.32	4.0	4.27	4.46	2.78	3.7	2.51	4.27	2.91	3.01	2.79	2.49	1.66	2.04	2.97	1.85	2.91	2.34	3.22	3.13	3.16	4.19	5.6	3.74	4.66	3.85	3.61	3.96	5.1	4.1	3.72	4.91	5.51	3.96	5.42	4.81	1.9	4.05	6.23	4.56	4.37	3.71	2.0	3.31	3.45	3.78	4.03	3.9	2.73	3.24	4.46	3.41	2.56	1.7	2.42	3.6	2.47	2.48	3.32	2.64	4.58	3.98	2.68	3.49	3.51	3.6	3.57	4.08	4.25	2.71	2.46	2.84	4.31	5.4	5.46	6.34	2.9	3.89	5.71	4.65	4.42	3.74	3.85	4.12	2.36	2.83	3.9	2.51	3.38	2.36	2.72	2.76	2.82	4.25	2.95	2.87	3.07	4.1	4.14
1.0	2.0	3.0	4.0	5.0	6.0	7.0	8.0	9.0	10.0	11.0	12.0	13.0	14.0	15.0	16.0	17.0	18.0	19.0	20.0	21.0	22.0	23.0	24.0	25.0	26.0	27.0	28.0	29.0	30.0	31.0	32.0	33.0	34.0	35.0	36.0	37.0	38.0	39.0	40.0	41.0	42.0	43.0	44.0	45.0	46.0	47.0	48.0	49.0	50.0	51.0	52.0	53.0	54.0	55.0	56.0	57.0	58.0	59.0	60.0	61.0	62.0	63.0	64.0	65.0	66.0	67.0	68.0	69.0	70.0	71.0	72.0	73.0	74.0	75.0	76.0	77.0	78.0	79.0	80.0	81.0	82.0	83.0	84.0	85.0	86.0	87.0	88.0	89.0	90.0	91.0	92.0	93.0	94.0	95.0	96.0	97.0	98.0	99.0	100.0	101.0	102.0	103.0	104.0	105.0	106.0	107.0	108.0	109.0	110.0	111.0	112.0	113.0	114.0	115.0	116.0	117.0	118.0	119.0	120.0	121.0	122.0	123.0	124.0	125.0	126.0	127.0	128.0	129.0	130.0	131.0	132.0	133.0	134.0	135.0	136.0	137.0	138.0	139.0	140.0	141.0	142.0	143.0	144.0	145.0	146.0	147.0	148.0	149.0	149.0	150.0	151.0	152.0	153.0	154.0	155.0	156.0	157.0	158.0	159.0	160.0	161.0	162.0	163.0	164.0	165.0	166.0	167.0	168.0	169.0	170.0	171.0	172.0	173.0	174.0	175.0	176.0	177.0	178.0	179.0	180.0	181.0	182.0	183.0	184.0	185.0	186.0	187.0	188.0	189.0	190.0	191.0	192.0	193.0	194.0	195.0	196.0	197.0	198.0	199.0	200.0	201.0	202.0	203.0	204.0	205.0	206.0	207.0	208.0	209.0	210.0	211.0	212.0	213.0	214.0	215.0	216.0	217.0	218.0	219.0	220.0	221.0	222.0	223.0	224.0	225.0	226.0	227.0	228.0	229.0	230.0	231.0	232.0	233.0	234.0	235.0	236.0	237.0	238.0	239.0	240.0	241.0	242.0	243.0	244.0	245.0	246.0	247.0	248.0	249.0	250.0	251.0	252.0	253.0	254.0	255.0	256.0	257.0	258.0	259.0	260.0	261.0	262.0	263.0	264.0	265.0	266.0	267.0	268.0	269.0	270.0	271.0	272.0	273.0	274.0	275.0	276.0	277.0	278.0	279.0	280.0	281.0	282.0	283.0	284.0	285.0	286.0	287.0	288.0	289.0	290.0	291.0	292.0	293.0	294.0	295.0	296.0	297.0	298.0	298.0	299.0	300.0	301.0	302.0	303.0	304.0
2511.350501874311
