2483.799807422746	300.0	2000.0	134.4040301705829	0	0.0	2483.799807422746	1	0	1	-1.0521610940700428
5200.0	3000.0	312.57246733126783	117.0658793920615	0	250.38793659458042	512.572467331267	1	0	2	-0.005871588582548881
6200.0	1000.0	2412.5724673312675	0.0	0	770.9716769449615	2612.5724673312666	1	0	0	0.050089671087667764
10125.407275707963	6000.0	200.0	823.0686690431749	0	0.0	1325.4072757079612	1	0	2	-2.945443497357729
10339.75095353425	500.0	985.656322173713	0.0	0	0.0	1325.407275707963	1	0	1	-2.0512089417098105
11230.234020959906	2000.0	1095.1732547480572	0.0	0	0.0	1325.407275707963	1	0	1	1.3268448886381354
12200.0	2000.0	1125.4072757079628	0.0	0	558.227174356738	1325.4072757079612	1	0	1	2.713139249758026
13200.0	3000.0	1125.407275707963	0.0	0	274.73640483469535	1325.4072757079593	1	0	1	2.915871803812109
14209.796010446287	3000.0	1115.6112652616775	0.0	0	0.0	1325.4072757079593	1	0	1	3.3213369119202736
15447.615844280885	3000.0	877.7914314270804	0.0	0	0.0	1325.4072757079593	1	0	1	3.3213369119202736
16200.0	2000.0	1125.4072757079678	0.0	0	133.78453600575267	1325.4072757079593	1	0	1	2.307674141649862
17200.0	3000.0	1125.4072757079687	0.0	0	320.2170485253773	1325.407275707963	1	0	1	2.9158718038121085
18200.0	3000.0	1125.407275707967	0.0	0	194.66106411163491	1325.407275707963	1	0	1	3.321336911920273
19200.0	3000.0	1125.407275707968	0.0	0	132.86487786916405	1325.407275707963	1	0	1	3.321336911920273
20200.0	3000.0	1125.4072757079682	0.0	0	450.2723813844532	1325.4072757079666	1	0	1	3.3213369119202723
21200.0	3000.0	1125.4072757079718	0.0	0	574.5541140387031	1325.4072757079666	1	0	1	3.3213369119202723
22200.0	3000.0	1125.4072757079703	0.0	0	464.2186865026706	1325.4072757079666	1	0	1	3.3213369119202723
23200.0	3000.0	1125.4072757079714	0.0	0	438.0085153141481	1325.4072757079703	1	0	1	3.3213369119202723
24200.0	3000.0	1125.4072757079714	0.0	0	390.7824116732372	1325.4072757079703	1	0	1	3.3213369119202723
25200.0	3000.0	1125.4072757079741	0.0	0	140.21162000368713	1325.4072757079703	1	0	1	3.3213369119202723
26200.0	3000.0	1125.4072757079734	0.0	0	62.86935197246203	1325.4072757079703	1	0	1	3.3213369119202723
27200.0	3000.0	1125.407275707974	0.0	0	249.04342692803039	1325.4072757079703	1	0	1	3.3213369119202723
28200.0	3000.0	1125.4072757079764	0.0	0	91.39282311366696	1325.4072757079703	1	0	1	3.3213369119202723
29213.71520342766	3000.0	1111.692072280319	0.0	0	0.0	1325.407275707974	1	0	1	3.321336911920272
30200.0	3000.0	1125.4072757079743	0.0	0	115.23268752132572	1325.4072757079703	1	0	1	3.3213369119202723
31200.0	3000.0	1125.407275707976	0.0	0	449.30089602191583	1325.4072757079703	1	0	1	3.3213369119202723
32972.328993523224	3000.0	353.0782821847487	0.0	0	0.0	1325.4072757079666	1	0	1	3.3213369119202723
33427.5090516324	1000.0	897.8982240755781	0.0	0	0.0	1325.407275707974	1	0	1	0.5748061902499972
34215.112225263496	2000.0	1110.2950504444761	0.0	0	0.0	1325.4072757079703	1	0	1	2.0199920691980795
35274.73108961954	2000.0	1050.6761860884324	0.0	0	0.0	1325.407275707963	1	0	1	2.7131392497580253
36200.0	2000.0	1125.407275707969	0.0	0	365.0101674257385	1325.407275707963	1	0	1	2.713139249758026
37200.0	2000.0	1125.4072757079646	0.0	0	543.3540553730563	1325.407275707963	1	0	1	2.713139249758026
38200.0	2000.0	1125.4072757079532	0.0	0	262.17262307674537	1325.4072757079557	1	0	1	2.7131392497580267
39200.0	2000.0	1125.4072757079566	0.0	0	484.36800801364734	1325.4072757079557	1	0	1	2.7131392497580267
40200.0	3000.0	1125.4072757079628	0.0	0	7.252738815252087	1325.4072757079557	1	0	1	2.915871803812109
41327.746577403035	3000.0	997.6606983049304	0.0	0	0.0	1325.4072757079557	1	0	1	3.3213369119202736
42200.0	3000.0	1125.407275707969	0.0	0	169.38396125684812	1325.4072757079557	1	0	1	3.3213369119202736
43357.2429344546	3000.0	968.1643412533675	0.0	0	0.0	1325.4072757079557	1	0	1	3.3213369119202736
44200.0	2000.0	1125.4072757079612	0.0	0	136.76321582690434	1325.4072757079484	1	0	1	2.307674141649863
45200.0	3000.0	1125.407275707963	0.0	0	260.44365328990534	1325.4072757079484	1	0	1	2.9158718038121094
46200.0	3000.0	1125.4072757079575	0.0	0	213.08628653231426	1325.4072757079412	1	0	1	3.321336911920275
47200.0	3000.0	1125.4072757079634	0.0	0	376.5037128663753	1325.4072757079484	1	0	1	3.321336911920274
48200.0	3000.0	1125.40727570797	0.0	0	571.9467933965425	1325.4072757079484	1	0	1	3.321336911920274
49347.49535454542	3000.0	977.9119211625447	0.0	0	0.0	1325.4072757079412	1	0	1	3.321336911920275
50293.488575429394	3000.0	1031.9187002785604	0.0	0	0.0	1325.4072757079412	1	0	1	3.321336911920275
51200.0	3000.0	1125.4072757079598	0.0	0	201.71750114445604	1325.4072757079412	1	0	1	3.321336911920275
52200.0	3000.0	1125.4072757079634	0.0	0	443.3687526822541	1325.4072757079412	1	0	1	3.321336911920275
53204.82028936008	3000.0	1120.586986347881	0.0	0	18.25868007212557	1325.4072757079412	1	0	1	3.321336911920275
54355.23308812611	3000.0	970.1741875818522	0.0	0	0.0	1325.4072757079412	1	0	1	3.321336911920275
55200.0	3000.0	1125.407275707962	0.0	0	107.68073847745836	1325.4072757079484	1	0	1	3.321336911920274
56200.0	3000.0	1125.4072757079625	0.0	0	254.82473600476806	1325.4072757079484	1	0	1	3.321336911920274
57200.0	3000.0	1125.407275707959	0.0	0	365.7178267054478	1325.4072757079412	1	0	1	3.321336911920275
58200.0	3000.0	1125.4072757079673	0.0	0	167.47455343281763	1325.4072757079412	1	0	1	3.321336911920275
59200.0	3000.0	1125.4072757079643	0.0	0	517.0590309491236	1325.4072757079412	1	0	1	3.321336911920275
60200.0	3000.0	1125.4072757079539	0.0	0	542.8984765236601	1325.4072757079339	1	0	1	3.321336911920276
61200.0	3000.0	1125.4072757079548	0.0	0	463.46008349442855	1325.4072757079339	1	0	1	3.321336911920276
62200.0	3000.0	1125.4072757079496	0.0	0	147.28369445414864	1325.4072757079412	1	0	1	3.321336911920275
63200.0	3000.0	1125.4072757079546	0.0	0	223.35591636317258	1325.4072757079412	1	0	1	3.321336911920275
64200.0	3000.0	1125.4072757079578	0.0	0	450.9679866730512	1325.4072757079484	1	0	1	3.321336911920274
65200.0	3000.0	1125.4072757079446	0.0	0	699.2211853199042	1325.4072757079412	1	0	1	3.321336911920275
66200.0	3000.0	1125.407275707947	0.0	0	519.7646846854041	1325.4072757079412	1	0	1	3.321336911920275
67200.0	3000.0	1125.4072757079523	0.0	0	151.07198507725843	1325.4072757079412	1	0	1	3.321336911920275
68200.0	3000.0	1125.407275707934	0.0	0	686.8639895006345	1325.4072757079412	1	0	1	3.321336911920275
69695.37314991665	6000.0	630.034125791291	0.0	0	0.0	1325.4072757079266	1	0	1	3.667910502200249
70578.96862737206	3000.0	746.4386483358776	0.0	0	0.0	1325.4072757079266	1	0	1	2.6281897313603313
71200.0	3000.0	1125.4072757079148	0.0	0	5.968016221362632	1325.4072757079266	1	0	1	3.3213369119202762
72200.0	3000.0	1125.4072757079189	0.0	0	359.58064797267434	1325.4072757079266	1	0	1	3.3213369119202762
73200.0	3000.0	1125.407275707928	0.0	0	456.0760987257527	1325.4072757079266	1	0	1	3.3213369119202762
74200.0	3000.0	1125.4072757079239	0.0	0	87.61569027682708	1325.4072757079266	1	0	1	3.3213369119202762
75200.0	3000.0	1125.4072757079346	0.0	0	112.70017333440774	1325.4072757079412	1	0	1	3.321336911920275
76200.0	3000.0	1125.407275707946	0.0	0	5.35150624907692	1325.4072757079412	1	0	1	3.321336911920275
77200.0	3000.0	1125.4072757079618	0.0	0	103.71142800034431	1325.4072757079412	1	0	1	3.321336911920275
78200.0	3000.0	1125.4072757079582	0.0	0	336.47956201994384	1325.4072757079412	1	0	1	3.321336911920275
79200.0	3000.0	1125.4072757079525	0.0	0	524.6336474564741	1325.4072757079412	1	0	1	3.321336911920275
80200.0	3000.0	1125.4072757079578	0.0	0	612.2505693602288	1325.4072757079412	1	0	1	3.321336911920275
81200.0	3000.0	1125.4072757079482	0.0	0	625.7984863848833	1325.4072757079412	1	0	1	3.321336911920275
82200.0	3000.0	1125.4072757079293	0.0	0	554.983722525154	1325.4072757079266	1	0	1	3.3213369119202762
83200.0	3000.0	1125.4072757079316	0.0	0	379.89987818311783	1325.4072757079412	1	0	1	3.321336911920275
84200.0	3000.0	1125.4072757079234	0.0	0	332.37477888914873	1325.4072757079412	1	0	1	3.321336911920275
85200.0	3000.0	1125.4072757079205	0.0	0	221.80891606665682	1325.4072757079412	1	0	1	3.321336911920275
86200.0	3000.0	1125.4072757079277	0.0	0	334.1330294407817	1325.4072757079557	1	0	1	3.3213369119202736
87200.0	3000.0	1125.407275707934	0.0	0	463.9680817099288	1325.4072757079703	1	0	1	3.3213369119202723
88200.0	3000.0	1125.407275707946	0.0	0	269.52912548865424	1325.4072757079703	1	0	1	3.3213369119202723
89217.22410911795	3000.0	1108.1831665899945	0.0	0	0.0	1325.4072757079703	1	0	1	3.3213369119202723
90200.0	3000.0	1125.4072757079384	0.0	0	308.09339151538734	1325.4072757079703	1	0	1	3.3213369119202723
91200.0	3000.0	1125.407275707932	0.0	0	367.62555586635426	1325.4072757079703	1	0	1	3.3213369119202723
92200.0	3000.0	1125.4072757079307	0.0	0	500.2714121220779	1325.4072757079703	1	0	1	3.3213369119202723
93200.0	3000.0	1125.4072757079462	0.0	0	573.4547682106931	1325.4072757079703	1	0	1	3.3213369119202723
94200.0	3000.0	1125.4072757079402	0.0	0	705.7999051989755	1325.4072757079703	1	0	1	3.3213369119202723
95200.0	3000.0	1125.4072757079473	0.0	0	445.5949200419709	1325.4072757079703	1	0	1	3.3213369119202723
96331.9095692257	6000.0	993.4977064822606	0.0	0	0.0	1325.4072757079848	1	0	1	3.667910502200243
97593.08588568453	6000.0	732.3213900234434	0.0	0	0.0	1325.4072757079848	1	0	1	4.361057682760189
98283.5669749673	3000.0	1041.8403007406753	0.0	0	0.0	1325.4072757079848	1	0	1	2.628189731360326
99200.0	3000.0	1125.407275707975	0.0	0	198.82927533549082	1325.4072757079848	1	0	1	3.3213369119202705
100200.0	3000.0	1125.4072757079748	0.0	0	557.4305853167461	1325.4072757079848	1	0	1	3.3213369119202705
101200.0	3000.0	1125.407275707992	0.0	0	359.0712412068242	1325.4072757079848	1	0	1	3.3213369119202705
102393.32384073795	3000.0	932.0834349700392	0.0	0	0.0	1325.4072757079848	1	0	1	3.3213369119202705
103278.47822546388	3000.0	1046.9290502440958	0.0	0	0.0	1325.4072757079703	1	0	1	3.3213369119202723
104200.0	3000.0	1125.4072757079587	0.0	0	391.7118716981786	1325.4072757079557	1	0	1	3.3213369119202736
105200.0	3000.0	1125.4072757079612	0.0	0	324.9487561940914	1325.4072757079557	1	0	1	3.3213369119202736
106200.0	3000.0	1125.4072757079482	0.0	0	466.4735116801312	1325.4072757079412	1	0	1	3.321336911920275
107200.0	3000.0	1125.4072757079498	0.0	0	286.06755123866606	1325.4072757079412	1	0	1	3.321336911920275
108200.0	3000.0	1125.407275707958	0.0	0	461.86564980179537	1325.4072757079412	1	0	1	3.321336911920275
109200.0	3000.0	1125.4072757079591	0.0	0	206.34138070524205	1325.4072757079412	1	0	1	3.321336911920275
110200.0	3000.0	1125.4072757079437	0.0	0	389.91847702284576	1325.4072757079412	1	0	1	3.321336911920275
111200.0	3000.0	1125.4072757079534	0.0	0	535.3692473971605	1325.4072757079412	1	0	1	3.321336911920275
112200.0	3000.0	1125.4072757079512	0.0	0	270.0370606984652	1325.4072757079412	1	0	1	3.321336911920275
113399.77107919223	3000.0	925.6361965157357	0.0	0	0.0	1325.4072757079412	1	0	1	3.321336911920275
114257.37699023062	3000.0	1068.0302854773336	0.0	0	0.0	1325.4072757079557	1	0	1	3.3213369119202736
115200.0	3000.0	1125.4072757079578	0.0	0	292.739737507276	1325.4072757079557	1	0	1	3.3213369119202736
116200.0	3000.0	1125.4072757079405	0.0	0	489.6634202609566	1325.4072757079557	1	0	1	3.3213369119202736
117200.0	3000.0	1125.4072757079293	0.0	0	537.6931181578693	1325.4072757079557	1	0	1	3.3213369119202736
118200.0	3000.0	1125.4072757079348	0.0	0	415.63233916870377	1325.4072757079412	1	0	1	3.321336911920275
119200.0	3000.0	1125.407275707942	0.0	0	152.15298523528327	1325.4072757079266	1	0	1	3.3213369119202762
120292.43014412168	3000.0	1032.9771315862465	0.0	0	0.0	1325.4072757079266	1	0	1	3.3213369119202762
121228.41725514713	3000.0	1096.9900205608067	0.0	0	0.0	1325.4072757079266	1	0	1	3.3213369119202762
122200.0	3000.0	1125.40727570792	0.0	0	177.47592210520816	1325.407275707912	1	0	1	3.321336911920278
123200.0	3000.0	1125.4072757079261	0.0	0	341.5497316795954	1325.407275707912	1	0	1	3.321336911920278
124200.0	3000.0	1125.4072757079339	0.0	0	538.1786094379349	1325.407275707912	1	0	1	3.321336911920278
125426.45975625736	3000.0	898.9475194505716	0.0	0	0.0	1325.407275707912	1	0	1	3.321336911920278
126422.43834709958	3000.0	902.9689286083394	0.0	0	0.0	1325.407275707912	1	0	1	3.321336911920278
127200.0	3000.0	1125.4072757079336	0.0	0	6.380585272738244	1325.4072757079266	1	0	1	3.3213369119202762
128205.07367978599	3000.0	1120.333595921938	0.0	0	228.29615867088432	1325.4072757079266	1	0	1	3.3213369119202762
129381.43589106458	3000.0	943.971384643347	0.0	0	0.0	1325.4072757079266	1	0	1	3.3213369119202762
130360.18958871614	3000.0	965.217686991791	0.0	0	0.0	1325.4072757079266	1	0	1	3.3213369119202762
131200.0	3000.0	1125.4072757079307	0.0	0	211.35346319139353	1325.407275707912	1	0	1	3.3213369119202767
132588.06138646745	3000.0	737.3458892404893	0.0	0	0.0	1325.4072757079266	1	0	1	3.321336911920277
133430.1632211363	2000.0	895.2440545716619	0.0	0	0.0	1325.4072757078975	1	0	1	2.307674141649868
134200.0	2000.0	1125.4072757079166	0.0	0	54.2329489022959	1325.4072757078975	1	0	1	2.7131392497580324
135200.0	3000.0	1125.407275707908	0.0	0	269.7336122409033	1325.4072757079266	1	0	1	2.9158718038121116
136408.95684872274	3000.0	916.4504269851559	0.0	0	0.0	1325.4072757078975	1	0	1	3.3213369119202785
137200.0	2000.0	1125.407275707898	0.0	0	180.2557170977816	1325.4072757078684	1	0	1	2.307674141649871
138200.0	3000.0	1125.407275707926	0.0	0	280.6142870638578	1325.4072757078975	1	0	1	2.9158718038121147
139200.0	3000.0	1125.40727570797	0.0	0	70.80442204038263	1325.4072757079266	1	0	1	3.3213369119202762
140200.0	3000.0	1125.407275707941	0.0	0	112.82396007631905	1325.4072757079266	1	0	1	3.3213369119202762
141200.0	3000.0	1125.407275707953	0.0	0	345.25335245000315	1325.4072757079266	1	0	1	3.3213369119202762
142200.0	3000.0	1125.4072757079596	0.0	0	580.6432620956039	1325.4072757079266	1	0	1	3.3213369119202762
143200.0	3000.0	1125.4072757079423	0.0	0	494.539386725286	1325.4072757079266	1	0	1	3.3213369119202762
144200.0	3000.0	1125.4072757079425	0.0	0	604.4492507753603	1325.4072757078975	1	0	1	3.3213369119202794
145200.0	3000.0	1125.407275707932	0.0	0	574.4626586626109	1325.4072757078975	1	0	1	3.3213369119202794
146587.05436942106	6000.0	738.3529062868582	0.0	0	0.0	1325.4072757078975	1	0	1	3.667910502200252
147280.03115794432	3000.0	1045.376117763612	0.0	0	0.0	1325.4072757078975	1	0	1	2.628189731360335
148200.0	3000.0	1125.4072757079027	0.0	0	147.24940766836517	1325.4072757078975	1	0	1	3.3213369119202794
149200.0	3000.0	1125.407275707908	0.0	0	375.22215458448045	1325.4072757078975	1	0	1	3.3213369119202794
150200.0	3000.0	1125.4072757078652	0.0	0	445.67630773127894	1325.4072757078975	1	0	1	3.3213369119202794
151200.0	3000.0	1125.4072757078447	0.0	0	262.75480820715893	1325.4072757078975	1	0	1	3.3213369119202794
152200.0	3000.0	1125.4072757078427	0.0	0	426.45995851332555	1325.4072757078975	1	0	1	3.3213369119202794
153200.0	3000.0	1125.4072757078566	0.0	0	566.3987680583668	1325.4072757078684	1	0	1	3.3213369119202825
154200.0	3000.0	1125.4072757078811	0.0	0	354.46474756891257	1325.4072757078393	1	0	1	3.321336911920285
155200.0	3000.0	1125.4072757078422	0.0	0	422.5185383603093	1325.4072757078102	1	0	1	3.321336911920288
156200.0	3000.0	1125.4072757078297	0.0	0	20.867145373282256	1325.4072757078102	1	0	1	3.321336911920288
157200.0	3000.0	1125.4072757078172	0.0	0	66.929162531771	1325.4072757078102	1	0	1	3.321336911920288
158200.0	3000.0	1125.4072757077984	0.0	0	303.8577152148937	1325.407275707781	1	0	1	3.3213369119202913
159200.0	3000.0	1125.4072757077913	0.0	0	45.19793303197366	1325.4072757078102	1	0	1	3.321336911920288
160200.0	3000.0	1125.4072757078286	0.0	0	107.17402544830111	1325.4072757078102	1	0	1	3.321336911920288
161200.0	3000.0	1125.4072757078284	0.0	0	436.2023496105976	1325.4072757078102	1	0	1	3.321336911920288
162200.0	3000.0	1125.407275707808	0.0	0	413.40648445737315	1325.4072757078102	1	0	1	3.321336911920288
163200.0	3000.0	1125.4072757078184	0.0	0	93.66993596532848	1325.4072757078102	1	0	1	3.321336911920288
164200.0	3000.0	1125.4072757078047	0.0	0	138.69845070430893	1325.407275707781	1	0	1	3.3213369119202913
165200.0	3000.0	1125.4072757078034	0.0	0	325.0529106473259	1325.4072757078102	1	0	1	3.321336911920288
166200.0	3000.0	1125.4072757078175	0.0	0	196.08197105367435	1325.4072757078102	1	0	1	3.321336911920288
167200.0	3000.0	1125.4072757078175	0.0	0	538.1431935340224	1325.4072757078102	1	0	1	3.321336911920288
168200.0	3000.0	1125.4072757078256	0.0	0	236.10396043080254	1325.4072757078102	1	0	1	3.321336911920288
169200.0	3000.0	1125.4072757078286	0.0	0	332.63715072278865	1325.4072757078102	1	0	1	3.321336911920288
170200.0	3000.0	1125.407275707803	0.0	0	406.76273192171357	1325.4072757078102	1	0	1	3.321336911920288
171200.0	3000.0	1125.4072757078184	0.0	0	365.60677473948454	1325.4072757078102	1	0	1	3.321336911920288
172200.0	3000.0	1125.4072757078234	0.0	0	30.391562507196795	1325.4072757078102	1	0	1	3.321336911920288
173200.0	3000.0	1125.4072757078534	0.0	0	47.17197653540643	1325.4072757078102	1	0	1	3.321336911920288
174200.0	3000.0	1125.4072757078625	0.0	0	122.85784213317675	1325.407275707781	1	0	1	3.3213369119202913
175200.0	3000.0	1125.4072757078554	0.0	0	302.72486833986477	1325.407275707752	1	0	1	3.321336911920294
176200.0	3000.0	1125.4072757078611	0.0	0	392.72006552675157	1325.407275707752	1	0	1	3.321336911920294
177200.0	3000.0	1125.4072757078973	0.0	0	342.6690303928335	1325.407275707752	1	0	1	3.321336911920294
178200.0	3000.0	1125.4072757079082	0.0	0	59.22564728182624	1325.407275707781	1	0	1	3.321336911920293
179200.0	3000.0	1125.4072757079343	0.0	0	55.350966983882245	1325.4072757078102	1	0	1	3.321336911920289
180200.0	3000.0	1125.4072757079696	0.0	0	394.2290519074595	1325.4072757078102	1	0	1	3.321336911920288
181809.18992022437	3000.0	516.2173554836178	0.0	0	0.0	1325.4072757078393	1	0	1	3.321336911920285
182200.0	1000.0	1125.4072757080123	0.0	0	35.871775735286064	1325.4072757078393	1	0	1	0.5748061902500105
183200.0	2000.0	1125.4072757079773	0.0	0	418.2766020334093	1325.4072757078393	1	0	1	2.019992069198093
184200.0	2000.0	1125.4072757079748	0.0	0	28.86152704831329	1325.4072757078102	1	0	1	2.71313924975804
185200.0	2000.0	1125.407275707934	0.0	0	355.63706037329393	1325.407275707781	1	0	1	2.7131392497580444
186200.0	2000.0	1125.4072757079568	0.0	0	349.1323288536223	1325.407275707781	1	0	1	2.7131392497580444
187200.0	2000.0	1125.4072757079505	0.0	0	392.41770582384197	1325.407275707781	1	0	1	2.7131392497580444
188200.0	2000.0	1125.4072757079275	0.0	0	420.39449537178734	1325.407275707781	1	0	1	2.7131392497580444
189200.0	3000.0	1125.407275707917	0.0	0	247.97830193303525	1325.407275707781	1	0	1	2.9158718038121267
190200.0	3000.0	1125.4072757079127	0.0	0	316.71195922387415	1325.407275707781	1	0	1	3.3213369119202913
191200.0	3000.0	1125.4072757079493	0.0	0	72.74666232222808	1325.407275707781	1	0	1	3.3213369119202913
192339.39795930413	3000.0	986.0093164038169	0.0	0	0.0	1325.4072757078102	1	0	1	3.321336911920289
193200.0	2000.0	1125.4072757079603	0.0	0	65.83841170126107	1325.4072757078393	1	0	1	2.3076741416498736
194200.0	3000.0	1125.4072757079462	0.0	0	142.26193396621966	1325.4072757078393	1	0	1	2.9158718038121205
195200.0	3000.0	1125.4072757079377	0.0	0	152.79816760588437	1325.4072757078684	1	0	1	3.3213369119202825
196200.0	3000.0	1125.4072757079175	0.0	0	497.256661843101	1325.4072757078684	1	0	1	3.3213369119202825
197200.0	3000.0	1125.4072757079223	0.0	0	522.1021403545456	1325.4072757078684	1	0	1	3.3213369119202825
198200.0	3000.0	1125.4072757079214	0.0	0	276.79084786586463	1325.4072757078684	1	0	1	3.3213369119202825
199200.0	3000.0	1125.4072757079111	0.0	0	47.23385762452381	1325.4072757078393	1	0	1	3.321336911920285
200200.0	3000.0	1125.4072757079368	0.0	0	301.6969568801578	1325.4072757078684	1	0	1	3.3213369119202825
201200.0	3000.0	1125.4072757079648	0.0	0	601.1296069430828	1325.4072757078975	1	0	1	3.3213369119202794
202200.0	3000.0	1125.4072757079603	0.0	0	134.33236804397893	1325.4072757078975	1	0	1	3.3213369119202794
203601.62783929365	3000.0	723.7794364143036	0.0	0	0.0	1325.4072757079266	1	0	1	3.3213369119202762
204200.0	2000.0	1125.407275707978	0.0	0	55.291204620851204	1325.4072757079266	1	0	1	2.3076741416498643
205200.0	3000.0	1125.407275708002	0.0	0	203.84486661077244	1325.4072757079266	1	0	1	2.9158718038121116
206200.0	3000.0	1125.4072757080066	0.0	0	311.5281270049745	1325.4072757079266	1	0	1	3.3213369119202762
207200.0	3000.0	1125.4072757080187	0.0	0	457.89297576621175	1325.4072757079266	1	0	1	3.3213369119202762
208200.0	3000.0	1125.407275708006	0.0	0	462.1388423793542	1325.4072757079266	1	0	1	3.3213369119202762
209200.0	3000.0	1125.407275707969	0.0	0	356.69400643519475	1325.4072757078975	1	0	1	3.3213369119202794
210200.0	3000.0	1125.4072757079884	0.0	0	521.6373219437664	1325.4072757078975	1	0	1	3.3213369119202794
211200.0	3000.0	1125.4072757079966	0.0	0	114.46203432232141	1325.4072757079557	1	0	1	3.3213369119202754
212200.0	3000.0	1125.4072757080373	0.0	0	340.5271185458405	1325.4072757079848	1	0	1	3.3213369119202705
213200.0	3000.0	1125.4072757080703	0.0	0	570.0061500205775	1325.4072757079848	1	0	1	3.3213369119202705
214200.0	3000.0	1125.4072757081021	0.0	0	705.2286524573574	1325.407275708014	1	0	1	3.321336911920268
215200.0	3000.0	1125.407275708113	0.0	0	574.1903194171027	1325.407275708014	1	0	1	3.321336911920268
216200.0	3000.0	1125.4072757080976	0.0	0	167.86814536867314	1325.4072757079848	1	0	1	3.3213369119202705
217200.0	3000.0	1125.4072757080612	0.0	0	579.2551989322819	1325.4072757079848	1	0	1	3.3213369119202705
218200.0	6000.0	1125.4072757080457	0.0	0	160.50907576148165	1325.4072757079557	1	0	1	3.667910502200246
219200.0	3000.0	1125.4072757080735	0.0	0	268.295568876958	1325.4072757079557	1	0	1	2.6281897313603286
220200.0	3000.0	1125.407275708093	0.0	0	410.57471445709234	1325.4072757079266	1	0	1	3.3213369119202762
221200.0	3000.0	1125.4072757080614	0.0	0	356.65802909759805	1325.4072757078975	1	0	1	3.3213369119202794
222200.0	3000.0	1125.4072757080448	0.0	0	385.77190638458706	1325.4072757078975	1	0	1	3.3213369119202794
223200.0	3000.0	1125.4072757080328	0.0	0	181.15602343386854	1325.4072757078975	1	0	1	3.3213369119202794
224200.0	3000.0	1125.4072757080066	0.0	0	351.9944979562424	1325.4072757078975	1	0	1	3.3213369119202794
225200.0	3000.0	1125.4072757079862	0.0	0	177.8351608882076	1325.4072757078975	1	0	1	3.3213369119202794
226200.0	3000.0	1125.4072757080025	0.0	0	144.4748524147726	1325.4072757078684	1	0	1	3.3213369119202825
227200.0	3000.0	1125.4072757079925	0.0	0	278.6297963334364	1325.4072757078684	1	0	1	3.3213369119202825
228200.0	3000.0	1125.4072757079798	0.0	0	528.0793137810251	1325.4072757078975	1	0	1	3.3213369119202794
229200.0	3000.0	1125.4072757079414	0.0	0	485.22519392875256	1325.4072757078975	1	0	1	3.3213369119202794
230200.0	3000.0	1125.4072757079748	0.0	0	539.4564642501937	1325.4072757079266	1	0	1	3.3213369119202762
231200.0	3000.0	1125.4072757080096	0.0	0	444.77028308453737	1325.4072757079266	1	0	1	3.3213369119202762
232200.0	3000.0	1125.4072757080085	0.0	0	429.0579753968341	1325.4072757079266	1	0	1	3.3213369119202762
233200.0	3000.0	1125.4072757079916	0.0	0	357.142391767411	1325.4072757078975	1	0	1	3.3213369119202794
234200.0	3000.0	1125.407275707975	0.0	0	268.78829789123847	1325.4072757078975	1	0	1	3.3213369119202794
235200.0	3000.0	1125.4072757079825	0.0	0	381.5472831437655	1325.4072757078975	1	0	1	3.3213369119202794
236200.0	3000.0	1125.4072757079734	0.0	0	584.9478571455402	1325.4072757078975	1	0	1	3.3213369119202794
237200.0	3000.0	1125.4072757079725	0.0	0	61.557792230916675	1325.4072757078684	1	0	1	3.3213369119202807
238200.0	3000.0	1125.4072757079996	0.0	0	314.73792593201506	1325.4072757078684	1	0	1	3.3213369119202825
239200.0	3000.0	1125.4072757080037	0.0	0	296.74513906548964	1325.4072757078684	1	0	1	3.3213369119202825
240200.0	3000.0	1125.4072757080157	0.0	0	209.3756027991185	1325.4072757078684	1	0	1	3.3213369119202825
241200.0	3000.0	1125.4072757079905	0.0	0	625.7098911918001	1325.4072757078684	1	0	1	3.3213369119202825
242200.0	3000.0	1125.4072757079857	0.0	0	665.406887273246	1325.4072757078684	1	0	1	3.3213369119202825
243200.0	3000.0	1125.407275708009	0.0	0	583.1052751633397	1325.4072757078684	1	0	1	3.3213369119202825
244200.0	3000.0	1125.4072757080016	0.0	0	462.5296121700958	1325.4072757078684	1	0	1	3.3213369119202825
245458.8358885242	6000.0	866.5713871837925	0.0	0	0.0	1325.4072757078684	1	0	1	3.6679105022002547
246200.0	3000.0	1125.4072757079764	0.0	0	81.69621323092724	1325.4072757078684	1	0	1	2.6281897313603375
247659.60172237447	6000.0	665.8055533335154	0.0	0	0.0	1325.4072757078975	1	0	1	3.6679105022002525
248408.81636029933	3000.0	916.590915408667	0.0	0	0.0	1325.4072757078975	1	0	1	2.628189731360335
249200.0	3000.0	1125.407275708019	0.0	0	138.37975990073755	1325.4072757079266	1	0	1	3.321336911920278
250200.0	3000.0	1125.4072757079998	0.0	0	227.6785331578867	1325.4072757078975	1	0	1	3.3213369119202794
251200.0	3000.0	1125.4072757079734	0.0	0	269.7337093032256	1325.4072757078975	1	0	1	3.3213369119202794
252200.0	3000.0	1125.4072757079293	0.0	0	24.207396776415408	1325.4072757078975	1	0	1	3.3213369119202794
253200.0	3000.0	1125.4072757079539	0.0	0	278.97856657221564	1325.4072757078975	1	0	1	3.3213369119202794
254200.0	3000.0	1125.4072757079934	0.0	0	524.3560473118268	1325.4072757078975	1	0	1	3.3213369119202794
255200.0	3000.0	1125.407275707956	0.0	0	509.0651326858497	1325.4072757078975	1	0	1	3.3213369119202794
256200.0	3000.0	1125.4072757079698	0.0	0	437.5266694514721	1325.4072757078975	1	0	1	3.3213369119202794
257200.0	3000.0	1125.407275708008	0.0	0	243.1622413553996	1325.4072757079266	1	0	1	3.3213369119202762
258200.0	3000.0	1125.4072757079998	0.0	0	22.13508095050929	1325.4072757079557	1	0	1	3.3213369119202736
259200.0	3000.0	1125.4072757079593	0.0	0	187.080392842734	1325.4072757079266	1	0	1	3.3213369119202762
260200.0	3000.0	1125.4072757079655	0.0	0	405.8967732596211	1325.4072757079266	1	0	1	3.3213369119202762
261200.0	3000.0	1125.4072757079716	0.0	0	478.1088383496681	1325.4072757079266	1	0	1	3.3213369119202762
262200.0	3000.0	1125.407275707944	0.0	0	33.85990703187417	1325.4072757078975	1	0	1	3.3213369119202794
263200.0	3000.0	1125.407275707927	0.0	0	390.7249230162124	1325.4072757078975	1	0	1	3.3213369119202785
264200.0	3000.0	1125.4072757079125	0.0	0	274.30569436302176	1325.4072757078684	1	0	1	3.3213369119202825
265200.0	3000.0	1125.40727570786	0.0	0	572.1341361562372	1325.4072757078102	1	0	1	3.321336911920288
266200.0	3000.0	1125.4072757078598	0.0	0	579.5242434712127	1325.4072757078102	1	0	1	3.321336911920288
267200.0	3000.0	1125.4072757078552	0.0	0	494.08324462536257	1325.407275707752	1	0	1	3.321336911920294
268252.0232899618	3000.0	1073.383985746039	0.0	0	0.0	1325.407275707752	1	0	1	3.321336911920294
269200.0	3000.0	1125.4072757078748	0.0	0	313.02115672588116	1325.407275707752	1	0	1	3.321336911920294
270200.0	3000.0	1125.407275707834	0.0	0	230.08582236844813	1325.407275707752	1	0	1	3.321336911920294
271200.0	3000.0	1125.4072757078595	0.0	0	217.76480925141368	1325.407275707752	1	0	1	3.321336911920294
272200.0	3000.0	1125.4072757078566	0.0	0	601.3399398836191	1325.407275707752	1	0	1	3.321336911920294
273200.0	3000.0	1125.407275707767	0.0	0	496.87401258334285	1325.407275707752	1	0	1	3.321336911920294
274200.0	3000.0	1125.4072757077315	0.0	0	142.19228911946993	1325.407275707752	1	0	1	3.321336911920294
275200.0	3000.0	1125.4072757077563	0.0	0	234.82419556810055	1325.407275707752	1	0	1	3.321336911920294
276200.0	3000.0	1125.4072757077668	0.0	0	104.31513455376262	1325.407275707752	1	0	1	3.321336911920294
277200.0	3000.0	1125.4072757077352	0.0	0	457.4305257766973	1325.407275707752	1	0	1	3.321336911920294
278283.61269899394	3000.0	1041.7945767137742	0.0	0	0.0	1325.4072757078102	1	0	1	3.3213369119202887
279272.9395758088	3000.0	1052.4676998989323	0.0	0	0.0	1325.4072757078684	1	0	1	3.3213369119202825
280350.0032847333	3000.0	975.4039909744215	0.0	0	0.0	1325.4072757078102	1	0	1	3.3213369119202856
281312.15451396175	3000.0	1013.2527617459979	0.0	0	0.0	1325.4072757078684	1	0	1	3.3213369119202825
282449.1647446864	3000.0	876.2425310213648	0.0	0	0.0	1325.4072757078684	1	0	1	3.3213369119202825
283241.80561749666	2000.0	1083.6016582110183	0.0	0	0.0	1325.4072757078102	1	0	1	2.3076741416498754
284232.0334004421	3000.0	1093.37387526552	0.0	0	0.0	1325.4072757078102	1	0	1	2.915871803812123
285200.0	3000.0	1125.4072757076099	0.0	0	193.97696160129271	1325.4072757078102	1	0	1	3.321336911920288
286200.0	3000.0	1125.4072757076274	0.0	0	52.5989293034072	1325.4072757078102	1	0	1	3.321336911920288
287300.0972066732	3000.0	1025.3100690344606	0.0	0	0.0	1325.4072757078102	1	0	1	3.321336911920288
288200.0	3000.0	1125.407275707661	0.0	0	188.83469987788703	1325.4072757078102	1	0	1	3.321336911920288
289200.0	3000.0	1125.4072757076567	0.0	0	124.4946531773312	1325.4072757078684	1	0	1	3.3213369119202825
290200.0	3000.0	1125.4072757075887	0.0	0	346.1288607395254	1325.4072757078684	1	0	1	3.3213369119202825
291200.0	3000.0	1125.407275707575	0.0	0	409.33570348849753	1325.4072757078102	1	0	1	3.321336911920288
292200.0	3000.0	1125.407275707524	0.0	0	589.341096813092	1325.4072757078102	1	0	1	3.321336911920288
293200.0	3000.0	1125.40727570751	0.0	0	609.5683461216395	1325.4072757078102	1	0	1	3.321336911920288
294200.0	3000.0	1125.4072757075392	0.0	0	455.70780588377966	1325.4072757078102	1	0	1	3.321336911920288
295527.74373689253	6000.0	797.6635388149186	0.0	0	0.0	1325.4072757078102	1	0	1	3.6679105022002605
296426.7096190133	3000.0	898.6976566941033	0.0	0	0.0	1325.4072757078102	1	0	1	2.628189731360343
297200.0	3000.0	1125.4072757073975	0.0	0	174.21391889452934	1325.4072757078102	1	0	1	3.321336911920288
298200.0	3000.0	1125.4072757073516	0.0	0	381.9218818345689	1325.4072757078102	1	0	1	3.321336911920288
299200.0	3000.0	1125.4072757073668	0.0	0	110.67307664646069	1325.4072757078684	1	0	1	3.3213369119202825
300217.9644020779	3000.0	1107.4428736294544	0.0	0	0.0	1325.4072757078684	1	0	1	3.3213369119202825
301200.0	3000.0	1125.4072757073122	0.0	0	259.36957154079573	1325.4072757078684	1	0	1	3.3213369119202825
302200.0	3000.0	1125.4072757073002	0.0	0	515.5554993078113	1325.4072757079266	1	0	1	3.3213369119202762
303200.0	3000.0	1125.4072757073081	0.0	0	334.4587584165274	1325.4072757079266	1	0	1	3.3213369119202762
304200.0	3000.0	1125.4072757072843	0.0	0	344.14845063036773	1325.4072757079266	1	0	1	3.3213369119202762
3.98	4.16	3.98	2.51	2.58	4.24	5.78	2.88	2.49	3.87	3.54	5.27	4.61	5.86	5.78	5.03	4.31	4.09	3.13	3.34	4.0	3.65	4.0	4.16	5.27	2.42	1.84	3.05	2.2	3.2	4.48	3.29	3.44	3.61	3.63	4.02	2.81	3.34	3.09	4.37	6.01	6.75	3.2	3.68	5.47	6.83	3.43	2.05	3.68	4.0	4.8	4.74	4.97	6.36	6.52	4.34	5.26	7.21	9.8	6.36	3.96	8.32	6.58	4.52	4.41	5.5	7.43	4.43	4.71	4.25	2.85	4.46	6.3	7.52	7.15	6.6	5.39	6.81	3.34	5.8	6.78	4.01	3.83	4.6	4.46	6.65	9.15	9.79	5.94	7.05	5.21	5.17	3.82	5.9	4.78	3.85	2.97	5.11	5.19	5.64	5.76	4.67	3.24	4.53	6.1	5.88	2.39	4.05	4.97	6.29	8.53	6.59	3.7	3.59	3.53	4.89	6.06	6.95	2.63	3.83	3.44	5.35	2.18	3.85	4.24	3.13	2.4	3.36	4.08	3.19	3.52	3.73	3.95	3.45	5.4	6.12	8.48	8.79	7.09	6.44	4.47	3.65	5.32	4.38	3.65	4.24	5.5	5.76	4.43	5.51	3.98	4.16	3.98	2.51	2.58	4.24	5.78	2.88	2.49	3.87	3.54	5.27	4.61	5.86	5.78	5.03	4.31	4.09	3.13	3.34	4.0	3.65	4.0	4.16	5.27	2.42	1.84	3.05	2.2	3.2	4.48	3.29	3.44	3.61	3.63	4.02	2.81	3.34	3.09	4.37	6.01	6.75	3.2	3.68	5.47	6.83	3.43	2.05	3.68	4.0	4.8	4.74	4.97	6.36	6.52	4.34	5.26	7.21	9.8	6.36	3.96	8.32	6.58	4.52	4.41	5.5	7.43	4.43	4.71	4.25	2.85	4.46	6.3	7.52	7.15	6.6	5.39	6.81	3.34	5.8	6.78	4.01	3.83	4.6	4.46	6.65	9.15	9.79	5.94	7.05	5.21	5.17	3.82	5.9	4.78	3.85	2.97	5.11	5.19	5.64	5.76	4.67	3.24	4.53	6.1	5.88	2.39	4.05	4.97	6.29	8.53	6.59	3.7	3.59	3.53	4.89	6.06	6.95	2.63	3.83	3.44	5.35	2.18	3.85	4.24	3.13	2.4	3.36	4.08	3.19	3.52	3.73	3.95	3.45	5.4	6.12	8.48	8.79	7.09	6.44	4.47	3.65	5.32	4.38	3.65	4.24	5.5	5.76	4.43	5.51	3.98	4.16	3.98	2.51	2.58	4.24
1.0	2.0	3.0	4.0	5.0	6.0	7.0	8.0	9.0	10.0	11.0	12.0	13.0	14.0	15.0	16.0	17.0	18.0	19.0	20.0	21.0	22.0	23.0	24.0	25.0	26.0	27.0	28.0	29.0	30.0	31.0	32.0	33.0	34.0	35.0	36.0	37.0	38.0	39.0	40.0	41.0	42.0	43.0	44.0	45.0	46.0	47.0	48.0	49.0	50.0	51.0	52.0	53.0	54.0	55.0	56.0	57.0	58.0	59.0	60.0	61.0	62.0	63.0	64.0	65.0	66.0	67.0	68.0	69.0	70.0	71.0	72.0	73.0	74.0	75.0	76.0	77.0	78.0	79.0	80.0	81.0	82.0	83.0	84.0	85.0	86.0	87.0	88.0	89.0	90.0	91.0	92.0	93.0	94.0	95.0	96.0	97.0	98.0	99.0	100.0	101.0	102.0	103.0	104.0	105.0	106.0	107.0	108.0	109.0	110.0	111.0	112.0	113.0	114.0	115.0	116.0	117.0	118.0	119.0	120.0	121.0	122.0	123.0	124.0	125.0	126.0	127.0	128.0	129.0	130.0	131.0	132.0	133.0	134.0	135.0	136.0	137.0	138.0	139.0	140.0	141.0	142.0	143.0	144.0	145.0	146.0	147.0	148.0	149.0	149.0	150.0	151.0	152.0	153.0	154.0	155.0	156.0	157.0	158.0	159.0	160.0	161.0	162.0	163.0	164.0	165.0	166.0	167.0	168.0	169.0	170.0	171.0	172.0	173.0	174.0	175.0	176.0	177.0	178.0	179.0	180.0	181.0	182.0	183.0	184.0	185.0	186.0	187.0	188.0	189.0	190.0	191.0	192.0	193.0	194.0	195.0	196.0	197.0	198.0	199.0	200.0	201.0	202.0	203.0	204.0	205.0	206.0	207.0	208.0	209.0	210.0	211.0	212.0	213.0	214.0	215.0	216.0	217.0	218.0	219.0	220.0	221.0	222.0	223.0	224.0	225.0	226.0	227.0	228.0	229.0	230.0	231.0	232.0	233.0	234.0	235.0	236.0	237.0	238.0	239.0	240.0	241.0	242.0	243.0	244.0	245.0	246.0	247.0	248.0	249.0	250.0	251.0	252.0	253.0	254.0	255.0	256.0	257.0	258.0	259.0	260.0	261.0	262.0	263.0	264.0	265.0	266.0	267.0	268.0	269.0	270.0	271.0	272.0	273.0	274.0	275.0	276.0	277.0	278.0	279.0	280.0	281.0	282.0	283.0	284.0	285.0	286.0	287.0	288.0	289.0	290.0	291.0	292.0	293.0	294.0	295.0	296.0	297.0	298.0	298.0	299.0	300.0	301.0	302.0	303.0	304.0
2234.972427302842
