2277.9774935878067	300.0	2000.0	135.8363398541558	0	0.0	2277.9774935878067	1	0	1	-1.0398919736312477
5200.0	2000.0	304.5134455993808	296.8304050903471	0	275.4541766438906	504.51344559937934	1	0	2	-1.2864418445043624
6200.0	500.0	2404.5134455993802	0.0	0	785.0175666566101	2604.513445599379	1	0	0	-1.2765072700308424
9761.570305089821	3000.0	203.07925340949384	469.35740309901576	0	0.0	964.6495584993154	1	0	2	-1.8540550252242631
10200.0	300.0	2808.4925279903337	0.0	0	305.91841222691255	3008.4925279903327	1	0	0	-3.00098249978267
13203.14456638885	3000.0	705.0335049625996	0.0	0	0.0	908.178071351449	1	0	2	0.45778261277904975
14200.0	1000.0	2807.8636147125653	0.0	0	693.7118556339956	3007.8636147125635	1	0	0	0.010560556349537842
18419.52827782995	6000.0	204.5434764172592	761.9645157433131	0	0.0	1624.071754247212	1	0	2	-2.6314036254957704
18547.878399617377	500.0	1076.1933546298312	0.0	0	0.0	1624.0717542472084	1	0	1	-2.0810753895637344
19200.0	3000.0	1424.0717542472073	0.0	0	100.58049582397143	1624.0717542472084	1	0	1	1.499710994838293
20200.0	3000.0	1424.0717542472062	0.0	0	561.1066882084597	1624.0717542472084	1	0	1	3.2914704640663484
21200.0	3000.0	1424.0717542472028	0.0	0	194.4028960186697	1624.0717542472048	1	0	1	3.2914704640663484
22300.014775659143	3000.0	1324.0569785880612	0.0	0	0.0	1624.0717542472048	1	0	1	3.291470464066349
24120.12008031757	3000.0	503.9516739296334	0.0	0	0.0	1624.0717542472084	1	0	1	3.291470464066349
24410.346945064917	1000.0	1213.724809182288	0.0	0	0.0	1624.0717542472084	1	0	1	0.5449397423960737
25209.903528481318	3000.0	1414.1682257658888	0.0	0	0.0	1624.0717542472084	1	0	1	2.1928581753982384
26200.0	3000.0	1424.071754247207	0.0	0	205.21263723149605	1624.0717542472084	1	0	1	3.2914704640663484
27236.943145530375	3000.0	1387.1286087168305	0.0	0	0.0	1624.0717542472048	1	0	1	3.291470464066349
28283.230034497436	3000.0	1340.8417197497695	0.0	0	0.0	1624.0717542472048	1	0	1	3.291470464066349
29414.91140799427	3000.0	1209.1603462529388	0.0	0	0.0	1624.0717542472048	1	0	1	3.291470464066349
30492.14934142956	3000.0	1131.9224128176506	0.0	0	0.0	1624.0717542472084	1	0	1	3.2914704640663484
31263.969826346576	2000.0	1360.1019279006318	0.0	0	0.0	1624.0717542472084	1	0	1	2.277807693795937
32448.94000407742	3000.0	1175.131750169789	0.0	0	0.0	1624.0717542472048	1	0	1	2.886005355958184
33200.0	2000.0	1424.071754247207	0.0	0	85.34192669508047	1624.0717542472012	1	0	1	2.2778076937959373
34200.0	3000.0	1424.0717542472066	0.0	0	154.41659387353866	1624.0717542472012	1	0	1	2.886005355958184
35200.0	3000.0	1424.0717542472112	0.0	0	466.12700636588124	1624.0717542472048	1	0	1	3.291470464066349
36200.0	3000.0	1424.0717542472116	0.0	0	299.9136888276771	1624.0717542472048	1	0	1	3.291470464066349
37200.0	3000.0	1424.0717542472078	0.0	0	102.10991392181313	1624.0717542472048	1	0	1	3.291470464066349
38200.0	3000.0	1424.0717542472046	0.0	0	155.254810730592	1624.0717542472048	1	0	1	3.291470464066349
39200.0	3000.0	1424.0717542472084	0.0	0	188.13668205492286	1624.0717542472048	1	0	1	3.291470464066349
40200.0	3000.0	1424.071754247203	0.0	0	489.2692973570738	1624.071754247212	1	0	1	3.291470464066348
41200.0	3000.0	1424.0717542472028	0.0	0	384.0234113313345	1624.071754247212	1	0	1	3.291470464066348
42200.0	3000.0	1424.0717542472087	0.0	0	406.63859433646576	1624.071754247212	1	0	1	3.291470464066348
43336.630068908	3000.0	1287.4416853392122	0.0	0	0.0	1624.071754247212	1	0	1	3.291470464066348
44200.0	3000.0	1424.0717542472119	0.0	0	126.4680203396274	1624.071754247212	1	0	1	3.291470464066348
45321.35410697302	3000.0	1302.7176472741965	0.0	0	0.0	1624.071754247212	1	0	1	3.291470464066348
46200.0	3000.0	1424.0717542472216	0.0	0	246.15619342985156	1624.0717542472194	1	0	1	3.2914704640663475
47200.0	3000.0	1424.0717542472273	0.0	0	434.2970305924464	1624.0717542472266	1	0	1	3.2914704640663466
48529.630879964236	3000.0	1094.4408742829942	0.0	0	0.0	1624.071754247234	1	0	1	3.2914704640663457
49622.44323921708	3000.0	1001.6285150301476	0.0	0	0.0	1624.071754247234	1	0	1	3.2914704640663457
50512.02011931576	2000.0	1112.0516349314626	0.0	0	0.0	1624.0717542472412	1	0	1	2.2778076937959333
51321.47972528877	2000.0	1302.5920289584597	0.0	0	0.0	1624.0717542472412	1	0	1	2.683272801904098
52275.21784597136	3000.0	1348.853908275876	0.0	0	0.0	1624.0717542472485	1	0	1	2.8860053559581798
53200.0	2000.0	1424.0717542472364	0.0	0	240.30175856147252	1624.0717542472485	1	0	1	2.277807693795933
54200.0	2000.0	1424.0717542472428	0.0	0	519.0803282610359	1624.0717542472485	1	0	1	2.6832728019040974
55200.0	3000.0	1424.0717542472466	0.0	0	210.20660213570227	1624.0717542472557	1	0	1	2.886005355958179
56200.0	3000.0	1424.0717542472466	0.0	0	184.4946587973609	1624.0717542472557	1	0	1	3.2914704640663435
57303.59404933156	3000.0	1320.4777049156883	0.0	0	0.0	1624.071754247263	1	0	1	3.291470464066343
58435.89613523952	3000.0	1188.1756190077326	0.0	0	0.0	1624.071754247263	1	0	1	3.291470464066343
59242.313102799104	3000.0	1381.758651448149	0.0	0	0.0	1624.0717542472703	1	0	1	3.291470464066342
60200.0	3000.0	1424.0717542472614	0.0	0	383.1155408639679	1624.0717542472703	1	0	1	3.291470464066342
61200.0	3000.0	1424.0717542472664	0.0	0	223.02829565981665	1624.0717542472703	1	0	1	3.291470464066342
62200.0	3000.0	1424.071754247271	0.0	0	230.88910659606336	1624.071754247263	1	0	1	3.291470464066343
63200.0	3000.0	1424.0717542472792	0.0	0	477.09714106449974	1624.071754247263	1	0	1	3.291470464066343
64200.0	3000.0	1424.0717542472873	0.0	0	469.23282552784076	1624.071754247263	1	0	1	3.291470464066343
65200.0	3000.0	1424.0717542472942	0.0	0	82.83930483690347	1624.071754247263	1	0	1	3.291470464066343
66200.0	3000.0	1424.071754247299	0.0	0	160.18512581185496	1624.0717542472703	1	0	1	3.2914704640663413
67200.0	3000.0	1424.0717542472999	0.0	0	92.51192644238472	1624.0717542472703	1	0	1	3.2914704640663426
68505.27855593363	3000.0	1118.7931983136632	0.0	0	0.0	1624.0717542472557	1	0	1	3.2914704640663435
69200.0	2000.0	1424.0717542473083	0.0	0	131.56189090528642	1624.0717542472557	1	0	1	2.277807693795932
70200.0	3000.0	1424.0717542473085	0.0	0	375.3811289876321	1624.0717542472557	1	0	1	2.886005355958179
71200.0	3000.0	1424.0717542473003	0.0	0	297.84523235450615	1624.0717542472557	1	0	1	3.2914704640663435
72200.0	3000.0	1424.071754247281	0.0	0	260.9718972292467	1624.0717542472557	1	0	1	3.2914704640663435
73451.67600955482	3000.0	1172.3957446924755	0.0	0	0.0	1624.0717542472557	1	0	1	3.2914704640663435
74375.40286993123	3000.0	1248.6688843160762	0.0	0	0.0	1624.0717542472703	1	0	1	3.291470464066342
75200.0	3000.0	1424.0717542472958	0.0	0	57.89815102398279	1624.0717542472412	1	0	1	3.291470464066344
76200.0	3000.0	1424.0717542472871	0.0	0	233.10771810309961	1624.0717542472266	1	0	1	3.2914704640663466
77200.0	3000.0	1424.0717542472853	0.0	0	561.9040671435068	1624.0717542472266	1	0	1	3.2914704640663466
78200.0	3000.0	1424.0717542472835	0.0	0	85.80911895848112	1624.0717542472266	1	0	1	3.2914704640663466
79200.0	3000.0	1424.071754247299	0.0	0	361.4854826590454	1624.0717542472266	1	0	1	3.2914704640663466
80200.0	3000.0	1424.0717542473021	0.0	0	214.74778958143725	1624.0717542472266	1	0	1	3.2914704640663466
81301.16494950787	3000.0	1322.9068047394348	0.0	0	0.0	1624.0717542472266	1	0	1	3.2914704640663466
82207.88346083822	3000.0	1416.188293409091	0.0	0	0.0	1624.0717542472266	1	0	1	3.2914704640663466
83200.0	3000.0	1424.0717542473046	0.0	0	96.483710531611	1624.071754247212	1	0	1	3.291470464066348
84200.0	3000.0	1424.0717542473149	0.0	0	115.40868207410676	1624.071754247212	1	0	1	3.291470464066348
85200.0	3000.0	1424.0717542473078	0.0	0	224.2031380745466	1624.071754247212	1	0	1	3.291470464066348
86587.56856227633	3000.0	1036.503191970979	0.0	0	0.0	1624.071754247212	1	0	1	3.291470464066348
87731.4833850065	3000.0	892.588369240802	0.0	0	0.0	1624.071754247212	1	0	1	3.291470464066348
88634.37213833541	2000.0	989.69961591189	0.0	0	0.0	1624.071754247212	1	0	1	2.2778076937959364
89453.94543178941	2000.0	1170.1263224579006	0.0	0	0.0	1624.071754247212	1	0	1	2.683272801904101
90202.17216615558	2000.0	1421.8995880917291	0.0	0	0.0	1624.071754247212	1	0	1	2.683272801904101
91200.0	3000.0	1424.0717542473221	0.0	0	237.33617947698804	1624.071754247212	1	0	1	2.8860053559581833
92258.23440648556	3000.0	1365.8373477617654	0.0	0	0.0	1624.0717542472266	1	0	1	3.2914704640663466
93200.0	3000.0	1424.0717542473126	0.0	0	16.06425318296533	1624.0717542472266	1	0	1	3.2914704640663466
94200.0	3000.0	1424.0717542473135	0.0	0	369.480414878024	1624.071754247212	1	0	1	3.291470464066348
95200.0	3000.0	1424.0717542473171	0.0	0	61.48468041891465	1624.071754247212	1	0	1	3.291470464066348
96200.0	3000.0	1424.07175424732	0.0	0	28.609103022768977	1624.071754247212	1	0	1	3.291470464066348
97498.91077886609	3000.0	1125.1609753812263	0.0	0	0.0	1624.071754247212	1	0	1	3.291470464066348
98347.11862581944	2000.0	1276.9531284278742	0.0	0	0.0	1624.071754247212	1	0	1	2.2778076937959364
99292.2614630442	3000.0	1331.8102912031097	0.0	0	0.0	1624.0717542472266	1	0	1	2.886005355958182
100200.0	3000.0	1424.0717542473146	0.0	0	343.94702038829564	1624.0717542472266	1	0	1	3.2914704640663466
101200.0	3000.0	1424.0717542473087	0.0	0	398.20004915578465	1624.0717542472266	1	0	1	3.2914704640663466
102200.0	3000.0	1424.0717542472944	0.0	0	467.09816300061357	1624.0717542472266	1	0	1	3.2914704640663466
103200.0	3000.0	1424.0717542473026	0.0	0	305.55179072088504	1624.0717542472266	1	0	1	3.2914704640663466
104302.43515702372	3000.0	1321.6365972235956	0.0	0	0.0	1624.0717542472266	1	0	1	3.2914704640663466
105200.0	3000.0	1424.0717542473046	0.0	0	225.60222558589885	1624.0717542472412	1	0	1	3.291470464066345
106200.0	3000.0	1424.071754247306	0.0	0	257.3025804426579	1624.0717542472412	1	0	1	3.291470464066345
107200.0	3000.0	1424.071754247309	0.0	0	197.9246978822339	1624.0717542472412	1	0	1	3.291470464066345
108200.0	3000.0	1424.0717542473046	0.0	0	399.09740878426237	1624.0717542472266	1	0	1	3.2914704640663466
109303.93965315972	3000.0	1320.1321010875904	0.0	0	0.0	1624.0717542472266	1	0	1	3.2914704640663466
110322.90079047308	3000.0	1301.1709637742313	0.0	0	0.0	1624.0717542472266	1	0	1	3.2914704640663466
111524.59592680028	3000.0	1099.475827447029	0.0	0	0.0	1624.0717542472266	1	0	1	3.2914704640663466
112342.97113755689	3000.0	1281.1006166904274	0.0	0	0.0	1624.0717542472266	1	0	1	3.2914704640663466
113593.92018054721	3000.0	1030.1515737001064	0.0	0	0.0	1624.0717542472266	1	0	1	3.2914704640663466
114290.97417230153	2000.0	1333.09758194578	0.0	0	0.0	1624.0717542472412	1	0	1	2.2778076937959333
115200.0	3000.0	1424.071754247327	0.0	0	329.7979330608068	1624.0717542472557	1	0	1	2.886005355958179
116200.0	3000.0	1424.0717542473187	0.0	0	383.90219159463595	1624.0717542472412	1	0	1	3.291470464066345
117200.0	3000.0	1424.0717542473071	0.0	0	303.52816901482583	1624.0717542472412	1	0	1	3.291470464066345
118200.0	3000.0	1424.0717542472935	0.0	0	451.4056600058102	1624.0717542472412	1	0	1	3.291470464066345
119200.0	3000.0	1424.0717542472978	0.0	0	365.22896205214784	1624.0717542472412	1	0	1	3.291470464066345
120790.52444775967	3000.0	833.5473064876059	0.0	0	0.0	1624.0717542472412	1	0	1	3.291470464066345
121408.64349687043	2000.0	1215.428257376867	0.0	0	0.0	1624.0717542472412	1	0	1	2.2778076937959333
122600.5094673411	3000.0	1023.5622869062028	0.0	0	0.0	1624.0717542472412	1	0	1	2.88600535595818
123317.13601422682	2000.0	1306.9357400204688	0.0	0	0.0	1624.0717542472266	1	0	1	2.277807693795935
124285.9003718549	2000.0	1338.171382392378	0.0	0	0.0	1624.0717542472266	1	0	1	2.6832728019040997
125489.39096646449	3000.0	1134.680787782806	0.0	0	0.0	1624.0717542472266	1	0	1	2.886005355958182
126292.9419057339	2000.0	1331.1298485134048	0.0	0	0.0	1624.0717542472412	1	0	1	2.2778076937959333
127200.0	2000.0	1424.0717542472953	0.0	0	270.8539877631265	1624.0717542472412	1	0	1	2.683272801904098
128308.95699989136	3000.0	1315.1147543559312	0.0	0	0.0	1624.0717542472557	1	0	1	2.886005355958179
129535.67040925291	3000.0	1088.401344994378	0.0	0	0.0	1624.0717542472412	1	0	1	3.291470464066345
130428.89780688265	2000.0	1195.173947364619	0.0	0	0.0	1624.0717542472412	1	0	1	2.2778076937959333
131235.69058496587	2000.0	1388.3811692814345	0.0	0	0.0	1624.0717542472703	1	0	1	2.683272801904097
132200.0	3000.0	1424.0717542472794	0.0	0	249.71336605105898	1624.0717542472557	1	0	1	2.886005355958178
133200.0	3000.0	1424.071754247275	0.0	0	378.06782317813486	1624.0717542472412	1	0	1	3.291470464066345
134200.0	3000.0	1424.0717542472828	0.0	0	383.75960113623296	1624.0717542472412	1	0	1	3.291470464066345
135200.0	3000.0	1424.0717542472728	0.0	0	136.86602510733064	1624.071754247183	1	0	1	3.291470464066349
136200.0	3000.0	1424.0717542472726	0.0	0	252.441446765617	1624.071754247183	1	0	1	3.2914704640663506
137200.0	3000.0	1424.0717542472455	0.0	0	238.45825322539895	1624.071754247183	1	0	1	3.2914704640663506
138200.0	3000.0	1424.0717542472496	0.0	0	424.4764755930519	1624.071754247183	1	0	1	3.2914704640663506
139200.0	3000.0	1424.0717542472723	0.0	0	193.03893716420862	1624.071754247183	1	0	1	3.2914704640663506
140369.62479018106	3000.0	1254.44696406622	0.0	0	0.0	1624.071754247183	1	0	1	3.2914704640663506
141200.0	3000.0	1424.071754247312	0.0	0	84.11402926940355	1624.071754247183	1	0	1	3.2914704640663506
142200.0	3000.0	1424.071754247305	0.0	0	68.07464760390576	1624.071754247183	1	0	1	3.2914704640663506
143200.0	3000.0	1424.0717542472782	0.0	0	358.1429534376948	1624.0717542471539	1	0	1	3.2914704640663537
144518.140487787	3000.0	1105.9312664603	0.0	0	0.0	1624.0717542471539	1	0	1	3.2914704640663537
145359.9283424834	2000.0	1264.1434117638782	0.0	0	0.0	1624.0717542471539	1	0	1	2.277807693795942
146387.96959009016	3000.0	1236.1021641571633	0.0	0	0.0	1624.071754247183	1	0	1	2.886005355958186
147200.0	3000.0	1424.0717542473217	0.0	0	148.1210685374972	1624.071754247183	1	0	1	3.2914704640663506
148227.04418901747	3000.0	1397.0275652298596	0.0	0	81.2612470733875	1624.071754247212	1	0	1	3.291470464066348
149200.0	3000.0	1424.0717542473383	0.0	0	73.08982607041253	1624.071754247212	1	0	1	3.291470464066348
150200.0	3000.0	1424.0717542473278	0.0	0	201.0561317827669	1624.071754247212	1	0	1	3.291470464066348
151200.0	3000.0	1424.071754247326	0.0	0	535.6745589444181	1624.071754247212	1	0	1	3.291470464066348
152200.0	3000.0	1424.0717542473105	0.0	0	80.97923272906337	1624.071754247183	1	0	1	3.2914704640663506
153200.0	3000.0	1424.0717542473224	0.0	0	351.3195907447662	1624.071754247212	1	0	1	3.291470464066348
154200.0	3000.0	1424.0717542473215	0.0	0	238.68737789915758	1624.071754247183	1	0	1	3.2914704640663506
155200.0	3000.0	1424.0717542473117	0.0	0	189.3051981466706	1624.071754247183	1	0	1	3.2914704640663506
156868.2136108666	3000.0	755.8581433806904	0.0	0	0.0	1624.071754247183	1	0	1	3.2914704640663506
157620.4850986703	2000.0	1003.5866555769871	0.0	0	0.0	1624.071754247183	1	0	1	2.2778076937959395
158304.38621140787	2000.0	1319.6855428394488	0.0	0	0.0	1624.071754247183	1	0	1	2.683272801904104
159274.15794039637	3000.0	1349.913813850951	0.0	0	0.0	1624.0717542471539	1	0	1	2.886005355958189
160200.0	3000.0	1424.071754247336	0.0	0	74.6047197812295	1624.0717542471539	1	0	1	3.2914704640663537
161348.88440798328	3000.0	1275.1873462640267	0.0	0	0.0	1624.0717542470957	1	0	1	3.2914704640663586
162466.83109710334	2000.0	1157.2406571439842	0.0	0	0.0	1624.0717542471248	1	0	1	2.2778076937959453
163279.9624191006	2000.0	1344.109335146717	0.0	0	0.0	1624.0717542471539	1	0	1	2.683272801904107
164200.0	2000.0	1424.071754247299	0.0	0	478.935009375331	1624.0717542471539	1	0	1	2.6832728019041068
165200.0	2000.0	1424.071754247284	0.0	0	486.00481465714984	1624.0717542471539	1	0	1	2.6832728019041068
166736.00882546054	3000.0	888.0629287867406	0.0	0	0.0	1624.0717542471539	1	0	1	2.886005355958189
167360.06729736994	2000.0	1264.0044568773046	0.0	0	0.0	1624.071754247183	1	0	1	2.2778076937959395
168200.0	3000.0	1424.0717542472512	0.0	0	52.45373647118686	1624.071754247183	1	0	1	2.886005355958186
169200.0	3000.0	1424.0717542472514	0.0	0	513.0432664789842	1624.071754247183	1	0	1	3.2914704640663506
170200.0	3000.0	1424.0717542472414	0.0	0	378.32445926824585	1624.071754247183	1	0	1	3.2914704640663506
171463.38067471498	3000.0	1160.6910795322292	0.0	0	0.0	1624.0717542471539	1	0	1	3.291470464066352
172845.19677898902	3000.0	778.8749752581807	0.0	0	0.0	1624.0717542471539	1	0	1	3.2914704640663537
173309.0182968827	2000.0	1315.053457364481	0.0	0	0.0	1624.0717542471539	1	0	1	2.277807693795942
174200.0	3000.0	1424.0717542471962	0.0	0	31.823580494645284	1624.0717542471539	1	0	1	2.886005355958189
175200.0	3000.0	1424.0717542472262	0.0	0	244.2494319518155	1624.071754247183	1	0	1	3.2914704640663506
176200.0	3000.0	1424.0717542472246	0.0	0	76.96385628730059	1624.071754247183	1	0	1	3.2914704640663506
177421.2190117992	3000.0	1202.852742448028	0.0	0	0.0	1624.071754247183	1	0	1	3.2914704640663506
178480.67230909283	3000.0	1143.3994451544127	0.0	0	0.0	1624.071754247183	1	0	1	3.2914704640663506
179328.91247148902	3000.0	1295.1592827582544	0.0	0	0.0	1624.071754247183	1	0	1	3.2914704640663506
180370.26226770264	3000.0	1253.8094865446387	0.0	0	0.0	1624.071754247183	1	0	1	3.2914704640663506
181200.0	2000.0	1424.071754247288	0.0	0	202.63835940882564	1624.071754247183	1	0	1	2.2778076937959395
182200.0	3000.0	1424.0717542472985	0.0	0	236.20212670549517	1624.071754247183	1	0	1	2.886005355958186
183200.0	3000.0	1424.0717542473114	0.0	0	133.3657339286874	1624.071754247212	1	0	1	3.291470464066348
184200.0	3000.0	1424.0717542472933	0.0	0	160.0481620579958	1624.071754247212	1	0	1	3.291470464066348
185200.0	3000.0	1424.0717542473237	0.0	0	575.4635096253769	1624.0717542472412	1	0	1	3.291470464066345
186200.0	3000.0	1424.0717542473128	0.0	0	339.69313463242725	1624.0717542472412	1	0	1	3.291470464066345
187414.63624767063	3000.0	1209.435506576669	0.0	0	0.0	1624.071754247212	1	0	1	3.291470464066348
188293.58003509537	3000.0	1330.4917191518996	0.0	0	0.0	1624.071754247183	1	0	1	3.29147046406635
189200.0	3000.0	1424.0717542472394	0.0	0	141.30453226796817	1624.0717542471539	1	0	1	3.2914704640663537
190200.0	3000.0	1424.0717542472316	0.0	0	168.62402854207903	1624.0717542471539	1	0	1	3.2914704640663537
191226.98735152735	3000.0	1397.084402719884	0.0	0	0.0	1624.0717542471539	1	0	1	3.2914704640663537
192365.93035592846	3000.0	1258.1413983187724	0.0	0	0.0	1624.0717542471248	1	0	1	3.2914704640663563
193372.59487803478	3000.0	1251.4768762124559	0.0	0	0.0	1624.0717542471539	1	0	1	3.2914704640663537
194349.17322150222	3000.0	1274.8985327449952	0.0	0	0.0	1624.0717542471248	1	0	1	3.291470464066357
195229.27081422487	3000.0	1394.8009400223737	0.0	0	0.0	1624.0717542471248	1	0	1	3.291470464066357
196200.0	3000.0	1424.0717542472285	0.0	0	265.9329725539719	1624.0717542471248	1	0	1	3.291470464066357
197606.17367077433	3000.0	1017.8980834728852	0.0	0	0.0	1624.0717542471248	1	0	1	3.291470464066357
199317.0153833131	3000.0	307.05637093411434	0.0	0	0.0	1624.0717542471248	1	0	1	3.291470464066357
199499.75919247395	500.0	1124.3125617732544	0.0	0	0.0	1624.0717542471539	1	0	1	-1.1879282090037842
200386.94676266285	2000.0	1237.124991584337	0.0	0	0.0	1624.071754247183	1	0	1	1.2969784407842135
201355.52259351968	2000.0	1268.5491607274892	0.0	0	0.0	1624.071754247183	1	0	1	2.683272801904104
202200.0	2000.0	1424.0717542471623	0.0	0	147.36882182533736	1624.071754247212	1	0	1	2.683272801904101
203200.0	2000.0	1424.0717542471957	0.0	0	506.11744272729266	1624.071754247212	1	0	1	2.683272801904101
204200.0	3000.0	1424.0717542472019	0.0	0	305.6399257024168	1624.071754247212	1	0	1	2.8860053559581833
205200.0	3000.0	1424.0717542472169	0.0	0	232.56412743916735	1624.0717542472412	1	0	1	3.291470464066345
206503.0087704222	3000.0	1121.062983824996	0.0	0	0.0	1624.071754247212	1	0	1	3.291470464066348
207407.29822007532	3000.0	1216.7735341718553	0.0	0	0.0	1624.071754247212	1	0	1	3.291470464066348
208200.0	3000.0	1424.0717542471614	0.0	0	88.05729665470426	1624.0717542472412	1	0	1	3.291470464066345
209200.0	3000.0	1424.0717542471514	0.0	0	463.80289238813566	1624.0717542472412	1	0	1	3.291470464066345
210200.0	3000.0	1424.0717542471461	0.0	0	120.29813281842507	1624.0717542472412	1	0	1	3.291470464066345
211200.0	3000.0	1424.0717542471355	0.0	0	170.4551838080224	1624.0717542472703	1	0	1	3.291470464066342
212200.0	3000.0	1424.0717542471723	0.0	0	441.2153293705778	1624.0717542472994	1	0	1	3.2914704640663395
213200.0	3000.0	1424.07175424716	0.0	0	318.84617529049865	1624.0717542472994	1	0	1	3.2914704640663395
214439.85187796707	3000.0	1184.2198762801074	0.0	0	0.0	1624.0717542472994	1	0	1	3.2914704640663395
215361.72176821023	3000.0	1262.3499860369325	0.0	0	0.0	1624.0717542472994	1	0	1	3.2914704640663395
216336.45477156818	3000.0	1287.61698267899	0.0	0	0.0	1624.0717542472994	1	0	1	3.2914704640663395
217212.77240303415	3000.0	1411.299351213033	0.0	0	0.0	1624.0717542472994	1	0	1	3.2914704640663395
218264.3518741086	3000.0	1359.7198801385782	0.0	0	0.0	1624.0717542472994	1	0	1	3.2914704640663395
219200.0	3000.0	1424.0717542471525	0.0	0	137.68633580341702	1624.0717542472994	1	0	1	3.2914704640663395
220200.0	3000.0	1424.0717542471784	0.0	0	478.822816489439	1624.0717542473285	1	0	1	3.291470464066336
221200.0	3000.0	1424.0717542471655	0.0	0	40.48426686375751	1624.0717542473576	1	0	1	3.2914704640663333
222384.12259077057	3000.0	1239.949163476628	0.0	0	0.0	1624.0717542473576	1	0	1	3.2914704640663333
223241.02243193856	3000.0	1383.0493223086426	0.0	0	0.0	1624.0717542473285	1	0	1	3.291470464066336
224200.0	3000.0	1424.0717542471937	0.0	0	38.04040664821514	1624.0717542473285	1	0	1	3.291470464066336
225200.0	3000.0	1424.0717542471884	0.0	0	292.4741720992897	1624.0717542473285	1	0	1	3.291470464066336
226200.0	3000.0	1424.0717542472028	0.0	0	547.0145231867209	1624.0717542473285	1	0	1	3.291470464066336
227200.0	3000.0	1424.0717542472114	0.0	0	21.214373360562604	1624.0717542473285	1	0	1	3.291470464066336
228200.0	3000.0	1424.07175424721	0.0	0	119.71619563479908	1624.0717542473285	1	0	1	3.291470464066336
229200.0	3000.0	1424.0717542472048	0.0	0	136.44445895432727	1624.0717542473285	1	0	1	3.291470464066336
230363.27540302952	3000.0	1260.796351217693	0.0	0	0.0	1624.0717542473285	1	0	1	3.291470464066336
231200.0	3000.0	1424.07175424719	0.0	0	176.71542812747066	1624.0717542473285	1	0	1	3.291470464066336
232200.0	3000.0	1424.0717542471832	0.0	0	238.21281550097046	1624.0717542473285	1	0	1	3.291470464066336
233385.59887141443	3000.0	1238.4728828327195	0.0	0	0.0	1624.0717542472994	1	0	1	3.2914704640663395
234200.0	3000.0	1424.0717542471532	0.0	0	69.25670450361213	1624.0717542472994	1	0	1	3.2914704640663395
235200.0	3000.0	1424.0717542471293	0.0	0	197.60175259390962	1624.0717542472703	1	0	1	3.291470464066342
236590.2471663424	3000.0	1033.8245879047283	0.0	0	0.0	1624.0717542472703	1	0	1	3.291470464066342
237478.50822308476	2000.0	1145.5635311623491	0.0	0	0.0	1624.0717542472994	1	0	1	2.277807693795928
238343.96790734047	2000.0	1280.103846906675	0.0	0	0.0	1624.0717542472994	1	0	1	2.6832728019040935
239200.0	3000.0	1424.071754247139	0.0	0	13.373024846951012	1624.0717542472994	1	0	1	2.886005355958175
240200.0	3000.0	1424.0717542471518	0.0	0	13.64087300823303	1624.0717542472703	1	0	1	3.2914704640663404
241200.0	3000.0	1424.0717542471414	0.0	0	350.54271694930503	1624.0717542472703	1	0	1	3.291470464066342
242274.70570515015	3000.0	1349.3660490969569	0.0	0	0.0	1624.0717542472703	1	0	1	3.291470464066342
243316.99279535213	3000.0	1307.0789588949642	0.0	0	0.0	1624.0717542472703	1	0	1	3.291470464066342
244551.91075666106	3000.0	1072.160997586026	0.0	0	0.0	1624.0717542472412	1	0	1	3.291470464066345
245769.84254456416	3000.0	854.2292096829626	0.0	0	0.0	1624.0717542472703	1	0	1	3.291470464066342
246451.7357534603	2000.0	1172.3360007868337	0.0	0	0.0	1624.0717542472994	1	0	1	2.277807693795928
247372.26511775082	2000.0	1251.8066364963079	0.0	0	0.0	1624.0717542472994	1	0	1	2.6832728019040926
248200.0	2000.0	1424.0717542471416	0.0	0	174.1075851698406	1624.0717542472703	1	0	1	2.6832728019040952
249200.0	3000.0	1424.0717542471186	0.0	0	197.81368737132289	1624.0717542472703	1	0	1	2.8860053559581775
250200.0	3000.0	1424.0717542471166	0.0	0	312.46493955072947	1624.0717542472703	1	0	1	3.291470464066342
251200.0	3000.0	1424.0717542471164	0.0	0	201.34031243776553	1624.0717542472994	1	0	1	3.2914704640663395
252396.6025741248	3000.0	1227.469180122328	0.0	0	0.0	1624.0717542472994	1	0	1	3.2914704640663395
253200.0	3000.0	1424.0717542471505	0.0	0	16.69404941308312	1624.0717542473285	1	0	1	3.291470464066336
254200.0	3000.0	1424.0717542471655	0.0	0	368.1595944958972	1624.0717542473285	1	0	1	3.291470464066336
255200.0	3000.0	1424.0717542471689	0.0	0	183.10500784625765	1624.0717542473285	1	0	1	3.291470464066336
256200.0	3000.0	1424.0717542471566	0.0	0	179.49036596310907	1624.0717542473285	1	0	1	3.291470464066336
257200.0	3000.0	1424.0717542471837	0.0	0	45.090638951718574	1624.0717542473285	1	0	1	3.291470464066336
258206.9386800907	3000.0	1417.1330741564416	0.0	0	0.0	1624.0717542473285	1	0	1	3.291470464066336
259200.0	3000.0	1424.0717542471627	0.0	0	289.5832091528573	1624.0717542473285	1	0	1	3.291470464066336
260200.0	3000.0	1424.0717542471507	0.0	0	154.62421352276579	1624.0717542473285	1	0	1	3.291470464066336
261313.97201516022	3000.0	1310.0997390869297	0.0	0	0.0	1624.0717542472994	1	0	1	3.2914704640663395
262564.4446682244	3000.0	1059.6270860228024	0.0	0	0.0	1624.0717542473285	1	0	1	3.2914704640663377
263200.0	2000.0	1424.0717542472112	0.0	0	16.036739510833286	1624.0717542473576	1	0	1	2.277807693795923
264200.0	3000.0	1424.0717542472198	0.0	0	251.8962578770006	1624.0717542472994	1	0	1	2.886005355958173
265224.58631180855	3000.0	1399.4854424386367	0.0	0	0.0	1624.0717542472994	1	0	1	3.2914704640663395
266200.0	3000.0	1424.071754247199	0.0	0	290.62640984886093	1624.0717542472412	1	0	1	3.291470464066345
267200.0	3000.0	1424.07175424721	0.0	0	460.00540473719593	1624.0717542472412	1	0	1	3.291470464066345
268200.0	3000.0	1424.071754247193	0.0	0	234.64342310663778	1624.0717542472412	1	0	1	3.291470464066345
269337.7318131514	3000.0	1286.3399410958189	0.0	0	0.0	1624.0717542472412	1	0	1	3.291470464066345
270531.2644332073	3000.0	1092.8073210399023	0.0	0	0.0	1624.0717542472412	1	0	1	3.291470464066345
271521.06048223306	3000.0	1103.0112720141567	0.0	0	0.0	1624.0717542472412	1	0	1	3.291470464066345
272458.2618171293	2000.0	1165.8099371178803	0.0	0	0.0	1624.0717542472412	1	0	1	2.2778076937959333
273398.0442249946	2000.0	1226.0275292526292	0.0	0	0.0	1624.0717542472412	1	0	1	2.683272801904098
274200.0	2000.0	1424.071754247269	0.0	0	43.783473734685685	1624.0717542473576	1	0	1	2.68327280190409
275296.32302623923	3000.0	1327.7487280080506	0.0	0	0.0	1624.0717542474158	1	0	1	2.8860053559581647
276200.0	2000.0	1424.0717542472407	0.0	0	148.60366008186247	1624.0717542474158	1	0	1	2.277807693795916
277288.15064639616	3000.0	1335.9211078510812	0.0	0	0.0	1624.0717542474158	1	0	1	2.8860053559581633
278200.0	3000.0	1424.0717542472332	0.0	0	216.95848266757093	1624.0717542474158	1	0	1	3.291470464066328
279200.0	2000.0	1424.0717542471584	0.0	0	115.36689803533955	1624.0717542474158	1	0	1	2.277807693795916
280200.0	3000.0	1424.0717542472398	0.0	0	31.069050695747137	1624.0717542475322	1	0	1	2.8860053559581536
281200.0	3000.0	1424.0717542472828	0.0	0	339.29639509448316	1624.0717542475322	1	0	1	3.2914704640663164
282200.0	3000.0	1424.071754247253	0.0	0	168.5694971177727	1624.071754247474	1	0	1	3.2914704640663217
283200.0	3000.0	1424.0717542471968	0.0	0	51.270279426069465	1624.071754247474	1	0	1	3.2914704640663217
284200.0	3000.0	1424.0717542472885	0.0	0	244.98217240395024	1624.071754247474	1	0	1	3.2914704640663217
285200.0	3000.0	1424.0717542473055	0.0	0	190.05761334480485	1624.0717542475322	1	0	1	3.2914704640663164
286200.0	3000.0	1424.0717542473058	0.0	0	415.29591354483273	1624.0717542475322	1	0	1	3.2914704640663164
287200.0	3000.0	1424.0717542473267	0.0	0	368.9954210575088	1624.0717542475904	1	0	1	3.29147046406631
288200.0	3000.0	1424.0717542473308	0.0	0	176.28145120025147	1624.0717542475904	1	0	1	3.29147046406631
289665.267023885	3000.0	958.8047303623413	0.0	0	0.0	1624.0717542475904	1	0	1	3.29147046406631
290762.3020504201	3000.0	861.7697038272394	0.0	0	0.0	1624.0717542475904	1	0	1	3.29147046406631
291513.29447982105	2000.0	1110.7772744263018	0.0	0	0.0	1624.0717542475904	1	0	1	2.277807693795898
292391.1981539355	3000.0	1232.8736003118593	0.0	0	0.0	1624.0717542475322	1	0	1	2.8860053559581518
293293.59444051754	3000.0	1330.4773137297475	0.0	0	0.0	1624.071754247474	1	0	1	3.291470464066321
294592.1121334357	3000.0	1031.9596208116077	0.0	0	0.0	1624.071754247474	1	0	1	3.2914704640663217
295200.0	2000.0	1424.0717542473521	0.0	0	60.26838777580997	1624.0717542474158	1	0	1	2.277807693795916
296200.0	3000.0	1424.07175424729	0.0	0	170.7434456179035	1624.0717542474158	1	0	1	2.8860053559581633
297200.0	3000.0	1424.0717542472992	0.0	0	352.56146588525735	1624.0717542473576	1	0	1	3.2914704640663333
298446.043603232	3000.0	1178.0281510153184	0.0	0	0.0	1624.0717542473576	1	0	1	3.2914704640663333
299200.0	3000.0	1424.071754247287	0.0	0	34.28875699167838	1624.0717542472994	1	0	1	3.2914704640663395
300200.0	3000.0	1424.0717542473315	0.0	0	372.43952132365666	1624.0717542472994	1	0	1	3.2914704640663395
301200.0	3000.0	1424.0717542473462	0.0	0	208.07125190005172	1624.0717542472994	1	0	1	3.2914704640663395
302240.9083621439	3000.0	1383.1633921033813	0.0	0	0.0	1624.0717542472412	1	0	1	3.291470464066345
303200.0	3000.0	1424.0717542472707	0.0	0	192.90746756002773	1624.0717542472412	1	0	1	3.291470464066345
304347.78087807255	3000.0	1276.2908761747137	0.0	0	0.0	1624.0717542472412	1	0	1	3.291470464066345
305466.5725258416	3000.0	1157.4992284057266	0.0	0	0.0	1624.0717542472994	1	0	1	3.2914704640663404
306724.21254368214	3000.0	899.8592105652583	0.0	0	0.0	1624.0717542472994	1	0	1	3.2914704640663395
307319.1845113486	2000.0	1304.8872428988668	0.0	0	0.0	1624.0717542473576	1	0	1	2.2778076937959217
308200.0	3000.0	1424.0717542474329	0.0	0	31.364025382965337	1624.0717542473576	1	0	1	2.8860053559581686
2.75	2.35	2.2	2.66	3.73	3.53	2.48	2.79	4.63	6.96	4.54	3.3	1.61	2.12	4.31	5.55	2.73	2.77	3.16	2.83	3.31	3.2	3.65	3.32	4.78	6.2	3.67	2.78	3.88	5.86	4.22	4.16	2.87	3.63	3.39	4.04	4.63	2.79	2.2	2.2	2.63	2.75	3.0	5.06	4.36	5.92	2.76	2.85	4.17	5.4	3.71	3.17	5.5	5.07	3.26	2.98	2.93	2.58	3.19	3.98	5.61	4.41	3.34	3.08	3.85	4.56	6.95	3.67	4.12	4.33	3.06	4.17	4.83	2.86	3.7	3.15	2.73	3.06	3.0	2.78	3.45	3.65	2.71	3.79	2.95	3.7	2.55	2.43	3.15	4.12	4.45	4.62	3.54	3.36	3.83	4.12	4.6	4.24	2.86	3.85	3.44	3.2	2.28	3.66	4.12	4.01	3.9	5.9	4.29	2.5	1.83	3.21	2.49	3.05	2.42	1.87	3.0	2.79	3.67	2.8	3.19	4.11	4.92	3.95	4.84	4.98	5.07	4.63	3.72	2.41	3.06	3.27	3.85	2.31	3.02	3.02	3.9	4.85	2.29	3.75	5.14	4.4	4.05	3.89	3.9	2.18	2.37	3.2	3.97	4.67	2.75	2.35	2.2	2.66	3.73	3.53	2.48	2.79	4.63	6.96	4.54	3.3	1.61	2.12	4.31	5.55	2.73	2.77	3.16	2.83	3.31	3.2	3.65	3.32	4.78	6.2	3.67	2.78	3.88	5.86	4.22	4.16	2.87	3.63	3.39	4.04	4.63	2.79	2.2	2.2	2.63	2.75	3.0	5.06	4.36	5.92	2.76	2.85	4.17	5.4	3.71	3.17	5.5	5.07	3.26	2.98	2.93	2.58	3.19	3.98	5.61	4.41	3.34	3.08	3.85	4.56	6.95	3.67	4.12	4.33	3.06	4.17	4.83	2.86	3.7	3.15	2.73	3.06	3.0	2.78	3.45	3.65	2.71	3.79	2.95	3.7	2.55	2.43	3.15	4.12	4.45	4.62	3.54	3.36	3.83	4.12	4.6	4.24	2.86	3.85	3.44	3.2	2.28	3.66	4.12	4.01	3.9	5.9	4.29	2.5	1.83	3.21	2.49	3.05	2.42	1.87	3.0	2.79	3.67	2.8	3.19	4.11	4.92	3.95	4.84	4.98	5.07	4.63	3.72	2.41	3.06	3.27	3.85	2.31	3.02	3.02	3.9	4.85	2.29	3.75	5.14	4.4	4.05	3.89	3.9	2.18	2.37	3.2	3.97	4.67	2.75	2.35	2.2	2.66	3.73	3.53	2.48	2.79	4.63	6.96
1.0	2.0	3.0	4.0	5.0	6.0	7.0	8.0	9.0	10.0	11.0	12.0	13.0	14.0	15.0	16.0	17.0	18.0	19.0	20.0	21.0	22.0	23.0	24.0	25.0	26.0	27.0	28.0	29.0	30.0	31.0	32.0	33.0	34.0	35.0	36.0	37.0	38.0	39.0	40.0	41.0	42.0	43.0	44.0	45.0	46.0	47.0	48.0	49.0	50.0	51.0	52.0	53.0	54.0	55.0	56.0	57.0	58.0	59.0	60.0	61.0	62.0	63.0	64.0	65.0	66.0	67.0	68.0	69.0	70.0	71.0	72.0	73.0	74.0	75.0	76.0	77.0	78.0	79.0	80.0	81.0	82.0	83.0	84.0	85.0	86.0	87.0	88.0	89.0	90.0	91.0	92.0	93.0	94.0	95.0	96.0	97.0	98.0	99.0	100.0	101.0	102.0	103.0	104.0	105.0	106.0	107.0	108.0	109.0	110.0	111.0	112.0	113.0	114.0	115.0	116.0	117.0	118.0	119.0	120.0	121.0	122.0	123.0	124.0	125.0	126.0	127.0	128.0	129.0	130.0	131.0	132.0	133.0	134.0	135.0	136.0	137.0	138.0	139.0	140.0	141.0	142.0	143.0	144.0	145.0	146.0	147.0	148.0	149.0	149.0	150.0	151.0	152.0	153.0	154.0	155.0	156.0	157.0	158.0	159.0	160.0	161.0	162.0	163.0	164.0	165.0	166.0	167.0	168.0	169.0	170.0	171.0	172.0	173.0	174.0	175.0	176.0	177.0	178.0	179.0	180.0	181.0	182.0	183.0	184.0	185.0	186.0	187.0	188.0	189.0	190.0	191.0	192.0	193.0	194.0	195.0	196.0	197.0	198.0	199.0	200.0	201.0	202.0	203.0	204.0	205.0	206.0	207.0	208.0	209.0	210.0	211.0	212.0	213.0	214.0	215.0	216.0	217.0	218.0	219.0	220.0	221.0	222.0	223.0	224.0	225.0	226.0	227.0	228.0	229.0	230.0	231.0	232.0	233.0	234.0	235.0	236.0	237.0	238.0	239.0	240.0	241.0	242.0	243.0	244.0	245.0	246.0	247.0	248.0	249.0	250.0	251.0	252.0	253.0	254.0	255.0	256.0	257.0	258.0	259.0	260.0	261.0	262.0	263.0	264.0	265.0	266.0	267.0	268.0	269.0	270.0	271.0	272.0	273.0	274.0	275.0	276.0	277.0	278.0	279.0	280.0	281.0	282.0	283.0	284.0	285.0	286.0	287.0	288.0	289.0	290.0	291.0	292.0	293.0	294.0	295.0	296.0	297.0	298.0	298.0	299.0	300.0	301.0	302.0	303.0	304.0	305.0	306.0	307.0	308.0
2028.1432671913153
