2657.849531542481	300.0	2000.0	271.1660612132659	0	0.0	2657.849531542481	1	0	1	-1.8860567397689343
5200.0	1000.0	357.8000000000001	0.0	0	389.1695570167876	557.8000000000011	1	0	2	0.14256344896417666
6200.0	300.0	2457.800000000001	0.0	0	853.8205201884366	2657.800000000002	1	0	0	-1.8657528043259364
9200.0	2000.0	357.8000000000002	0.0	0	119.50780273636519	557.8000000000011	1	0	2	0.2893779645253499
10200.0	500.0	2457.7999999999993	0.0	0	708.0173523202538	2657.7999999999984	1	0	0	-1.2818359254709044
14258.880797360462	3000.0	200.0	915.4262519059176	0	0.0	1458.8807973604617	1	0	2	-4.569501523458418
14487.348147729388	300.0	971.5326496310732	0.0	0	0.0	1458.8807973604617	1	0	1	-2.648473172730091
15242.409464582654	1000.0	1216.4713327778084	0.0	0	0.0	1458.8807973604617	1	0	1	0.4560983224269219
16200.0	1000.0	1258.880797360462	0.0	0	485.42912564542166	1458.8807973604635	1	0	1	1.6600711267528578
17200.0	1000.0	1258.880797360462	0.0	0	539.6554571330998	1458.8807973604653	1	0	1	1.6600711267528578
18200.0	1000.0	1258.8807973604596	0.0	0	468.7235496397807	1458.8807973604635	1	0	1	1.6600711267528578
19200.0	1000.0	1258.8807973604596	0.0	0	423.21591822113623	1458.880797360467	1	0	1	1.6600711267528576
20200.0	1000.0	1258.8807973604585	0.0	0	590.2665106145687	1458.8807973604708	1	0	1	1.6600711267528574
21200.0	2000.0	1258.8807973604614	0.0	0	46.35267221496906	1458.8807973604744	1	0	1	2.0066447170328297
22200.0	2000.0	1258.8807973604617	0.0	0	81.91066080645396	1458.8807973604744	1	0	1	2.6997918975927746
23200.0	2000.0	1258.8807973604587	0.0	0	390.5495492271366	1458.8807973604708	1	0	1	2.6997918975927746
24204.89020557468	2000.0	1253.9905917857782	0.0	0	0.0	1458.8807973604708	1	0	1	2.6997918975927746
25210.340644345004	2000.0	1248.5401530154518	0.0	0	0.0	1458.8807973604708	1	0	1	2.6997918975927746
26200.0	2000.0	1258.8807973604576	0.0	0	141.06266183305343	1458.8807973604708	1	0	1	2.6997918975927746
27200.0	2000.0	1258.8807973604576	0.0	0	200.69050065439296	1458.8807973604708	1	0	1	2.6997918975927746
28200.0	2000.0	1258.8807973604562	0.0	0	211.4714840274537	1458.8807973604708	1	0	1	2.6997918975927746
29358.201569979363	2000.0	1100.6792273810877	0.0	0	0.0	1458.880797360467	1	0	1	2.6997918975927755
30200.0	1000.0	1258.8807973604473	0.0	0	334.3798872396692	1458.8807973604635	1	0	1	0.9669239461929127
31200.0	2000.0	1258.880797360445	0.0	0	431.4037408018048	1458.8807973604598	1	0	1	2.006644717032831
32200.0	2000.0	1258.8807973604448	0.0	0	67.47035980071087	1458.8807973604598	1	0	1	2.699791897592776
33231.516926897064	2000.0	1227.363870463383	0.0	0	146.88166586366424	1458.8807973604635	1	0	1	2.699791897592776
34904.52663334181	2000.0	554.3541640186365	0.0	0	0.0	1458.8807973604708	1	0	1	2.6997918975927755
35408.94770101737	1000.0	1049.9330963430702	0.0	0	0.0	1458.8807973604708	1	0	1	0.9669239461929121
36380.2832423227	2000.0	1078.5975550377361	0.0	0	0.0	1458.8807973604708	1	0	1	2.0066447170328297
37588.822430333676	2000.0	870.0583670267608	0.0	0	0.0	1458.8807973604708	1	0	1	2.6997918975927746
38200.0	1000.0	1258.880797360437	0.0	0	115.31324068710092	1458.8807973604708	1	0	1	0.9669239461929121
39200.0	2000.0	1258.8807973604364	0.0	0	37.191994417938986	1458.8807973604635	1	0	1	2.0066447170328305
40200.0	2000.0	1258.8807973604307	0.0	0	15.327703345232294	1458.8807973604635	1	0	1	2.699791897592776
41299.56190062941	2000.0	1159.3188967310282	0.0	0	0.0	1458.8807973604635	1	0	1	2.699791897592776
42200.0	1000.0	1258.8807973604344	0.0	0	274.9074801313982	1458.8807973604635	1	0	1	0.9669239461929127
43200.0	2000.0	1258.880797360437	0.0	0	124.85319358260313	1458.8807973604635	1	0	1	2.006644717032831
44200.0	2000.0	1258.880797360435	0.0	0	131.7428981088524	1458.8807973604635	1	0	1	2.699791897592776
45200.0	2000.0	1258.8807973604314	0.0	0	463.6497118105108	1458.8807973604562	1	0	1	2.6997918975927764
46306.247678008964	2000.0	1152.6331193514675	0.0	0	0.0	1458.8807973604562	1	0	1	2.6997918975927764
47211.68931348949	2000.0	1247.1914838709372	0.0	0	0.0	1458.8807973604562	1	0	1	2.6997918975927764
48200.0	2000.0	1258.8807973604246	0.0	0	141.5549921364218	1458.880797360449	1	0	1	2.6997918975927773
49479.575860511475	2000.0	979.3049368489476	0.0	0	0.0	1458.8807973604562	1	0	1	2.6997918975927764
50200.0	1000.0	1258.880797360427	0.0	0	145.11014653766324	1458.8807973604562	1	0	1	0.9669239461929136
51200.0	1000.0	1258.8807973604328	0.0	0	353.87874827381165	1458.8807973604562	1	0	1	1.6600711267528587
52318.05589775689	2000.0	1140.8248996035497	0.0	0	0.0	1458.8807973604562	1	0	1	2.0066447170328314
53200.0	1000.0	1258.8807973604362	0.0	0	381.0611336052898	1458.880797360449	1	0	1	0.9669239461929143
54200.0	1000.0	1258.8807973604507	0.0	0	351.9176824396709	1458.8807973604562	1	0	1	1.6600711267528587
55200.0	1000.0	1258.880797360444	0.0	0	207.04210319916456	1458.8807973604562	1	0	1	1.6600711267528587
56200.0	1000.0	1258.8807973604378	0.0	0	411.53688913844235	1458.880797360449	1	0	1	1.6600711267528596
57200.0	1000.0	1258.8807973604378	0.0	0	468.25880180041713	1458.880797360449	1	0	1	1.6600711267528596
58200.0	1000.0	1258.880797360436	0.0	0	283.7299086239218	1458.880797360449	1	0	1	1.6600711267528596
59200.0	1000.0	1258.8807973604335	0.0	0	307.05788604448026	1458.880797360449	1	0	1	1.6600711267528596
60200.0	1000.0	1258.8807973604326	0.0	0	590.3054595363355	1458.880797360449	1	0	1	1.6600711267528596
61200.0	1000.0	1258.8807973604319	0.0	0	509.8859198239443	1458.8807973604562	1	0	1	1.6600711267528587
62200.0	1000.0	1258.8807973604257	0.0	0	522.4742392994958	1458.8807973604562	1	0	1	1.6600711267528587
63296.4468305455	2000.0	1162.433966814933	0.0	0	0.0	1458.8807973604562	1	0	1	2.0066447170328314
64215.207090528624	2000.0	1243.6737068318112	0.0	0	0.0	1458.8807973604562	1	0	1	2.6997918975927764
65261.23474660878	2000.0	1197.6460507516604	0.0	0	0.0	1458.8807973604562	1	0	1	2.6997918975927764
66620.16668804585	2000.0	838.7141093145794	0.0	0	0.0	1458.8807973604416	1	0	1	2.699791897592778
67200.0	1000.0	1258.8807973604191	0.0	0	130.22250886527763	1458.8807973604416	1	0	1	0.9669239461929148
68200.0	1000.0	1258.8807973604069	0.0	0	254.14899857541604	1458.880797360427	1	0	1	1.6600711267528618
69200.0	1000.0	1258.8807973604116	0.0	0	517.8424733572901	1458.880797360427	1	0	1	1.6600711267528618
70200.0	1000.0	1258.8807973604016	0.0	0	547.9610275883606	1458.880797360427	1	0	1	1.6600711267528618
71295.55526722976	2000.0	1163.3255301306258	0.0	0	0.0	1458.880797360427	1	0	1	2.006644717032834
72200.0	1000.0	1258.8807973604048	0.0	0	501.46087989026273	1458.880797360427	1	0	1	0.9669239461929166
73200.0	2000.0	1258.8807973604169	0.0	0	29.540328227478312	1458.880797360427	1	0	1	2.006644717032834
74200.0	2000.0	1258.8807973604114	0.0	0	125.48706406420388	1458.880797360427	1	0	1	2.699791897592779
75200.0	2000.0	1258.880797360427	0.0	0	230.05099400038307	1458.880797360427	1	0	1	2.699791897592779
76200.0	2000.0	1258.88079736041	0.0	0	293.86133044798044	1458.8807973604125	1	0	1	2.699791897592781
77200.0	2000.0	1258.8807973604053	0.0	0	17.623042733073817	1458.8807973604125	1	0	1	2.699791897592781
78200.0	2000.0	1258.880797360404	0.0	0	66.42856262193527	1458.8807973604125	1	0	1	2.699791897592781
79200.0	2000.0	1258.8807973604041	0.0	0	151.96972847022698	1458.8807973604125	1	0	1	2.699791897592781
80200.0	2000.0	1258.8807973604191	0.0	0	236.33483969498775	1458.8807973604125	1	0	1	2.699791897592781
81200.0	2000.0	1258.8807973604085	0.0	0	210.5207978147664	1458.8807973604125	1	0	1	2.699791897592781
82200.0	2000.0	1258.8807973604055	0.0	0	179.14917984481144	1458.8807973604125	1	0	1	2.699791897592781
83200.0	2000.0	1258.880797360398	0.0	0	215.8703021258989	1458.8807973604125	1	0	1	2.699791897592781
84722.12097292233	2000.0	736.75982443807	0.0	0	0.0	1458.8807973604125	1	0	1	2.699791897592781
85243.52575402427	1000.0	1215.3550433361224	0.0	0	0.0	1458.8807973604125	1	0	1	0.966923946192918
86200.0	1000.0	1258.8807973603698	0.0	0	471.6962915161421	1458.8807973604125	1	0	1	1.6600711267528632
87200.0	1000.0	1258.88079736037	0.0	0	631.4819753699267	1458.8807973604125	1	0	1	1.6600711267528632
88200.0	1000.0	1258.88079736038	0.0	0	673.853780650883	1458.8807973604125	1	0	1	1.6600711267528632
89362.1925621273	2000.0	1096.6882352330842	0.0	0	0.0	1458.8807973604125	1	0	1	2.006644717032836
90612.68628024065	2000.0	846.1945171197149	0.0	0	0.0	1458.8807973604125	1	0	1	2.699791897592781
91254.7875691806	1000.0	1204.093228179765	0.0	0	0.0	1458.8807973604125	1	0	1	0.966923946192918
92971.53756612759	2000.0	487.3432312327602	0.0	0	0.0	1458.8807973604125	1	0	1	2.006644717032836
93293.27264356213	500.0	1165.608153798209	0.0	0	0.0	1458.880797360427	1	0	1	-0.7659440052069473
94200.0	1000.0	1258.8807973603475	0.0	0	222.48476867623685	1458.880797360427	1	0	1	0.9669239461929163
95200.0	1000.0	1258.8807973603423	0.0	0	505.7662942179886	1458.8807973604125	1	0	1	1.6600711267528632
96200.0	1000.0	1258.8807973603473	0.0	0	665.2559130319132	1458.8807973604125	1	0	1	1.6600711267528632
97200.0	2000.0	1258.8807973603473	0.0	0	393.12331724476826	1458.880797360427	1	0	1	2.006644717032834
98455.79641179745	2000.0	1003.0843855629075	0.0	0	0.0	1458.880797360427	1	0	1	2.699791897592779
99800.44586109374	2000.0	658.4349362666194	0.0	0	0.0	1458.880797360427	1	0	1	2.699791897592779
100574.38214632476	1000.0	884.4986510356025	0.0	0	0.0	1458.8807973604416	1	0	1	0.9669239461929149
101205.29803426279	1000.0	1253.5827630975748	0.0	0	0.0	1458.8807973604416	1	0	1	1.66007112675286
102200.0	1000.0	1258.8807973603614	0.0	0	611.5019183738914	1458.8807973604416	1	0	1	1.66007112675286
103200.0	1000.0	1258.8807973603666	0.0	0	412.0289093173924	1458.8807973604416	1	0	1	1.66007112675286
104200.0	1000.0	1258.8807973603675	0.0	0	577.6406714862969	1458.8807973604416	1	0	1	1.66007112675286
105200.0	1000.0	1258.8807973603668	0.0	0	551.4492311212525	1458.8807973604416	1	0	1	1.66007112675286
106200.0	1000.0	1258.880797360373	0.0	0	406.6840708568343	1458.8807973604416	1	0	1	1.66007112675286
107200.0	1000.0	1258.8807973603662	0.0	0	261.6575544451771	1458.8807973604416	1	0	1	1.66007112675286
108200.0	1000.0	1258.8807973603596	0.0	0	519.3131985915097	1458.8807973604562	1	0	1	1.6600711267528587
109200.0	1000.0	1258.8807973603691	0.0	0	703.3482103209535	1458.8807973604562	1	0	1	1.6600711267528587
110200.0	1000.0	1258.8807973603693	0.0	0	613.0643142641056	1458.8807973604416	1	0	1	1.66007112675286
111200.0	1000.0	1258.880797360366	0.0	0	418.8324245952099	1458.8807973604562	1	0	1	1.6600711267528587
112565.88584490413	2000.0	892.9949524562365	0.0	0	0.0	1458.8807973604708	1	0	1	2.0066447170328297
113254.91917973565	1000.0	1203.9616176247264	0.0	0	0.0	1458.8807973604708	1	0	1	0.9669239461929121
114200.0	1000.0	1258.8807973603746	0.0	0	259.5682434416376	1458.8807973604562	1	0	1	1.6600711267528587
115200.0	1000.0	1258.8807973603768	0.0	0	515.8413112052367	1458.8807973604562	1	0	1	1.6600711267528587
116200.0	1000.0	1258.8807973603728	0.0	0	653.0794768661872	1458.8807973604562	1	0	1	1.6600711267528587
117200.0	1000.0	1258.8807973603746	0.0	0	443.20111003989587	1458.8807973604562	1	0	1	1.6600711267528587
118200.0	1000.0	1258.8807973603703	0.0	0	481.91236924410623	1458.8807973604562	1	0	1	1.6600711267528587
119702.06880347268	2000.0	756.8119938877048	0.0	0	0.0	1458.8807973604562	1	0	1	2.0066447170328314
120375.15139401417	1000.0	1083.7294033462206	0.0	0	0.0	1458.8807973604562	1	0	1	0.9669239461929136
121200.0	1000.0	1258.8807973604005	0.0	0	196.16664696106454	1458.8807973604562	1	0	1	1.6600711267528587
122200.0	1000.0	1258.8807973603978	0.0	0	407.00319463643245	1458.8807973604708	1	0	1	1.6600711267528574
123200.0	1000.0	1258.880797360394	0.0	0	553.7045175086096	1458.8807973604708	1	0	1	1.6600711267528574
124200.0	1000.0	1258.8807973604028	0.0	0	476.2682774425775	1458.8807973604708	1	0	1	1.6600711267528574
125200.0	1000.0	1258.8807973603957	0.0	0	375.1698102282244	1458.8807973604708	1	0	1	1.6600711267528574
126200.0	1000.0	1258.8807973604091	0.0	0	452.0550426610862	1458.8807973604708	1	0	1	1.6600711267528574
127200.0	1000.0	1258.8807973604135	0.0	0	327.6129930896568	1458.8807973604708	1	0	1	1.6600711267528574
128200.0	1000.0	1258.8807973604273	0.0	0	542.6394470212399	1458.8807973604853	1	0	1	1.6600711267528558
129200.0	1000.0	1258.8807973604128	0.0	0	516.7051676339761	1458.8807973604853	1	0	1	1.6600711267528558
130200.0	1000.0	1258.8807973604105	0.0	0	401.6829099300812	1458.8807973604999	1	0	1	1.6600711267528543
131200.0	1000.0	1258.8807973603941	0.0	0	594.0928662243386	1458.8807973604999	1	0	1	1.6600711267528543
132200.0	1000.0	1258.8807973603864	0.0	0	510.8608911477204	1458.8807973604853	1	0	1	1.6600711267528545
133760.27087725562	2000.0	698.6099201047884	0.0	0	0.0	1458.880797360529	1	0	1	2.006644717032824
134200.0	1000.0	1258.8807973604094	0.0	0	81.76888746439363	1458.8807973604999	1	0	1	0.9669239461929091
135200.0	2000.0	1258.8807973604223	0.0	0	351.0650404278131	1458.8807973604999	1	0	1	2.006644717032827
136200.0	2000.0	1258.8807973604519	0.0	0	153.0072563746362	1458.880797360529	1	0	1	2.6997918975927693
137240.5854968027	2000.0	1218.2953005577422	0.0	0	0.0	1458.8807973604999	1	0	1	2.699791897592771
138200.0	2000.0	1258.8807973604517	0.0	0	193.85241983598098	1458.880797360529	1	0	1	2.6997918975927697
139271.55728957735	2000.0	1187.3235077830861	0.0	0	0.0	1458.880797360529	1	0	1	2.6997918975927693
140538.5860386729	2000.0	920.2947586875466	0.0	0	0.0	1458.880797360529	1	0	1	2.6997918975927693
141526.3703031914	1000.0	932.5104941690432	0.0	0	0.0	1458.8807973604999	1	0	1	0.9669239461929091
142200.0	1000.0	1258.880797360427	0.0	0	44.67848917641095	1458.8807973604999	1	0	1	1.6600711267528543
143200.0	1000.0	1258.8807973604223	0.0	0	512.9291507417511	1458.8807973604999	1	0	1	1.6600711267528543
144200.0	1000.0	1258.8807973604137	0.0	0	642.2006703663792	1458.880797360529	1	0	1	1.6600711267528514
145200.0	1000.0	1258.8807973604114	0.0	0	703.7053744913137	1458.880797360529	1	0	1	1.6600711267528514
146200.0	1000.0	1258.8807973604144	0.0	0	430.1360549561796	1458.880797360529	1	0	1	1.6600711267528514
147294.1626633665	2000.0	1164.718133993903	0.0	0	0.0	1458.880797360529	1	0	1	2.006644717032824
148682.59185749796	2000.0	776.2889398624588	0.0	0	0.0	1458.880797360558	1	0	1	2.6997918975927666
149200.0	1000.0	1258.8807973604194	0.0	0	29.976389342773473	1458.880797360558	1	0	1	0.9669239461929032
150200.0	2000.0	1258.880797360431	0.0	0	75.15335667840554	1458.8807973605872	1	0	1	2.006644717032818
151200.0	1000.0	1258.8807973603937	0.0	0	244.00933751335833	1458.8807973605872	1	0	1	0.9669239461929005
152200.0	1000.0	1258.8807973604198	0.0	0	302.35133037521155	1458.8807973605872	1	0	1	1.6600711267528456
153200.0	1000.0	1258.8807973604216	0.0	0	601.9569140357198	1458.8807973605872	1	0	1	1.6600711267528456
154200.0	1000.0	1258.8807973604464	0.0	0	497.71424706676044	1458.8807973605872	1	0	1	1.6600711267528456
155200.0	1000.0	1258.8807973604423	0.0	0	636.9053658264456	1458.8807973605872	1	0	1	1.6600711267528456
156220.01821510016	2000.0	1238.862582260281	0.0	0	0.0	1458.8807973606163	1	0	1	2.006644717032815
157299.87947067313	2000.0	1159.001326687318	0.0	0	0.0	1458.8807973606163	1	0	1	2.6997918975927604
158247.58074166055	2000.0	1211.300055699897	0.0	0	0.0	1458.8807973606163	1	0	1	2.6997918975927604
159200.0	2000.0	1258.8807973604405	0.0	0	85.19633480531047	1458.8807973606163	1	0	1	2.6997918975927604
160200.0	2000.0	1258.8807973604535	0.0	0	251.38835580614978	1458.8807973606163	1	0	1	2.6997918975927604
161200.0	2000.0	1258.880797360429	0.0	0	44.02560023084516	1458.8807973606454	1	0	1	2.6997918975927577
162545.41035499919	2000.0	913.4704423612408	0.0	0	0.0	1458.8807973606454	1	0	1	2.6997918975927577
163200.0	1000.0	1258.8807973604169	0.0	0	55.20613002660684	1458.8807973606163	1	0	1	0.9669239461928973
164394.18412058035	2000.0	1064.696676780111	0.0	0	0.0	1458.8807973606163	1	0	1	2.006644717032815
165200.0	1000.0	1258.8807973604796	0.0	0	133.1624497094599	1458.8807973605872	1	0	1	0.9669239461929005
166200.0	1000.0	1258.8807973604535	0.0	0	484.7892376061063	1458.8807973605872	1	0	1	1.6600711267528456
167200.0	1000.0	1258.880797360451	0.0	0	503.1850582054758	1458.8807973605872	1	0	1	1.6600711267528456
168200.0	1000.0	1258.880797360436	0.0	0	465.19847145906533	1458.880797360558	1	0	1	1.6600711267528485
169200.0	2000.0	1258.8807973604746	0.0	0	160.3730742589687	1458.8807973606163	1	0	1	2.006644717032816
170255.6082984848	2000.0	1203.2724988756534	0.0	0	0.0	1458.8807973606163	1	0	1	2.6997918975927604
171200.0	2000.0	1258.8807973604637	0.0	0	355.7800195972959	1458.8807973606163	1	0	1	2.6997918975927604
172200.0	2000.0	1258.880797360417	0.0	0	203.9001818143879	1458.8807973605872	1	0	1	2.699791897592763
173200.0	2000.0	1258.8807973603957	0.0	0	54.78223140820046	1458.880797360558	1	0	1	2.6997918975927666
174200.0	2000.0	1258.8807973603978	0.0	0	147.35742494749138	1458.880797360558	1	0	1	2.6997918975927666
175466.68091647874	2000.0	992.1998808816192	0.0	0	0.0	1458.880797360558	1	0	1	2.6997918975927666
176200.0	1000.0	1258.880797360344	0.0	0	332.72952404856915	1458.8807973605872	1	0	1	0.9669239461929005
177200.0	2000.0	1258.8807973603741	0.0	0	82.3372980580607	1458.8807973605872	1	0	1	2.006644717032818
178258.88413562317	2000.0	1199.9966617371888	0.0	0	0.0	1458.8807973605872	1	0	1	2.699791897592763
179200.0	1000.0	1258.8807973603462	0.0	0	333.2497115577862	1458.8807973605872	1	0	1	0.9669239461929005
180200.0	2000.0	1258.8807973603687	0.0	0	50.15805524549796	1458.8807973605872	1	0	1	2.006644717032818
181200.0	2000.0	1258.8807973603832	0.0	0	40.557152742985636	1458.8807973606163	1	0	1	2.6997918975927604
182200.0	2000.0	1258.8807973603716	0.0	0	247.9540397337405	1458.8807973606163	1	0	1	2.6997918975927604
183516.34080246973	2000.0	942.539994890632	0.0	0	0.0	1458.8807973606163	1	0	1	2.6997918975927604
184200.0	1000.0	1258.8807973603464	0.0	0	264.12370949599426	1458.8807973606163	1	0	1	0.9669239461928973
185200.0	2000.0	1258.8807973603662	0.0	0	22.387036392377922	1458.8807973606163	1	0	1	2.006644717032815
186200.0	2000.0	1258.8807973603525	0.0	0	126.82333414323512	1458.8807973606163	1	0	1	2.6997918975927604
187271.0722013717	2000.0	1187.8085959886682	0.0	0	0.0	1458.8807973606163	1	0	1	2.6997918975927604
188356.0889045062	2000.0	1102.7918928541153	0.0	0	0.0	1458.8807973606163	1	0	1	2.6997918975927604
189200.0	2000.0	1258.8807973603534	0.0	0	92.56204538163729	1458.8807973606163	1	0	1	2.6997918975927604
190200.0	2000.0	1258.880797360339	0.0	0	275.3258546223806	1458.8807973606163	1	0	1	2.6997918975927604
191256.21318224698	2000.0	1202.6676151133388	0.0	0	0.0	1458.8807973606163	1	0	1	2.6997918975927604
192200.0	2000.0	1258.8807973603325	0.0	0	33.84542674649856	1458.8807973606163	1	0	1	2.6997918975927604
193200.0	2000.0	1258.8807973603407	0.0	0	140.35002445650753	1458.8807973606454	1	0	1	2.6997918975927577
194200.0	2000.0	1258.8807973603116	0.0	0	336.5942589813203	1458.8807973606454	1	0	1	2.6997918975927577
195200.0	2000.0	1258.8807973603189	0.0	0	159.4914877024712	1458.8807973606454	1	0	1	2.6997918975927577
196411.044413325	2000.0	1047.8363840353236	0.0	0	0.0	1458.8807973606163	1	0	1	2.6997918975927604
197286.34994851873	2000.0	1172.5308488416017	0.0	0	0.0	1458.8807973606454	1	0	1	2.6997918975927577
198200.0	2000.0	1258.8807973603552	0.0	0	198.39296209564782	1458.8807973606163	1	0	1	2.6997918975927604
199400.54418105705	2000.0	1058.3366163033172	0.0	0	0.0	1458.8807973606163	1	0	1	2.6997918975927604
200200.0	1000.0	1258.8807973603648	0.0	0	324.9550301229465	1458.8807973606163	1	0	1	0.9669239461928973
201276.7005421812	2000.0	1182.1802551791475	0.0	0	0.0	1458.8807973606163	1	0	1	2.006644717032815
202913.5730480223	2000.0	545.3077493380248	0.0	0	0.0	1458.8807973605872	1	0	1	2.699791897592763
203311.46378721468	500.0	1147.4170101456828	0.0	0	0.0	1458.8807973606163	1	0	1	-0.7659440052069661
204200.0	1000.0	1258.8807973603462	0.0	0	191.066932956659	1458.8807973606163	1	0	1	0.9669239461928971
205200.0	1000.0	1258.8807973603598	0.0	0	433.7634268377442	1458.8807973606163	1	0	1	1.6600711267528425
206200.0	1000.0	1258.8807973603386	0.0	0	312.8031851632113	1458.8807973606163	1	0	1	1.6600711267528425
207200.0	1000.0	1258.8807973603255	0.0	0	367.0954757456202	1458.8807973606163	1	0	1	1.6600711267528425
208200.0	1000.0	1258.8807973603425	0.0	0	351.1439935081871	1458.8807973606163	1	0	1	1.6600711267528425
209200.0	1000.0	1258.8807973603234	0.0	0	471.2010283312411	1458.8807973606163	1	0	1	1.6600711267528425
210200.0	1000.0	1258.8807973603282	0.0	0	593.9779111141106	1458.8807973606454	1	0	1	1.6600711267528399
211200.0	1000.0	1258.8807973603068	0.0	0	576.6213739645027	1458.8807973606454	1	0	1	1.6600711267528399
212284.06325534522	2000.0	1174.817542015092	0.0	0	0.0	1458.8807973606454	1	0	1	2.0066447170328123
213225.3975205189	2000.0	1233.483276841418	0.0	0	0.0	1458.8807973606163	1	0	1	2.6997918975927604
214200.0	2000.0	1258.8807973603243	0.0	0	43.29267650624388	1458.8807973606163	1	0	1	2.6997918975927604
215332.70929694083	2000.0	1126.1715004195203	0.0	0	0.0	1458.8807973606163	1	0	1	2.6997918975927604
216200.0	1000.0	1258.8807973603432	0.0	0	445.93518678098917	1458.8807973606163	1	0	1	0.9669239461928973
217230.83659598714	2000.0	1228.0442013731613	0.0	0	0.0	1458.8807973606163	1	0	1	2.006644717032815
218200.0	1000.0	1258.8807973603455	0.0	0	508.57901079102885	1458.8807973606163	1	0	1	0.9669239461928973
219200.0	1000.0	1258.8807973603168	0.0	0	523.465424051974	1458.8807973605872	1	0	1	1.6600711267528456
220270.66362341345	2000.0	1188.2171739469013	0.0	0	0.0	1458.8807973605872	1	0	1	2.006644717032818
221200.0	2000.0	1258.8807973603546	0.0	0	286.2364309465338	1458.8807973606163	1	0	1	2.6997918975927604
222200.0	2000.0	1258.8807973603566	0.0	0	20.811359165003523	1458.8807973606454	1	0	1	2.6997918975927577
223200.0	2000.0	1258.8807973603566	0.0	0	14.44869237576495	1458.8807973606454	1	0	1	2.6997918975927577
224200.0	2000.0	1258.8807973603614	0.0	0	143.17500537604792	1458.8807973606454	1	0	1	2.6997918975927577
225200.0	2000.0	1258.8807973603432	0.0	0	340.77801393694244	1458.8807973606454	1	0	1	2.6997918975927577
226200.0	2000.0	1258.8807973603466	0.0	0	16.15842593961861	1458.8807973606454	1	0	1	2.6997918975927577
227200.0	2000.0	1258.880797360363	0.0	0	28.979003094078507	1458.8807973606454	1	0	1	2.6997918975927577
228200.0	2000.0	1258.8807973603748	0.0	0	72.99650227781967	1458.8807973606454	1	0	1	2.6997918975927577
229200.0	2000.0	1258.8807973604303	0.0	0	311.50509434528067	1458.8807973606454	1	0	1	2.6997918975927577
230458.34704019065	2000.0	1000.5337571697798	0.0	0	0.0	1458.8807973606745	1	0	1	2.699791897592755
231200.0	1000.0	1258.8807973604396	0.0	0	297.0923629733443	1458.8807973607036	1	0	1	0.9669239461928888
232200.0	2000.0	1258.8807973604576	0.0	0	60.523350113944616	1458.8807973606745	1	0	1	2.0066447170328097
233454.93070969166	2000.0	1003.9500876688046	0.0	0	0.0	1458.8807973606745	1	0	1	2.699791897592755
234200.0	1000.0	1258.8807973604921	0.0	0	232.5288960377802	1458.8807973606745	1	0	1	0.9669239461928916
235200.0	1000.0	1258.8807973604721	0.0	0	474.2997798600991	1458.8807973606745	1	0	1	1.6600711267528367
236200.0	1000.0	1258.8807973604369	0.0	0	574.7566879232472	1458.8807973606745	1	0	1	1.6600711267528367
237200.0	1000.0	1258.8807973603973	0.0	0	595.3026997123088	1458.8807973606745	1	0	1	1.6600711267528367
238200.0	2000.0	1258.8807973603768	0.0	0	262.93231282709166	1458.8807973606745	1	0	1	2.0066447170328097
239200.0	2000.0	1258.8807973603834	0.0	0	161.6232467829832	1458.8807973606745	1	0	1	2.699791897592755
240200.0	2000.0	1258.8807973603755	0.0	0	260.311772809946	1458.8807973606745	1	0	1	2.699791897592755
241639.69167871916	2000.0	819.1891186412242	0.0	0	0.0	1458.8807973606745	1	0	1	2.699791897592755
242200.0	1000.0	1258.8807973603798	0.0	0	9.719310836080695	1458.8807973607036	1	0	1	0.9669239461928888
243200.0	1000.0	1258.8807973603577	0.0	0	297.72347615036415	1458.8807973607036	1	0	1	1.6600711267528339
244200.0	1000.0	1258.8807973603405	0.0	0	605.8609586158418	1458.8807973606745	1	0	1	1.6600711267528367
245200.0	1000.0	1258.8807973603248	0.0	0	551.2468342758657	1458.8807973606745	1	0	1	1.6600711267528367
246200.0	1000.0	1258.8807973603275	0.0	0	577.0169895914441	1458.8807973606745	1	0	1	1.6600711267528367
247480.83033764162	2000.0	978.0504597187255	0.0	0	0.0	1458.8807973606745	1	0	1	2.0066447170328097
248707.22329981788	2000.0	751.6574975424476	0.0	0	0.0	1458.8807973606454	1	0	1	2.6997918975927577
249734.727703437	1000.0	724.1530939233012	0.0	0	0.0	1458.8807973606745	1	0	1	0.9669239461928916
250258.87703151235	1000.0	1200.0037658479396	0.0	0	0.0	1458.8807973606745	1	0	1	1.6600711267528367
251200.0	1000.0	1258.8807973603007	0.0	0	470.8291526430985	1458.8807973606745	1	0	1	1.6600711267528367
252200.0	1000.0	1258.8807973603107	0.0	0	588.9323773480428	1458.8807973606745	1	0	1	1.6600711267528367
253200.0	1000.0	1258.8807973603148	0.0	0	536.0936139781843	1458.8807973607036	1	0	1	1.6600711267528339
254200.0	1000.0	1258.8807973603214	0.0	0	510.7349749232817	1458.8807973607036	1	0	1	1.6600711267528339
255200.0	1000.0	1258.8807973603134	0.0	0	252.81245638243854	1458.8807973607327	1	0	1	1.660071126752831
256200.0	1000.0	1258.8807973603055	0.0	0	475.02867756941123	1458.8807973607618	1	0	1	1.660071126752828
257200.0	1000.0	1258.8807973603186	0.0	0	606.5047460087808	1458.8807973607618	1	0	1	1.660071126752828
258200.0	1000.0	1258.8807973603095	0.0	0	548.3710509082011	1458.880797360791	1	0	1	1.660071126752825
259200.0	1000.0	1258.880797360285	0.0	0	486.11343641157146	1458.880797360791	1	0	1	1.660071126752825
260200.0	1000.0	1258.8807973602668	0.0	0	282.3616551824962	1458.880797360791	1	0	1	1.660071126752825
261317.70980448567	2000.0	1141.1709928745956	0.0	0	0.0	1458.880797360791	1	0	1	2.006644717032798
262200.0	1000.0	1258.8807973602657	0.0	0	215.1858676476404	1458.880797360791	1	0	1	0.9669239461928799
263200.0	1000.0	1258.8807973602886	0.0	0	241.52735712769208	1458.880797360791	1	0	1	1.6600711267528263
264200.0	1000.0	1258.8807973603316	0.0	0	350.2094677804853	1458.880797360791	1	0	1	1.660071126752825
265200.0	1000.0	1258.8807973602923	0.0	0	506.86749639129266	1458.880797360791	1	0	1	1.660071126752825
266200.0	1000.0	1258.8807973603216	0.0	0	418.8760950510041	1458.880797360791	1	0	1	1.660071126752825
267200.0	1000.0	1258.8807973603095	0.0	0	518.1845981952501	1458.880797360791	1	0	1	1.660071126752825
268590.30443264305	2000.0	868.5763647171924	0.0	0	0.0	1458.8807973607327	1	0	1	2.0066447170328034
269444.09515824384	1000.0	1014.7856391163634	0.0	0	0.0	1458.8807973606745	1	0	1	0.9669239461928916
270200.0	1000.0	1258.880797360262	0.0	0	40.01014202594524	1458.8807973606745	1	0	1	1.6600711267528367
271200.0	1000.0	1258.880797360215	0.0	0	411.2226394743775	1458.8807973606163	1	0	1	1.6600711267528425
272200.0	1000.0	1258.880797360181	0.0	0	411.89477400679607	1458.8807973606163	1	0	1	1.6600711267528425
273200.0	1000.0	1258.8807973601815	0.0	0	528.9758674085024	1458.8807973606163	1	0	1	1.6600711267528425
274200.0	1000.0	1258.88079736018	0.0	0	467.0444243887323	1458.8807973606163	1	0	1	1.6600711267528425
275200.0	1000.0	1258.8807973601804	0.0	0	407.12423983961344	1458.8807973606163	1	0	1	1.6600711267528425
276200.0	1000.0	1258.8807973601602	0.0	0	256.7850584444823	1458.880797360558	1	0	1	1.6600711267528485
277200.0	1000.0	1258.8807973601083	0.0	0	539.758865638054	1458.8807973606163	1	0	1	1.6600711267528425
278200.0	1000.0	1258.8807973600833	0.0	0	539.637444452208	1458.880797360558	1	0	1	1.6600711267528485
279200.0	1000.0	1258.8807973601515	0.0	0	394.48918661352945	1458.8807973606163	1	0	1	1.6600711267528425
280200.0	1000.0	1258.880797360176	0.0	0	588.3937438802095	1458.8807973606163	1	0	1	1.6600711267528425
281200.0	1000.0	1258.8807973602143	0.0	0	609.3482996207313	1458.8807973606163	1	0	1	1.6600711267528425
282338.1089490759	2000.0	1120.7718482842874	0.0	0	0.0	1458.8807973606163	1	0	1	2.006644717032815
283200.0	1000.0	1258.8807973602372	0.0	0	270.6142733541201	1458.8807973606745	1	0	1	0.9669239461928916
284200.0	1000.0	1258.8807973602532	0.0	0	608.0660160534317	1458.8807973606745	1	0	1	1.6600711267528367
285200.0	2000.0	1258.880797360223	0.0	0	216.48132474609884	1458.8807973606745	1	0	1	2.0066447170328097
286200.0	1000.0	1258.880797360219	0.0	0	599.6161681615631	1458.8807973606745	1	0	1	0.9669239461928916
287200.0	2000.0	1258.8807973602677	0.0	0	177.7439190391451	1458.8807973606745	1	0	1	2.0066447170328097
288200.0	2000.0	1258.880797360321	0.0	0	263.0415865487885	1458.8807973606745	1	0	1	2.699791897592755
289200.0	2000.0	1258.8807973603386	0.0	0	117.67880943289492	1458.8807973606163	1	0	1	2.6997918975927595
290649.3186259656	2000.0	809.5621713947085	0.0	0	0.0	1458.8807973604999	1	0	1	2.6997918975927706
291200.0	1000.0	1258.8807973603111	0.0	0	41.70483137026895	1458.8807973604416	1	0	1	0.9669239461929149
292200.0	1000.0	1258.880797360282	0.0	0	538.1466561867855	1458.8807973603834	1	0	1	1.6600711267528658
293200.0	1000.0	1258.8807973603048	0.0	0	597.3538684833911	1458.8807973603252	1	0	1	1.6600711267528716
294200.0	1000.0	1258.8807973603293	0.0	0	576.7472039384302	1458.8807973603252	1	0	1	1.6600711267528716
295200.0	2000.0	1258.880797360305	0.0	0	239.95829042373225	1458.8807973603252	1	0	1	2.0066447170328443
296200.0	2000.0	1258.880797360255	0.0	0	37.06997017672984	1458.8807973603252	1	0	1	2.6997918975927897
297606.6804217129	2000.0	852.2003756473003	0.0	0	0.0	1458.880797360267	1	0	1	2.6997918975927955
298200.0	1000.0	1258.8807973602238	0.0	0	78.89275329583324	1458.880797360267	1	0	1	0.9669239461929324
299200.0	2000.0	1258.8807973602215	0.0	0	150.37911560642533	1458.8807973602088	1	0	1	2.006644717032854
300200.0	1000.0	1258.8807973601831	0.0	0	177.0075159338885	1458.8807973602088	1	0	1	0.9669239461929382
301200.0	1000.0	1258.8807973602152	0.0	0	484.2018050328479	1458.8807973602088	1	0	1	1.6600711267528834
302200.0	1000.0	1258.8807973602634	0.0	0	530.3735088873655	1458.8807973602088	1	0	1	1.6600711267528834
303200.0	1000.0	1258.8807973602816	0.0	0	368.0066709961975	1458.8807973602088	1	0	1	1.6600711267528834
304200.0	1000.0	1258.8807973603216	0.0	0	576.2114927737275	1458.8807973602088	1	0	1	1.6600711267528834
305200.0	2000.0	1258.8807973603423	0.0	0	227.5783751514973	1458.8807973602088	1	0	1	2.0066447170328563
306200.0	2000.0	1258.8807973603489	0.0	0	182.88314791442826	1458.8807973602088	1	0	1	2.6997918975928012
1.48	2.54	3.13	2.66	1.48	1.68	1.95	1.81	2.13	2.0	2.37	2.31	2.35	2.55	3.53	2.42	1.93	1.92	1.77	2.43	2.33	2.06	2.85	2.27	3.48	1.29	1.58	2.55	2.88	1.51	2.62	2.4	2.18	1.92	2.15	2.48	3.34	2.36	1.11	2.41	3.04	1.39	1.9	2.09	1.85	1.7	1.37	2.06	1.83	1.67	1.38	2.35	2.66	3.02	2.12	2.22	2.37	1.22	2.37	1.66	2.12	2.68	2.39	2.53	2.14	3.12	1.84	3.41	2.55	1.98	2.63	2.71	2.07	1.85	2.51	1.84	1.12	1.98	2.72	3.3	2.85	1.73	2.17	1.85	1.31	1.73	2.49	2.95	3.65	2.19	1.95	1.96	1.29	2.03	2.36	2.0	1.97	1.56	1.42	1.81	3.5	2.34	1.78	1.76	1.67	1.71	1.77	2.53	2.49	2.25	1.93	1.38	1.39	1.88	1.75	1.66	1.71	2.25	1.68	2.0	2.07	1.24	3.23	2.47	1.74	1.01	3.13	2.22	2.46	2.26	2.58	2.39	1.88	1.09	2.25	2.63	3.43	2.32	2.06	2.22	1.71	2.13	1.56	1.74	2.42	1.93	3.28	2.49	2.4	0.72	1.48	2.54	3.13	2.66	1.48	1.68	1.95	1.81	2.13	2.0	2.37	2.31	2.35	2.55	3.53	2.42	1.93	1.92	1.77	2.43	2.33	2.06	2.85	2.27	3.48	1.29	1.58	2.55	2.88	1.51	2.62	2.4	2.18	1.92	2.15	2.48	3.34	2.36	1.11	2.41	3.04	1.39	1.9	2.09	1.85	1.7	1.37	2.06	1.83	1.67	1.38	2.35	2.66	3.02	2.12	2.22	2.37	1.22	2.37	1.66	2.12	2.68	2.39	2.53	2.14	3.12	1.84	3.41	2.55	1.98	2.63	2.71	2.07	1.85	2.51	1.84	1.12	1.98	2.72	3.3	2.85	1.73	2.17	1.85	1.31	1.73	2.49	2.95	3.65	2.19	1.95	1.96	1.29	2.03	2.36	2.0	1.97	1.56	1.42	1.81	3.5	2.34	1.78	1.76	1.67	1.71	1.77	2.53	2.49	2.25	1.93	1.38	1.39	1.88	1.75	1.66	1.71	2.25	1.68	2.0	2.07	1.24	3.23	2.47	1.74	1.01	3.13	2.22	2.46	2.26	2.58	2.39	1.88	1.09	2.25	2.63	3.43	2.32	2.06	2.22	1.71	2.13	1.56	1.74	2.42	1.93	3.28	2.49	2.4	0.72	1.48	2.54	3.13	2.66	1.48	1.68	1.95	1.81
1.0	2.0	3.0	4.0	5.0	6.0	7.0	8.0	9.0	10.0	11.0	12.0	13.0	14.0	15.0	16.0	17.0	18.0	19.0	20.0	21.0	22.0	23.0	24.0	25.0	26.0	27.0	28.0	29.0	30.0	31.0	32.0	33.0	34.0	35.0	36.0	37.0	38.0	39.0	40.0	41.0	42.0	43.0	44.0	45.0	46.0	47.0	48.0	49.0	50.0	51.0	52.0	53.0	54.0	55.0	56.0	57.0	58.0	59.0	60.0	61.0	62.0	63.0	64.0	65.0	66.0	67.0	68.0	69.0	70.0	71.0	72.0	73.0	74.0	75.0	76.0	77.0	78.0	79.0	80.0	81.0	82.0	83.0	84.0	85.0	86.0	87.0	88.0	89.0	90.0	91.0	92.0	93.0	94.0	95.0	96.0	97.0	98.0	99.0	100.0	101.0	102.0	103.0	104.0	105.0	106.0	107.0	108.0	109.0	110.0	111.0	112.0	113.0	114.0	115.0	116.0	117.0	118.0	119.0	120.0	121.0	122.0	123.0	124.0	125.0	126.0	127.0	128.0	129.0	130.0	131.0	132.0	133.0	134.0	135.0	136.0	137.0	138.0	139.0	140.0	141.0	142.0	143.0	144.0	145.0	146.0	147.0	148.0	149.0	149.0	150.0	151.0	152.0	153.0	154.0	155.0	156.0	157.0	158.0	159.0	160.0	161.0	162.0	163.0	164.0	165.0	166.0	167.0	168.0	169.0	170.0	171.0	172.0	173.0	174.0	175.0	176.0	177.0	178.0	179.0	180.0	181.0	182.0	183.0	184.0	185.0	186.0	187.0	188.0	189.0	190.0	191.0	192.0	193.0	194.0	195.0	196.0	197.0	198.0	199.0	200.0	201.0	202.0	203.0	204.0	205.0	206.0	207.0	208.0	209.0	210.0	211.0	212.0	213.0	214.0	215.0	216.0	217.0	218.0	219.0	220.0	221.0	222.0	223.0	224.0	225.0	226.0	227.0	228.0	229.0	230.0	231.0	232.0	233.0	234.0	235.0	236.0	237.0	238.0	239.0	240.0	241.0	242.0	243.0	244.0	245.0	246.0	247.0	248.0	249.0	250.0	251.0	252.0	253.0	254.0	255.0	256.0	257.0	258.0	259.0	260.0	261.0	262.0	263.0	264.0	265.0	266.0	267.0	268.0	269.0	270.0	271.0	272.0	273.0	274.0	275.0	276.0	277.0	278.0	279.0	280.0	281.0	282.0	283.0	284.0	285.0	286.0	287.0	288.0	289.0	290.0	291.0	292.0	293.0	294.0	295.0	296.0	297.0	298.0	298.0	299.0	300.0	301.0	302.0	303.0	304.0	305.0	306.0
2178.049527689673
