2721.914870231248	300.0	2000.0	155.35674769030567	0	0.0	2721.914870231248	1	0	1	-1.201456229308384
5523.096899746827	3000.0	265.26244222147363	180.69911994816636	0	0.0	788.3593419683011	1	0	2	-0.41506521859661805
6200.0	500.0	2656.0496519936178	0.0	0	454.2230886763846	2856.049651993618	1	0	0	-1.7077096531148346
9663.312986787661	3000.0	309.01988986170045	238.7404757586478	0	0.0	972.3328766493632	1	0	2	-0.47072870999682637
10200.0	500.0	2826.0015779705955	0.0	0	202.43352965022314	3026.0015779705964	1	0	0	-1.725822424105588
13510.050085078905	3000.0	384.94648438380233	0.0	0	0.0	894.9965694627081	1	0	2	0.9683380397450869
14200.0	500.0	2763.991560954816	0.0	0	267.1996514137518	2963.991560954817	1	0	0	-1.7190155922408883
18271.140532963193	3000.0	200.0	649.3300230042664	0	0.0	1471.1405329631925	1	0	2	-2.962380557094436
18656.54574519758	500.0	814.5947877656105	0.0	0	0.0	1471.1405329631925	1	0	1	-1.3726350868753883
19200.0	500.0	1271.1405329631932	0.0	0	32.367045932907786	1471.1405329631925	1	0	1	0.619124382352667
20200.0	1000.0	1271.140532963194	0.0	0	68.80091054612058	1471.1405329631925	1	0	1	0.9656979726326398
21200.0	1000.0	1271.1405329631914	0.0	0	473.9958326342676	1471.1405329631925	1	0	1	1.6588451531925852
22200.0	1000.0	1271.1405329631914	0.0	0	480.2732543667662	1471.1405329631925	1	0	1	1.6588451531925852
23200.0	1000.0	1271.1405329631912	0.0	0	135.103752212166	1471.1405329631962	1	0	1	1.6588451531925847
24200.0	1000.0	1271.140532963192	0.0	0	570.8417860761147	1471.1405329631925	1	0	1	1.6588451531925852
25200.0	1000.0	1271.1405329631937	0.0	0	311.7750069277936	1471.1405329631925	1	0	1	1.6588451531925852
26200.0	1000.0	1271.1405329631925	0.0	0	515.6306764823858	1471.1405329631925	1	0	1	1.6588451531925852
27200.0	1000.0	1271.1405329631912	0.0	0	369.90905975838905	1471.1405329631925	1	0	1	1.6588451531925852
28200.0	1000.0	1271.1405329631914	0.0	0	270.8487267561941	1471.1405329631925	1	0	1	1.6588451531925852
29200.0	1000.0	1271.1405329631937	0.0	0	308.08419780937766	1471.1405329631925	1	0	1	1.6588451531925852
30200.0	1000.0	1271.1405329631966	0.0	0	563.6646018009415	1471.1405329631925	1	0	1	1.6588451531925852
31200.0	1000.0	1271.1405329631987	0.0	0	509.016588173472	1471.1405329631925	1	0	1	1.6588451531925852
32200.0	2000.0	1271.140532963203	0.0	0	305.88512468575937	1471.1405329631925	1	0	1	2.0054187434725574
33200.0	2000.0	1271.1405329632028	0.0	0	49.31450270261848	1471.1405329631962	1	0	1	2.698565924032503
34553.51983425361	2000.0	917.6206987095876	0.0	0	0.0	1471.140532963189	1	0	1	2.6985659240325033
35200.0	1000.0	1271.1405329631968	0.0	0	147.55491356093262	1471.140532963189	1	0	1	0.9656979726326402
36200.0	1000.0	1271.1405329631975	0.0	0	166.57065700937528	1471.140532963189	1	0	1	1.6588451531925854
37200.0	1000.0	1271.1405329631891	0.0	0	386.5138679144293	1471.140532963189	1	0	1	1.6588451531925854
38200.0	1000.0	1271.1405329631882	0.0	0	466.61718893179204	1471.1405329631816	1	0	1	1.658845153192586
39200.0	1000.0	1271.1405329631868	0.0	0	244.3940835614194	1471.1405329631816	1	0	1	1.658845153192586
40200.0	1000.0	1271.140532963185	0.0	0	263.19229918852216	1471.1405329631816	1	0	1	1.658845153192586
41200.0	1000.0	1271.1405329631825	0.0	0	552.6667410345763	1471.1405329631816	1	0	1	1.658845153192586
42200.0	1000.0	1271.1405329631827	0.0	0	277.2526408873382	1471.140532963189	1	0	1	1.6588451531925854
43200.0	1000.0	1271.1405329631805	0.0	0	555.3375437770446	1471.140532963189	1	0	1	1.6588451531925854
44200.0	1000.0	1271.1405329631796	0.0	0	629.7213252215079	1471.1405329631962	1	0	1	1.6588451531925847
45200.0	1000.0	1271.1405329631834	0.0	0	572.6123107155436	1471.1405329632034	1	0	1	1.658845153192584
46215.35247115555	2000.0	1255.7880618076424	0.0	0	66.82497725731082	1471.1405329632107	1	0	1	2.005418743472556
47244.82984289255	2000.0	1226.3106900706377	0.0	0	0.0	1471.1405329632107	1	0	1	2.698565924032501
48200.0	2000.0	1271.140532963183	0.0	0	39.48995852180815	1471.1405329632107	1	0	1	2.698565924032501
49200.0	2000.0	1271.140532963185	0.0	0	173.80437128495396	1471.1405329632107	1	0	1	2.698565924032501
50200.0	2000.0	1271.1405329631916	0.0	0	489.53518223207357	1471.1405329632107	1	0	1	2.698565924032501
51200.0	2000.0	1271.140532963188	0.0	0	458.27809371482726	1471.1405329632034	1	0	1	2.6985659240325015
52200.0	2000.0	1271.1405329631905	0.0	0	253.05854102472222	1471.1405329632034	1	0	1	2.6985659240325015
53200.0	2000.0	1271.140532963187	0.0	0	86.16385268294835	1471.1405329631962	1	0	1	2.698565924032503
54200.0	2000.0	1271.1405329631848	0.0	0	221.86170315675554	1471.1405329631962	1	0	1	2.698565924032503
55200.0	2000.0	1271.1405329631837	0.0	0	6.66784675695817	1471.140532963189	1	0	1	2.6985659240325033
56277.66410764182	2000.0	1193.4764253213623	0.0	0	0.0	1471.140532963189	1	0	1	2.6985659240325033
57411.018769798444	2000.0	1060.1217631647346	0.0	0	0.0	1471.140532963189	1	0	1	2.6985659240325033
58200.0	2000.0	1271.140532963181	0.0	0	129.49298396780796	1471.1405329631962	1	0	1	2.698565924032503
59499.80475527386	2000.0	971.3357776893162	0.0	0	0.0	1471.140532963189	1	0	1	2.6985659240325033
60200.0	1000.0	1271.1405329631702	0.0	0	69.51276649108331	1471.140532963189	1	0	1	0.9656979726326402
61327.780764267576	2000.0	1143.3597686955932	0.0	0	0.0	1471.140532963189	1	0	1	2.005418743472558
62200.0	1000.0	1271.1405329631737	0.0	0	379.8650065928159	1471.140532963189	1	0	1	0.9656979726326402
63200.0	1000.0	1271.1405329631757	0.0	0	644.169733732364	1471.1405329631962	1	0	1	1.6588451531925847
64200.0	1000.0	1271.1405329631737	0.0	0	402.8555798712623	1471.1405329631962	1	0	1	1.6588451531925847
65200.0	1000.0	1271.1405329631725	0.0	0	675.6234337797723	1471.1405329632034	1	0	1	1.658845153192584
66200.0	1000.0	1271.1405329631784	0.0	0	352.60221947042737	1471.1405329632034	1	0	1	1.658845153192584
67200.0	1000.0	1271.140532963185	0.0	0	24.272406110278098	1471.1405329632107	1	0	1	1.6588451531925834
68200.0	1000.0	1271.1405329631768	0.0	0	311.98182688181987	1471.1405329632107	1	0	1	1.6588451531925832
69200.0	1000.0	1271.1405329631707	0.0	0	499.19125352542324	1471.1405329631962	1	0	1	1.6588451531925847
70200.0	1000.0	1271.1405329631762	0.0	0	474.581598125631	1471.1405329631816	1	0	1	1.658845153192586
71200.0	1000.0	1271.1405329631596	0.0	0	547.5662316543458	1471.140532963167	1	0	1	1.6588451531925876
72200.0	1000.0	1271.1405329631361	0.0	0	645.0020488912414	1471.140532963167	1	0	1	1.6588451531925876
73200.0	2000.0	1271.1405329631416	0.0	0	117.27259588793095	1471.1405329631525	1	0	1	2.0054187434725614
74213.75720429413	2000.0	1257.3833286690215	0.0	0	0.0	1471.1405329631525	1	0	1	2.698565924032507
75200.0	2000.0	1271.1405329631568	0.0	0	191.0594787676382	1471.1405329631525	1	0	1	2.698565924032507
76200.0	2000.0	1271.1405329631532	0.0	0	271.1040756732691	1471.1405329631525	1	0	1	2.698565924032507
77956.52294123717	2000.0	514.6175917259886	0.0	0	0.0	1471.1405329631525	1	0	1	2.698565924032507
78200.0	500.0	1271.1405329631564	0.0	0	8.050692158969468	1471.1405329631525	1	0	1	-0.7671699787672195
79200.0	1000.0	1271.1405329631693	0.0	0	408.8512348293589	1471.1405329631525	1	0	1	0.9656979726326437
80200.0	1000.0	1271.1405329631752	0.0	0	191.936582687209	1471.1405329631525	1	0	1	1.6588451531925892
81200.0	1000.0	1271.1405329631823	0.0	0	577.5817528045882	1471.140532963138	1	0	1	1.6588451531925905
82200.0	1000.0	1271.1405329631862	0.0	0	507.2301176680048	1471.1405329631525	1	0	1	1.6588451531925892
83200.0	1000.0	1271.1405329631748	0.0	0	501.40443871529715	1471.140532963167	1	0	1	1.6588451531925876
84200.0	1000.0	1271.1405329631718	0.0	0	388.812117602778	1471.1405329631525	1	0	1	1.6588451531925892
85200.0	1000.0	1271.14053296317	0.0	0	605.2713668527867	1471.1405329631525	1	0	1	1.6588451531925892
86200.0	1000.0	1271.1405329631664	0.0	0	252.34410267922794	1471.1405329631525	1	0	1	1.6588451531925892
87200.0	1000.0	1271.1405329631816	0.0	0	542.9015605518944	1471.140532963167	1	0	1	1.6588451531925876
88200.0	1000.0	1271.140532963188	0.0	0	277.70012156081793	1471.140532963167	1	0	1	1.6588451531925876
89200.0	1000.0	1271.140532963179	0.0	0	372.3338348192192	1471.140532963167	1	0	1	1.6588451531925876
90200.0	1000.0	1271.1405329631773	0.0	0	419.12003925209865	1471.140532963167	1	0	1	1.6588451531925876
91200.0	1000.0	1271.140532963187	0.0	0	53.428971435903804	1471.140532963167	1	0	1	1.6588451531925876
92200.0	1000.0	1271.1405329631714	0.0	0	570.1220152930036	1471.140532963167	1	0	1	1.6588451531925876
93200.0	1000.0	1271.1405329631625	0.0	0	569.8469680023991	1471.140532963167	1	0	1	1.6588451531925876
94200.0	1000.0	1271.1405329631734	0.0	0	482.78863902256126	1471.140532963167	1	0	1	1.6588451531925876
95200.0	1000.0	1271.1405329631737	0.0	0	402.21571820409736	1471.140532963167	1	0	1	1.6588451531925876
96200.0	1000.0	1271.1405329631878	0.0	0	594.4169426640437	1471.1405329631816	1	0	1	1.658845153192586
97200.0	2000.0	1271.1405329631802	0.0	0	314.3520938815782	1471.140532963167	1	0	1	2.0054187434725605
98200.0	2000.0	1271.1405329631802	0.0	0	294.6714514419291	1471.1405329631525	1	0	1	2.698565924032507
99200.0	2000.0	1271.1405329631705	0.0	0	105.84262388804927	1471.1405329631525	1	0	1	2.698565924032507
100200.0	2000.0	1271.1405329631673	0.0	0	334.736706458134	1471.1405329631525	1	0	1	2.698565924032507
101200.0	2000.0	1271.1405329631566	0.0	0	271.77500410887296	1471.140532963138	1	0	1	2.698565924032508
102200.0	2000.0	1271.1405329631652	0.0	0	158.98169068837888	1471.140532963138	1	0	1	2.698565924032508
103200.0	2000.0	1271.1405329631586	0.0	0	156.6738421135815	1471.1405329631234	1	0	1	2.69856592403251
104466.60282374365	2000.0	1004.5377092195088	0.0	0	0.0	1471.1405329631234	1	0	1	2.69856592403251
105288.86014958388	2000.0	1182.2803833792873	0.0	0	0.0	1471.1405329631234	1	0	1	2.69856592403251
106394.19884673467	2000.0	1076.9416862285027	0.0	0	0.0	1471.140532963138	1	0	1	2.698565924032508
107200.0	2000.0	1271.1405329631805	0.0	0	38.035570349078625	1471.140532963138	1	0	1	2.698565924032508
108200.0	2000.0	1271.1405329631752	0.0	0	217.12912949208112	1471.1405329631234	1	0	1	2.69856592403251
109765.42660612299	2000.0	705.7139268401911	0.0	0	0.0	1471.1405329631234	1	0	1	2.69856592403251
110387.31481549014	1000.0	1083.8257174730302	0.0	0	0.0	1471.1405329631234	1	0	1	0.9656979726326467
111200.0	1000.0	1271.140532963167	0.0	0	22.66593023376481	1471.1405329631234	1	0	1	1.6588451531925918
112200.0	1000.0	1271.140532963165	0.0	0	413.38074994004273	1471.1405329631234	1	0	1	1.6588451531925918
113200.0	1000.0	1271.1405329631586	0.0	0	539.8988469229516	1471.1405329631234	1	0	1	1.6588451531925918
114200.0	1000.0	1271.140532963156	0.0	0	693.9701787744998	1471.1405329631089	1	0	1	1.6588451531925936
115200.0	1000.0	1271.1405329631368	0.0	0	467.90395223681116	1471.1405329630943	1	0	1	1.658845153192595
116200.0	2000.0	1271.1405329631236	0.0	0	168.76703511916276	1471.1405329631089	1	0	1	2.005418743472566
117200.0	2000.0	1271.1405329631327	0.0	0	25.017104885089793	1471.1405329631089	1	0	1	2.6985659240325113
118200.0	2000.0	1271.1405329631275	0.0	0	93.96699800588249	1471.1405329631089	1	0	1	2.6985659240325113
119372.30146172186	2000.0	1098.8390712412702	0.0	0	0.0	1471.1405329631089	1	0	1	2.6985659240325113
120200.0	2000.0	1271.1405329631157	0.0	0	219.975488725584	1471.1405329631089	1	0	1	2.6985659240325113
121200.0	2000.0	1271.1405329631139	0.0	0	450.08833538882027	1471.1405329631089	1	0	1	2.6985659240325113
122200.0	2000.0	1271.1405329631154	0.0	0	321.1017824101582	1471.1405329631089	1	0	1	2.6985659240325113
123200.0	2000.0	1271.1405329631204	0.0	0	64.73565542053257	1471.1405329631089	1	0	1	2.6985659240325113
124733.42123547508	3000.0	737.7192974880423	0.0	0	0.0	1471.1405329631089	1	0	1	2.9012984780865936
125284.06434687471	1000.0	1187.0761860883986	0.0	0	0.0	1471.1405329631234	1	0	1	0.5602328645244821
126512.91200120897	2000.0	958.2285317541523	0.0	0	0.0	1471.1405329631089	1	0	1	2.005418743472566
127200.0	1000.0	1271.1405329631082	0.0	0	70.09572986922285	1471.1405329630943	1	0	1	0.9656979726326498
128241.9336308002	2000.0	1229.2069021629113	0.0	0	0.0	1471.1405329630943	1	0	1	2.0054187434725677
129200.0	2000.0	1271.140532963103	0.0	0	361.6487130744208	1471.1405329630943	1	0	1	2.6985659240325126
130200.0	2000.0	1271.1405329631068	0.0	0	345.71823132265126	1471.1405329630943	1	0	1	2.6985659240325126
131307.36268691585	2000.0	1163.7778460472641	0.0	0	0.0	1471.1405329630943	1	0	1	2.6985659240325126
132200.0	2000.0	1271.140532963136	0.0	0	84.10561119692284	1471.1405329631234	1	0	1	2.698565924032511
133200.0	2000.0	1271.140532963108	0.0	0	418.30722416818026	1471.1405329631234	1	0	1	2.69856592403251
134292.01981752017	2000.0	1179.120715442939	0.0	0	0.0	1471.1405329631525	1	0	1	2.698565924032507
135291.69517302525	2000.0	1179.4453599378883	0.0	0	0.0	1471.1405329631525	1	0	1	2.698565924032507
136284.07982843037	2000.0	1187.0607045327806	0.0	0	0.0	1471.1405329631525	1	0	1	2.698565924032507
137290.4397216818	2000.0	1180.7008112813542	0.0	0	0.0	1471.1405329631525	1	0	1	2.698565924032507
138200.0	1000.0	1271.1405329631348	0.0	0	141.50377632435993	1471.1405329631816	1	0	1	0.9656979726326409
139200.0	1000.0	1271.1405329631461	0.0	0	624.0039736653562	1471.1405329632107	1	0	1	1.6588451531925832
140200.0	1000.0	1271.140532963176	0.0	0	529.831864122214	1471.1405329632107	1	0	1	1.6588451531925832
141200.0	1000.0	1271.1405329631923	0.0	0	497.1393906181038	1471.1405329632107	1	0	1	1.6588451531925832
142200.0	1000.0	1271.1405329631932	0.0	0	473.22826435539173	1471.1405329632107	1	0	1	1.6588451531925832
143200.0	1000.0	1271.1405329632012	0.0	0	474.78756715892814	1471.1405329632107	1	0	1	1.6588451531925832
144200.0	1000.0	1271.1405329632205	0.0	0	631.0919987048546	1471.1405329632107	1	0	1	1.6588451531925832
145200.0	1000.0	1271.1405329632082	0.0	0	464.5686520175077	1471.1405329632107	1	0	1	1.6588451531925832
146200.0	1000.0	1271.1405329632223	0.0	0	288.7987201223441	1471.1405329632107	1	0	1	1.6588451531925832
147200.0	1000.0	1271.1405329631991	0.0	0	492.4772132236394	1471.1405329631816	1	0	1	1.658845153192586
148200.0	1000.0	1271.1405329632096	0.0	0	691.3790566288226	1471.1405329631816	1	0	1	1.658845153192586
149536.11945855085	2000.0	935.0210744123723	0.0	0	0.0	1471.1405329631816	1	0	1	2.0054187434725588
150628.80875865495	1000.0	842.3317743082802	0.0	0	0.0	1471.1405329631816	1	0	1	0.9656979726326409
151410.32393915788	1000.0	1060.816593805349	0.0	0	0.0	1471.1405329631525	1	0	1	1.6588451531925892
152284.71103707372	1000.0	1186.4294958895168	0.0	0	0.0	1471.1405329631525	1	0	1	1.6588451531925892
153200.0	1000.0	1271.1405329632425	0.0	0	305.0727398628951	1471.1405329631525	1	0	1	1.6588451531925892
154200.0	1000.0	1271.1405329632373	0.0	0	214.71527377597522	1471.1405329631234	1	0	1	1.6588451531925918
155200.0	1000.0	1271.14053296323	0.0	0	282.4985496053996	1471.1405329631234	1	0	1	1.6588451531925918
156200.0	1000.0	1271.140532963227	0.0	0	389.76195673874463	1471.1405329631234	1	0	1	1.6588451531925918
157200.0	1000.0	1271.1405329632346	0.0	0	397.8592660012946	1471.1405329631234	1	0	1	1.6588451531925918
158200.0	1000.0	1271.1405329632153	0.0	0	211.3104594584147	1471.1405329631234	1	0	1	1.6588451531925918
159200.0	1000.0	1271.1405329632016	0.0	0	453.96412187669193	1471.1405329630943	1	0	1	1.658845153192595
160200.0	1000.0	1271.1405329632034	0.0	0	670.1067172143084	1471.1405329630943	1	0	1	1.658845153192595
161254.8577335287	2000.0	1216.2827994344934	0.0	0	4.70404983140179	1471.1405329630943	1	0	1	2.0054187434725677
162771.22032247114	2000.0	699.9202104920623	0.0	0	0.0	1471.1405329630943	1	0	1	2.6985659240325126
163398.0570335972	1000.0	1073.083499365995	0.0	0	0.0	1471.1405329631234	1	0	1	0.9656979726326467
165131.05969926834	2000.0	340.08083369481255	0.0	0	0.0	1471.1405329630943	1	0	1	2.0054187434725654
165631.25468310906	500.0	839.8858498541015	0.0	0	0.0	1471.1405329631234	1	0	1	-0.7671699787672168
166271.9259488968	1000.0	1199.2145840663802	0.0	0	0.0	1471.1405329631234	1	0	1	0.9656979726326465
167200.0	1000.0	1271.1405329631375	0.0	0	327.12552106924704	1471.1405329631234	1	0	1	1.6588451531925918
168462.67747546776	1000.0	1008.4630574953436	0.0	0	0.0	1471.1405329631234	1	0	1	1.6588451531925918
169230.21710700623	1000.0	1240.9234259568527	0.0	0	0.0	1471.1405329630943	1	0	1	1.658845153192595
170200.0	1000.0	1271.1405329630988	0.0	0	319.6557432473346	1471.1405329630652	1	0	1	1.6588451531925976
171202.67183983745	1000.0	1268.4686931256583	0.0	0	304.89799567926093	1471.140532963036	1	0	1	1.6588451531926007
172200.0	1000.0	1271.1405329631318	0.0	0	151.90313748430344	1471.1405329630652	1	0	1	1.6588451531925976
173200.0	1000.0	1271.140532963168	0.0	0	528.8932542739203	1471.1405329630652	1	0	1	1.6588451531925976
174200.0	1000.0	1271.1405329631605	0.0	0	280.11792429711204	1471.1405329630652	1	0	1	1.6588451531925976
175200.0	1000.0	1271.140532963169	0.0	0	523.5869757305481	1471.1405329630652	1	0	1	1.6588451531925976
176200.0	1000.0	1271.140532963226	0.0	0	358.09498084528605	1471.1405329630943	1	0	1	1.658845153192595
177200.0	1000.0	1271.140532963208	0.0	0	307.11892987345345	1471.1405329630943	1	0	1	1.658845153192595
178200.0	1000.0	1271.1405329632412	0.0	0	375.2234544728999	1471.1405329630943	1	0	1	1.658845153192595
179200.0	1000.0	1271.1405329632448	0.0	0	590.2160764244909	1471.1405329630943	1	0	1	1.658845153192595
180200.0	1000.0	1271.1405329632344	0.0	0	479.46545769891236	1471.1405329630943	1	0	1	1.658845153192595
181203.26450787854	2000.0	1267.8760250847117	0.0	0	0.0	1471.1405329630652	1	0	1	2.0054187434725703
182214.55519026812	2000.0	1256.5853426951264	0.0	0	0.0	1471.1405329630943	1	0	1	2.6985659240325144
183666.06193238037	2000.0	805.0786005828654	0.0	0	0.0	1471.1405329631234	1	0	1	2.69856592403251
184516.0245309588	1000.0	955.1160020044395	0.0	0	0.0	1471.1405329631234	1	0	1	0.9656979726326467
185200.0	1000.0	1271.1405329632075	0.0	0	127.14952507632552	1471.1405329631234	1	0	1	1.6588451531925918
186200.0	1000.0	1271.1405329631943	0.0	0	314.79818973262445	1471.1405329631234	1	0	1	1.6588451531925918
187200.0	1000.0	1271.14053296317	0.0	0	481.7318247955409	1471.1405329630943	1	0	1	1.658845153192595
188200.0	1000.0	1271.1405329631345	0.0	0	432.32452756210114	1471.1405329630943	1	0	1	1.658845153192595
189200.0	1000.0	1271.1405329631298	0.0	0	271.97705427353503	1471.1405329630652	1	0	1	1.6588451531925976
190200.0	1000.0	1271.1405329631002	0.0	0	294.27378221365507	1471.1405329630943	1	0	1	1.658845153192595
191200.0	1000.0	1271.140532963095	0.0	0	387.71141001285287	1471.1405329630943	1	0	1	1.658845153192595
192200.0	1000.0	1271.140532963086	0.0	0	504.53300789772766	1471.1405329630943	1	0	1	1.658845153192595
193200.0	1000.0	1271.140532963075	0.0	0	542.3643714126956	1471.1405329630943	1	0	1	1.658845153192595
194200.0	1000.0	1271.140532963061	0.0	0	666.1285947258584	1471.1405329630943	1	0	1	1.658845153192595
195200.0	2000.0	1271.1405329630763	0.0	0	274.84561261782073	1471.1405329630943	1	0	1	2.0054187434725677
196814.29068519385	2000.0	656.8498477692395	0.0	0	0.0	1471.1405329631234	1	0	1	2.69856592403251
197200.0	1000.0	1271.1405329630677	0.0	0	10.785125127498759	1471.1405329631234	1	0	1	0.9656979726326467
198200.0	2000.0	1271.1405329630782	0.0	0	395.64154942371533	1471.1405329631234	1	0	1	2.005418743472565
199200.0	2000.0	1271.14053296309	0.0	0	354.3018908116501	1471.1405329631234	1	0	1	2.69856592403251
200200.0	2000.0	1271.1405329630857	0.0	0	255.60975394956768	1471.1405329631234	1	0	1	2.69856592403251
201245.9518021503	2000.0	1225.1887308128107	0.0	0	0.0	1471.1405329631525	1	0	1	2.6985659240325086
202200.0	2000.0	1271.1405329630988	0.0	0	95.38523378418176	1471.1405329631525	1	0	1	2.698565924032507
203200.0	2000.0	1271.1405329631207	0.0	0	303.57864828320453	1471.1405329631525	1	0	1	2.698565924032507
204200.0	2000.0	1271.14053296313	0.0	0	191.07993067073403	1471.1405329631234	1	0	1	2.698565924032508
205200.0	2000.0	1271.140532963134	0.0	0	203.09373430747655	1471.1405329631234	1	0	1	2.69856592403251
206200.0	2000.0	1271.1405329631361	0.0	0	107.91405263717752	1471.1405329631234	1	0	1	2.69856592403251
207264.78094176707	2000.0	1206.3595911960897	0.0	0	0.0	1471.1405329631234	1	0	1	2.69856592403251
208292.62457686232	2000.0	1178.5159561008209	0.0	0	0.0	1471.1405329630943	1	0	1	2.6985659240325113
209463.84365302004	2000.0	1007.2968799430984	0.0	0	0.0	1471.1405329631234	1	0	1	2.6985659240325104
210200.0	1000.0	1271.1405329631518	0.0	0	147.16640969191212	1471.1405329631234	1	0	1	0.9656979726326467
211200.0	1000.0	1271.1405329631489	0.0	0	361.72811342575005	1471.1405329631234	1	0	1	1.6588451531925918
212200.0	1000.0	1271.1405329631475	0.0	0	413.89037934711087	1471.1405329631234	1	0	1	1.6588451531925918
213200.0	1000.0	1271.1405329631405	0.0	0	272.76251264757593	1471.1405329631234	1	0	1	1.6588451531925918
214200.0	1000.0	1271.1405329631402	0.0	0	508.3046642327972	1471.1405329631234	1	0	1	1.6588451531925918
215200.0	1000.0	1271.140532963131	0.0	0	446.81998372648377	1471.1405329631234	1	0	1	1.6588451531925918
216200.0	1000.0	1271.1405329631011	0.0	0	289.3634740835405	1471.1405329631234	1	0	1	1.6588451531925918
217200.0	1000.0	1271.140532963081	0.0	0	334.2801129469299	1471.1405329631234	1	0	1	1.6588451531925918
218200.0	1000.0	1271.1405329630722	0.0	0	508.5624572308152	1471.1405329631234	1	0	1	1.6588451531925918
219200.0	1000.0	1271.1405329630647	0.0	0	526.6144387485692	1471.1405329631234	1	0	1	1.6588451531925918
220200.0	1000.0	1271.140532963074	0.0	0	607.2329549847636	1471.1405329631234	1	0	1	1.6588451531925918
221200.0	1000.0	1271.1405329630732	0.0	0	565.2102894552518	1471.1405329631234	1	0	1	1.6588451531925918
222207.1860512154	2000.0	1263.9544817477095	0.0	0	0.0	1471.1405329631234	1	0	1	2.005418743472565
223200.0	2000.0	1271.1405329631152	0.0	0	84.55848833837081	1471.1405329631234	1	0	1	2.69856592403251
224200.0	2000.0	1271.1405329631207	0.0	0	111.10780309099937	1471.1405329631234	1	0	1	2.69856592403251
225649.18077535584	2000.0	821.9597576072615	0.0	0	0.0	1471.1405329631234	1	0	1	2.69856592403251
226575.5155055747	1000.0	895.6250273883587	0.0	0	0.0	1471.1405329631234	1	0	1	0.9656979726326467
227200.0	1000.0	1271.1405329630502	0.0	0	45.441617922188016	1471.1405329630943	1	0	1	1.658845153192595
228200.0	1000.0	1271.140532963045	0.0	0	580.9061896206404	1471.1405329630943	1	0	1	1.658845153192595
229200.0	1000.0	1271.1405329630406	0.0	0	154.78263870594674	1471.1405329630943	1	0	1	1.658845153192595
230200.0	1000.0	1271.1405329630265	0.0	0	508.5845888449694	1471.1405329630652	1	0	1	1.6588451531925976
231200.0	1000.0	1271.1405329630031	0.0	0	530.0804362388153	1471.1405329630652	1	0	1	1.6588451531925976
232200.0	1000.0	1271.140532962998	0.0	0	525.5296996584511	1471.1405329630652	1	0	1	1.6588451531925976
233200.0	1000.0	1271.1405329630065	0.0	0	195.39477796159917	1471.1405329630652	1	0	1	1.6588451531925976
234200.0	1000.0	1271.1405329630104	0.0	0	614.3343609573785	1471.1405329630652	1	0	1	1.6588451531925976
235520.31368650275	2000.0	950.8268464602606	0.0	0	0.0	1471.1405329630943	1	0	1	2.0054187434725677
236200.0	1000.0	1271.1405329630034	0.0	0	166.88577128585894	1471.1405329631234	1	0	1	0.9656979726326484
237200.0	1000.0	1271.1405329630315	0.0	0	490.64378832816146	1471.1405329631234	1	0	1	1.6588451531925918
238200.0	1000.0	1271.140532963017	0.0	0	107.10836836829549	1471.1405329631525	1	0	1	1.65884515319259
239200.0	1000.0	1271.1405329630297	0.0	0	395.1873131603643	1471.1405329631525	1	0	1	1.6588451531925892
240200.0	1000.0	1271.1405329630334	0.0	0	96.94076457471238	1471.1405329631234	1	0	1	1.6588451531925907
241200.0	1000.0	1271.140532963015	0.0	0	468.57394563846174	1471.1405329630943	1	0	1	1.658845153192595
242200.0	1000.0	1271.1405329630159	0.0	0	612.5876613622531	1471.1405329630943	1	0	1	1.658845153192595
243200.0	1000.0	1271.1405329630518	0.0	0	549.9688322354632	1471.1405329630943	1	0	1	1.658845153192595
244200.0	1000.0	1271.1405329630213	0.0	0	406.94072030548705	1471.1405329630943	1	0	1	1.658845153192595
245200.0	1000.0	1271.1405329630009	0.0	0	535.4730984407652	1471.1405329630652	1	0	1	1.6588451531925976
246200.0	2000.0	1271.1405329629786	0.0	0	150.90265038679354	1471.140532963036	1	0	1	2.0054187434725734
247200.0	2000.0	1271.140532962949	0.0	0	164.23963969232864	1471.1405329630652	1	0	1	2.6985659240325157
248200.0	2000.0	1271.1405329629597	0.0	0	56.59072117350297	1471.1405329630943	1	0	1	2.6985659240325135
249200.0	2000.0	1271.1405329629663	0.0	0	159.82943474734202	1471.1405329630943	1	0	1	2.6985659240325126
250200.0	2000.0	1271.140532962986	0.0	0	275.74555474944646	1471.1405329630943	1	0	1	2.6985659240325126
251200.0	2000.0	1271.1405329629742	0.0	0	248.12773135775933	1471.1405329630943	1	0	1	2.6985659240325126
252252.86839480087	2000.0	1218.272138162108	0.0	0	0.0	1471.1405329630943	1	0	1	2.6985659240325135
253461.8359964217	2000.0	1009.3045365412613	0.0	0	0.0	1471.1405329630943	1	0	1	2.6985659240325126
254664.55220921326	2000.0	806.5883237496994	0.0	0	0.0	1471.1405329630943	1	0	1	2.6985659240325126
255200.0	1000.0	1271.140532962946	0.0	0	19.844377922912827	1471.1405329630943	1	0	1	0.9656979726326498
256200.0	2000.0	1271.140532962966	0.0	0	27.42578896874329	1471.1405329631234	1	0	1	2.005418743472566
257341.69550076552	2000.0	1129.4450321974364	0.0	0	0.0	1471.1405329631234	1	0	1	2.69856592403251
258965.80326682364	2000.0	505.33726613934243	0.0	0	0.0	1471.1405329631525	1	0	1	2.6985659240325095
259395.80359522413	500.0	1075.3369377388756	0.0	0	0.0	1471.1405329631525	1	0	1	-0.7671699787672195
260200.0	1000.0	1271.140532963007	0.0	0	240.39142123129568	1471.1405329631525	1	0	1	0.9656979726326437
261200.0	1000.0	1271.1405329629704	0.0	0	300.8304265855986	1471.1405329631234	1	0	1	1.6588451531925918
262200.0	1000.0	1271.1405329629592	0.0	0	556.8187111851585	1471.1405329631234	1	0	1	1.6588451531925918
263200.0	1000.0	1271.1405329630327	0.0	0	709.1800116799423	1471.1405329631816	1	0	1	1.6588451531925885
264200.0	1000.0	1271.1405329630002	0.0	0	622.3030933515402	1471.1405329631525	1	0	1	1.6588451531925879
265362.0891818361	2000.0	1109.0513511268655	0.0	0	0.0	1471.1405329631525	1	0	1	2.0054187434725614
266571.6536773875	2000.0	899.4868555755276	0.0	0	0.0	1471.1405329631525	1	0	1	2.698565924032507
267200.0	1000.0	1271.1405329630868	0.0	0	50.9948272028123	1471.1405329631525	1	0	1	0.9656979726326439
268368.2550790133	2000.0	1102.885453949858	0.0	0	0.0	1471.1405329632107	1	0	1	2.005418743472557
269200.0	1000.0	1271.140532963166	0.0	0	514.0211163169588	1471.140532963269	1	0	1	0.9656979726326322
270200.0	2000.0	1271.1405329631987	0.0	0	238.64664752181852	1471.1405329633271	1	0	1	2.005418743472544
271200.0	2000.0	1271.1405329631832	0.0	0	400.66409147990635	1471.1405329633271	1	0	1	2.6985659240324895
272372.05330319953	2000.0	1099.0872297637115	0.0	0	0.0	1471.1405329633853	1	0	1	2.6985659240324837
273596.2575807187	2000.0	874.8829522445503	0.0	0	0.0	1471.1405329633853	1	0	1	2.6985659240324837
274524.64863309375	2000.0	946.4918998695645	0.0	0	0.0	1471.1405329634435	1	0	1	2.6985659240324775
275429.59305945854	2000.0	1041.547473504791	0.0	0	0.0	1471.1405329633853	1	0	1	2.6985659240324837
276580.2029681526	2000.0	890.9375648107638	0.0	0	0.0	1471.1405329634435	1	0	1	2.6985659240324775
277200.0	1000.0	1271.1405329633365	0.0	0	221.24882030801382	1471.1405329633853	1	0	1	0.965697972632617
278200.0	2000.0	1271.1405329633756	0.0	0	205.10977902595187	1471.1405329633853	1	0	1	2.0054187434725383
279200.0	2000.0	1271.1405329633783	0.0	0	19.589128259627614	1471.1405329633853	1	0	1	2.6985659240324837
280200.0	2000.0	1271.1405329634044	0.0	0	273.4591720738099	1471.1405329634435	1	0	1	2.6985659240324775
281200.0	2000.0	1271.140532963342	0.0	0	262.50126386393094	1471.1405329634435	1	0	1	2.6985659240324775
282200.0	2000.0	1271.140532963338	0.0	0	163.14270125265466	1471.1405329634435	1	0	1	2.6985659240324775
283200.0	2000.0	1271.1405329632921	0.0	0	156.5215836292482	1471.1405329633853	1	0	1	2.69856592403248
284246.2750808562	2000.0	1224.8654521070264	0.0	0	0.0	1471.1405329633853	1	0	1	2.6985659240324837
285224.64713177906	2000.0	1246.4934011841042	0.0	0	0.0	1471.1405329633853	1	0	1	2.6985659240324837
287032.9397229975	2000.0	438.20080996566514	0.0	0	0.0	1471.1405329633853	1	0	1	2.6985659240324837
287230.6105460739	500.0	1240.529986889322	0.0	0	0.0	1471.1405329633853	1	0	1	-0.767169978767243
288200.0	1000.0	1271.140532963144	0.0	0	413.85509537067264	1471.1405329633853	1	0	1	0.9656979726326204
289385.7815570837	2000.0	1085.358975879498	0.0	0	0.0	1471.1405329633853	1	0	1	2.0054187434725383
290200.0	1000.0	1271.1405329632116	0.0	0	140.23291453969432	1471.1405329633853	1	0	1	0.9656979726326206
291200.0	1000.0	1271.1405329632275	0.0	0	583.1233477278729	1471.1405329634435	1	0	1	1.6588451531925599
292200.0	1000.0	1271.140532963236	0.0	0	641.0899795553414	1471.1405329634435	1	0	1	1.6588451531925599
293200.0	1000.0	1271.140532963206	0.0	0	635.076935857418	1471.1405329634435	1	0	1	1.6588451531925599
294200.0	1000.0	1271.140532963209	0.0	0	430.6275807226775	1471.1405329634435	1	0	1	1.6588451531925599
295200.0	1000.0	1271.1405329631832	0.0	0	304.775266984303	1471.1405329634435	1	0	1	1.6588451531925599
296200.0	1000.0	1271.1405329631573	0.0	0	456.48118384566624	1471.1405329634435	1	0	1	1.6588451531925599
297200.0	1000.0	1271.1405329631093	0.0	0	687.7028174628504	1471.1405329634435	1	0	1	1.6588451531925599
298532.27707845706	2000.0	938.8634545060254	0.0	0	0.0	1471.1405329633853	1	0	1	2.0054187434725375
299528.68900557637	1000.0	942.4515273867462	0.0	0	0.0	1471.1405329634435	1	0	1	0.9656979726326147
300505.87181880354	1000.0	965.268714159532	0.0	0	0.0	1471.1405329633853	1	0	1	1.6588451531925656
301320.756741635	1000.0	1150.3837913281322	0.0	0	0.0	1471.1405329633853	1	0	1	1.6588451531925656
302202.97233836656	1000.0	1268.1681945965788	0.0	0	0.0	1471.1405329633853	1	0	1	1.6588451531925656
303200.0	1000.0	1271.1405329631098	0.0	0	509.92058067192556	1471.1405329633853	1	0	1	1.6588451531925656
304200.0	1000.0	1271.1405329630888	0.0	0	258.293881065154	1471.1405329633271	1	0	1	1.6588451531925716
305200.0	1000.0	1271.1405329631127	0.0	0	468.91903952579014	1471.1405329633271	1	0	1	1.6588451531925716
306200.0	1000.0	1271.1405329630704	0.0	0	494.49249200709164	1471.1405329633271	1	0	1	1.6588451531925716
307200.0	1000.0	1271.1405329630713	0.0	0	250.48066625447245	1471.1405329633271	1	0	1	1.6588451531925716
308200.0	1000.0	1271.1405329631355	0.0	0	591.2099745084997	1471.1405329633853	1	0	1	1.6588451531925656
3.13	3.02	1.34	2.05	2.11	1.22	1.47	1.51	1.05	1.05	1.89	2.34	0.83	2.48	1.76	1.81	1.83	1.85	1.9	2.34	2.46	2.76	2.19	1.34	1.54	1.58	1.58	2.51	1.76	1.36	2.0	1.68	2.26	2.63	2.79	2.84	1.56	1.75	2.53	3.1	3.15	2.36	1.69	2.93	2.2	2.72	1.66	2.34	2.63	1.6	1.83	1.61	2.63	1.48	2.84	1.84	1.19	1.81	2.39	1.6	2.76	2.5	2.49	2.61	2.15	2.29	1.53	1.34	2.11	1.31	2.14	2.35	2.44	1.44	2.17	1.89	2.0	1.87	1.19	1.75	1.2	1.89	2.94	1.73	2.06	2.13	2.17	2.75	2.79	3.2	2.22	2.61	2.34	1.63	2.62	1.76	2.17	2.58	1.84	1.53	1.54	1.6	2.31	3.27	2.51	2.69	1.64	2.07	1.66	3.05	3.41	3.12	2.26	1.99	2.41	2.26	1.98	2.39	2.71	2.19	2.49	2.12	2.97	2.29	2.51	1.9	1.99	0.88	2.68	1.91	1.55	1.99	2.28	2.31	2.06	1.37	2.04	3.65	2.19	1.52	1.07	1.42	1.48	1.73	1.62	2.21	1.99	1.51	1.97	2.5	3.13	3.02	1.34	2.05	2.11	1.22	1.47	1.51	1.05	1.05	1.89	2.34	0.83	2.48	1.76	1.81	1.83	1.85	1.9	2.34	2.46	2.76	2.19	1.34	1.54	1.58	1.58	2.51	1.76	1.36	2.0	1.68	2.26	2.63	2.79	2.84	1.56	1.75	2.53	3.1	3.15	2.36	1.69	2.93	2.2	2.72	1.66	2.34	2.63	1.6	1.83	1.61	2.63	1.48	2.84	1.84	1.19	1.81	2.39	1.6	2.76	2.5	2.49	2.61	2.15	2.29	1.53	1.34	2.11	1.31	2.14	2.35	2.44	1.44	2.17	1.89	2.0	1.87	1.19	1.75	1.2	1.89	2.94	1.73	2.06	2.13	2.17	2.75	2.79	3.2	2.22	2.61	2.34	1.63	2.62	1.76	2.17	2.58	1.84	1.53	1.54	1.6	2.31	3.27	2.51	2.69	1.64	2.07	1.66	3.05	3.41	3.12	2.26	1.99	2.41	2.26	1.98	2.39	2.71	2.19	2.49	2.12	2.97	2.29	2.51	1.9	1.99	0.88	2.68	1.91	1.55	1.99	2.28	2.31	2.06	1.37	2.04	3.65	2.19	1.52	1.07	1.42	1.48	1.73	1.62	2.21	1.99	1.51	1.97	2.5	3.13	3.02	1.34	2.05	2.11	1.22	1.47	1.51	1.05	1.05
1.0	2.0	3.0	4.0	5.0	6.0	7.0	8.0	9.0	10.0	11.0	12.0	13.0	14.0	15.0	16.0	17.0	18.0	19.0	20.0	21.0	22.0	23.0	24.0	25.0	26.0	27.0	28.0	29.0	30.0	31.0	32.0	33.0	34.0	35.0	36.0	37.0	38.0	39.0	40.0	41.0	42.0	43.0	44.0	45.0	46.0	47.0	48.0	49.0	50.0	51.0	52.0	53.0	54.0	55.0	56.0	57.0	58.0	59.0	60.0	61.0	62.0	63.0	64.0	65.0	66.0	67.0	68.0	69.0	70.0	71.0	72.0	73.0	74.0	75.0	76.0	77.0	78.0	79.0	80.0	81.0	82.0	83.0	84.0	85.0	86.0	87.0	88.0	89.0	90.0	91.0	92.0	93.0	94.0	95.0	96.0	97.0	98.0	99.0	100.0	101.0	102.0	103.0	104.0	105.0	106.0	107.0	108.0	109.0	110.0	111.0	112.0	113.0	114.0	115.0	116.0	117.0	118.0	119.0	120.0	121.0	122.0	123.0	124.0	125.0	126.0	127.0	128.0	129.0	130.0	131.0	132.0	133.0	134.0	135.0	136.0	137.0	138.0	139.0	140.0	141.0	142.0	143.0	144.0	145.0	146.0	147.0	148.0	149.0	149.0	150.0	151.0	152.0	153.0	154.0	155.0	156.0	157.0	158.0	159.0	160.0	161.0	162.0	163.0	164.0	165.0	166.0	167.0	168.0	169.0	170.0	171.0	172.0	173.0	174.0	175.0	176.0	177.0	178.0	179.0	180.0	181.0	182.0	183.0	184.0	185.0	186.0	187.0	188.0	189.0	190.0	191.0	192.0	193.0	194.0	195.0	196.0	197.0	198.0	199.0	200.0	201.0	202.0	203.0	204.0	205.0	206.0	207.0	208.0	209.0	210.0	211.0	212.0	213.0	214.0	215.0	216.0	217.0	218.0	219.0	220.0	221.0	222.0	223.0	224.0	225.0	226.0	227.0	228.0	229.0	230.0	231.0	232.0	233.0	234.0	235.0	236.0	237.0	238.0	239.0	240.0	241.0	242.0	243.0	244.0	245.0	246.0	247.0	248.0	249.0	250.0	251.0	252.0	253.0	254.0	255.0	256.0	257.0	258.0	259.0	260.0	261.0	262.0	263.0	264.0	265.0	266.0	267.0	268.0	269.0	270.0	271.0	272.0	273.0	274.0	275.0	276.0	277.0	278.0	279.0	280.0	281.0	282.0	283.0	284.0	285.0	286.0	287.0	288.0	289.0	290.0	291.0	292.0	293.0	294.0	295.0	296.0	297.0	298.0	298.0	299.0	300.0	301.0	302.0	303.0	304.0	305.0	306.0	307.0	308.0
2427.243054237094
