2596.3640092935993	300.0	2000.0	116.67871197889166	0	0.0	2596.3640092935993	1	0	1	-0.957644785825293
5200.0	2000.0	296.39999999999964	0.0	0	553.8760431594046	496.39999999999964	1	0	2	0.49496783924445265
6200.0	1000.0	2396.399999999999	0.0	0	647.5107572394863	2596.399999999999	1	0	0	0.4571720259289591
9200.0	3000.0	387.16026790324054	82.50933445749149	0	91.25963632958883	587.1602679032403	1	0	2	1.1985537509185695
10200.0	1000.0	2487.1602679032403	0.0	0	759.7189528124418	2687.1602679032403	1	0	0	0.0426308910304703
13236.53175214414	3000.0	395.5783071174204	44.18451506612007	0	0.0	632.1100592615603	1	0	2	1.424188000947197
14200.0	1000.0	2528.4568840471456	0.0	0	656.7527398358834	2728.4568840471456	1	0	0	0.038490316492350685
18220.22392274039	6000.0	200.0	812.535846333895	0	0.0	1420.2239227403916	1	0	2	-2.8810035039763067
18427.588288977204	500.0	992.635633763189	0.0	0	0.0	1420.2239227403916	1	0	1	-2.0606906064130524
19200.0	2000.0	1220.2239227403938	0.0	0	92.51283959849025	1420.2239227403952	1	0	1	1.3173632239348922
20200.0	3000.0	1220.2239227403932	0.0	0	278.15291599685224	1420.2239227403952	1	0	1	2.9063901391088653
21200.0	3000.0	1220.223922740398	0.0	0	185.69956254651333	1420.2239227403988	1	0	1	3.3118552472170295
22200.0	3000.0	1220.2239227404	0.0	0	331.53021627957423	1420.2239227403988	1	0	1	3.3118552472170295
23200.0	3000.0	1220.2239227403984	0.0	0	305.7467002412668	1420.2239227404025	1	0	1	3.3118552472170286
24200.0	3000.0	1220.2239227403982	0.0	0	171.54987647098824	1420.2239227404025	1	0	1	3.3118552472170286
25200.0	3000.0	1220.2239227403961	0.0	0	166.8182503181597	1420.2239227404025	1	0	1	3.3118552472170286
26200.0	3000.0	1220.2239227403977	0.0	0	180.37209259541487	1420.2239227403988	1	0	1	3.3118552472170295
27200.0	3000.0	1220.2239227404016	0.0	0	479.4792859126246	1420.2239227404025	1	0	1	3.3118552472170286
28200.0	3000.0	1220.2239227404002	0.0	0	51.86825557230259	1420.2239227404061	1	0	1	3.3118552472170286
29200.0	3000.0	1220.2239227403988	0.0	0	86.57149179297994	1420.2239227404061	1	0	1	3.3118552472170286
30200.0	3000.0	1220.2239227403957	0.0	0	186.0791783687455	1420.2239227404061	1	0	1	3.3118552472170286
31202.542833766845	3000.0	1217.681088973547	0.0	0	160.6889687514995	1420.2239227404061	1	0	1	3.3118552472170286
32719.893754802826	3000.0	700.330167937567	0.0	0	0.0	1420.2239227404061	1	0	1	3.3118552472170286
33556.210935635754	2000.0	864.0129871046338	0.0	0	0.0	1420.2239227403988	1	0	1	2.298192476946618
34200.0	2000.0	1220.2239227403845	0.0	0	40.58371935877949	1420.2239227403988	1	0	1	2.7036575850547817
35200.0	2000.0	1220.2239227403888	0.0	0	383.0394098950055	1420.2239227403988	1	0	1	2.703657585054782
36200.0	2000.0	1220.223922740386	0.0	0	287.7529971809636	1420.2239227403988	1	0	1	2.703657585054782
37200.0	2000.0	1220.223922740384	0.0	0	415.8668958952112	1420.2239227403988	1	0	1	2.703657585054782
38200.0	2000.0	1220.223922740378	0.0	0	503.82586064239877	1420.2239227403988	1	0	1	2.703657585054782
39200.0	2000.0	1220.223922740378	0.0	0	330.87601575355075	1420.2239227403988	1	0	1	2.703657585054782
40200.0	3000.0	1220.2239227403852	0.0	0	250.4227930546549	1420.2239227403988	1	0	1	2.906390139108865
41200.0	3000.0	1220.2239227403845	0.0	0	241.65306775466888	1420.2239227403988	1	0	1	3.3118552472170295
42200.0	3000.0	1220.2239227403827	0.0	0	412.6260550432853	1420.2239227403988	1	0	1	3.3118552472170295
43200.0	3000.0	1220.2239227403907	0.0	0	172.78619585357228	1420.2239227403988	1	0	1	3.3118552472170295
44200.0	3000.0	1220.223922740393	0.0	0	321.84846507708426	1420.2239227403988	1	0	1	3.3118552472170295
45200.0	3000.0	1220.2239227403938	0.0	0	155.77207743817416	1420.2239227404061	1	0	1	3.3118552472170286
46200.0	3000.0	1220.223922740397	0.0	0	217.94761155008018	1420.2239227404061	1	0	1	3.3118552472170286
47301.51138236236	3000.0	1118.7125403780392	0.0	0	0.0	1420.2239227404061	1	0	1	3.3118552472170286
48505.16713286705	3000.0	915.0567898733448	0.0	0	0.0	1420.2239227404061	1	0	1	3.3118552472170286
49200.0	2000.0	1220.2239227403852	0.0	0	150.73092470673146	1420.2239227403988	1	0	1	2.2981924769466175
50538.46672654538	3000.0	881.7571961950092	0.0	0	0.0	1420.2239227403988	1	0	1	2.906390139108865
51317.93416252134	2000.0	1102.289760219059	0.0	0	0.0	1420.2239227403988	1	0	1	2.2981924769466175
52200.0	2000.0	1220.223922740392	0.0	0	204.49421860942675	1420.2239227403988	1	0	1	2.703657585054782
53614.54541644764	3000.0	805.6785062927547	0.0	0	0.0	1420.2239227403988	1	0	1	2.906390139108865
54664.00834143426	2000.0	756.2155813061327	0.0	0	0.0	1420.2239227403988	1	0	1	2.2981924769466175
55200.0	1000.0	1220.2239227403943	0.0	0	127.66752896295657	1420.2239227404061	1	0	1	0.9707896336549184
56200.0	2000.0	1220.2239227403916	0.0	0	411.9312365552105	1420.2239227404061	1	0	1	2.0105104044948368
57238.56437985545	3000.0	1181.6595428849407	0.0	0	0.0	1420.2239227404134	1	0	1	2.906390139108863
58358.26949502144	3000.0	1061.954427718943	0.0	0	0.0	1420.2239227404207	1	0	1	3.311855247217027
59200.0	2000.0	1220.2239227403886	0.0	0	22.388025970576564	1420.2239227404134	1	0	1	2.2981924769466158
60492.23229764171	3000.0	927.9916250986805	0.0	0	0.0	1420.2239227404061	1	0	1	2.906390139108864
61200.0	2000.0	1220.2239227403925	0.0	0	168.6640492356455	1420.2239227404061	1	0	1	2.298192476946617
62354.47115220951	3000.0	1065.7527705308858	0.0	0	0.0	1420.2239227404061	1	0	1	2.906390139108864
63243.26994773474	2000.0	1176.9539750056556	0.0	0	0.0	1420.2239227404061	1	0	1	2.298192476946617
64200.0	2000.0	1220.2239227403938	0.0	0	109.72521899930143	1420.2239227404061	1	0	1	2.7036575850547817
65200.0	2000.0	1220.2239227403988	0.0	0	341.7359431398072	1420.2239227404134	1	0	1	2.7036575850547804
66200.0	2000.0	1220.223922740398	0.0	0	409.3133132553339	1420.2239227404207	1	0	1	2.70365758505478
67200.0	2000.0	1220.2239227403877	0.0	0	293.02781227875676	1420.2239227404352	1	0	1	2.7036575850547795
68200.0	3000.0	1220.2239227403766	0.0	0	176.84108261186338	1420.2239227404352	1	0	1	2.906390139108861
69200.0	3000.0	1220.2239227403813	0.0	0	273.90893394681916	1420.2239227404498	1	0	1	3.311855247217024
70200.0	3000.0	1220.2239227403932	0.0	0	392.4913446897117	1420.2239227404498	1	0	1	3.311855247217024
71200.0	3000.0	1220.223922740399	0.0	0	265.5488215353398	1420.2239227404498	1	0	1	3.311855247217024
72503.71077191827	3000.0	916.5131508221438	0.0	0	0.0	1420.2239227404498	1	0	1	3.311855247217024
73507.11556019376	2000.0	913.1083625466292	0.0	0	0.0	1420.2239227404498	1	0	1	2.2981924769466127
74447.54545401946	2000.0	972.678468720947	0.0	0	0.0	1420.2239227404498	1	0	1	2.7036575850547773
75449.80368106789	2000.0	970.4202416724978	0.0	0	0.0	1420.2239227404498	1	0	1	2.7036575850547773
76200.0	2000.0	1220.2239227403807	0.0	0	28.800099016560125	1420.2239227404498	1	0	1	2.7036575850547773
77200.0	2000.0	1220.2239227403745	0.0	0	444.5639198593126	1420.2239227404352	1	0	1	2.7036575850547786
78200.0	2000.0	1220.2239227403736	0.0	0	429.28489252769214	1420.2239227404352	1	0	1	2.7036575850547786
79200.0	2000.0	1220.2239227403825	0.0	0	316.8032368994027	1420.2239227404352	1	0	1	2.7036575850547786
80200.0	2000.0	1220.2239227403727	0.0	0	459.9682507744001	1420.2239227404207	1	0	1	2.70365758505478
81200.0	3000.0	1220.2239227403632	0.0	0	38.36577014387876	1420.2239227404061	1	0	1	2.906390139108864
82200.0	3000.0	1220.223922740351	0.0	0	115.39407184343145	1420.2239227404061	1	0	1	3.3118552472170286
83316.26825026587	3000.0	1103.9556724744753	0.0	0	0.0	1420.2239227403916	1	0	1	3.31185524721703
84566.31922494771	3000.0	853.9046977926307	0.0	0	0.0	1420.2239227403916	1	0	1	3.31185524721703
85200.0	2000.0	1220.2239227403543	0.0	0	111.68742414623557	1420.2239227403916	1	0	1	2.2981924769466184
86366.20561378983	3000.0	1054.0183089505313	0.0	0	0.0	1420.2239227403916	1	0	1	2.9063901391088653
87200.0	2000.0	1220.2239227403436	0.0	0	227.08563623332884	1420.2239227403916	1	0	1	2.2981924769466184
88200.0	2000.0	1220.2239227403422	0.0	0	448.6209317830944	1420.2239227403916	1	0	1	2.703657585054783
89200.0	3000.0	1220.2239227403281	0.0	0	559.3068491110025	1420.2239227403916	1	0	1	2.9063901391088653
90200.0	3000.0	1220.2239227403318	0.0	0	630.1051410806976	1420.2239227403916	1	0	1	3.31185524721703
91200.0	3000.0	1220.2239227403356	0.0	0	391.78849309486395	1420.2239227403916	1	0	1	3.31185524721703
92980.35517966322	3000.0	439.86874307712424	0.0	0	0.0	1420.2239227403916	1	0	1	3.31185524721703
93224.5614533561	1000.0	1195.662469384249	0.0	0	0.0	1420.2239227403916	1	0	1	0.5653245255467554
94200.0	3000.0	1220.223922740349	0.0	0	23.803067689557793	1420.2239227403916	1	0	1	2.2132429585489204
95200.0	3000.0	1220.2239227403545	0.0	0	130.7047687057784	1420.2239227404061	1	0	1	3.3118552472170286
96200.0	3000.0	1220.2239227403522	0.0	0	301.54846342708333	1420.2239227404207	1	0	1	3.311855247217027
97200.0	3000.0	1220.2239227403447	0.0	0	276.1395201236155	1420.2239227404207	1	0	1	3.311855247217027
98200.0	3000.0	1220.223922740333	0.0	0	0.41456678429676685	1420.2239227404207	1	0	1	3.311855247217027
99200.0	3000.0	1220.2239227403247	0.0	0	235.33954509689647	1420.2239227404207	1	0	1	3.311855247217027
100200.0	3000.0	1220.223922740328	0.0	0	156.81435143874842	1420.2239227404352	1	0	1	3.3118552472170255
101200.0	3000.0	1220.2239227403247	0.0	0	208.35322807118064	1420.2239227404352	1	0	1	3.3118552472170255
102200.0	3000.0	1220.223922740316	0.0	0	385.0706507619616	1420.2239227404207	1	0	1	3.311855247217027
103200.0	3000.0	1220.223922740312	0.0	0	183.01846204364847	1420.2239227404207	1	0	1	3.311855247217027
104275.9285295617	3000.0	1144.295393178611	0.0	0	0.0	1420.2239227404207	1	0	1	3.311855247217027
105200.0	3000.0	1220.223922740306	0.0	0	91.61320854903897	1420.2239227404207	1	0	1	3.311855247217027
106200.0	3000.0	1220.2239227402938	0.0	0	369.7340823741688	1420.2239227404207	1	0	1	3.311855247217027
107200.0	3000.0	1220.223922740299	0.0	0	237.74241011214326	1420.2239227404207	1	0	1	3.311855247217027
108277.83048530933	3000.0	1142.3934374309617	0.0	0	0.0	1420.2239227404207	1	0	1	3.311855247217027
109525.85121536613	3000.0	894.3727073741704	0.0	0	0.0	1420.2239227404352	1	0	1	3.3118552472170255
110300.09225015936	3000.0	1120.1316725809447	0.0	0	0.0	1420.2239227404352	1	0	1	3.3118552472170255
111289.50147888335	3000.0	1130.7224438569424	0.0	0	0.0	1420.2239227404352	1	0	1	3.3118552472170255
112323.74011246764	3000.0	1096.4838102726576	0.0	0	0.0	1420.2239227404352	1	0	1	3.3118552472170255
113210.4301435645	3000.0	1209.7937791757872	0.0	0	0.0	1420.2239227404352	1	0	1	3.3118552472170255
114200.0	3000.0	1220.2239227402947	0.0	0	302.5694313072454	1420.2239227404352	1	0	1	3.3118552472170255
115200.0	3000.0	1220.2239227402927	0.0	0	233.38609804361477	1420.2239227404207	1	0	1	3.311855247217027
116200.0	3000.0	1220.2239227403015	0.0	0	69.81808143801754	1420.2239227404207	1	0	1	3.311855247217027
117200.0	3000.0	1220.223922740302	0.0	0	86.73179384309333	1420.2239227404207	1	0	1	3.311855247217027
118210.35326053872	3000.0	1209.8706622015816	0.0	0	0.0	1420.2239227404352	1	0	1	3.3118552472170255
119200.0	3000.0	1220.2239227403102	0.0	0	284.8715626414196	1420.2239227404498	1	0	1	3.311855247217024
120200.0	3000.0	1220.2239227403277	0.0	0	412.58122581327916	1420.2239227404498	1	0	1	3.311855247217024
121291.35743425433	3000.0	1128.8664884859936	0.0	0	0.0	1420.2239227404643	1	0	1	3.3118552472170224
122200.0	3000.0	1220.2239227403163	0.0	0	95.80610968488327	1420.2239227404643	1	0	1	3.3118552472170224
123200.0	3000.0	1220.2239227403154	0.0	0	239.89773393823998	1420.2239227404643	1	0	1	3.3118552472170224
124200.0	3000.0	1220.2239227403281	0.0	0	229.91903045168146	1420.2239227404789	1	0	1	3.3118552472170215
125542.81145632446	3000.0	877.412466415859	0.0	0	0.0	1420.2239227404789	1	0	1	3.3118552472170215
126478.75165036938	2000.0	941.4722723709301	0.0	0	0.0	1420.2239227404789	1	0	1	2.29819247694661
127200.0	2000.0	1220.2239227402972	0.0	0	4.843658071316895	1420.2239227404789	1	0	1	2.7036575850547746
128200.0	3000.0	1220.2239227403088	0.0	0	269.1650696198776	1420.2239227404789	1	0	1	2.906390139108857
129281.84336722102	3000.0	1138.3805555192735	0.0	0	0.0	1420.2239227404934	1	0	1	3.3118552472170197
130200.0	2000.0	1220.2239227403086	0.0	0	405.5018456079997	1420.2239227404934	1	0	1	2.298192476946608
131200.0	3000.0	1220.223922740305	0.0	0	179.12824462392018	1420.2239227404934	1	0	1	2.906390139108855
132200.0	3000.0	1220.2239227402915	0.0	0	514.9908749304013	1420.2239227404934	1	0	1	3.3118552472170193
133200.0	3000.0	1220.223922740287	0.0	0	95.05946607081569	1420.2239227404934	1	0	1	3.3118552472170197
134200.0	3000.0	1220.2239227403038	0.0	0	12.264264762081439	1420.2239227404934	1	0	1	3.3118552472170197
135200.0	3000.0	1220.2239227402983	0.0	0	334.3451537992514	1420.2239227404643	1	0	1	3.3118552472170224
136208.4445319465	3000.0	1211.779390793799	0.0	0	0.0	1420.2239227404643	1	0	1	3.3118552472170224
137200.0	3000.0	1220.2239227402952	0.0	0	276.49046493825153	1420.2239227404934	1	0	1	3.3118552472170197
138200.0	3000.0	1220.2239227402927	0.0	0	371.58574990404304	1420.2239227405225	1	0	1	3.311855247217017
139594.14540948873	3000.0	826.0785132515964	0.0	0	0.0	1420.2239227405225	1	0	1	3.311855247217017
140200.0	2000.0	1220.2239227402838	0.0	0	65.00934273286839	1420.2239227404934	1	0	1	2.298192476946607
141200.0	3000.0	1220.2239227402774	0.0	0	310.6131120598293	1420.2239227404934	1	0	1	2.906390139108855
142297.3388596432	3000.0	1122.8850630970608	0.0	0	0.0	1420.2239227405225	1	0	1	3.311855247217017
143545.6270121053	3000.0	874.5969106349498	0.0	0	0.0	1420.2239227405225	1	0	1	3.311855247217017
144383.18201922526	2000.0	1037.0419035150023	0.0	0	0.0	1420.2239227405225	1	0	1	2.2981924769466056
145200.0	2000.0	1220.2239227402858	0.0	0	208.74420687081874	1420.2239227405225	1	0	1	2.70365758505477
146200.0	2000.0	1220.2239227402617	0.0	0	337.1189021220489	1420.2239227404934	1	0	1	2.703657585054773
147200.0	2000.0	1220.2239227402522	0.0	0	507.58014292892767	1420.2239227404934	1	0	1	2.703657585054773
148200.0	2000.0	1220.223922740279	0.0	0	303.482337213296	1420.2239227404934	1	0	1	2.703657585054773
149200.0	2000.0	1220.223922740272	0.0	0	205.65111566259293	1420.2239227404934	1	0	1	2.703657585054773
150200.0	2000.0	1220.2239227402529	0.0	0	353.1160730328411	1420.2239227404934	1	0	1	2.703657585054773
151200.0	3000.0	1220.2239227402624	0.0	0	266.23383171652677	1420.2239227405225	1	0	1	2.9063901391088525
152242.695642072	3000.0	1177.528280668257	0.0	0	0.0	1420.2239227405225	1	0	1	3.311855247217017
153220.64174934602	3000.0	1199.5821733942666	0.0	0	0.0	1420.2239227405225	1	0	1	3.311855247217017
154200.0	3000.0	1220.2239227402802	0.0	0	64.83776576144737	1420.2239227405225	1	0	1	3.311855247217017
155200.0	3000.0	1220.2239227402727	0.0	0	366.66940268842154	1420.2239227404934	1	0	1	3.3118552472170197
156374.0978248226	3000.0	1046.1260979176868	0.0	0	0.0	1420.2239227404934	1	0	1	3.3118552472170197
157260.06934835846	3000.0	1160.1545743817715	0.0	0	0.0	1420.2239227404934	1	0	1	3.3118552472170197
158200.0	3000.0	1220.2239227402335	0.0	0	253.71064666839084	1420.2239227404643	1	0	1	3.3118552472170224
159248.5626424689	3000.0	1171.6612802713387	0.0	0	0.0	1420.2239227404643	1	0	1	3.3118552472170224
160200.0	3000.0	1220.223922740208	0.0	0	193.5127579095133	1420.2239227404352	1	0	1	3.3118552472170255
161257.61575017765	3000.0	1162.6081725625718	0.0	0	0.0	1420.2239227404352	1	0	1	3.3118552472170255
162232.96403895013	3000.0	1187.259883790091	0.0	0	0.0	1420.2239227404352	1	0	1	3.3118552472170255
163200.0	3000.0	1220.2239227402117	0.0	0	51.336608271842124	1420.2239227404352	1	0	1	3.3118552472170255
164200.0	3000.0	1220.2239227401883	0.0	0	247.00902332682745	1420.2239227404352	1	0	1	3.3118552472170255
165200.0	3000.0	1220.223922740164	0.0	0	350.30638304623426	1420.2239227404061	1	0	1	3.3118552472170286
166307.87629589182	3000.0	1112.3476268483648	0.0	0	69.04102631867863	1420.2239227404061	1	0	1	3.3118552472170286
167980.9349285217	3000.0	439.28899421848666	0.0	0	0.0	1420.2239227404061	1	0	1	3.3118552472170286
168235.66252615346	1000.0	1184.5613965867096	0.0	0	0.0	1420.2239227404061	1	0	1	0.5653245255467538
169200.0	3000.0	1220.2239227401922	0.0	0	72.73740080822608	1420.2239227404352	1	0	1	2.2132429585489177
170200.0	3000.0	1220.2239227401942	0.0	0	300.61382729542674	1420.2239227404352	1	0	1	3.3118552472170255
171200.0	3000.0	1220.2239227401994	0.0	0	232.49679207697045	1420.2239227404643	1	0	1	3.3118552472170224
172200.0	3000.0	1220.223922740197	0.0	0	87.65461349199177	1420.2239227404643	1	0	1	3.3118552472170224
173200.0	3000.0	1220.2239227401838	0.0	0	168.16244494833518	1420.2239227404643	1	0	1	3.3118552472170224
174200.0	3000.0	1220.2239227401653	0.0	0	162.735931696865	1420.2239227404643	1	0	1	3.3118552472170224
175239.04507543478	3000.0	1181.1788473053832	0.0	0	0.0	1420.2239227404352	1	0	1	3.3118552472170255
176200.0	3000.0	1220.2239227401428	0.0	0	110.25049103421043	1420.2239227404643	1	0	1	3.3118552472170224
177200.0	3000.0	1220.2239227401153	0.0	0	211.52237254194915	1420.2239227404643	1	0	1	3.3118552472170224
178309.10203915852	3000.0	1111.121883581598	0.0	0	0.0	1420.2239227404352	1	0	1	3.3118552472170246
179200.0	3000.0	1220.2239227401546	0.0	0	234.70445867162198	1420.2239227404643	1	0	1	3.3118552472170224
180218.42536604346	3000.0	1201.798556696681	0.0	0	26.21536905306857	1420.2239227404934	1	0	1	3.3118552472170215
181494.1034865218	3000.0	926.1204362183662	0.0	0	0.0	1420.2239227404934	1	0	1	3.3118552472170197
182238.51906364743	2000.0	1181.7048590927566	0.0	0	0.0	1420.2239227404934	1	0	1	2.298192476946608
183585.1014839537	3000.0	835.1224387864677	0.0	0	0.0	1420.2239227404934	1	0	1	2.906390139108855
184212.9341990081	2000.0	1207.2897237320972	0.0	0	0.0	1420.2239227404643	1	0	1	2.298192476946611
185200.0	2000.0	1220.2239227402242	0.0	0	204.79411093555973	1420.2239227404643	1	0	1	2.7036575850547755
186200.0	2000.0	1220.2239227402015	0.0	0	311.43028436182067	1420.2239227404643	1	0	1	2.7036575850547755
187200.0	2000.0	1220.223922740181	0.0	0	299.46764199458994	1420.2239227404643	1	0	1	2.7036575850547755
188200.0	2000.0	1220.2239227401922	0.0	0	302.08583672362147	1420.2239227404643	1	0	1	2.7036575850547755
189200.0	3000.0	1220.223922740212	0.0	0	221.13516958573018	1420.2239227404643	1	0	1	2.906390139108858
190200.0	3000.0	1220.2239227402054	0.0	0	220.0601376084378	1420.2239227404643	1	0	1	3.3118552472170224
191200.0	3000.0	1220.223922740169	0.0	0	209.84871585905785	1420.2239227404643	1	0	1	3.3118552472170224
192231.7665945562	3000.0	1188.457328183967	0.0	0	0.0	1420.2239227404643	1	0	1	3.3118552472170224
193265.1160755272	3000.0	1155.107847212916	0.0	0	0.0	1420.2239227404352	1	0	1	3.3118552472170246
194200.0	3000.0	1220.2239227401424	0.0	0	157.90903309651185	1420.2239227404352	1	0	1	3.3118552472170255
195200.0	3000.0	1220.2239227401265	0.0	0	157.12831442893366	1420.2239227404061	1	0	1	3.3118552472170286
196200.0	3000.0	1220.223922740117	0.0	0	121.5842996443389	1420.2239227404061	1	0	1	3.3118552472170286
197332.41623259895	3000.0	1087.8076901411705	0.0	0	0.0	1420.2239227404061	1	0	1	3.3118552472170286
198452.189068808	3000.0	968.0348539321367	0.0	0	0.0	1420.2239227404061	1	0	1	3.3118552472170286
199668.25764320462	3000.0	751.9662795355221	0.0	0	0.0	1420.2239227404061	1	0	1	3.3118552472170286
200532.68700849405	2000.0	887.5369142461168	0.0	0	0.0	1420.2239227404352	1	0	1	2.298192476946614
201200.0	2000.0	1220.2239227401592	0.0	0	51.061401962157106	1420.2239227404352	1	0	1	2.7036575850547786
202200.0	3000.0	1220.2239227401733	0.0	0	113.46206153227831	1420.2239227404643	1	0	1	2.906390139108858
203200.0	2000.0	1220.2239227401544	0.0	0	95.08560466725612	1420.2239227404643	1	0	1	2.298192476946611
204200.0	2000.0	1220.2239227401335	0.0	0	177.85989627311938	1420.2239227404934	1	0	1	2.703657585054773
205200.0	2000.0	1220.2239227401362	0.0	0	563.5099371057295	1420.2239227404934	1	0	1	2.703657585054773
206200.0	2000.0	1220.2239227401524	0.0	0	214.35218462429475	1420.2239227404934	1	0	1	2.703657585054773
207200.0	2000.0	1220.2239227401446	0.0	0	75.88585670251632	1420.2239227404643	1	0	1	2.7036575850547737
208200.0	2000.0	1220.2239227401362	0.0	0	165.58018280906253	1420.2239227404643	1	0	1	2.7036575850547755
209200.0	2000.0	1220.2239227401328	0.0	0	58.41919641874847	1420.2239227404643	1	0	1	2.7036575850547755
210200.0	2000.0	1220.2239227401246	0.0	0	566.2897717315354	1420.2239227404643	1	0	1	2.7036575850547755
211200.0	2000.0	1220.2239227401383	0.0	0	108.9837017415266	1420.2239227404643	1	0	1	2.7036575850547755
212200.0	2000.0	1220.223922740118	0.0	0	111.18176704403595	1420.2239227404352	1	0	1	2.703657585054777
213200.0	2000.0	1220.2239227401033	0.0	0	272.04695395898307	1420.2239227404061	1	0	1	2.7036575850547817
214200.0	2000.0	1220.2239227401012	0.0	0	382.55758304405026	1420.2239227404061	1	0	1	2.7036575850547817
215200.0	2000.0	1220.2239227400996	0.0	0	422.6748760661867	1420.2239227404061	1	0	1	2.7036575850547817
216200.0	2000.0	1220.2239227401403	0.0	0	419.6712802174443	1420.2239227404061	1	0	1	2.7036575850547817
217200.0	3000.0	1220.223922740164	0.0	0	211.78484865208156	1420.2239227404061	1	0	1	2.906390139108864
218200.0	3000.0	1220.2239227401367	0.0	0	20.417666232649935	1420.2239227404061	1	0	1	3.3118552472170286
219200.0	3000.0	1220.2239227401578	0.0	0	368.5763708683953	1420.2239227404061	1	0	1	3.3118552472170286
220269.4578823192	3000.0	1150.76604042097	0.0	0	0.0	1420.2239227404061	1	0	1	3.3118552472170286
221285.9855858146	3000.0	1134.238336925561	0.0	0	0.0	1420.2239227404061	1	0	1	3.3118552472170286
222873.88322872506	3000.0	546.3406940151252	0.0	0	0.0	1420.2239227404061	1	0	1	3.3118552472170286
223419.7784584511	1000.0	1000.4454642890735	0.0	0	0.0	1420.2239227404061	1	0	1	0.5653245255467538
224200.0	2000.0	1220.2239227401644	0.0	0	73.24781080315006	1420.2239227404061	1	0	1	2.0105104044948368
225200.0	2000.0	1220.2239227401785	0.0	0	45.998280291620176	1420.2239227404643	1	0	1	2.7036575850547773
226200.0	2000.0	1220.2239227402044	0.0	0	206.01996343620704	1420.2239227404934	1	0	1	2.703657585054773
227200.0	2000.0	1220.2239227401842	0.0	0	375.4300000440853	1420.2239227404934	1	0	1	2.703657585054773
228200.0	2000.0	1220.223922740185	0.0	0	589.5758107487054	1420.2239227404934	1	0	1	2.703657585054773
229200.0	2000.0	1220.2239227401926	0.0	0	449.0340547571832	1420.2239227404934	1	0	1	2.703657585054773
230200.0	3000.0	1220.223922740207	0.0	0	172.99831124319462	1420.2239227405225	1	0	1	2.9063901391088525
231339.46643849747	3000.0	1080.7574842427098	0.0	0	0.0	1420.2239227404934	1	0	1	3.3118552472170197
232200.0	3000.0	1220.2239227401683	0.0	0	1.3204156551801134	1420.2239227404643	1	0	1	3.3118552472170206
233200.0	3000.0	1220.2239227401851	0.0	0	44.79630835179705	1420.2239227404643	1	0	1	3.3118552472170224
234462.81558683453	3000.0	957.4083359056078	0.0	0	0.0	1420.2239227404352	1	0	1	3.3118552472170246
235200.0	2000.0	1220.2239227401499	0.0	0	43.578963785170345	1420.2239227404352	1	0	1	2.298192476946614
236200.0	2000.0	1220.2239227401546	0.0	0	413.05078307993244	1420.2239227404352	1	0	1	2.7036575850547786
237200.0	2000.0	1220.2239227401567	0.0	0	601.641381776979	1420.2239227404352	1	0	1	2.7036575850547786
238200.0	3000.0	1220.2239227401697	0.0	0	370.76070207054727	1420.2239227404352	1	0	1	2.906390139108861
239200.0	3000.0	1220.2239227401396	0.0	0	470.9814185555733	1420.2239227404352	1	0	1	3.3118552472170255
240200.0	3000.0	1220.2239227401406	0.0	0	156.40918036934454	1420.2239227404352	1	0	1	3.3118552472170255
241381.03486210012	3000.0	1039.1890606399922	0.0	0	0.0	1420.2239227404061	1	0	1	3.3118552472170286
242630.68148431438	3000.0	789.5424384257485	0.0	0	0.0	1420.2239227404352	1	0	1	3.3118552472170255
243200.0	2000.0	1220.223922740127	0.0	0	28.25826823024545	1420.2239227404352	1	0	1	2.298192476946614
244200.0	3000.0	1220.2239227401155	0.0	0	392.13371388672385	1420.2239227404061	1	0	1	2.906390139108864
245200.0	3000.0	1220.2239227401142	0.0	0	216.16926802071976	1420.2239227404352	1	0	1	3.3118552472170255
246200.0	3000.0	1220.2239227401133	0.0	0	72.63430379811325	1420.2239227404352	1	0	1	3.3118552472170255
247200.0	3000.0	1220.2239227400917	0.0	0	73.36972684619832	1420.2239227404061	1	0	1	3.3118552472170286
248200.0	3000.0	1220.223922740108	0.0	0	318.574329537485	1420.2239227404061	1	0	1	3.3118552472170286
249200.0	3000.0	1220.2239227400887	0.0	0	344.23872238447075	1420.2239227404061	1	0	1	3.3118552472170286
250200.0	3000.0	1220.2239227401137	0.0	0	351.5686321541725	1420.2239227404061	1	0	1	3.3118552472170286
251200.0	3000.0	1220.2239227401137	0.0	0	445.737311189092	1420.2239227404061	1	0	1	3.3118552472170286
252200.0	3000.0	1220.2239227401185	0.0	0	103.01982806887827	1420.2239227404061	1	0	1	3.3118552472170286
253505.95637804328	3000.0	914.2675446968351	0.0	0	0.0	1420.223922740377	1	0	1	3.3118552472170313
254251.97234916317	3000.0	1168.2515735769412	0.0	0	0.0	1420.2239227404061	1	0	1	3.3118552472170286
255200.0	3000.0	1220.223922740142	0.0	0	271.2820736299327	1420.2239227404061	1	0	1	3.3118552472170286
256200.0	3000.0	1220.2239227401444	0.0	0	221.89953586104093	1420.2239227404061	1	0	1	3.3118552472170286
257227.35592959187	3000.0	1192.8679931482961	0.0	0	99.68168446063646	1420.2239227404061	1	0	1	3.3118552472170286
258581.59228150803	3000.0	838.6316412321419	0.0	0	0.0	1420.223922740377	1	0	1	3.3118552472170313
259219.60191248497	2000.0	1200.6220102551774	0.0	0	0.0	1420.223922740348	1	0	1	2.298192476946622
260212.0447480999	3000.0	1208.1791746402487	0.0	0	16.544232651329366	1420.2239227403188	1	0	1	2.9063901391088707
261279.60093221389	3000.0	1140.6229905262817	0.0	0	0.0	1420.223922740348	1	0	1	3.3118552472170344
262200.0	3000.0	1220.223922740172	0.0	0	55.73486417828826	1420.223922740377	1	0	1	3.311855247217034
263200.0	3000.0	1220.2239227401496	0.0	0	108.90250307932729	1420.223922740348	1	0	1	3.311855247217033
264200.0	3000.0	1220.2239227401158	0.0	0	300.5622025975608	1420.2239227403188	1	0	1	3.3118552472170366
265301.6446706758	3000.0	1118.57925206432	0.0	0	0.0	1420.223922740377	1	0	1	3.3118552472170313
266200.0	3000.0	1220.2239227401515	0.0	0	270.76464803807903	1420.223922740377	1	0	1	3.3118552472170313
267200.0	3000.0	1220.2239227402147	0.0	0	290.1739602841553	1420.223922740377	1	0	1	3.3118552472170313
268200.0	3000.0	1220.2239227402156	0.0	0	94.60665364813758	1420.223922740377	1	0	1	3.3118552472170313
269200.0	3000.0	1220.2239227402265	0.0	0	172.95330344868125	1420.223922740377	1	0	1	3.3118552472170313
270244.99157721526	3000.0	1175.2323455249834	0.0	0	0.0	1420.2239227403188	1	0	1	3.311855247217037
271200.0	3000.0	1220.2239227402533	0.0	0	87.03420797322178	1420.223922740377	1	0	1	3.3118552472170313
272200.0	3000.0	1220.2239227402538	0.0	0	355.33720456197625	1420.223922740377	1	0	1	3.3118552472170313
273200.0	3000.0	1220.2239227402195	0.0	0	399.36483196297195	1420.223922740377	1	0	1	3.3118552472170313
274200.0	3000.0	1220.223922740261	0.0	0	183.40489897644147	1420.2239227404352	1	0	1	3.3118552472170255
275454.5269093328	3000.0	965.6970134075294	0.0	0	0.0	1420.2239227404352	1	0	1	3.3118552472170255
276200.0	2000.0	1220.2239227403263	0.0	0	265.4649664283497	1420.223922740377	1	0	1	2.2981924769466198
277200.0	3000.0	1220.2239227403024	0.0	0	356.68367009889334	1420.223922740377	1	0	1	2.9063901391088667
278223.70209308225	3000.0	1196.5218296580254	0.0	0	0.0	1420.223922740377	1	0	1	3.3118552472170313
279200.0	3000.0	1220.2239227402538	0.0	0	118.48439958906965	1420.223922740377	1	0	1	3.3118552472170313
280200.0	3000.0	1220.2239227402983	0.0	0	143.6785167818307	1420.223922740377	1	0	1	3.3118552472170313
281200.0	3000.0	1220.223922740307	0.0	0	385.3519153370871	1420.223922740377	1	0	1	3.3118552472170313
282200.0	3000.0	1220.2239227402722	0.0	0	285.7206439798465	1420.223922740377	1	0	1	3.3118552472170313
283216.2766508011	3000.0	1203.9472719391533	0.0	0	0.0	1420.223922740377	1	0	1	3.3118552472170313
284200.0	3000.0	1220.2239227403093	0.0	0	360.92025807179743	1420.2239227404352	1	0	1	3.3118552472170255
285200.0	3000.0	1220.2239227402513	0.0	0	148.97591980383731	1420.223922740377	1	0	1	3.3118552472170313
286320.3888666925	3000.0	1099.835056047753	0.0	0	0.0	1420.223922740377	1	0	1	3.3118552472170313
287200.0	3000.0	1220.2239227402	0.0	0	213.25323005992686	1420.2239227403188	1	0	1	3.311855247217037
288378.1293918206	3000.0	1042.094530919647	0.0	0	0.0	1420.2239227403188	1	0	1	3.311855247217037
289200.0	2000.0	1220.2239227402201	0.0	0	95.27640664286446	1420.2239227402606	1	0	1	2.2981924769466318
290200.0	3000.0	1220.223922740268	0.0	0	297.95452723355265	1420.2239227402606	1	0	1	2.9063901391088787
291295.66944723076	3000.0	1124.554475509563	0.0	0	0.0	1420.2239227402606	1	0	1	3.3118552472170433
292234.65457798686	3000.0	1185.569344753441	0.0	0	0.0	1420.2239227402606	1	0	1	3.3118552472170433
293200.0	2000.0	1220.2239227403059	0.0	0	272.711126925773	1420.2239227402606	1	0	1	2.2981924769466318
294200.0	2000.0	1220.2239227403145	0.0	0	39.24050060554873	1420.2239227402024	1	0	1	2.7036575850548017
295200.0	2000.0	1220.2239227402727	0.0	0	390.69115873170085	1420.2239227402024	1	0	1	2.7036575850548017
296200.0	2000.0	1220.2239227402504	0.0	0	163.51471831201343	1420.2239227402024	1	0	1	2.7036575850548017
297200.0	2000.0	1220.2239227402633	0.0	0	503.28282122081146	1420.2239227402024	1	0	1	2.7036575850548017
298200.0	2000.0	1220.223922740235	0.0	0	170.15101172518916	1420.2239227402606	1	0	1	2.7036575850548
299200.0	2000.0	1220.2239227402058	0.0	0	502.0004931061412	1420.2239227402024	1	0	1	2.7036575850547995
300200.0	3000.0	1220.2239227402213	0.0	0	315.8977112498251	1420.2239227402024	1	0	1	2.906390139108884
301200.0	3000.0	1220.2239227402301	0.0	0	98.76086075732019	1420.2239227402024	1	0	1	3.3118552472170486
302200.0	3000.0	1220.2239227402185	0.0	0	24.3105348382378	1420.2239227402606	1	0	1	3.3118552472170433
303259.6380366339	3000.0	1160.5858861063475	0.0	0	0.0	1420.2239227403188	1	0	1	3.311855247217037
304200.0	3000.0	1220.2239227402229	0.0	0	52.164173049503006	1420.2239227403188	1	0	1	3.311855247217037
305200.0	3000.0	1220.2239227402347	0.0	0	185.86692072130973	1420.2239227403188	1	0	1	3.311855247217037
306200.0	3000.0	1220.2239227402456	0.0	0	196.78691617160803	1420.2239227403188	1	0	1	3.311855247217037
307200.0	3000.0	1220.2239227403347	0.0	0	274.2786883573863	1420.2239227403188	1	0	1	3.311855247217037
308200.0	3000.0	1220.2239227403477	0.0	0	255.26287226640852	1420.2239227403188	1	0	1	3.311855247217037
4.58	3.51	3.38	4.41	3.96	3.86	4.54	1.55	3.0	4.6	4.24	3.57	4.04	2.72	3.26	3.72	4.47	4.3	3.32	3.48	4.07	1.95	3.38	2.63	2.88	3.27	2.77	3.41	3.45	3.46	3.21	4.55	3.49	3.21	4.36	4.59	3.13	2.66	4.24	3.1	2.56	3.21	2.97	1.81	2.92	5.11	3.48	2.44	2.78	1.78	4.55	2.64	2.09	2.7	3.97	4.32	3.2	3.52	3.38	4.59	3.36	3.14	2.37	2.34	2.37	2.57	3.0	3.58	4.05	3.54	3.68	3.12	3.06	2.66	3.38	2.25	3.3	4.17	5.76	8.0	5.53	2.85	1.73	3.58	4.0	4.95	4.37	3.74	4.53	5.06	3.96	6.21	4.55	2.63	3.13	4.89	4.02	4.12	1.93	3.99	4.37	2.37	3.28	4.58	3.94	3.48	4.44	3.56	4.45	4.78	3.22	2.7	4.32	4.67	3.29	1.83	3.24	3.51	3.31	3.72	3.81	5.84	4.15	3.74	4.12	3.08	3.15	3.96	3.0	2.68	3.54	3.86	2.68	2.81	2.77	3.09	3.05	3.92	2.29	4.01	3.86	3.85	3.14	3.06	4.38	3.01	4.08	3.63	2.97	4.31	4.58	3.51	3.38	4.41	3.96	3.86	4.54	1.55	3.0	4.6	4.24	3.57	4.04	2.72	3.26	3.72	4.47	4.3	3.32	3.48	4.07	1.95	3.38	2.63	2.88	3.27	2.77	3.41	3.45	3.46	3.21	4.55	3.49	3.21	4.36	4.59	3.13	2.66	4.24	3.1	2.56	3.21	2.97	1.81	2.92	5.11	3.48	2.44	2.78	1.78	4.55	2.64	2.09	2.7	3.97	4.32	3.2	3.52	3.38	4.59	3.36	3.14	2.37	2.34	2.37	2.57	3.0	3.58	4.05	3.54	3.68	3.12	3.06	2.66	3.38	2.25	3.3	4.17	5.76	8.0	5.53	2.85	1.73	3.58	4.0	4.95	4.37	3.74	4.53	5.06	3.96	6.21	4.55	2.63	3.13	4.89	4.02	4.12	1.93	3.99	4.37	2.37	3.28	4.58	3.94	3.48	4.44	3.56	4.45	4.78	3.22	2.7	4.32	4.67	3.29	1.83	3.24	3.51	3.31	3.72	3.81	5.84	4.15	3.74	4.12	3.08	3.15	3.96	3.0	2.68	3.54	3.86	2.68	2.81	2.77	3.09	3.05	3.92	2.29	4.01	3.86	3.85	3.14	3.06	4.38	3.01	4.08	3.63	2.97	4.31	4.58	3.51	3.38	4.41	3.96	3.86	4.54	1.55	3.0	4.6
1.0	2.0	3.0	4.0	5.0	6.0	7.0	8.0	9.0	10.0	11.0	12.0	13.0	14.0	15.0	16.0	17.0	18.0	19.0	20.0	21.0	22.0	23.0	24.0	25.0	26.0	27.0	28.0	29.0	30.0	31.0	32.0	33.0	34.0	35.0	36.0	37.0	38.0	39.0	40.0	41.0	42.0	43.0	44.0	45.0	46.0	47.0	48.0	49.0	50.0	51.0	52.0	53.0	54.0	55.0	56.0	57.0	58.0	59.0	60.0	61.0	62.0	63.0	64.0	65.0	66.0	67.0	68.0	69.0	70.0	71.0	72.0	73.0	74.0	75.0	76.0	77.0	78.0	79.0	80.0	81.0	82.0	83.0	84.0	85.0	86.0	87.0	88.0	89.0	90.0	91.0	92.0	93.0	94.0	95.0	96.0	97.0	98.0	99.0	100.0	101.0	102.0	103.0	104.0	105.0	106.0	107.0	108.0	109.0	110.0	111.0	112.0	113.0	114.0	115.0	116.0	117.0	118.0	119.0	120.0	121.0	122.0	123.0	124.0	125.0	126.0	127.0	128.0	129.0	130.0	131.0	132.0	133.0	134.0	135.0	136.0	137.0	138.0	139.0	140.0	141.0	142.0	143.0	144.0	145.0	146.0	147.0	148.0	149.0	149.0	150.0	151.0	152.0	153.0	154.0	155.0	156.0	157.0	158.0	159.0	160.0	161.0	162.0	163.0	164.0	165.0	166.0	167.0	168.0	169.0	170.0	171.0	172.0	173.0	174.0	175.0	176.0	177.0	178.0	179.0	180.0	181.0	182.0	183.0	184.0	185.0	186.0	187.0	188.0	189.0	190.0	191.0	192.0	193.0	194.0	195.0	196.0	197.0	198.0	199.0	200.0	201.0	202.0	203.0	204.0	205.0	206.0	207.0	208.0	209.0	210.0	211.0	212.0	213.0	214.0	215.0	216.0	217.0	218.0	219.0	220.0	221.0	222.0	223.0	224.0	225.0	226.0	227.0	228.0	229.0	230.0	231.0	232.0	233.0	234.0	235.0	236.0	237.0	238.0	239.0	240.0	241.0	242.0	243.0	244.0	245.0	246.0	247.0	248.0	249.0	250.0	251.0	252.0	253.0	254.0	255.0	256.0	257.0	258.0	259.0	260.0	261.0	262.0	263.0	264.0	265.0	266.0	267.0	268.0	269.0	270.0	271.0	272.0	273.0	274.0	275.0	276.0	277.0	278.0	279.0	280.0	281.0	282.0	283.0	284.0	285.0	286.0	287.0	288.0	289.0	290.0	291.0	292.0	293.0	294.0	295.0	296.0	297.0	298.0	298.0	299.0	300.0	301.0	302.0	303.0	304.0	305.0	306.0	307.0	308.0
2363.322379971042
