2516.089750381149	300.0	2000.0	92.95876022247658	0	0.0	2516.089750381149	1	0	1	-0.8077726032106611
5394.940242653445	6000.0	236.7021604306903	213.66947940861732	0	0.0	631.6424030841354	1	0	2	-0.2510379609718899
6200.0	1000.0	2512.1483788187907	0.0	0	422.55890909991194	2712.1483788187907	1	0	0	-0.6534766073553329
9876.358180783047	6000.0	218.59503881361547	500.40059896015924	0	0.0	1094.953219596664	1	0	2	-1.0134779356052672
10200.0	500.0	2927.317401518357	0.0	0	178.2798861786705	3127.3174015183595	1	0	0	-2.4296619208035266
13200.0	6000.0	827.3174015183577	0.0	0	15.230189063579019	1027.3174015183613	1	0	2	1.3029873175119149
14200.0	3000.0	2927.317401518358	0.0	0	152.71043814993027	3127.3174015183613	1	0	0	2.0512500349429152
17205.72013558041	6000.0	821.0252523799065	0.0	0	0.0	1026.74538796032	1	0	2	3.0951746037989336
18200.0	3000.0	2926.1733744022727	0.0	0	84.90872936427695	3126.173374402275	1	0	0	2.0512173861222847
21596.131294635517	6000.0	412.4129645161409	19.985467466307526	0	0.0	1008.5442591516658	1	0	2	2.977014264530987
22200.0	1000.0	2868.931129688108	0.0	0	412.3138539058127	3068.9311296881133	1	0	0	-0.6895727799084463
25347.621877937116	6000.0	606.547063957279	0.0	0	0.0	954.1689418944006	1	0	2	2.003011371530773
26200.0	2000.0	2839.406754100681	0.0	0	444.5593830104299	3039.406754100688	1	0	0	1.0467974384262864
30511.28969495515	6000.0	200.0	820.9199184999864	0	0.0	1711.2896949551505	1	0	2	-2.29382733664102
30661.510947649484	500.0	1049.778747305666	0.0	0	0.0	1711.2896949551505	1	0	1	-2.0897971836345284
31642.451100791986	3000.0	1068.8385941631575	0.0	0	0.0	1711.2896949551505	1	0	1	1.490989200767499
32294.86510262209	3000.0	1416.4245923330498	0.0	0	0.0	1711.2896949551468	1	0	1	3.2827486699955544
33382.92748892592	3000.0	1328.3622060292205	0.0	0	0.0	1711.2896949551432	1	0	1	3.2827486699955544
34523.47938835465	3000.0	1187.8103066004878	0.0	0	0.0	1711.2896949551432	1	0	1	3.282748669995555
35200.0	3000.0	1511.2896949551425	0.0	0	5.247932197184127	1711.2896949551432	1	0	1	3.282748669995555
36200.0	3000.0	1511.289694955145	0.0	0	228.87808706103533	1711.2896949551432	1	0	1	3.282748669995555
37200.0	3000.0	1511.2896949551407	0.0	0	292.83974144770036	1711.2896949551432	1	0	1	3.282748669995555
38200.0	3000.0	1511.2896949551496	0.0	0	514.5337237608255	1711.2896949551505	1	0	1	3.2827486699955544
39200.0	3000.0	1511.2896949551496	0.0	0	299.9902042866088	1711.2896949551578	1	0	1	3.282748669995554
40200.0	3000.0	1511.2896949551507	0.0	0	87.01173589487007	1711.2896949551578	1	0	1	3.282748669995553
41200.0	3000.0	1511.2896949551516	0.0	0	418.949721934674	1711.2896949551578	1	0	1	3.282748669995553
42233.94450808459	3000.0	1477.345186870558	0.0	0	0.0	1711.2896949551578	1	0	1	3.282748669995553
43665.847445662796	3000.0	1045.4422492923622	0.0	0	0.0	1711.289694955165	1	0	1	3.2827486699955526
44787.54328441287	3000.0	923.7464105422847	0.0	0	0.0	1711.289694955165	1	0	1	3.2827486699955526
45329.36788584289	2000.0	1381.9218091122677	0.0	0	0.0	1711.289694955165	1	0	1	2.269085899725141
46295.48547920636	3000.0	1415.804215748794	0.0	0	0.0	1711.2896949551723	1	0	1	2.877283561887388
47200.0	3000.0	1511.2896949551462	0.0	0	270.4388665819497	1711.2896949551578	1	0	1	3.282748669995553
48200.0	3000.0	1511.2896949551475	0.0	0	162.21321489342517	1711.2896949551432	1	0	1	3.2827486699955544
49200.0	3000.0	1511.2896949551446	0.0	0	367.6499934727399	1711.289694955136	1	0	1	3.2827486699955557
50293.91651444038	3000.0	1417.3731805147622	0.0	0	0.0	1711.289694955136	1	0	1	3.2827486699955557
51200.0	3000.0	1511.2896949551377	0.0	0	67.65995314017346	1711.289694955136	1	0	1	3.2827486699955557
52200.0	3000.0	1511.289694955128	0.0	0	450.81706096369453	1711.289694955136	1	0	1	3.2827486699955557
53200.0	3000.0	1511.2896949551332	0.0	0	112.91216734101181	1711.289694955136	1	0	1	3.2827486699955557
54200.0	3000.0	1511.2896949551393	0.0	0	189.24192935176688	1711.289694955136	1	0	1	3.2827486699955557
55200.0	3000.0	1511.2896949551418	0.0	0	138.00217141173198	1711.289694955136	1	0	1	3.2827486699955557
56200.0	3000.0	1511.2896949551523	0.0	0	142.4846549363865	1711.289694955136	1	0	1	3.2827486699955557
57630.677796898744	3000.0	1080.6118980564006	0.0	0	0.0	1711.2896949551287	1	0	1	3.282748669995556
58514.42538991459	3000.0	1196.8643050405553	0.0	0	0.0	1711.2896949551287	1	0	1	3.282748669995556
59260.26356102287	3000.0	1451.0261339322713	0.0	0	0.0	1711.2896949551214	1	0	1	3.282748669995557
60200.0	3000.0	1511.289694955143	0.0	0	127.78815997768106	1711.2896949551287	1	0	1	3.282748669995556
61200.0	3000.0	1511.28969495514	0.0	0	240.15568859149062	1711.2896949551287	1	0	1	3.282748669995556
62200.0	3000.0	1511.2896949551423	0.0	0	456.45729722218675	1711.2896949551287	1	0	1	3.282748669995556
63220.340366995166	6000.0	1490.9493279599756	0.0	0	0.0	1711.2896949551287	1	0	1	3.6293222602755284
64200.0	3000.0	1511.289694955141	0.0	0	370.66495961461624	1711.2896949551287	1	0	1	2.589601489435611
65200.0	3000.0	1511.2896949551375	0.0	0	257.24208027133136	1711.2896949551287	1	0	1	3.282748669995556
66200.0	3000.0	1511.2896949551587	0.0	0	112.24430446169572	1711.2896949551505	1	0	1	3.2827486699955553
67362.223835737	6000.0	1349.0658592181776	0.0	0	0.0	1711.289694955165	1	0	1	3.6293222602755257
68200.0	3000.0	1511.289694955182	0.0	0	102.60713280363416	1711.289694955165	1	0	1	2.589601489435609
69200.0	3000.0	1511.289694955199	0.0	0	16.31999208657362	1711.289694955165	1	0	1	3.2827486699955526
70200.0	3000.0	1511.2896949552048	0.0	0	91.15984662975825	1711.289694955165	1	0	1	3.2827486699955526
71200.0	3000.0	1511.2896949552166	0.0	0	201.71278081150376	1711.289694955165	1	0	1	3.2827486699955526
72419.70209969363	3000.0	1291.5875952615793	0.0	0	0.0	1711.289694955165	1	0	1	3.2827486699955535
73714.62810529147	3000.0	996.6615896637323	0.0	0	0.0	1711.289694955165	1	0	1	3.2827486699955526
74285.8010214995	2000.0	1425.4886734557067	0.0	0	0.0	1711.289694955165	1	0	1	2.269085899725141
75274.06743023978	3000.0	1437.2222647154424	0.0	0	0.0	1711.289694955165	1	0	1	2.877283561887388
76200.0	3000.0	1511.2896949552344	0.0	0	235.67264508038352	1711.289694955165	1	0	1	3.2827486699955526
77200.0	3000.0	1511.2896949552178	0.0	0	411.0512716444937	1711.2896949551505	1	0	1	3.2827486699955544
78200.0	3000.0	1511.2896949552137	0.0	0	502.4810042350291	1711.289694955165	1	0	1	3.2827486699955526
79200.0	3000.0	1511.2896949552223	0.0	0	540.7309399487567	1711.2896949551796	1	0	1	3.282748669995552
81352.81107287726	6000.0	358.4786220779684	0.0	0	0.0	1711.289694955165	1	0	1	3.6293222602755253
81699.59446234189	1000.0	1011.6952326133296	0.0	0	0.0	1711.289694955165	1	0	1	-0.15692923223466704
82816.22353829621	3000.0	895.0661566590095	0.0	0	0.0	1711.289694955165	1	0	1	2.184136381327443
83724.619807684	3000.0	986.6698872712352	0.0	0	0.0	1711.289694955165	1	0	1	3.2827486699955526
84325.55320099765	3000.0	1385.7364939575878	0.0	0	0.0	1711.289694955165	1	0	1	3.2827486699955526
85200.0	3000.0	1511.2896949552471	0.0	0	110.97991377816652	1711.289694955165	1	0	1	3.2827486699955526
86200.0	3000.0	1511.289694955242	0.0	0	429.47217802578234	1711.289694955165	1	0	1	3.2827486699955526
87200.0	3000.0	1511.289694955242	0.0	0	585.7142179991497	1711.289694955165	1	0	1	3.2827486699955526
88200.0	3000.0	1511.289694955245	0.0	0	447.7670182390575	1711.289694955165	1	0	1	3.2827486699955526
89200.0	3000.0	1511.289694955255	0.0	0	441.9524264181091	1711.2896949551505	1	0	1	3.2827486699955544
90200.0	6000.0	1511.2896949552496	0.0	0	316.38029249450483	1711.2896949551505	1	0	1	3.629322260275527
91200.0	6000.0	1511.2896949552403	0.0	0	174.67709988374554	1711.2896949551505	1	0	1	4.322469440835472
92203.16038499447	6000.0	1508.129309960786	0.0	0	61.33131992853305	1711.2896949551505	1	0	1	4.322469440835472
93976.420405837	6000.0	734.8692891182602	0.0	0	0.0	1711.289694955165	1	0	1	4.322469440835471
94504.68660329963	3000.0	1206.6030916556233	0.0	0	0.0	1711.289694955165	1	0	1	2.5896014894356076
95200.0	3000.0	1511.289694955265	0.0	0	42.72601869828941	1711.289694955165	1	0	1	3.2827486699955526
96200.0	3000.0	1511.289694955266	0.0	0	365.2536978184362	1711.2896949551796	1	0	1	3.2827486699955513
97200.0	3000.0	1511.2896949552717	0.0	0	483.2132056891569	1711.2896949551796	1	0	1	3.2827486699955513
98620.27989058796	6000.0	1091.0098043673136	0.0	0	0.0	1711.2896949551796	1	0	1	3.6293222602755235
99444.38310002301	3000.0	1266.9065949322512	0.0	0	0.0	1711.2896949551796	1	0	1	2.589601489435606
100200.0	3000.0	1511.2896949552644	0.0	0	176.07835597923258	1711.2896949551796	1	0	1	3.2827486699955513
101200.0	3000.0	1511.2896949552648	0.0	0	358.8832299854548	1711.2896949551796	1	0	1	3.2827486699955513
102285.63961741987	6000.0	1425.6500775353957	0.0	0	0.0	1711.2896949551796	1	0	1	3.6293222602755235
103200.0	3000.0	1511.2896949552637	0.0	0	317.0354885925335	1711.2896949551941	1	0	1	2.589601489435605
104576.53569924655	6000.0	1134.7539957087124	0.0	0	0.0	1711.2896949552087	1	0	1	3.629322260275521
105340.31918660064	3000.0	1370.9705083546262	0.0	0	0.0	1711.2896949552087	1	0	1	2.589601489435603
106200.0	3000.0	1511.2896949552576	0.0	0	256.7163114360592	1711.2896949552087	1	0	1	3.282748669995548
107200.0	3000.0	1511.2896949552626	0.0	0	435.7701041975379	1711.2896949552087	1	0	1	3.282748669995548
108964.8658344007	6000.0	746.4238605545653	0.0	0	0.0	1711.2896949552087	1	0	1	3.629322260275521
109324.86725971343	2000.0	1386.4224352418294	0.0	0	0.0	1711.2896949552087	1	0	1	1.5759387191651917
110200.0	3000.0	1511.289694955266	0.0	0	352.41160270007094	1711.2896949551941	1	0	1	2.8772835618873853
111200.0	3000.0	1511.289694955276	0.0	0	250.79878549001296	1711.2896949551941	1	0	1	3.28274866999555
112200.0	3000.0	1511.2896949552894	0.0	0	86.3708535511687	1711.2896949551941	1	0	1	3.28274866999555
113732.11828368426	6000.0	979.1714112710279	0.0	0	0.0	1711.2896949551941	1	0	1	3.6293222602755226
114523.50555009063	3000.0	1187.7841448646586	0.0	0	0.0	1711.2896949551941	1	0	1	2.589601489435605
115226.92179440161	3000.0	1484.3679005536821	0.0	0	0.0	1711.2896949552087	1	0	1	3.282748669995548
116200.0	3000.0	1511.2896949552994	0.0	0	515.952900408709	1711.2896949552087	1	0	1	3.282748669995548
117200.0	3000.0	1511.2896949552942	0.0	0	352.18589378612523	1711.2896949552087	1	0	1	3.282748669995548
118200.0	3000.0	1511.2896949553055	0.0	0	211.57879966322798	1711.2896949552087	1	0	1	3.282748669995548
119200.0	3000.0	1511.2896949553192	0.0	0	373.88904748717323	1711.2896949552087	1	0	1	3.282748669995548
120490.31591165691	6000.0	1220.9737832983944	0.0	0	0.0	1711.2896949552087	1	0	1	3.629322260275521
121200.0	3000.0	1511.2896949552876	0.0	0	144.490454025683	1711.2896949552087	1	0	1	2.589601489435603
122200.0	6000.0	1511.2896949552774	0.0	0	209.6382985433156	1711.2896949552087	1	0	1	3.629322260275521
123619.03446858532	6000.0	1092.2552263699367	0.0	0	0.0	1711.2896949551941	1	0	1	4.322469440835468
125942.99198778522	6000.0	200.0	431.70229282995433	0	0.0	2142.9919877851644	1	0	1	1.7091553604250924
126254.92458621526	1000.0	888.0674015699573	0.0	0	0.0	2142.9919877851644	1	0	1	-0.20009946151766683
127092.6414914228	3000.0	966.57880584167	0.0	0	0.0	2059.220297264401	1	0	2	1.7473708681237492
127674.6110050195	3000.0	1326.4123408852856	0.0	0	0.0	2001.0233459047158	1	0	2	3.0523029734696605
128317.20571002719	3000.0	1619.5581653768356	0.0	0	0.0	1936.7638754039508	1	0	2	3.058529178634984
129200.0	3000.0	1648.4844464067476	0.0	0	310.21359678964654	1848.48444640667	1	0	2	3.0655636120846603
130200.0	3000.0	1548.4844464067492	0.0	0	642.7605542286474	1748.4844464066846	1	0	2	3.0750291948504005
131696.8859282104	6000.0	901.9099253752821	0.0	0	0.0	1598.7958535856305	1	0	2	3.435033912389671
132563.91072456565	3000.0	1034.8851290200182	0.0	0	0.0	1598.795853585616	1	0	1	2.400850873572562
133368.90692698135	3000.0	1229.8889266043195	0.0	0	0.0	1598.795853585616	1	0	1	3.2939980541325076
134200.0	3000.0	1398.7958535856837	0.0	0	67.70388438971713	1598.795853585616	1	0	1	3.2939980541325076
135200.0	3000.0	1398.7958535856944	0.0	0	392.6880385050026	1598.795853585616	1	0	1	3.2939980541325076
136200.0	3000.0	1398.7958535856603	0.0	0	167.5385585950571	1598.7958535855869	1	0	1	3.293998054132508
138009.69984295603	3000.0	589.096010629622	0.0	0	0.0	1598.7958535855869	1	0	1	3.2939980541325102
138239.96646346888	1000.0	1358.8293901167694	0.0	0	0.0	1598.7958535855578	1	0	1	0.5474673324622387
139200.0	3000.0	1398.7958535856324	0.0	0	16.932415490126004	1598.7958535855869	1	0	1	2.195385765464402
140200.0	3000.0	1398.7958535856174	0.0	0	380.3606605414534	1598.7958535855578	1	0	1	3.293998054132513
141200.0	3000.0	1398.7958535856117	0.0	0	248.6013732146821	1598.7958535855578	1	0	1	3.293998054132513
142200.0	3000.0	1398.795853585612	0.0	0	370.1430000080436	1598.7958535855578	1	0	1	3.293998054132513
143200.0	3000.0	1398.7958535856137	0.0	0	497.42825836123666	1598.7958535855287	1	0	1	3.293998054132514
144200.0	3000.0	1398.795853585596	0.0	0	651.3003441871842	1598.7958535855287	1	0	1	3.2939980541325165
145200.0	3000.0	1398.795853585578	0.0	0	455.94215456047095	1598.7958535855578	1	0	1	3.293998054132513
146200.0	3000.0	1398.7958535855867	0.0	0	405.0763207015989	1598.795853585616	1	0	1	3.29399805413251
147200.0	6000.0	1398.7958535856244	0.0	0	378.8731059988786	1598.7958535855869	1	0	1	3.6405716444124807
148200.0	6000.0	1398.7958535856421	0.0	0	523.2372624979762	1598.7958535855869	1	0	1	4.333718824972427
149200.0	6000.0	1398.795853585611	0.0	0	202.1243927468895	1598.7958535855869	1	0	1	4.333718824972427
150393.84604713283	6000.0	1204.9498064527677	0.0	0	0.0	1598.7958535855578	1	0	1	4.333718824972431
151222.24362616247	6000.0	1376.552227423134	0.0	0	0.0	1598.7958535855578	1	0	1	4.333718824972431
153296.32020330336	6000.0	302.4756502822714	0.0	0	0.0	1598.7958535855578	1	0	1	4.333718824972431
153482.62034523292	1000.0	1116.175508352691	0.0	0	0.0	1598.7958535855578	1	0	1	-0.14567984809770618
154200.0	3000.0	1398.7958535856203	0.0	0	322.904873866064	1598.7958535855578	1	0	1	2.1953857654644033
155200.0	3000.0	1398.795853585641	0.0	0	340.57119622349273	1598.7958535855578	1	0	1	3.293998054132513
156283.0091656609	3000.0	1315.786687924775	0.0	0	0.0	1598.7958535855578	1	0	1	3.293998054132513
157200.0	3000.0	1398.7958535856847	0.0	0	246.9077793355391	1598.7958535855578	1	0	1	3.293998054132513
158200.0	3000.0	1398.7958535856446	0.0	0	395.4617046113417	1598.7958535855578	1	0	1	3.293998054132513
159200.0	3000.0	1398.7958535856674	0.0	0	594.88510931583	1598.7958535855578	1	0	1	3.293998054132513
160200.0	3000.0	1398.7958535856653	0.0	0	81.97929265131825	1598.7958535855578	1	0	1	3.293998054132513
161295.23598383518	3000.0	1303.5598697504847	0.0	0	0.0	1598.7958535855578	1	0	1	3.293998054132513
162200.0	3000.0	1398.7958535856862	0.0	0	62.35168791806791	1598.7958535855578	1	0	1	3.293998054132513
163200.0	3000.0	1398.7958535857017	0.0	0	485.1505201313412	1598.7958535855578	1	0	1	3.293998054132513
164200.0	3000.0	1398.7958535857317	0.0	0	525.0538108370092	1598.7958535855578	1	0	1	3.293998054132513
165200.0	3000.0	1398.7958535857035	0.0	0	52.391392534424085	1598.7958535855578	1	0	1	3.293998054132513
166200.0	3000.0	1398.7958535856967	0.0	0	333.68782499057124	1598.7958535855578	1	0	1	3.293998054132513
167200.0	3000.0	1398.7958535857035	0.0	0	222.37800996834994	1598.7958535855578	1	0	1	3.293998054132513
168200.0	3000.0	1398.7958535856612	0.0	0	32.10552580707008	1598.7958535855287	1	0	1	3.2939980541325165
169200.0	3000.0	1398.7958535856274	0.0	0	256.1147030486318	1598.7958535854996	1	0	1	3.293998054132519
170200.0	3000.0	1398.7958535856183	0.0	0	442.6113476573664	1598.7958535854705	1	0	1	3.293998054132522
171200.0	3000.0	1398.795853585648	0.0	0	121.38212719775038	1598.7958535854705	1	0	1	3.293998054132522
172200.0	3000.0	1398.7958535856517	0.0	0	275.1557355992845	1598.7958535854705	1	0	1	3.293998054132522
173200.0	3000.0	1398.7958535856706	0.0	0	184.89416449461714	1598.7958535854705	1	0	1	3.293998054132522
174200.0	3000.0	1398.795853585679	0.0	0	103.57046945986804	1598.7958535854414	1	0	1	3.2939980541325227
175200.0	3000.0	1398.795853585697	0.0	0	470.4180553369806	1598.7958535854414	1	0	1	3.293998054132525
176200.0	3000.0	1398.7958535856899	0.0	0	492.15875137926196	1598.7958535854414	1	0	1	3.293998054132525
177200.0	3000.0	1398.79585358569	0.0	0	449.5216840367939	1598.7958535854414	1	0	1	3.293998054132525
178200.34047064147	3000.0	1398.4553829442539	0.0	0	0.0	1598.7958535854414	1	0	1	3.293998054132525
179257.54186230115	3000.0	1341.253991284551	0.0	0	0.0	1598.7958535854123	1	0	1	3.293998054132528
180200.0	3000.0	1398.7958535857044	0.0	0	248.7634928736079	1598.7958535854123	1	0	1	3.293998054132528
181200.0	3000.0	1398.795853585723	0.0	0	309.45016794864205	1598.7958535854123	1	0	1	3.293998054132528
182451.32264227603	3000.0	1147.4732113096406	0.0	0	0.0	1598.7958535854123	1	0	1	3.293998054132528
183252.27303791943	2000.0	1346.5228156662872	0.0	0	0.0	1598.7958535854123	1	0	1	2.2803352838621165
184200.0	3000.0	1398.7958535857144	0.0	0	358.33060248507536	1598.7958535854123	1	0	1	2.8885329460243634
185200.0	3000.0	1398.7958535857167	0.0	0	475.7264275744965	1598.7958535854414	1	0	1	3.293998054132525
186200.0	3000.0	1398.7958535857183	0.0	0	534.4359732447774	1598.7958535854705	1	0	1	3.2939980541325244
187200.0	3000.0	1398.7958535857333	0.0	0	399.1082210151071	1598.7958535854705	1	0	1	3.293998054132522
188200.0	3000.0	1398.7958535857485	0.0	0	499.79644992479007	1598.7958535854705	1	0	1	3.293998054132522
189216.61267901096	3000.0	1382.1831745747797	0.0	0	0.0	1598.7958535854705	1	0	1	3.293998054132522
190200.0	3000.0	1398.7958535857194	0.0	0	448.44501373937237	1598.7958535854996	1	0	1	3.2939980541325213
192369.69776096643	6000.0	229.09809261929956	0.0	0	0.0	1598.7958535854996	1	0	1	3.64057164441249
192584.87641428295	500.0	1013.9194393027535	0.0	0	0.0	1598.7958535854996	1	0	1	-1.878547799497564
193308.9321996201	3000.0	1289.8636539656154	0.0	0	0.0	1598.7958535854996	1	0	1	1.502238584904464
194380.2108817445	3000.0	1218.5849718411573	0.0	0	0.0	1598.7958535854996	1	0	1	3.29399805413252
195218.59646975575	3000.0	1380.1993838299284	0.0	0	0.0	1598.7958535854996	1	0	1	3.293998054132519
196200.0	3000.0	1398.7958535856656	0.0	0	87.4702058181283	1598.7958535854996	1	0	1	3.293998054132519
197200.0	3000.0	1398.7958535856646	0.0	0	460.98903115975554	1598.7958535854996	1	0	1	3.293998054132519
198200.0	3000.0	1398.7958535856746	0.0	0	143.28222393858596	1598.7958535854414	1	0	1	3.2939980541325227
199200.0	3000.0	1398.7958535856717	0.0	0	9.367543162603397	1598.7958535854414	1	0	1	3.293998054132525
200200.0	3000.0	1398.7958535856906	0.0	0	381.02877930752584	1598.7958535854414	1	0	1	3.293998054132525
201200.0	3000.0	1398.79585358569	0.0	0	424.9813309577585	1598.7958535854414	1	0	1	3.293998054132525
202200.0	3000.0	1398.7958535856676	0.0	0	423.7298925136565	1598.7958535854414	1	0	1	3.293998054132525
203200.0	3000.0	1398.795853585677	0.0	0	317.36473980010487	1598.7958535854705	1	0	1	3.2939980541325244
204200.0	3000.0	1398.7958535857053	0.0	0	68.48745643612347	1598.7958535855287	1	0	1	3.2939980541325187
205200.0	3000.0	1398.795853585723	0.0	0	345.8496053061972	1598.7958535854996	1	0	1	3.293998054132517
206200.0	3000.0	1398.7958535857042	0.0	0	193.95208983912016	1598.7958535854996	1	0	1	3.293998054132519
207472.35021931666	3000.0	1126.445634269016	0.0	0	0.0	1598.7958535854996	1	0	1	3.293998054132519
208273.00152610452	3000.0	1325.7943274811298	0.0	0	0.0	1598.7958535854705	1	0	1	3.293998054132521
209200.0	3000.0	1398.7958535856135	0.0	0	210.30636765202507	1598.7958535854414	1	0	1	3.293998054132525
210200.0	3000.0	1398.7958535855944	0.0	0	480.8215247284097	1598.7958535854414	1	0	1	3.293998054132525
211200.0	3000.0	1398.7958535856044	0.0	0	362.6863923588826	1598.7958535854414	1	0	1	3.293998054132525
212200.0	3000.0	1398.795853585616	0.0	0	312.41985163776553	1598.7958535854996	1	0	1	3.2939980541325213
213200.0	3000.0	1398.7958535856174	0.0	0	492.74848838328035	1598.7958535854996	1	0	1	3.293998054132519
214200.0	3000.0	1398.7958535856021	0.0	0	312.6430839925015	1598.7958535854996	1	0	1	3.293998054132519
215200.0	3000.0	1398.7958535855705	0.0	0	133.13079434158863	1598.7958535854705	1	0	1	3.293998054132522
216200.0	3000.0	1398.7958535855657	0.0	0	307.3105481241655	1598.7958535854996	1	0	1	3.293998054132519
217395.88059714658	3000.0	1202.9152564389674	0.0	0	0.0	1598.7958535855287	1	0	1	3.2939980541325182
218600.11345922295	3000.0	998.6823943625925	0.0	0	0.0	1598.7958535854996	1	0	1	3.293998054132519
219588.3199985402	3000.0	1010.4758550453514	0.0	0	0.0	1598.7958535854996	1	0	1	3.293998054132519
220306.2542044298	3000.0	1292.5416491557385	0.0	0	0.0	1598.7958535854996	1	0	1	3.293998054132519
221402.01949503447	3000.0	1196.7763585510313	0.0	0	0.0	1598.7958535855287	1	0	1	3.2939980541325182
222586.57212096738	3000.0	1012.2237326180973	0.0	0	0.0	1598.7958535854996	1	0	1	3.2939980541325182
223401.49418577875	3000.0	1197.3016678066997	0.0	0	0.0	1598.7958535854996	1	0	1	3.293998054132519
224425.35118504972	3000.0	1173.4446685357077	0.0	0	0.0	1598.7958535854705	1	0	1	3.293998054132522
225413.14812328242	3000.0	1185.6477303030192	0.0	0	0.0	1598.7958535854996	1	0	1	3.293998054132519
226200.0	3000.0	1398.795853585461	0.0	0	60.03576090777642	1598.7958535854996	1	0	1	3.293998054132519
227200.0	3000.0	1398.7958535854739	0.0	0	532.6125743693847	1598.7958535855287	1	0	1	3.2939980541325187
228200.0	3000.0	1398.7958535854839	0.0	0	437.3120924779214	1598.7958535855287	1	0	1	3.2939980541325165
229200.0	3000.0	1398.795853585529	0.0	0	120.59582414897159	1598.7958535855578	1	0	1	3.2939980541325156
231266.05215348798	6000.0	332.74370009750817	0.0	0	0.0	1598.7958535855287	1	0	1	3.640571644412489
231606.772331631	1000.0	992.0235219545281	0.0	0	0.0	1598.7958535855578	1	0	1	-0.14567984809770618
232295.2571120846	3000.0	1303.5387415009432	0.0	0	0.0	1598.7958535855869	1	0	1	2.195385765464401
233200.0	3000.0	1398.7958535855403	0.0	0	268.6881566272059	1598.795853585616	1	0	1	3.29399805413251
234200.0	3000.0	1398.7958535855612	0.0	0	396.8877127134183	1598.795853585645	1	0	1	3.293998054132505
235200.0	3000.0	1398.7958535855603	0.0	0	506.3338718827581	1598.795853585645	1	0	1	3.293998054132505
236200.0	3000.0	1398.7958535855103	0.0	0	609.4392169957864	1598.795853585616	1	0	1	3.2939980541325053
237200.0	3000.0	1398.7958535855064	0.0	0	264.04203994831187	1598.795853585616	1	0	1	3.2939980541325076
238200.0	3000.0	1398.7958535855223	0.0	0	498.7259431784332	1598.795853585616	1	0	1	3.2939980541325076
239200.0	6000.0	1398.7958535855425	0.0	0	381.01339185558027	1598.795853585645	1	0	1	3.6405716444124776
240200.0	6000.0	1398.7958535855173	0.0	0	219.98225976611138	1598.795853585645	1	0	1	4.333718824972422
241412.0380558097	6000.0	1186.7577977757799	0.0	0	0.0	1598.795853585645	1	0	1	4.333718824972422
242880.84089305095	6000.0	717.9549605344941	0.0	0	0.0	1598.795853585645	1	0	1	4.333718824972422
243422.76120615064	3000.0	1176.034647434816	0.0	0	0.0	1598.795853585645	1	0	1	2.60085087357256
244254.04617597625	3000.0	1344.7496776092178	0.0	0	0.0	1598.795853585645	1	0	1	3.293998054132505
245200.0	3000.0	1398.795853585467	0.0	0	317.5076828020683	1598.795853585616	1	0	1	3.2939980541325053
246200.0	3000.0	1398.7958535854602	0.0	0	476.3762386448507	1598.795853585616	1	0	1	3.2939980541325076
247200.0	3000.0	1398.7958535854507	0.0	0	530.0305591332435	1598.795853585616	1	0	1	3.2939980541325076
248200.0	3000.0	1398.7958535854373	0.0	0	347.00981747111655	1598.7958535855869	1	0	1	3.2939980541325102
249200.0	3000.0	1398.795853585442	0.0	0	282.6997946256306	1598.795853585616	1	0	1	3.2939980541325076
250200.0	3000.0	1398.7958535854261	0.0	0	568.2832134370401	1598.795853585616	1	0	1	3.2939980541325076
251200.0	3000.0	1398.7958535854214	0.0	0	553.533932552149	1598.795853585616	1	0	1	3.2939980541325076
252200.0	3000.0	1398.7958535854361	0.0	0	514.0367791705357	1598.7958535855578	1	0	1	3.293998054132511
253200.0	3000.0	1398.7958535854239	0.0	0	412.34528565310757	1598.7958535855578	1	0	1	3.293998054132513
254200.0	3000.0	1398.7958535854264	0.0	0	205.8135523450328	1598.7958535855869	1	0	1	3.2939980541325102
255200.0	3000.0	1398.7958535854432	0.0	0	164.1285564447171	1598.795853585616	1	0	1	3.2939980541325076
256252.78851510296	6000.0	1346.0073384824966	0.0	0	0.0	1598.795853585645	1	0	1	3.6405716444124776
257200.0	3000.0	1398.795853585463	0.0	0	24.772571169101866	1598.7958535856742	1	0	1	2.600850873572557
258200.0	3000.0	1398.7958535854523	0.0	0	125.54250346659683	1598.7958535856742	1	0	1	3.2939980541325022
259200.0	3000.0	1398.7958535854623	0.0	0	480.44992316144635	1598.7958535857033	1	0	1	3.2939980541324987
260200.0	3000.0	1398.7958535854607	0.0	0	182.17094176303362	1598.7958535857033	1	0	1	3.2939980541324987
261200.0	3000.0	1398.7958535854646	0.0	0	185.31787707362673	1598.7958535857033	1	0	1	3.2939980541324987
262326.5032098634	3000.0	1272.2926437220585	0.0	0	0.0	1598.7958535856742	1	0	1	3.2939980541324996
263200.0	3000.0	1398.7958535853982	0.0	0	75.04105356743094	1598.7958535855869	1	0	1	3.293998054132508
264200.0	3000.0	1398.7958535853804	0.0	0	464.5022921707132	1598.7958535855869	1	0	1	3.293998054132511
265200.0	3000.0	1398.7958535853718	0.0	0	522.5344122636016	1598.7958535855869	1	0	1	3.2939980541325102
266200.0	3000.0	1398.795853585376	0.0	0	590.4565172506263	1598.7958535855869	1	0	1	3.2939980541325102
267200.0	3000.0	1398.795853585404	0.0	0	350.04507872165414	1598.795853585645	1	0	1	3.2939980541325093
268200.0	3000.0	1398.795853585415	0.0	0	544.8190544398385	1598.795853585645	1	0	1	3.293998054132505
269200.0	3000.0	1398.7958535854718	0.0	0	374.9738422858063	1598.7958535857033	1	0	1	3.2939980541325036
270200.0	3000.0	1398.795853585476	0.0	0	502.12723745044786	1598.7958535857615	1	0	1	3.293998054132498
271200.0	6000.0	1398.795853585474	0.0	0	341.25176554580685	1598.7958535857615	1	0	1	3.6405716444124656
272200.0	6000.0	1398.795853585532	0.0	0	103.35974723502295	1598.7958535858197	1	0	1	4.33371882497241
273745.6687406494	6000.0	853.1271129360877	0.0	0	0.0	1598.7958535858197	1	0	1	4.333718824972404
274963.88216870936	3000.0	634.9136848761118	0.0	0	0.0	1598.7958535858197	1	0	1	2.600850873572542
275555.2492132121	2000.0	1043.5466403733594	0.0	0	0.0	1598.795853585878	1	0	1	2.28033528386207
276406.3961621041	3000.0	1192.3996914814118	0.0	0	0.0	1598.795853585878	1	0	1	2.8885329460243168
277200.0	3000.0	1398.7958535855387	0.0	0	344.13090146920877	1598.795853585878	1	0	1	3.2939980541324814
278200.0	3000.0	1398.7958535855525	0.0	0	445.49108067783527	1598.795853585878	1	0	1	3.293998054132486
279200.0	3000.0	1398.7958535855182	0.0	0	616.1225505218608	1598.7958535859361	1	0	1	3.29399805413248
280200.0	3000.0	1398.7958535854877	0.0	0	265.54582333849976	1598.795853585878	1	0	1	3.2939980541324765
282010.38278249564	6000.0	588.4130710898348	0.0	0	0.0	1598.7958535858197	1	0	1	3.64057164441246
282760.68561701983	2000.0	838.1102365656822	0.0	0	0.0	1598.7958535858197	1	0	1	1.5871881033021304
283398.5946088095	3000.0	1200.2012447760303	0.0	0	0.0	1598.7958535858197	1	0	1	2.8885329460243225
284200.0	3000.0	1398.7958535855182	0.0	0	21.826788869628217	1598.7958535857615	1	0	1	3.29399805413249
285219.5010411503	3000.0	1379.2948124352217	0.0	0	52.89540391752962	1598.7958535858197	1	0	1	3.293998054132487
286930.2809322068	3000.0	668.5149213787298	0.0	0	0.0	1598.795853585878	1	0	1	3.2939980541324814
287514.22565500665	2000.0	1084.5701985788517	0.0	0	0.0	1598.795853585878	1	0	1	2.28033528386207
288398.9189246648	3000.0	1199.8769289206775	0.0	0	0.0	1598.795853585878	1	0	1	2.8885329460243168
289200.0	3000.0	1398.7958535854882	0.0	0	240.3607776023564	1598.795853585878	1	0	1	3.2939980541324814
290200.0	3000.0	1398.7958535855764	0.0	0	261.5768746639951	1598.795853585878	1	0	1	3.2939980541324814
291200.0	3000.0	1398.795853585535	0.0	0	249.54781146679306	1598.795853585878	1	0	1	3.2939980541324814
292200.0	3000.0	1398.7958535855587	0.0	0	591.9398675104021	1598.7958535859361	1	0	1	3.2939980541324756
293200.0	3000.0	1398.795853585513	0.0	0	536.0801935551572	1598.7958535859361	1	0	1	3.29399805413248
294200.0	3000.0	1398.7958535854752	0.0	0	330.0773489966523	1598.7958535859361	1	0	1	3.2939980541324756
295200.0	3000.0	1398.7958535854805	0.0	0	491.76905382279074	1598.795853585878	1	0	1	3.2939980541324814
296200.0	6000.0	1398.7958535854711	0.0	0	371.4139785747975	1598.7958535859361	1	0	1	3.640571644412448
297200.0	6000.0	1398.7958535854773	0.0	0	380.8918760687229	1598.7958535859361	1	0	1	4.333718824972393
298200.0	6000.0	1398.7958535854461	0.0	0	293.5669558630325	1598.795853585878	1	0	1	4.333718824972394
299335.72822240065	6000.0	1263.0676311848267	0.0	0	0.0	1598.7958535858197	1	0	1	4.333718824972404
300756.50599336973	6000.0	842.28986021574	0.0	0	0.0	1598.7958535858197	1	0	1	4.333718824972407
301851.32964069844	3000.0	747.4662128870032	0.0	0	0.0	1598.7958535858197	1	0	1	2.600850873572542
302474.893753708	3000.0	1123.9020998774806	0.0	0	0.0	1598.7958535857615	1	0	1	3.2939980541324934
303200.0	3000.0	1398.7958535855194	0.0	0	95.38327829592163	1598.7958535857615	1	0	1	3.2939980541324934
304200.0	3000.0	1398.7958535855378	0.0	0	554.5014421591186	1598.7958535858197	1	0	1	3.293998054132487
305649.2466026854	6000.0	949.5492509001438	0.0	0	0.0	1598.7958535858197	1	0	1	3.64057164441246
306308.2480539756	3000.0	1290.547799610017	0.0	0	0.0	1598.795853585878	1	0	1	2.6008508735725373
307200.0	3000.0	1398.7958535855778	0.0	0	312.00509721704293	1598.7958535859943	1	0	1	3.2939980541324743
308200.0	6000.0	1398.7958535856299	0.0	0	194.81242709007347	1598.7958535859943	1	0	1	3.6405716444124425
309200.0	3000.0	1398.7958535856349	0.0	0	384.9351413374534	1598.7958535859943	1	0	1	2.600850873572525
310200.0	3000.0	1398.7958535855687	0.0	0	77.51472035661573	1598.7958535859943	1	0	1	3.29399805413247
311200.0	3000.0	1398.7958535855867	0.0	0	160.8838190701208	1598.7958535859943	1	0	1	3.29399805413247
312200.0	3000.0	1398.7958535856121	0.0	0	352.8167169125518	1598.7958535859943	1	0	1	3.29399805413247
313200.0	3000.0	1398.795853585632	0.0	0	351.542987529363	1598.7958535860525	1	0	1	3.2939980541324685
314200.0	3000.0	1398.7958535856376	0.0	0	159.1827263496234	1598.7958535860525	1	0	1	3.2939980541324636
5.82	3.94	2.17	4.03	5.46	4.11	5.64	4.65	3.01	5.02	7.49	5.03	2.32	2.72	4.01	3.67	3.34	2.7	4.56	5.13	5.31	6.19	4.78	3.8	5.17	4.18	2.13	3.08	3.26	3.83	3.75	4.89	5.05	3.22	3.6	4.55	4.15	4.19	4.05	4.23	2.9	2.28	4.53	5.18	5.07	4.91	5.69	6.01	5.98	3.05	4.63	3.81	2.63	4.24	4.24	3.63	2.36	2.72	3.96	3.61	4.77	6.75	5.95	3.87	3.6	4.16	3.13	4.85	4.78	5.76	7.15	5.35	7.65	10.2	9.81	5.6	2.46	3.7	4.46	5.63	5.84	5.8	4.85	5.62	5.92	5.76	5.33	6.8	4.03	4.19	4.87	3.5	4.53	5.99	5.13	3.86	3.32	3.02	4.47	5.62	6.08	5.04	6.63	5.17	6.99	9.63	6.97	3.14	3.16	2.77	3.72	5.69	6.09	7.85	6.12	2.79	4.41	3.44	5.21	4.25	1.87	2.24	4.04	4.65	4.19	4.29	6.68	9.09	6.21	5.69	7.63	9.97	7.18	5.0	6.36	3.17	3.28	6.65	6.43	3.06	4.92	6.37	6.2	4.38	2.86	3.87	5.83	4.97	3.39	5.17	5.82	3.94	2.17	4.03	5.46	4.11	5.64	4.65	3.01	5.02	7.49	5.03	2.32	2.72	4.01	3.67	3.34	2.7	4.56	5.13	5.31	6.19	4.78	3.8	5.17	4.18	2.13	3.08	3.26	3.83	3.75	4.89	5.05	3.22	3.6	4.55	4.15	4.19	4.05	4.23	2.9	2.28	4.53	5.18	5.07	4.91	5.69	6.01	5.98	3.05	4.63	3.81	2.63	4.24	4.24	3.63	2.36	2.72	3.96	3.61	4.77	6.75	5.95	3.87	3.6	4.16	3.13	4.85	4.78	5.76	7.15	5.35	7.65	10.2	9.81	5.6	2.46	3.7	4.46	5.63	5.84	5.8	4.85	5.62	5.92	5.76	5.33	6.8	4.03	4.19	4.87	3.5	4.53	5.99	5.13	3.86	3.32	3.02	4.47	5.62	6.08	5.04	6.63	5.17	6.99	9.63	6.97	3.14	3.16	2.77	3.72	5.69	6.09	7.85	6.12	2.79	4.41	3.44	5.21	4.25	1.87	2.24	4.04	4.65	4.19	4.29	6.68	9.09	6.21	5.69	7.63	9.97	7.18	5.0	6.36	3.17	3.28	6.65	6.43	3.06	4.92	6.37	6.2	4.38	2.86	3.87	5.83	4.97	3.39	5.17	5.82	3.94	2.17	4.03	5.46	4.11	5.64	4.65	3.01	5.02	7.49	5.03	2.32	2.72	4.01	3.67
1.0	2.0	3.0	4.0	5.0	6.0	7.0	8.0	9.0	10.0	11.0	12.0	13.0	14.0	15.0	16.0	17.0	18.0	19.0	20.0	21.0	22.0	23.0	24.0	25.0	26.0	27.0	28.0	29.0	30.0	31.0	32.0	33.0	34.0	35.0	36.0	37.0	38.0	39.0	40.0	41.0	42.0	43.0	44.0	45.0	46.0	47.0	48.0	49.0	50.0	51.0	52.0	53.0	54.0	55.0	56.0	57.0	58.0	59.0	60.0	61.0	62.0	63.0	64.0	65.0	66.0	67.0	68.0	69.0	70.0	71.0	72.0	73.0	74.0	75.0	76.0	77.0	78.0	79.0	80.0	81.0	82.0	83.0	84.0	85.0	86.0	87.0	88.0	89.0	90.0	91.0	92.0	93.0	94.0	95.0	96.0	97.0	98.0	99.0	100.0	101.0	102.0	103.0	104.0	105.0	106.0	107.0	108.0	109.0	110.0	111.0	112.0	113.0	114.0	115.0	116.0	117.0	118.0	119.0	120.0	121.0	122.0	123.0	124.0	125.0	126.0	127.0	128.0	129.0	130.0	131.0	132.0	133.0	134.0	135.0	136.0	137.0	138.0	139.0	140.0	141.0	142.0	143.0	144.0	145.0	146.0	147.0	148.0	149.0	149.0	150.0	151.0	152.0	153.0	154.0	155.0	156.0	157.0	158.0	159.0	160.0	161.0	162.0	163.0	164.0	165.0	166.0	167.0	168.0	169.0	170.0	171.0	172.0	173.0	174.0	175.0	176.0	177.0	178.0	179.0	180.0	181.0	182.0	183.0	184.0	185.0	186.0	187.0	188.0	189.0	190.0	191.0	192.0	193.0	194.0	195.0	196.0	197.0	198.0	199.0	200.0	201.0	202.0	203.0	204.0	205.0	206.0	207.0	208.0	209.0	210.0	211.0	212.0	213.0	214.0	215.0	216.0	217.0	218.0	219.0	220.0	221.0	222.0	223.0	224.0	225.0	226.0	227.0	228.0	229.0	230.0	231.0	232.0	233.0	234.0	235.0	236.0	237.0	238.0	239.0	240.0	241.0	242.0	243.0	244.0	245.0	246.0	247.0	248.0	249.0	250.0	251.0	252.0	253.0	254.0	255.0	256.0	257.0	258.0	259.0	260.0	261.0	262.0	263.0	264.0	265.0	266.0	267.0	268.0	269.0	270.0	271.0	272.0	273.0	274.0	275.0	276.0	277.0	278.0	279.0	280.0	281.0	282.0	283.0	284.0	285.0	286.0	287.0	288.0	289.0	290.0	291.0	292.0	293.0	294.0	295.0	296.0	297.0	298.0	298.0	299.0	300.0	301.0	302.0	303.0	304.0	305.0	306.0	307.0	308.0	309.0	310.0	311.0	312.0	313.0	314.0
2356.3451911590087
