2993.7461135606773	300.0	2000.0	86.46531577656997	0	0.0	2993.7461135606773	1	0	1	-0.8168295444827094
5200.0	2000.0	693.6999999999998	0.0	0	392.7915108617044	893.7000000000007	1	0	2	0.45535547165031154
6200.0	2000.0	2793.700000000001	0.0	0	624.7455673103605	2993.700000000002	1	0	0	2.150309977328822
9243.855458424994	6000.0	645.4589957325082	0.0	0	39.664456536793296	889.3144541575039	1	0	2	2.702562407807789
10200.0	2000.0	2784.9289083150024	0.0	0	117.47872302174983	2984.9289083150043	1	0	0	1.0515075794608881
13743.402657479703	6000.0	206.37133131615388	108.35031475347627	0	0.0	949.773988795856	1	0	2	2.0462972334902023
14200.0	500.0	2795.4337230478855	0.0	0	306.1622033666008	2995.433723047887	1	0	0	-2.415726233746978
17319.471312744237	3000.0	564.015279029221	0.0	0	0.0	883.4865917734605	1	0	2	0.970843512182711
18200.0	1000.0	2771.539460499033	0.0	0	610.0918474089267	2971.539460499038	1	0	0	0.014081079174067035
21777.165496782087	6000.0	200.0	148.49325996478552	0	0.0	977.1654967820905	1	0	2	1.1177633004254268
22200.0	500.0	2819.4489471038755	0.0	0	226.30199327640003	3019.4489471038723	1	0	0	-2.4184548353845328
26830.6178685361	6000.0	200.0	1158.3915529871242	0	0.0	2030.617868536101	1	0	2	-5.720990308373323
27106.98527302808	500.0	895.9958550588226	0.0	0	0.0	2002.9811280869035	1	0	2	-2.119761117813191
28180.550717305923	2000.0	715.0738663531953	0.0	0	0.0	1895.6245836591224	1	0	2	1.0676950864350594
28469.33843564981	1000.0	1397.4073761749196	0.0	0	0.0	1866.7458118247305	1	0	2	0.7254827172287308
29656.20220110813	3000.0	1091.8572341707672	0.0	0	0.0	1748.0594352788976	1	0	2	1.9775920221048469
30366.816667530748	2000.0	1310.1813211058898	0.0	0	0.0	1676.997988636631	1	0	2	2.0705760612135453
31381.983401692665	3000.0	1295.014586943971	0.0	0	0.0	1676.9979886366273	1	0	1	2.680712732519242
32200.0	2000.0	1476.9979886366373	0.0	0	212.50708504339127	1676.9979886366236	1	0	1	2.272515070356995
33200.0	3000.0	1476.99798863664	0.0	0	38.18158550446242	1676.9979886366273	1	0	1	2.880712732519242
34200.0	3000.0	1476.997988636641	0.0	0	43.055917052064615	1676.9979886366273	1	0	1	3.2861778406274067
35200.0	3000.0	1476.997988636644	0.0	0	270.71477729751496	1676.9979886366345	1	0	1	3.2861778406274063
36200.0	3000.0	1476.997988636644	0.0	0	234.75972089814604	1676.9979886366345	1	0	1	3.2861778406274054
37610.377365576955	3000.0	1066.6206230596922	0.0	0	0.0	1676.9979886366418	1	0	1	3.286177840627405
38687.25908852502	3000.0	989.7389001116267	0.0	0	0.0	1676.9979886366345	1	0	1	3.2861778406274054
39643.38152707678	2000.0	1033.6164615598607	0.0	0	0.0	1676.9979886366345	1	0	1	2.272515070356994
40952.490700453156	2000.0	724.5072881834926	0.0	0	0.0	1676.9979886366345	1	0	1	2.6779801784651585
41288.143864271464	1000.0	1388.854124365178	0.0	0	0.0	1676.9979886366345	1	0	1	0.9451122270652956
42200.0	2000.0	1476.9979886366448	0.0	0	94.11459152556199	1676.9979886366345	1	0	1	1.9848329979052135
43200.0	3000.0	1476.9979886366436	0.0	0	173.121136363392	1676.9979886366345	1	0	1	2.8807127325192408
44200.0	2000.0	1476.9979886366395	0.0	0	486.52665921235166	1676.9979886366273	1	0	1	2.2725150703569943
45200.0	3000.0	1476.9979886366382	0.0	0	60.15927294559515	1676.9979886366345	1	0	1	2.8807127325192416
46200.0	3000.0	1476.997988636636	0.0	0	328.41749008999614	1676.9979886366418	1	0	1	3.286177840627405
47200.0	3000.0	1476.9979886366416	0.0	0	112.7040895250102	1676.9979886366418	1	0	1	3.286177840627405
48200.0	3000.0	1476.9979886366445	0.0	0	483.9096512299802	1676.9979886366418	1	0	1	3.286177840627405
49200.0	3000.0	1476.997988636635	0.0	0	52.61195902079635	1676.9979886366418	1	0	1	3.286177840627405
50624.251808367786	3000.0	1052.746180268845	0.0	0	0.0	1676.997988636649	1	0	1	3.2861778406274045
51733.040001312256	3000.0	943.9579873243671	0.0	0	0.0	1676.997988636649	1	0	1	3.2861778406274045
52392.914606116596	2000.0	1284.0833825200282	0.0	0	0.0	1676.997988636649	1	0	1	2.272515070356993
53428.01994135889	3000.0	1248.9780472777372	0.0	0	0.0	1676.997988636649	1	0	1	2.88071273251924
54334.78182057903	3000.0	1342.2161680575987	0.0	0	0.0	1676.997988636649	1	0	1	3.2861778406274045
55200.0	3000.0	1476.9979886366302	0.0	0	142.19711135558464	1676.997988636649	1	0	1	3.2861778406274045
56219.10177243762	3000.0	1457.8962161990098	0.0	0	0.0	1676.997988636649	1	0	1	3.2861778406274045
57200.0	3000.0	1476.9979886366407	0.0	0	79.4067395067832	1676.997988636649	1	0	1	3.2861778406274045
58514.465690320474	3000.0	1162.5322983161616	0.0	0	0.0	1676.997988636649	1	0	1	3.2861778406274045
59376.75033744438	3000.0	1300.247651192263	0.0	0	0.0	1676.997988636649	1	0	1	3.2861778406274045
60200.0	3000.0	1476.997988636642	0.0	0	178.89584385111812	1676.9979886366564	1	0	1	3.2861778406274036
61200.0	3000.0	1476.9979886366455	0.0	0	28.569883246971585	1676.9979886366564	1	0	1	3.2861778406274036
62200.0	3000.0	1476.9979886366439	0.0	0	278.96243012828927	1676.9979886366564	1	0	1	3.2861778406274036
63200.0	3000.0	1476.9979886366468	0.0	0	115.40184009906079	1676.9979886366564	1	0	1	3.2861778406274036
64203.62744890547	3000.0	1473.3705397311794	0.0	0	0.0	1676.9979886366564	1	0	1	3.2861778406274036
65458.521342932145	3000.0	1218.4766457045084	0.0	0	0.0	1676.9979886366636	1	0	1	3.2861778406274027
66289.62380938587	3000.0	1387.3741792507797	0.0	0	0.0	1676.9979886366636	1	0	1	3.2861778406274023
67576.06237085152	3000.0	1100.9356177851491	0.0	0	0.0	1676.9979886366782	1	0	1	3.286177840627402
68754.96320504523	3000.0	922.0347835914404	0.0	0	0.0	1676.9979886366782	1	0	1	3.286177840627401
69511.43885902077	2000.0	1165.5591296159112	0.0	0	0.0	1676.9979886366782	1	0	1	2.2725150703569894
70200.0	2000.0	1476.997988636668	0.0	0	15.367274011980044	1676.9979886366636	1	0	1	2.677980178465156
71200.0	3000.0	1476.9979886366625	0.0	0	218.93517656967742	1676.9979886366782	1	0	1	2.880712732519238
72316.11368002143	3000.0	1360.8843086152394	0.0	0	0.0	1676.9979886366782	1	0	1	3.286177840627401
73347.08279212554	3000.0	1329.9151965111357	0.0	0	0.0	1676.9979886366928	1	0	1	3.286177840627401
74506.52633235205	3000.0	1170.471656284634	0.0	0	0.0	1676.9979886367073	1	0	1	3.2861778406273987
75417.93252280891	2000.0	1259.065465827762	0.0	0	0.0	1676.9979886367073	1	0	1	2.2725150703569867
76200.0	3000.0	1476.9979886366814	0.0	0	97.46103754686192	1676.9979886367219	1	0	1	2.8807127325192337
77250.17332227717	3000.0	1426.8246663594934	0.0	0	0.0	1676.9979886367073	1	0	1	3.2861778406273983
78200.0	3000.0	1476.9979886366636	0.0	0	343.1036509339028	1676.9979886367219	1	0	1	3.2861778406273983
79200.0	3000.0	1476.9979886366584	0.0	0	261.39072803592717	1676.9979886367364	1	0	1	3.2861778406273956
80200.0	3000.0	1476.9979886366698	0.0	0	101.46823962136114	1676.997988636751	1	0	1	3.286177840627394
81435.86054026429	3000.0	1241.1374483723896	0.0	0	0.0	1676.9979886367655	1	0	1	3.286177840627393
82676.02964916546	3000.0	1000.968339471214	0.0	0	0.0	1676.9979886367655	1	0	1	3.286177840627393
83665.61808774876	2000.0	1011.3799008879063	0.0	0	0.0	1676.9979886367655	1	0	1	2.272515070356981
84583.89725241344	2000.0	1093.100736223225	0.0	0	0.0	1676.9979886367655	1	0	1	2.6779801784651456
85502.97152694853	2000.0	1174.0264616881336	0.0	0	0.0	1676.9979886367655	1	0	1	2.6779801784651456
86542.03583905991	2000.0	1134.9621495767453	0.0	0	0.0	1676.9979886367655	1	0	1	2.6779801784651456
87227.23730623866	2000.0	1449.7606823979947	0.0	0	0.0	1676.997988636751	1	0	1	2.677980178465147
88305.56102062529	3000.0	1371.4369680113593	0.0	0	0.0	1676.997988636751	1	0	1	2.880712732519229
89437.6745077924	3000.0	1239.323480844251	0.0	0	0.0	1676.997988636751	1	0	1	3.286177840627394
90200.0	2000.0	1476.99798863666	0.0	0	103.44556552311406	1676.9979886367655	1	0	1	2.272515070356981
91200.0	3000.0	1476.9979886366662	0.0	0	321.21885726053733	1676.9979886367655	1	0	1	2.8807127325192283
92248.93795012176	3000.0	1428.0600385149169	0.0	0	0.0	1676.9979886367655	1	0	1	3.286177840627393
93231.34581473331	3000.0	1445.6521739033692	0.0	0	0.0	1676.9979886367655	1	0	1	3.286177840627393
94590.49986082924	3000.0	1086.4981278074488	0.0	0	0.0	1676.9979886367655	1	0	1	3.286177840627393
95327.67966202874	3000.0	1349.3183266079477	0.0	0	0.0	1676.9979886367655	1	0	1	3.286177840627393
96200.0	3000.0	1476.9979886366805	0.0	0	231.35844800554332	1676.99798863678	1	0	1	3.286177840627391
97200.0	3000.0	1476.997988636674	0.0	0	314.4888084374834	1676.9979886367946	1	0	1	3.2861778406273894
98256.49919944249	3000.0	1420.4987891941964	0.0	0	0.0	1676.9979886368092	1	0	1	3.2861778406273885
99403.75879475383	3000.0	1273.2391938828466	0.0	0	0.0	1676.9979886368092	1	0	1	3.2861778406273885
100897.6649224843	3000.0	779.3330661523844	0.0	0	0.0	1676.9979886367946	1	0	1	3.2861778406273894
101753.69001878952	2000.0	923.3079698471558	0.0	0	0.0	1676.9979886367946	1	0	1	2.272515070356978
102413.31944145152	2000.0	1263.6785471851688	0.0	0	0.0	1676.9979886367946	1	0	1	2.6779801784651425
103200.0	2000.0	1476.9979886366773	0.0	0	316.46278128355334	1676.9979886367946	1	0	1	2.6779801784651425
104200.0	3000.0	1476.9979886366643	0.0	0	339.5317005113029	1676.99798863678	1	0	1	2.8807127325192265
105200.0	3000.0	1476.9979886366718	0.0	0	150.97642581968103	1676.99798863678	1	0	1	3.286177840627391
106225.17160914856	3000.0	1451.8263794881234	0.0	0	0.0	1676.9979886367946	1	0	1	3.2861778406273894
107923.32373133884	3000.0	753.6742572978351	0.0	0	0.0	1676.99798863678	1	0	1	3.286177840627391
108257.95664368419	1000.0	1419.0413449524726	0.0	0	0.0	1676.9979886367655	1	0	1	0.5396471189571179
109200.0	3000.0	1476.9979886366546	0.0	0	193.06764333749015	1676.9979886367655	1	0	1	2.187565551959283
110604.37994440329	3000.0	1072.618044233345	0.0	0	0.0	1676.9979886367655	1	0	1	3.286177840627393
111423.92604808601	2000.0	1253.0719405506122	0.0	0	0.0	1676.9979886367655	1	0	1	2.272515070356981
112200.0	2000.0	1476.9979886366173	0.0	0	45.991833155363565	1676.9979886367655	1	0	1	2.6779801784651456
113226.747568532	3000.0	1450.2504201046236	0.0	0	0.0	1676.9979886367655	1	0	1	2.8807127325192283
114200.0	3000.0	1476.9979886366268	0.0	0	62.68481764102762	1676.9979886367655	1	0	1	3.286177840627393
115200.0	3000.0	1476.9979886366361	0.0	0	227.64865126913355	1676.99798863678	1	0	1	3.286177840627391
116206.56445492615	3000.0	1470.433533710489	0.0	0	0.0	1676.99798863678	1	0	1	3.286177840627391
117634.72330488611	3000.0	1042.2746837505147	0.0	0	0.0	1676.9979886367655	1	0	1	3.286177840627393
118222.4081434249	2000.0	1454.5898452117167	0.0	0	0.0	1676.9979886367655	1	0	1	2.272515070356981
119200.0	3000.0	1476.9979886366054	0.0	0	191.64297840514337	1676.9979886367655	1	0	1	2.8807127325192283
120200.0	3000.0	1476.9979886365973	0.0	0	544.1784096688352	1676.9979886367655	1	0	1	3.286177840627393
121200.0	3000.0	1476.9979886366057	0.0	0	483.69140745169716	1676.99798863678	1	0	1	3.286177840627391
122200.0	3000.0	1476.9979886366	0.0	0	428.0012983202905	1676.99798863678	1	0	1	3.286177840627391
123327.83275963317	3000.0	1349.1652290034292	0.0	0	0.0	1676.99798863678	1	0	1	3.286177840627391
124582.48064727831	3000.0	1094.5173413582738	0.0	0	0.0	1676.99798863678	1	0	1	3.286177840627391
125345.0881975124	3000.0	1331.909791124172	0.0	0	0.0	1676.99798863678	1	0	1	3.286177840627391
126381.25801484147	3000.0	1295.7399737951275	0.0	0	0.0	1676.99798863678	1	0	1	3.286177840627391
127200.0	3000.0	1476.9979886365977	0.0	0	304.69375168428815	1676.99798863678	1	0	1	3.286177840627391
128200.0	3000.0	1476.9979886366127	0.0	0	467.91541023192985	1676.99798863678	1	0	1	3.286177840627391
129200.0	3000.0	1476.9979886366098	0.0	0	305.19309393347066	1676.99798863678	1	0	1	3.286177840627391
130200.0	3000.0	1476.9979886366114	0.0	0	269.09334003807453	1676.99798863678	1	0	1	3.286177840627391
131200.0	3000.0	1476.9979886366234	0.0	0	335.50282684470585	1676.9979886367946	1	0	1	3.2861778406273907
132725.61433400947	6000.0	951.38365462717	0.0	0	0.0	1676.9979886368237	1	0	1	3.632751430907361
133855.64349461172	3000.0	821.3544940249352	0.0	0	0.0	1676.9979886368092	1	0	1	2.5930306600674435
134360.93906423057	2000.0	1316.0589244061098	0.0	0	0.0	1676.9979886368092	1	0	1	2.2725150703569765
135200.0	3000.0	1476.997988636665	0.0	0	354.3048360515968	1676.99798863678	1	0	1	2.8807127325192265
136200.0	3000.0	1476.9979886366662	0.0	0	461.70604031157563	1676.997988636751	1	0	1	3.286177840627394
137515.82553812527	3000.0	1161.1724505113832	0.0	0	0.0	1676.99798863678	1	0	1	3.286177840627391
138494.89463765154	3000.0	1182.1033509851484	0.0	0	0.0	1676.99798863678	1	0	1	3.286177840627391
139429.77862941197	3000.0	1247.2193592247104	0.0	0	0.0	1676.9979886368092	1	0	1	3.2861778406273894
140313.8066421099	3000.0	1363.1913465267678	0.0	0	0.0	1676.9979886368092	1	0	1	3.2861778406273885
141200.0	3000.0	1476.997988636645	0.0	0	78.67904492124217	1676.9979886368092	1	0	1	3.2861778406273885
142200.0	3000.0	1476.9979886366164	0.0	0	322.98237207508646	1676.9979886368092	1	0	1	3.2861778406273885
143200.0	3000.0	1476.9979886366345	0.0	0	379.1670019578014	1676.9979886368092	1	0	1	3.2861778406273885
144200.0	3000.0	1476.997988636666	0.0	0	256.00850412927684	1676.9979886368383	1	0	1	3.286177840627386
145592.8849815359	3000.0	1084.113007100783	0.0	0	0.0	1676.9979886368383	1	0	1	3.286177840627386
146795.56863757386	3000.0	881.4293510627922	0.0	0	0.0	1676.9979886368383	1	0	1	3.286177840627386
147643.4001227258	2000.0	1033.5978659108541	0.0	0	0.0	1676.9979886368383	1	0	1	2.2725150703569734
148200.0	2000.0	1476.9979886366636	0.0	0	0.05170470030861907	1676.9979886368383	1	0	1	2.677980178465138
149541.91519045527	3000.0	1135.0827981813911	0.0	0	0.0	1676.9979886368383	1	0	1	2.880712732519221
150200.0	2000.0	1476.997988636672	0.0	0	57.200905387377134	1676.9979886368674	1	0	1	2.2725150703569708
151200.0	3000.0	1476.9979886366443	0.0	0	227.3990786273498	1676.9979886368383	1	0	1	2.880712732519221
152367.3422398144	3000.0	1309.6557488222327	0.0	0	0.0	1676.9979886368383	1	0	1	3.286177840627386
153265.84344612545	3000.0	1411.154542511204	0.0	0	0.0	1676.9979886368383	1	0	1	3.286177840627386
154200.0	3000.0	1476.9979886366516	0.0	0	72.29786346349283	1676.9979886368383	1	0	1	3.286177840627386
155200.0	3000.0	1476.997988636663	0.0	0	255.14680163143203	1676.9979886368383	1	0	1	3.286177840627386
156432.6380302963	3000.0	1244.3599583403407	0.0	0	0.0	1676.9979886368383	1	0	1	3.286177840627386
157623.44736170428	3000.0	1053.5506269323769	0.0	0	0.0	1676.9979886368383	1	0	1	3.286177840627386
158235.78786479434	2000.0	1441.2101238423156	0.0	0	0.0	1676.9979886368383	1	0	1	2.2725150703569734
159200.0	3000.0	1476.9979886366332	0.0	0	135.08468856016407	1676.9979886368092	1	0	1	2.880712732519224
160200.0	3000.0	1476.9979886365995	0.0	0	320.83252849502605	1676.9979886368092	1	0	1	3.2861778406273885
161200.0	3000.0	1476.9979886365688	0.0	0	133.00398560828762	1676.9979886368092	1	0	1	3.2861778406273885
162200.0	3000.0	1476.9979886365545	0.0	0	420.2711305558623	1676.99798863678	1	0	1	3.286177840627391
163200.0	3000.0	1476.9979886365827	0.0	0	216.82938096989528	1676.99798863678	1	0	1	3.286177840627391
164200.0	3000.0	1476.997988636578	0.0	0	126.66607145976741	1676.99798863678	1	0	1	3.286177840627391
165200.0	3000.0	1476.99798863657	0.0	0	426.97406953931204	1676.99798863678	1	0	1	3.286177840627391
166200.0	3000.0	1476.9979886365938	0.0	0	378.18730673525715	1676.9979886368092	1	0	1	3.2861778406273907
168243.55844760017	6000.0	433.4395410364048	0.0	0	0.0	1676.99798863678	1	0	1	3.632751430907362
168606.91947603933	1000.0	1070.078512597217	0.0	0	0.0	1676.99798863678	1	0	1	-0.15350006160282847
169331.40576465524	3000.0	1345.592223981311	0.0	0	0.0	1676.9979886368092	1	0	1	2.1875655519592785
170632.95551644627	3000.0	1044.0424721902523	0.0	0	0.0	1676.9979886368092	1	0	1	3.2861778406273885
171403.08180759373	3000.0	1273.9161810427704	0.0	0	0.0	1676.9979886368092	1	0	1	3.2861778406273885
172278.12832060456	3000.0	1398.869668031966	0.0	0	0.0	1676.9979886368092	1	0	1	3.2861778406273885
173458.36333973779	3000.0	1218.6346488987044	0.0	0	0.0	1676.9979886368092	1	0	1	3.2861778406273885
174356.11014427335	2000.0	1320.8878443631133	0.0	0	0.0	1676.99798863678	1	0	1	2.2725150703569788
175280.98353115065	2000.0	1396.0144574857918	0.0	0	0.0	1676.997988636751	1	0	1	2.677980178465146
176366.07200741343	2000.0	1310.925981223029	0.0	0	0.0	1676.997988636751	1	0	1	2.677980178465147
177756.38335688238	3000.0	920.6146317540911	0.0	0	0.0	1676.997988636751	1	0	1	2.880712732519229
178297.66998187528	2000.0	1379.328006761157	0.0	0	0.0	1676.997988636751	1	0	1	2.2725150703569823
179200.0	2000.0	1476.9979886364406	0.0	0	55.68039914808469	1676.99798863678	1	0	1	2.6779801784651442
180277.88327045325	3000.0	1399.1147181832046	0.0	0	0.0	1676.997988636751	1	0	1	2.880712732519229
181200.0	3000.0	1476.9979886364547	0.0	0	45.366923519497504	1676.997988636751	1	0	1	3.286177840627394
182200.0	3000.0	1476.9979886364663	0.0	0	33.62964905082481	1676.997988636751	1	0	1	3.286177840627394
183200.0	3000.0	1476.9979886364565	0.0	0	71.96771929174429	1676.997988636751	1	0	1	3.286177840627394
184200.0	3000.0	1476.9979886364877	0.0	0	434.6279759714089	1676.997988636751	1	0	1	3.286177840627394
185200.0	3000.0	1476.9979886364897	0.0	0	157.5166486793314	1676.997988636751	1	0	1	3.286177840627394
186324.71727314527	3000.0	1352.2807154912055	0.0	0	0.0	1676.9979886367219	1	0	1	3.2861778406273956
187360.38457779388	3000.0	1316.6134108426222	0.0	0	0.0	1676.9979886367219	1	0	1	3.2861778406273965
189309.18116322422	3000.0	367.81682541230873	0.0	0	0.0	1676.997988636751	1	0	1	3.2861778406273956
189520.2835517613	500.0	1156.714436875268	0.0	0	0.0	1676.997988636751	1	0	1	-1.1932208324427445
190284.85724338662	2000.0	1392.1407452499466	0.0	0	0.0	1676.997988636751	1	0	1	1.2916858173452563
191200.0	2000.0	1476.9979886365684	0.0	0	92.80199275026098	1676.997988636751	1	0	1	2.677980178465147
192200.0	3000.0	1476.997988636579	0.0	0	408.4019024834852	1676.997988636751	1	0	1	2.880712732519227
193200.0	2000.0	1476.997988636575	0.0	0	514.5655833372148	1676.997988636751	1	0	1	2.2725150703569823
194200.0	3000.0	1476.9979886365418	0.0	0	266.84591084157	1676.997988636751	1	0	1	2.880712732519229
195200.0	3000.0	1476.9979886365247	0.0	0	28.58207014054642	1676.997988636751	1	0	1	3.286177840627394
196200.0	3000.0	1476.9979886365281	0.0	0	256.2744451626786	1676.99798863678	1	0	1	3.286177840627391
197200.0	3000.0	1476.9979886365281	0.0	0	195.15550405276008	1676.997988636751	1	0	1	3.2861778406273916
198200.0	3000.0	1476.9979886365152	0.0	0	324.50139336756547	1676.997988636751	1	0	1	3.286177840627394
199724.99515800303	3000.0	952.0028306334931	0.0	0	0.0	1676.9979886367219	1	0	1	3.2861778406273965
200798.80170010714	3000.0	878.1962885293916	0.0	0	0.0	1676.9979886367219	1	0	1	3.2861778406273965
201293.06004874557	2000.0	1383.937939890962	0.0	0	0.0	1676.9979886367219	1	0	1	2.272515070356985
202200.0	3000.0	1476.9979886365277	0.0	0	198.1382221863023	1676.9979886367219	1	0	1	2.880712732519232
203248.48921840315	3000.0	1428.5087702333674	0.0	0	0.0	1676.9979886367219	1	0	1	3.2861778406273965
204200.0	3000.0	1476.9979886365313	0.0	0	11.251304254605202	1676.9979886366928	1	0	1	3.2861778406273983
205200.0	3000.0	1476.9979886365072	0.0	0	355.32855733891483	1676.9979886366636	1	0	1	3.2861778406274005
206623.20334808863	3000.0	1053.7946405478742	0.0	0	0.0	1676.9979886366636	1	0	1	3.2861778406274027
207605.8500283458	3000.0	1071.1479602907207	0.0	0	0.0	1676.9979886366345	1	0	1	3.2861778406274054
208385.21429986722	2000.0	1291.783688769296	0.0	0	0.0	1676.9979886366054	1	0	1	2.272515070356997
209200.0	3000.0	1476.9979886365124	0.0	0	91.42205472456408	1676.9979886366054	1	0	1	2.880712732519244
210200.0	3000.0	1476.9979886364856	0.0	0	242.1463131911005	1676.9979886365763	1	0	1	3.286177840627409
211200.0	3000.0	1476.9979886364868	0.0	0	15.474918568797875	1676.9979886365472	1	0	1	3.2861778406274125
212200.0	3000.0	1476.9979886364977	0.0	0	298.59764299262315	1676.9979886365472	1	0	1	3.2861778406274142
213200.0	3000.0	1476.9979886365118	0.0	0	373.7879297788313	1676.9979886365472	1	0	1	3.2861778406274142
214200.0	3000.0	1476.997988636532	0.0	0	232.35894796071807	1676.9979886365181	1	0	1	3.2861778406274174
215200.0	3000.0	1476.997988636531	0.0	0	197.69208644077298	1676.997988636489	1	0	1	3.28617784062742
216464.34501508457	3000.0	1212.6529735519764	0.0	0	0.0	1676.997988636489	1	0	1	3.28617784062742
217971.7685291608	3000.0	705.229459475734	0.0	0	0.0	1676.997988636489	1	0	1	3.28617784062742
218266.27069150686	1000.0	1410.7272971296854	0.0	0	0.0	1676.9979886365181	1	0	1	0.5396471189571426
219200.0	3000.0	1476.9979886365484	0.0	0	48.8093052393524	1676.9979886365181	1	0	1	2.1875655519593074
220200.0	3000.0	1476.997988636544	0.0	0	436.0822921213403	1676.9979886365181	1	0	1	3.2861778406274174
221349.95683287238	3000.0	1327.0411557641714	0.0	0	0.0	1676.9979886365181	1	0	1	3.2861778406274174
222200.0	3000.0	1476.9979886365795	0.0	0	140.74564587662462	1676.9979886365181	1	0	1	3.2861778406274174
223219.75588024588	3000.0	1457.2421083906656	0.0	0	0.0	1676.9979886365181	1	0	1	3.2861778406274174
224710.1233239319	3000.0	966.8746647046355	0.0	0	0.0	1676.9979886365472	1	0	1	3.2861778406274142
225296.740533551	2000.0	1380.2574550855475	0.0	0	0.0	1676.9979886365472	1	0	1	2.2725150703570027
226200.0	3000.0	1476.9979886365568	0.0	0	5.135855836881092	1676.9979886365472	1	0	1	2.8807127325192496
227200.0	3000.0	1476.997988636541	0.0	0	126.15545063200989	1676.9979886365181	1	0	1	3.286177840627415
228200.0	3000.0	1476.9979886365445	0.0	0	2.7345341765030753	1676.9979886365181	1	0	1	3.2861778406274174
229200.0	3000.0	1476.9979886365659	0.0	0	106.67343748046551	1676.9979886365181	1	0	1	3.2861778406274174
230421.0780977269	3000.0	1255.9198909096624	0.0	0	0.0	1676.9979886365181	1	0	1	3.2861778406274174
231498.92279112388	3000.0	1178.0751975126575	0.0	0	0.0	1676.9979886365181	1	0	1	3.2861778406274174
232817.74983971738	3000.0	859.248148919174	0.0	0	0.0	1676.9979886365472	1	0	1	3.2861778406274142
233543.50664321776	2000.0	1133.4913454188052	0.0	0	0.0	1676.9979886365763	1	0	1	2.272515070357
234407.39519983385	2000.0	1269.6027888027033	0.0	0	0.0	1676.9979886365763	1	0	1	2.6779801784651647
235468.22718167488	3000.0	1208.7708069616644	0.0	0	0.0	1676.9979886366054	1	0	1	2.880712732519244
236534.6917907841	2000.0	1142.3061978524365	0.0	0	0.0	1676.9979886366345	1	0	1	2.272515070356994
237200.0	2000.0	1476.9979886365124	0.0	0	14.039306226652116	1676.9979886366345	1	0	1	2.6779801784651585
238200.0	2000.0	1476.9979886365193	0.0	0	386.37007960127085	1676.9979886366636	1	0	1	2.677980178465158
239200.0	3000.0	1476.9979886365295	0.0	0	74.75940863433061	1676.9979886366636	1	0	1	2.880712732519238
240200.0	3000.0	1476.9979886365547	0.0	0	196.18742676926195	1676.9979886366928	1	0	1	3.2861778406274023
241200.0	3000.0	1476.9979886365518	0.0	0	195.1749285609112	1676.9979886366345	1	0	1	3.2861778406274036
242200.0	3000.0	1476.9979886365477	0.0	0	76.4819785336731	1676.9979886366636	1	0	1	3.2861778406274027
243443.03795190764	3000.0	1233.9600367289097	0.0	0	0.0	1676.9979886366928	1	0	1	3.2861778406274005
244357.4326426649	3000.0	1319.5653459716614	0.0	0	0.0	1676.9979886366928	1	0	1	3.2861778406274
245200.0	3000.0	1476.9979886365522	0.0	0	209.28309704590356	1676.9979886366636	1	0	1	3.2861778406274005
246200.0	3000.0	1476.9979886365404	0.0	0	165.13478299492272	1676.9979886366345	1	0	1	3.2861778406274036
247676.36331663816	3000.0	1000.6346719983749	0.0	0	0.0	1676.9979886366345	1	0	1	3.2861778406274054
248309.58907367708	2000.0	1367.4089149594545	0.0	0	0.0	1676.9979886366345	1	0	1	2.272515070356994
249200.0	3000.0	1476.9979886365575	0.0	0	116.20407315844204	1676.9979886366345	1	0	1	2.8807127325192408
250279.61129524407	3000.0	1397.386693392477	0.0	0	0.0	1676.9979886366345	1	0	1	3.2861778406274054
251461.82717176655	3000.0	1215.170816869998	0.0	0	0.0	1676.9979886366345	1	0	1	3.2861778406274054
252200.0	2000.0	1476.9979886365402	0.0	0	293.7924186490709	1676.9979886366345	1	0	1	2.272515070356994
253200.0	3000.0	1476.9979886365657	0.0	0	9.627848338743206	1676.9979886366636	1	0	1	2.88071273251924
254437.40755951186	3000.0	1239.59042912467	0.0	0	0.0	1676.9979886366345	1	0	1	3.2861778406274054
255922.07380166455	3000.0	754.924186971959	0.0	0	0.0	1676.9979886366345	1	0	1	3.2861778406274054
257016.0411570312	2000.0	660.9568316053383	0.0	0	0.0	1676.9979886366345	1	0	1	2.272515070356994
257387.69830347336	1000.0	1289.2996851631947	0.0	0	0.0	1676.9979886366636	1	0	1	0.9451122270652927
258200.0	2000.0	1476.9979886365588	0.0	0	153.02315424510743	1676.9979886366928	1	0	1	1.98483299790521
259429.79337266507	3000.0	1247.204615971469	0.0	0	0.0	1676.9979886366928	1	0	1	2.8807127325192354
260368.1526692146	2000.0	1308.845319421964	0.0	0	0.0	1676.997988636751	1	0	1	2.2725150703569836
261200.0	2000.0	1476.997988636605	0.0	0	261.98835194588173	1676.997988636751	1	0	1	2.677980178465147
262282.5510263774	3000.0	1394.4469622591673	0.0	0	0.0	1676.9979886367219	1	0	1	2.880712732519232
263256.3815821291	3000.0	1420.6164065075036	0.0	0	0.0	1676.997988636751	1	0	1	3.2861778406273947
264395.5155568639	3000.0	1281.4824317727148	0.0	0	0.0	1676.9979886367219	1	0	1	3.2861778406273947
265583.3120643415	3000.0	1093.6859242951305	0.0	0	0.0	1676.9979886367219	1	0	1	3.2861778406273965
266482.54573972215	2000.0	1194.452248914495	0.0	0	0.0	1676.9979886367219	1	0	1	2.272515070356985
267468.6831721084	3000.0	1208.314816528239	0.0	0	0.0	1676.9979886366636	1	0	1	2.880712732519238
268200.0	3000.0	1476.9979886366432	0.0	0	55.392708021681756	1676.9979886367219	1	0	1	3.2861778406273965
269200.0	3000.0	1476.9979886366812	0.0	0	488.5049235689803	1676.9979886367219	1	0	1	3.2861778406273965
270200.0	3000.0	1476.997988636725	0.0	0	318.1845352855162	1676.99798863678	1	0	1	3.2861778406273956
271200.0	3000.0	1476.997988636722	0.0	0	317.1129648486967	1676.99798863678	1	0	1	3.286177840627391
272200.0	3000.0	1476.9979886366805	0.0	0	177.97446167684393	1676.9979886368383	1	0	1	3.2861778406273903
273200.0	3000.0	1476.997988636641	0.0	0	141.983548324788	1676.9979886368383	1	0	1	3.286177840627386
274292.3323499305	3000.0	1384.66563870616	0.0	0	0.0	1676.9979886368965	1	0	1	3.2861778406273796
275226.9698248631	3000.0	1450.0281637735768	0.0	0	0.0	1676.9979886368965	1	0	1	3.2861778406273796
276200.0	3000.0	1476.997988636736	0.0	0	219.74306229391368	1676.9979886369547	1	0	1	3.2861778406273783
277200.0	3000.0	1476.9979886367412	0.0	0	443.56261368788546	1676.9979886369547	1	0	1	3.286177840627374
278200.0	3000.0	1476.9979886367355	0.0	0	451.97249083797215	1676.9979886369547	1	0	1	3.286177840627374
279200.0	3000.0	1476.997988636703	0.0	0	420.81252984458115	1676.9979886369547	1	0	1	3.286177840627374
280200.0	3000.0	1476.9979886367657	0.0	0	475.9672300017555	1676.9979886369547	1	0	1	3.286177840627374
282410.21397576504	6000.0	266.7840128716831	0.0	0	0.0	1676.9979886369547	1	0	1	3.6327514309073465
282785.55860284116	1000.0	891.4393857955995	0.0	0	0.0	1676.997988637013	1	0	1	-0.15350006160285157
283589.96196397423	3000.0	1087.0360246625073	0.0	0	0.0	1676.997988637071	1	0	1	2.1875655519592527
284200.0	3000.0	1476.9979886367175	0.0	0	37.98026601067977	1676.997988637071	1	0	1	3.2861778406273623
285200.0	3000.0	1476.9979886367737	0.0	0	518.1701559603098	1676.9979886371293	1	0	1	3.286177840627361
286200.0	3000.0	1476.99798863673	0.0	0	34.07613894366659	1676.9979886371293	1	0	1	3.286177840627356
287200.0	3000.0	1476.9979886367357	0.0	0	285.98154416732723	1676.997988637071	1	0	1	3.2861778406273574
288200.0	3000.0	1476.9979886367728	0.0	0	258.72494516236475	1676.997988637071	1	0	1	3.2861778406273623
289225.77474124107	3000.0	1451.2232473956763	0.0	0	0.0	1676.997988637071	1	0	1	3.2861778406273623
290200.0	3000.0	1476.9979886367219	0.0	0	6.909765398828313	1676.997988637013	1	0	1	3.2861778406273645
291200.0	3000.0	1476.9979886367205	0.0	0	127.90550977620296	1676.997988637071	1	0	1	3.2861778406273623
292200.0	3000.0	1476.997988636803	0.0	0	588.0044066255214	1676.9979886371293	1	0	1	3.286177840627361
293203.9323673163	3000.0	1473.0656213205384	0.0	0	7.277170518995263	1676.9979886371293	1	0	1	3.286177840627356
294265.6646874729	3000.0	1411.3333011639068	0.0	0	0.0	1676.9979886371875	1	0	1	3.2861778406273543
295673.45979349565	3000.0	1003.5381951411607	0.0	0	0.0	1676.9979886372457	1	0	1	3.2861778406273445
297094.5806996273	3000.0	582.417289009561	0.0	0	0.0	1676.9979886372457	1	0	1	3.2861778406273445
297536.9769630263	1000.0	1140.0210256106238	0.0	0	0.0	1676.9979886372457	1	0	1	0.5396471189570698
298401.7528908299	2000.0	1275.2450978069212	0.0	0	0.0	1676.9979886371875	1	0	1	1.9848329979051584
299200.0	2000.0	1476.9979886368437	0.0	0	228.72864675393794	1676.9979886371875	1	0	1	2.677980178465104
300200.0	3000.0	1476.9979886368496	0.0	0	147.09456412150757	1676.9979886371875	1	0	1	2.880712732519186
301200.0	3000.0	1476.9979886367958	0.0	0	4.361443210218567	1676.9979886371875	1	0	1	3.2861778406273507
302200.0	3000.0	1476.9979886367869	0.0	0	158.94195188808953	1676.9979886371875	1	0	1	3.2861778406273507
303355.67441712465	3000.0	1321.3235715120784	0.0	0	0.0	1676.9979886371293	1	0	1	3.286177840627354
304263.3626978171	3000.0	1413.6352908196286	0.0	0	0.0	1676.9979886371293	1	0	1	3.286177840627356
305200.0	3000.0	1476.9979886366916	0.0	0	176.84646172600333	1676.997988637071	1	0	1	3.2861778406273623
306562.8442028713	3000.0	1114.1537857654018	0.0	0	0.0	1676.997988637071	1	0	1	3.2861778406273623
307387.48768641124	2000.0	1289.5103022255007	0.0	0	0.0	1676.997988637013	1	0	1	2.272515070356956
308250.585718081	3000.0	1426.41227055581	0.0	0	0.0	1676.997988637013	1	0	1	2.8807127325192035
309244.324388661	3000.0	1432.673599975715	0.0	0	0.0	1676.9979886369547	1	0	1	3.286177840627374
310200.0	3000.0	1476.9979886367607	0.0	0	225.42297244613292	1676.9979886369547	1	0	1	3.286177840627374
311200.0	3000.0	1476.9979886367787	0.0	0	284.7647981912014	1676.9979886369547	1	0	1	3.286177840627374
312200.0	3000.0	1476.9979886367187	0.0	0	473.10548112512333	1676.9979886369547	1	0	1	3.286177840627374
4.62	4.29	6.31	2.63	2.84	3.6	2.98	3.3	3.31	2.83	2.69	2.37	2.98	1.82	3.1	3.23	3.05	3.5	3.81	3.87	4.24	4.02	2.63	2.58	2.39	1.73	2.25	2.98	5.36	3.29	3.6	3.87	3.68	4.6	3.88	2.27	3.16	3.36	3.6	3.85	3.7	4.1	3.0	2.09	2.95	3.85	4.46	3.39	3.58	3.85	3.14	3.41	3.42	2.49	2.56	3.04	4.19	3.44	3.42	2.59	1.97	3.52	3.15	4.67	4.01	3.01	2.98	3.19	3.2	2.54	2.46	2.72	2.19	2.94	4.02	3.1	3.78	3.78	3.98	2.36	3.56	4.17	3.8	2.68	2.58	3.48	1.74	2.95	3.58	3.58	3.95	2.1	2.51	2.11	3.79	2.91	2.93	2.88	3.49	4.1	3.27	2.72	2.64	3.28	4.85	5.69	5.85	5.34	4.03	2.86	3.56	3.14	4.66	4.33	6.05	4.74	4.99	3.53	2.83	3.57	5.57	6.35	2.21	4.02	4.17	4.34	3.22	4.47	5.97	4.38	2.56	2.35	3.42	2.48	3.04	3.28	4.81	3.51	2.88	3.5	2.97	3.3	2.37	3.7	2.94	3.79	3.53	5.63	4.69	4.66	4.62	4.29	6.31	2.63	2.84	3.6	2.98	3.3	3.31	2.83	2.69	2.37	2.98	1.82	3.1	3.23	3.05	3.5	3.81	3.87	4.24	4.02	2.63	2.58	2.39	1.73	2.25	2.98	5.36	3.29	3.6	3.87	3.68	4.6	3.88	2.27	3.16	3.36	3.6	3.85	3.7	4.1	3.0	2.09	2.95	3.85	4.46	3.39	3.58	3.85	3.14	3.41	3.42	2.49	2.56	3.04	4.19	3.44	3.42	2.59	1.97	3.52	3.15	4.67	4.01	3.01	2.98	3.19	3.2	2.54	2.46	2.72	2.19	2.94	4.02	3.1	3.78	3.78	3.98	2.36	3.56	4.17	3.8	2.68	2.58	3.48	1.74	2.95	3.58	3.58	3.95	2.1	2.51	2.11	3.79	2.91	2.93	2.88	3.49	4.1	3.27	2.72	2.64	3.28	4.85	5.69	5.85	5.34	4.03	2.86	3.56	3.14	4.66	4.33	6.05	4.74	4.99	3.53	2.83	3.57	5.57	6.35	2.21	4.02	4.17	4.34	3.22	4.47	5.97	4.38	2.56	2.35	3.42	2.48	3.04	3.28	4.81	3.51	2.88	3.5	2.97	3.3	2.37	3.7	2.94	3.79	3.53	5.63	4.69	4.66	4.62	4.29	6.31	2.63	2.84	3.6	2.98	3.3	3.31	2.83	2.69	2.37	2.98
1.0	2.0	3.0	4.0	5.0	6.0	7.0	8.0	9.0	10.0	11.0	12.0	13.0	14.0	15.0	16.0	17.0	18.0	19.0	20.0	21.0	22.0	23.0	24.0	25.0	26.0	27.0	28.0	29.0	30.0	31.0	32.0	33.0	34.0	35.0	36.0	37.0	38.0	39.0	40.0	41.0	42.0	43.0	44.0	45.0	46.0	47.0	48.0	49.0	50.0	51.0	52.0	53.0	54.0	55.0	56.0	57.0	58.0	59.0	60.0	61.0	62.0	63.0	64.0	65.0	66.0	67.0	68.0	69.0	70.0	71.0	72.0	73.0	74.0	75.0	76.0	77.0	78.0	79.0	80.0	81.0	82.0	83.0	84.0	85.0	86.0	87.0	88.0	89.0	90.0	91.0	92.0	93.0	94.0	95.0	96.0	97.0	98.0	99.0	100.0	101.0	102.0	103.0	104.0	105.0	106.0	107.0	108.0	109.0	110.0	111.0	112.0	113.0	114.0	115.0	116.0	117.0	118.0	119.0	120.0	121.0	122.0	123.0	124.0	125.0	126.0	127.0	128.0	129.0	130.0	131.0	132.0	133.0	134.0	135.0	136.0	137.0	138.0	139.0	140.0	141.0	142.0	143.0	144.0	145.0	146.0	147.0	148.0	149.0	149.0	150.0	151.0	152.0	153.0	154.0	155.0	156.0	157.0	158.0	159.0	160.0	161.0	162.0	163.0	164.0	165.0	166.0	167.0	168.0	169.0	170.0	171.0	172.0	173.0	174.0	175.0	176.0	177.0	178.0	179.0	180.0	181.0	182.0	183.0	184.0	185.0	186.0	187.0	188.0	189.0	190.0	191.0	192.0	193.0	194.0	195.0	196.0	197.0	198.0	199.0	200.0	201.0	202.0	203.0	204.0	205.0	206.0	207.0	208.0	209.0	210.0	211.0	212.0	213.0	214.0	215.0	216.0	217.0	218.0	219.0	220.0	221.0	222.0	223.0	224.0	225.0	226.0	227.0	228.0	229.0	230.0	231.0	232.0	233.0	234.0	235.0	236.0	237.0	238.0	239.0	240.0	241.0	242.0	243.0	244.0	245.0	246.0	247.0	248.0	249.0	250.0	251.0	252.0	253.0	254.0	255.0	256.0	257.0	258.0	259.0	260.0	261.0	262.0	263.0	264.0	265.0	266.0	267.0	268.0	269.0	270.0	271.0	272.0	273.0	274.0	275.0	276.0	277.0	278.0	279.0	280.0	281.0	282.0	283.0	284.0	285.0	286.0	287.0	288.0	289.0	290.0	291.0	292.0	293.0	294.0	295.0	296.0	297.0	298.0	298.0	299.0	300.0	301.0	302.0	303.0	304.0	305.0	306.0	307.0	308.0	309.0	310.0	311.0
2810.107072927669
