2924.37057175362	300.0	2000.0	198.23466480566992	0	0.0	2924.37057175362	1	0	1	-1.477879208967185
5341.083106734107	2000.0	469.20858259248297	0.0	0	0.0	810.2916893265892	1	0	2	0.46443124072330777
6200.0	500.0	2696.183378653179	0.0	0	610.990266632537	2896.1833786531784	1	0	0	-1.3058288814553913
9669.693901953216	3000.0	200.0	109.5271940866897	0	0.0	869.6939019532165	1	0	2	0.31766384804127434
10200.0	300.0	2722.724511757895	0.0	0	365.24518860902936	2922.724511757894	1	0	0	-2.991959027859443
13978.618988342045	3000.0	200.0	394.3239776530484	0	0.0	1178.618988342043	1	0	2	-1.9237506463496763
14200.0	300.0	3000.7570895078406	0.0	0	18.14014498978031	3200.757089507839	1	0	0	-3.0220841848311557
17528.264722134525	3000.0	539.6658951598596	0.0	0	0.0	1067.9306172943834	1	0	2	0.44141249051442955
18200.0	500.0	2935.104145080935	0.0	0	344.7513262107386	3135.1041450809353	1	0	0	-1.7358870904990635
21428.641801879094	3000.0	583.5981630139289	0.0	0	0.0	1012.2399648930223	1	0	2	0.9579889520482006
22200.0	1000.0	2889.375784705112	0.0	0	398.5461362982751	3089.3757847051093	1	0	0	0.0018233767282964664
25255.7250686396	3000.0	728.0782092015486	0.0	0	0.0	983.8032778411434	1	0	2	1.6534359150851397
26200.0	1000.0	2878.2307709771894	0.0	0	285.8342794094133	3078.2307709771885	1	0	0	0.002933785912215048
29572.151425986238	3000.0	368.86420239232876	0.0	0	0.0	941.0156283785655	1	0	2	1.6582938985646793
30200.0	500.0	2803.8004857799415	0.0	0	427.4071481537394	3003.8004857799424	1	0	0	-1.7226503063097809
33571.98092319902	3000.0	356.22136652519475	55.999905694703116	0	0.0	928.2022897242168	1	0	2	0.6303665483816997
34200.0	500.0	2791.004197404319	0.0	0	424.49630075095774	2991.0041974043233	1	0	0	-1.721413212752214
37200.0	3000.0	691.0041974043127	0.0	0	88.53028675325186	891.0041974043124	1	0	2	0.9696684604963415
38200.0	1000.0	2791.004197404315	0.0	0	518.4342876107185	2991.0041974043124	1	0	0	0.012115383408185743
41209.99620183609	3000.0	680.0083753846208	0.0	0	0.0	890.0045772207086	1	0	2	1.6635196851072769
42200.0	1000.0	2789.004957037103	0.0	0	411.3617229811207	2989.0049570371048	1	0	0	0.012274550592578037
45809.88554649431	3000.0	200.0	165.33558555148525	0	0.0	1009.8855464943117	1	0	2	0.6613100210590364
46200.0	300.0	2848.8969918448906	0.0	0	249.27332988037233	3048.8969918448856	1	0	0	-3.005328237854501
49992.36393212647	3000.0	200.0	293.3666668129404	0	0.0	1192.363932126471	1	0	2	-1.3200794667594382
50200.0	300.0	3013.1275389138236	0.0	0	7.309000668057706	3213.1275389138245	1	0	0	-3.0233736542571252
53605.051004635534	3000.0	467.5714338147362	0.0	0	0.0	1072.6224384502857	1	0	2	0.44075771343400827
54200.0	500.0	2932.1173379867114	0.0	0	311.1182435303126	3132.117337986725	1	0	0	-1.735835239659111
58000.074494670196	3000.0	200.0	225.42236922773134	0	0.0	1200.0744946702107	1	0	2	-0.4018340708361332
58200.0	300.0	3020.0670452031804	0.0	0	31.59013591864641	3220.067045203192	1	0	0	-3.023961250391275
62339.18870706979	3000.0	200.0	484.582302339625	0	0.0	1539.1887070697921	1	0	2	-2.484193411155376
62608.95743778049	300.0	930.2312692893053	0.0	0	0.0	1539.1887070697921	1	0	1	-2.6565039637010255
63335.67664256137	1000.0	1203.5120645084316	0.0	0	0.0	1539.1887070697921	1	0	1	0.448067531455989
64200.0	1000.0	1339.1887070698008	0.0	0	182.57099336358078	1539.1887070697921	1	0	1	1.6520403357819253
65200.0	1000.0	1339.1887070698028	0.0	0	596.2204970209859	1539.1887070697921	1	0	1	1.6520403357819253
66200.0	1000.0	1339.1887070697944	0.0	0	524.3129304241083	1539.1887070697849	1	0	1	1.6520403357819256
67200.0	1000.0	1339.1887070697942	0.0	0	619.1890389696055	1539.1887070697849	1	0	1	1.6520403357819258
68200.0	2000.0	1339.188707069807	0.0	0	81.26136830628093	1539.1887070697849	1	0	1	1.9986139260618987
69200.0	2000.0	1339.188707069814	0.0	0	212.39514934342878	1539.1887070697703	1	0	1	2.6917611066218443
70903.45415814762	3000.0	635.7345489221957	0.0	0	0.0	1539.1887070697703	1	0	1	2.8944936606759275
71389.12179870096	1000.0	1150.0669083688583	0.0	0	0.0	1539.1887070697849	1	0	1	0.553428047113816
72294.45496267329	2000.0	1244.7337443965134	0.0	0	0.0	1539.1887070697849	1	0	1	1.9986139260618987
73200.0	2000.0	1339.1887070698085	0.0	0	104.35384374263231	1539.1887070697849	1	0	1	2.691761106621844
74200.0	2000.0	1339.1887070697921	0.0	0	113.43018309227773	1539.1887070697994	1	0	1	2.691761106621843
75447.39370324081	2000.0	1091.7950038289941	0.0	0	0.0	1539.1887070697849	1	0	1	2.691761106621844
76399.27519800527	2000.0	1139.9135090645539	0.0	0	0.0	1539.1887070697849	1	0	1	2.691761106621844
77768.64965147692	2000.0	770.539055592905	0.0	0	0.0	1539.1887070697849	1	0	1	2.691761106621844
78266.37274923064	1000.0	1272.8159578392044	0.0	0	0.0	1539.1887070697849	1	0	1	0.9588931552219806
79236.36382115283	2000.0	1302.8248859170005	0.0	0	0.0	1539.1887070697849	1	0	1	1.9986139260618987
80200.0	2000.0	1339.1887070698444	0.0	0	179.21852973211207	1539.1887070697849	1	0	1	2.691761106621844
81200.0	2000.0	1339.1887070698483	0.0	0	304.2189851231815	1539.1887070697849	1	0	1	2.691761106621844
82200.0	2000.0	1339.1887070698547	0.0	0	102.97913951614464	1539.1887070697849	1	0	1	2.691761106621844
83200.0	2000.0	1339.1887070698556	0.0	0	200.36864529681043	1539.1887070697849	1	0	1	2.691761106621844
84200.0	2000.0	1339.1887070698544	0.0	0	341.0234701834852	1539.1887070697849	1	0	1	2.691761106621844
86016.33102514042	3000.0	522.8576819294233	0.0	0	0.0	1539.1887070697849	1	0	1	2.894493660675926
86512.7340617324	1000.0	1026.4546453374533	0.0	0	0.0	1539.1887070697849	1	0	1	0.553428047113816
87416.067534668	2000.0	1123.1211724018526	0.0	0	0.0	1539.1887070697703	1	0	1	1.9986139260618998
88312.46301432916	2000.0	1226.725692740695	0.0	0	0.0	1539.1887070697849	1	0	1	2.691761106621844
89200.0	2000.0	1339.188707069871	0.0	0	164.40930334485893	1539.1887070697994	1	0	1	2.6917611066218425
90200.0	2000.0	1339.1887070698735	0.0	0	216.24030949154985	1539.1887070697994	1	0	1	2.691761106621842
91420.23036955776	2000.0	1118.9583375121147	0.0	0	0.0	1539.1887070698285	1	0	1	2.6917611066218394
92726.30622620009	2000.0	812.8824808697814	0.0	0	0.0	1539.1887070698285	1	0	1	2.6917611066218394
93200.0	1000.0	1339.1887070698801	0.0	0	83.81657848169561	1539.188707069814	1	0	1	0.9588931552219778
94402.95862168554	2000.0	1136.2300853843485	0.0	0	0.0	1539.188707069843	1	0	1	1.9986139260618927
95200.0	2000.0	1339.188707069884	0.0	0	5.574763809039723	1539.188707069843	1	0	1	2.6917611066218377
96200.0	2000.0	1339.1887070698922	0.0	0	337.9219370607898	1539.188707069843	1	0	1	2.6917611066218377
97200.0	2000.0	1339.1887070699	0.0	0	112.40674857009435	1539.188707069843	1	0	1	2.6917611066218377
98358.72000558516	2000.0	1180.4687014847266	0.0	0	0.0	1539.188707069843	1	0	1	2.6917611066218377
99615.97740282174	2000.0	923.2113042481415	0.0	0	0.0	1539.188707069843	1	0	1	2.6917611066218377
100470.88546685746	1000.0	1068.3032402124034	0.0	0	0.0	1539.188707069843	1	0	1	0.9588931552219748
101200.0	1000.0	1339.188707069867	0.0	0	123.95308061367541	1539.188707069843	1	0	1	1.65204033578192
102200.0	2000.0	1339.1887070698665	0.0	0	251.2053885749483	1539.188707069843	1	0	1	1.9986139260618927
103200.0	2000.0	1339.1887070698572	0.0	0	82.9416131345497	1539.1887070698576	1	0	1	2.6917611066218363
104200.0	2000.0	1339.1887070698613	0.0	0	45.786086096952204	1539.188707069843	1	0	1	2.6917611066218377
105200.0	2000.0	1339.1887070698501	0.0	0	77.25309406794258	1539.188707069843	1	0	1	2.6917611066218377
106200.0	2000.0	1339.1887070698626	0.0	0	214.10596205033653	1539.188707069843	1	0	1	2.6917611066218377
107277.98022896815	3000.0	1261.2084781017015	0.0	0	0.0	1539.1887070698285	1	0	1	2.8944936606759217
108200.0	2000.0	1339.1887070698472	0.0	0	0.1274186970113078	1539.1887070698285	1	0	1	2.286295998513675
109240.87148167638	2000.0	1298.31722539347	0.0	0	0.0	1539.188707069843	1	0	1	2.6917611066218377
110210.82861360324	2000.0	1328.3600934665906	0.0	0	0.0	1539.188707069843	1	0	1	2.6917611066218377
111258.31249965206	2000.0	1280.8762074177685	0.0	0	0.0	1539.1887070698285	1	0	1	2.6917611066218394
112202.6708765795	2000.0	1336.517830490333	0.0	0	0.0	1539.1887070698285	1	0	1	2.6917611066218394
113200.0	2000.0	1339.188707069842	0.0	0	376.6794178607961	1539.188707069814	1	0	1	2.6917611066218408
114200.0	2000.0	1339.1887070698328	0.0	0	84.77292073746503	1539.188707069814	1	0	1	2.6917611066218408
115200.0	2000.0	1339.1887070698249	0.0	0	286.2026541270461	1539.188707069814	1	0	1	2.6917611066218408
116367.98479093541	2000.0	1171.2039161344069	0.0	0	0.0	1539.188707069814	1	0	1	2.6917611066218408
117217.07804641862	2000.0	1322.110660651209	0.0	0	0.0	1539.188707069814	1	0	1	2.6917611066218408
118241.16009411594	2000.0	1298.0286129538886	0.0	0	0.0	1539.188707069814	1	0	1	2.6917611066218408
119279.5448033406	2000.0	1259.6439037292266	0.0	0	0.0	1539.188707069814	1	0	1	2.6917611066218408
120416.80608000033	2000.0	1122.3826270694826	0.0	0	0.0	1539.188707069814	1	0	1	2.6917611066218408
121200.0	1000.0	1339.1887070698067	0.0	0	427.90632895148883	1539.1887070698285	1	0	1	0.9588931552219762
122225.9201943846	2000.0	1313.2685126852132	0.0	0	0.0	1539.1887070698285	1	0	1	1.9986139260618943
123200.5760682549	2000.0	1338.6126388149178	0.0	0	0.0	1539.1887070698285	1	0	1	2.6917611066218394
124277.29478995761	2000.0	1261.8939171122213	0.0	0	0.0	1539.188707069843	1	0	1	2.6917611066218377
125573.46520324955	2000.0	965.7235038202735	0.0	0	0.0	1539.188707069843	1	0	1	2.6917611066218377
126200.0	1000.0	1339.1887070698358	0.0	0	211.16461864305893	1539.1887070698576	1	0	1	0.9588931552219734
127450.82508895837	2000.0	1088.36361811146	0.0	0	0.0	1539.1887070698576	1	0	1	1.998613926061891
128200.0	1000.0	1339.1887070698408	0.0	0	190.14206933531386	1539.1887070698576	1	0	1	0.9588931552219734
129200.0	1000.0	1339.1887070698497	0.0	0	318.99007690472354	1539.1887070698722	1	0	1	1.6520403357819171
130200.0	1000.0	1339.1887070698422	0.0	0	237.87454212763987	1539.1887070698576	1	0	1	1.6520403357819187
131200.0	1000.0	1339.1887070698394	0.0	0	275.1822136494884	1539.1887070698576	1	0	1	1.6520403357819187
132200.0	1000.0	1339.188707069863	0.0	0	491.6012656405219	1539.1887070699013	1	0	1	1.6520403357819164
133200.0	1000.0	1339.1887070698483	0.0	0	467.8153356585826	1539.188707069843	1	0	1	1.6520403357819176
134200.0	1000.0	1339.1887070698597	0.0	0	503.8325702875154	1539.188707069843	1	0	1	1.65204033578192
135200.0	1000.0	1339.1887070698317	0.0	0	685.5236961618939	1539.188707069843	1	0	1	1.65204033578192
136235.6580130863	2000.0	1303.530693983517	0.0	0	0.0	1539.188707069814	1	0	1	1.9986139260618954
137421.769530176	2000.0	1117.4191768938135	0.0	0	0.0	1539.188707069843	1	0	1	2.691761106621838
138244.1561563173	1000.0	1295.032550752496	0.0	0	0.0	1539.188707069814	1	0	1	0.9588931552219778
139200.0	1000.0	1339.188707069772	0.0	0	69.20173339685425	1539.188707069814	1	0	1	1.6520403357819222
140200.0	1000.0	1339.1887070697592	0.0	0	547.8416593099246	1539.1887070697849	1	0	1	1.652040335781924
141200.0	1000.0	1339.1887070697765	0.0	0	474.663377210265	1539.1887070697849	1	0	1	1.6520403357819258
142200.0	1000.0	1339.1887070697976	0.0	0	558.0635062505899	1539.188707069814	1	0	1	1.6520403357819249
143200.0	1000.0	1339.1887070698274	0.0	0	482.34691634980845	1539.188707069814	1	0	1	1.6520403357819213
144200.0	2000.0	1339.1887070698344	0.0	0	26.998344855353935	1539.188707069814	1	0	1	1.9986139260618967
146107.72482730213	2000.0	431.4638797676801	0.0	0	0.0	1539.188707069814	1	0	1	2.6917611066218408
146483.69532062297	500.0	1055.493386446841	0.0	0	0.0	1539.188707069814	1	0	1	-0.773974796177886
147200.0	1000.0	1339.188707069783	0.0	0	165.4521151118388	1539.188707069814	1	0	1	0.9588931552219776
148200.0	1000.0	1339.1887070697924	0.0	0	640.4043031650654	1539.188707069843	1	0	1	1.65204033578192
149200.0	1000.0	1339.1887070697796	0.0	0	670.5990647287108	1539.188707069814	1	0	1	1.6520403357819213
150200.0	2000.0	1339.1887070698178	0.0	0	24.186558868503198	1539.188707069843	1	0	1	1.9986139260618931
151296.70459571911	2000.0	1242.4841113506877	0.0	0	0.0	1539.188707069814	1	0	1	2.6917611066218408
152227.7683441431	2000.0	1311.4203629267367	0.0	0	0.0	1539.188707069843	1	0	1	2.6917611066218377
153468.20309684798	2000.0	1070.9856102218364	0.0	0	0.0	1539.188707069814	1	0	1	2.6917611066218408
154200.0	1000.0	1339.188707069795	0.0	0	103.43477880570572	1539.188707069814	1	0	1	0.9588931552219778
155557.4954189406	2000.0	981.6932881292131	0.0	0	0.0	1539.188707069843	1	0	1	1.9986139260618927
156200.0	1000.0	1339.1887070698522	0.0	0	57.36387049374753	1539.188707069814	1	0	1	0.9588931552219778
157200.0	1000.0	1339.1887070698576	0.0	0	467.27966507789097	1539.188707069814	1	0	1	1.652040335781923
158200.0	2000.0	1339.1887070698526	0.0	0	340.6934504924284	1539.1887070697849	1	0	1	1.9986139260618987
159200.0	2000.0	1339.188707069843	0.0	0	111.62946946057491	1539.188707069814	1	0	1	2.6917611066218408
160327.368681074	2000.0	1211.820025995821	0.0	0	0.0	1539.188707069814	1	0	1	2.6917611066218408
161227.6873769753	2000.0	1311.5013300945595	0.0	0	0.0	1539.1887070698722	1	0	1	2.6917611066218354
162439.38334740326	2000.0	1099.8053596665964	0.0	0	0.0	1539.1887070698722	1	0	1	2.691761106621835
163200.0	2000.0	1339.1887070698547	0.0	0	37.66701185962302	1539.1887070698722	1	0	1	2.691761106621835
164231.38257777787	2000.0	1307.806129291994	0.0	0	105.42707030140446	1539.1887070698722	1	0	1	2.691761106621835
165425.89089081445	2000.0	1113.297816255375	0.0	0	0.0	1539.1887070698722	1	0	1	2.691761106621835
166200.0	1000.0	1339.1887070698165	0.0	0	217.44765116958297	1539.1887070698722	1	0	1	0.9588931552219719
167200.0	1000.0	1339.1887070698301	0.0	0	590.5026061081735	1539.1887070699013	1	0	1	1.6520403357819142
168200.0	1000.0	1339.1887070698415	0.0	0	119.40886187757133	1539.1887070699013	1	0	1	1.6520403357819142
169200.0	1000.0	1339.188707069831	0.0	0	416.95243167629815	1539.1887070698722	1	0	1	1.6520403357819171
170200.0	1000.0	1339.1887070698242	0.0	0	251.89148317286163	1539.1887070698722	1	0	1	1.6520403357819171
171200.0	1000.0	1339.1887070698176	0.0	0	200.3827046653314	1539.1887070698722	1	0	1	1.6520403357819171
172200.0	1000.0	1339.1887070698244	0.0	0	300.15395652651205	1539.1887070699013	1	0	1	1.6520403357819142
173200.0	1000.0	1339.1887070697967	0.0	0	343.56005063297926	1539.1887070698722	1	0	1	1.6520403357819171
174200.0	1000.0	1339.188707069788	0.0	0	469.5491641095432	1539.1887070698722	1	0	1	1.6520403357819171
175200.0	1000.0	1339.1887070698035	0.0	0	371.60633242689073	1539.1887070698722	1	0	1	1.6520403357819171
176200.0	1000.0	1339.188707069811	0.0	0	295.31574166199425	1539.1887070698722	1	0	1	1.6520403357819171
177200.0	1000.0	1339.1887070697946	0.0	0	465.81418552508694	1539.1887070698722	1	0	1	1.6520403357819171
178200.0	1000.0	1339.1887070697996	0.0	0	463.74256726857857	1539.1887070699013	1	0	1	1.6520403357819142
179200.0	2000.0	1339.1887070698112	0.0	0	213.05517924041487	1539.1887070699013	1	0	1	1.998613926061887
180200.0	2000.0	1339.1887070698033	0.0	0	114.4432030886237	1539.1887070698722	1	0	1	2.691761106621835
181249.17934224385	2000.0	1290.0093648259603	0.0	0	0.0	1539.1887070698722	1	0	1	2.691761106621835
182512.4338150628	2000.0	1026.7548920070153	0.0	0	0.0	1539.1887070698722	1	0	1	2.691761106621835
183200.0	1000.0	1339.1887070698292	0.0	0	242.96755791155738	1539.1887070698722	1	0	1	0.9588931552219719
184426.68776413106	2000.0	1112.5009429387637	0.0	0	0.0	1539.1887070698722	1	0	1	1.9986139260618898
185200.0	1000.0	1339.1887070698472	0.0	0	339.6947900770756	1539.1887070698722	1	0	1	0.9588931552219719
186200.0	1000.0	1339.1887070698385	0.0	0	487.498059733276	1539.1887070698722	1	0	1	1.6520403357819171
187200.0	2000.0	1339.1887070698685	0.0	0	293.64459224636084	1539.1887070698722	1	0	1	1.9986139260618898
188200.0	2000.0	1339.1887070698733	0.0	0	166.59699219459435	1539.1887070698722	1	0	1	2.691761106621835
189377.27255963927	2000.0	1161.9161474305954	0.0	0	0.0	1539.1887070698722	1	0	1	2.691761106621835
190200.0	1000.0	1339.1887070698585	0.0	0	404.20951427402906	1539.1887070698722	1	0	1	0.9588931552219719
191200.0	2000.0	1339.1887070698817	0.0	0	75.73753712655162	1539.1887070699013	1	0	1	1.998613926061887
192200.0	2000.0	1339.1887070698965	0.0	0	200.74336009428953	1539.1887070699013	1	0	1	2.6917611066218323
193383.8396971037	2000.0	1155.349009966171	0.0	0	0.0	1539.1887070699013	1	0	1	2.6917611066218323
194274.96098683754	2000.0	1264.22772023231	0.0	0	0.0	1539.1887070699013	1	0	1	2.6917611066218323
195300.60016411456	2000.0	1238.5885429553068	0.0	0	0.0	1539.1887070699013	1	0	1	2.6917611066218323
196200.0	2000.0	1339.188707069837	0.0	0	45.711047525226604	1539.1887070698722	1	0	1	2.6917611066218345
197200.0	2000.0	1339.1887070698626	0.0	0	387.8806313710229	1539.1887070698722	1	0	1	2.691761106621835
198690.2778861226	3000.0	848.9108209472599	0.0	0	0.0	1539.1887070698722	1	0	1	2.8944936606759173
199200.0	1000.0	1339.1887070698267	0.0	0	31.645009961532196	1539.1887070698722	1	0	1	0.5534280471138073
200358.66215364228	3000.0	1180.5265534275281	0.0	0	0.0	1539.1887070698722	1	0	1	2.2013464801159723
201238.02273244853	2000.0	1301.1659746212772	0.0	0	0.0	1539.1887070699013	1	0	1	2.286295998513668
202503.23697263878	2000.0	1035.9517344310589	0.0	0	0.0	1539.1887070699013	1	0	1	2.6917611066218323
203200.0	1000.0	1339.1887070698392	0.0	0	226.08197601803113	1539.1887070699013	1	0	1	0.9588931552219689
204496.71774192873	2000.0	1042.4709651411229	0.0	0	0.0	1539.1887070699304	1	0	1	1.9986139260618843
205200.0	1000.0	1339.1887070698556	0.0	0	130.6378386381839	1539.1887070699304	1	0	1	0.9588931552219662
206200.0	1000.0	1339.188707069892	0.0	0	245.9224022460985	1539.1887070699886	1	0	1	1.6520403357819073
207200.0	1000.0	1339.188707069878	0.0	0	433.74506386823487	1539.1887070699886	1	0	1	1.6520403357819056
208200.0	1000.0	1339.1887070698565	0.0	0	487.3231777972833	1539.1887070699886	1	0	1	1.6520403357819056
209200.0	1000.0	1339.1887070698351	0.0	0	509.46855911886087	1539.1887070699886	1	0	1	1.6520403357819056
210200.0	1000.0	1339.1887070698415	0.0	0	557.6338767530397	1539.1887070699886	1	0	1	1.6520403357819056
211200.0	1000.0	1339.1887070698406	0.0	0	170.38138359721052	1539.1887070699886	1	0	1	1.6520403357819056
212219.5467471899	1000.0	1319.6419598799605	0.0	0	0.0	1539.1887070700177	1	0	1	1.6520403357819031
213200.0	1000.0	1339.1887070698406	0.0	0	236.03676532264217	1539.1887070699886	1	0	1	1.6520403357819056
214200.0	1000.0	1339.18870706982	0.0	0	421.75770978978835	1539.1887070699595	1	0	1	1.6520403357819065
215200.0	1000.0	1339.1887070698413	0.0	0	591.2879107764165	1539.1887070699595	1	0	1	1.6520403357819082
216200.0	1000.0	1339.1887070698615	0.0	0	532.3467509146722	1539.1887070699304	1	0	1	1.6520403357819113
217200.0	2000.0	1339.1887070698394	0.0	0	475.832302902214	1539.1887070699304	1	0	1	1.9986139260618838
218200.0	2000.0	1339.1887070698235	0.0	0	8.880784161185147	1539.1887070699013	1	0	1	2.691761106621831
219761.23279413005	3000.0	777.955912939739	0.0	0	0.0	1539.1887070698722	1	0	1	2.8944936606759173
220200.0	1000.0	1339.1887070697776	0.0	0	87.08719748578733	1539.1887070698722	1	0	1	0.5534280471138073
221371.24143849983	2000.0	1167.9472685699563	0.0	0	0.0	1539.1887070698722	1	0	1	1.9986139260618898
222200.0	2000.0	1339.1887070697624	0.0	0	55.940031846403144	1539.1887070698722	1	0	1	2.691761106621835
223200.0	2000.0	1339.188707069769	0.0	0	339.0071333099622	1539.1887070698722	1	0	1	2.691761106621835
224401.8172242888	2000.0	1137.3714827809802	0.0	0	0.0	1539.1887070698722	1	0	1	2.691761106621835
225265.20451510284	2000.0	1273.9841919669227	0.0	0	0.0	1539.1887070698722	1	0	1	2.691761106621835
226200.0	2000.0	1339.1887070697803	0.0	0	167.39836245548213	1539.1887070699013	1	0	1	2.691761106621834
227445.3299415043	2000.0	1093.8587655655247	0.0	0	0.0	1539.1887070699304	1	0	1	2.6917611066218288
228306.19769158238	2000.0	1232.9910154874292	0.0	0	0.0	1539.1887070699304	1	0	1	2.6917611066218288
229200.0	2000.0	1339.1887070698076	0.0	0	215.69682868066593	1539.1887070699595	1	0	1	2.691761106621828
230200.0	2000.0	1339.1887070698128	0.0	0	395.49230447385344	1539.1887070699595	1	0	1	2.691761106621826
231200.0	2000.0	1339.1887070698	0.0	0	241.3759979288734	1539.1887070699013	1	0	1	2.6917611066218305
232200.0	2000.0	1339.1887070698049	0.0	0	333.9717785164248	1539.1887070699013	1	0	1	2.6917611066218323
233200.0	2000.0	1339.1887070697696	0.0	0	404.0263540604501	1539.1887070698722	1	0	1	2.691761106621835
234728.01843178648	3000.0	811.1702752832646	0.0	0	0.0	1539.1887070698722	1	0	1	2.8944936606759173
235288.20274849393	1000.0	1250.9859585758113	0.0	0	0.0	1539.1887070698722	1	0	1	0.5534280471138073
236214.38703631092	2000.0	1324.8016707588372	0.0	0	0.0	1539.1887070699013	1	0	1	1.998613926061887
237200.0	2000.0	1339.1887070697492	0.0	0	175.4477623285784	1539.1887070699013	1	0	1	2.6917611066218323
238200.0	2000.0	1339.1887070697462	0.0	0	252.2619490554498	1539.1887070698722	1	0	1	2.691761106621833
239200.0	2000.0	1339.1887070697321	0.0	0	256.3764130534546	1539.188707069843	1	0	1	2.6917611066218377
240200.0	2000.0	1339.1887070697242	0.0	0	153.6757754632563	1539.188707069814	1	0	1	2.6917611066218408
241200.0	2000.0	1339.1887070697219	0.0	0	36.80683831736678	1539.1887070697849	1	0	1	2.691761106621844
242200.0	2000.0	1339.188707069751	0.0	0	228.40946809540037	1539.1887070697849	1	0	1	2.691761106621844
243200.0	2000.0	1339.188707069751	0.0	0	168.7658226749918	1539.1887070697558	1	0	1	2.6917611066218465
244413.2023105617	2000.0	1125.986396508055	0.0	0	0.0	1539.1887070697558	1	0	1	2.6917611066218465
245200.0	1000.0	1339.1887070697653	0.0	0	305.2807902400382	1539.1887070697558	1	0	1	0.9588931552219837
246200.0	2000.0	1339.1887070697944	0.0	0	99.83654526661849	1539.1887070697558	1	0	1	1.9986139260619016
247200.0	2000.0	1339.1887070697828	0.0	0	137.03366870919126	1539.1887070697849	1	0	1	2.691761106621844
248227.89916089305	2000.0	1311.2895461767416	0.0	0	0.0	1539.1887070697849	1	0	1	2.691761106621844
249660.250733923	2000.0	878.9379731468081	0.0	0	0.0	1539.188707069814	1	0	1	2.6917611066218408
250200.0	1000.0	1339.1887070697799	0.0	0	114.38800786389038	1539.1887070697849	1	0	1	0.9588931552219806
251200.0	2000.0	1339.188707069758	0.0	0	421.1349774970149	1539.1887070697267	1	0	1	1.9986139260619027
252200.0	2000.0	1339.188707069749	0.0	0	227.489460120094	1539.1887070697267	1	0	1	2.6917611066218496
253200.0	2000.0	1339.1887070697373	0.0	0	411.423833031673	1539.1887070697267	1	0	1	2.6917611066218496
254200.0	2000.0	1339.188707069733	0.0	0	173.95404150697868	1539.1887070697849	1	0	1	2.6917611066218456
255200.46717778128	2000.0	1338.7215292884785	0.0	0	0.0	1539.1887070697849	1	0	1	2.691761106621844
256749.87041882842	3000.0	789.318288241358	0.0	0	0.0	1539.1887070697849	1	0	1	2.894493660675926
257200.0	1000.0	1339.1887070697658	0.0	0	104.68698721632245	1539.1887070697558	1	0	1	0.553428047113819
258200.0	2000.0	1339.1887070697844	0.0	0	79.12972218406503	1539.1887070697558	1	0	1	1.9986139260619016
259200.0	2000.0	1339.1887070697912	0.0	0	3.4284121938690078	1539.1887070697849	1	0	1	2.691761106621844
260403.24111543974	2000.0	1135.9475916300594	0.0	0	0.0	1539.1887070697849	1	0	1	2.691761106621843
261200.0	2000.0	1339.1887070698149	0.0	0	64.58467825170374	1539.1887070697558	1	0	1	2.6917611066218456
262200.0	2000.0	1339.1887070698233	0.0	0	400.4401036941563	1539.1887070697849	1	0	1	2.6917611066218456
263200.0	2000.0	1339.1887070698895	0.0	0	130.6542282854789	1539.188707069843	1	0	1	2.691761106621841
264200.0	2000.0	1339.1887070699634	0.0	0	181.4032793698716	1539.1887070699595	1	0	1	2.6917611066218314
265281.76870772796	2000.0	1257.419999341957	0.0	0	0.0	1539.1887070699013	1	0	1	2.6917611066218314
266200.0	2000.0	1339.1887070698558	0.0	0	52.82547346741194	1539.188707069843	1	0	1	2.6917611066218354
267436.8250323698	2000.0	1102.3636747000837	0.0	0	0.0	1539.1887070699013	1	0	1	2.6917611066218337
268859.5070184973	2000.0	679.6816885726516	0.0	0	0.0	1539.1887070699013	1	0	1	2.6917611066218323
269308.0037941498	1000.0	1231.184912920116	0.0	0	0.0	1539.188707069843	1	0	1	0.9588931552219748
270200.0	1000.0	1339.1887070699293	0.0	0	481.41090345493285	1539.1887070699013	1	0	1	1.6520403357819142
271339.2814932282	2000.0	1199.9072138417866	0.0	0	0.0	1539.1887070699595	1	0	1	1.998613926061881
272200.0	1000.0	1339.1887070699738	0.0	0	504.83671107620467	1539.188707069843	1	0	1	0.9588931552219713
273614.770269761	2000.0	924.4184373090551	0.0	0	0.0	1539.188707069843	1	0	1	1.9986139260618927
274200.0	1000.0	1339.188707070051	0.0	0	67.97790930297924	1539.1887070699013	1	0	1	0.9588931552219689
275481.93923447415	2000.0	1057.2494725958727	0.0	0	0.0	1539.188707069843	1	0	1	1.9986139260618914
276200.0	1000.0	1339.1887070700113	0.0	0	234.08199873869307	1539.188707069843	1	0	1	0.9588931552219748
277200.0	1000.0	1339.1887070699672	0.0	0	453.0837898715399	1539.1887070697849	1	0	1	1.6520403357819258
278200.0	1000.0	1339.1887070699486	0.0	0	453.8298962372355	1539.1887070697849	1	0	1	1.6520403357819258
279200.0	1000.0	1339.188707069941	0.0	0	118.51199810934486	1539.188707069843	1	0	1	1.65204033578192
280200.0	1000.0	1339.188707069981	0.0	0	398.7868665276328	1539.1887070699013	1	0	1	1.6520403357819178
281200.0	1000.0	1339.1887070699536	0.0	0	384.38691614719573	1539.188707069843	1	0	1	1.6520403357819164
282200.0	1000.0	1339.1887070699606	0.0	0	505.1004605703056	1539.188707069843	1	0	1	1.65204033578192
283200.0	1000.0	1339.188707069935	0.0	0	530.3356330724782	1539.188707069843	1	0	1	1.65204033578192
284201.72504395875	2000.0	1337.463663111188	0.0	0	0.0	1539.188707069843	1	0	1	1.9986139260618927
285340.36108010035	2000.0	1198.82762696964	0.0	0	0.0	1539.188707069843	1	0	1	2.6917611066218377
286305.3983775578	2000.0	1233.7903295122505	0.0	0	0.0	1539.188707069843	1	0	1	2.6917611066218377
288384.9387114526	2000.0	223.51677319296394	69.26677757544053	0	0.0	1608.4554846452666	1	0	1	2.2706190989631607
288565.227070468	300.0	1043.2284141775926	0.0	0	0.0	1608.4554846452666	1	0	1	-2.057965533350408
289200.0	1000.0	1408.4554846456215	0.0	0	110.75333349546418	1608.4554846452666	1	0	1	0.4411408536984415
290200.0	1000.0	1408.4554846456226	0.0	0	474.6111417840584	1608.4554846452666	1	0	1	1.6451136580243777
291200.0	1000.0	1408.4554846455665	0.0	0	631.9236437343061	1608.4554846452083	1	0	1	1.6451136580243801
292200.0	2000.0	1408.4554846455183	0.0	0	217.98069800785743	1608.455484645092	1	0	1	1.9916872483043644
293346.74795125396	2000.0	1261.7075333915452	0.0	0	0.0	1608.455484645092	1	0	1	2.684834428864313
295090.69176517986	2000.0	517.7637194656701	0.0	0	0.0	1608.455484645092	1	0	1	2.684834428864313
295352.6960839183	500.0	1255.75940072731	0.0	0	0.0	1608.455484645092	1	0	1	-0.7809014739354134
296200.0	1000.0	1408.4554846456306	0.0	0	287.6258370052092	1608.455484645092	1	0	1	0.9519664774644498
297200.0	1000.0	1408.4554846456447	0.0	0	670.2213105462724	1608.455484645092	1	0	1	1.6451136580243952
298200.0	1000.0	1408.4554846456526	0.0	0	622.8195458134287	1608.455484645092	1	0	1	1.6451136580243952
299200.0	2000.0	1408.4554846456585	0.0	0	66.75663875415921	1608.455484645092	1	0	1	1.9916872483043688
300215.253875234	2000.0	1393.2016094116552	0.0	0	0.0	1608.455484645092	1	0	1	2.684834428864313
301200.0	2000.0	1408.4554846456551	0.0	0	176.52888508804608	1608.455484645092	1	0	1	2.684834428864313
302337.23093595554	2000.0	1271.2245486901709	0.0	0	0.0	1608.455484645092	1	0	1	2.684834428864313
303702.38771924964	2000.0	906.0677653961378	0.0	0	0.0	1608.4554846451501	1	0	1	2.684834428864307
304200.0	1000.0	1408.4554846458218	0.0	0	8.731186725723092	1608.4554846451501	1	0	1	0.9519664774644443
305200.0	2000.0	1408.4554846457406	0.0	0	2.006459512922447	1608.4554846451501	1	0	1	1.9916872483043622
306233.27379782056	2000.0	1375.1816868252315	0.0	0	0.0	1608.4554846452083	1	0	1	2.6848344288643027
307200.0	2000.0	1408.4554846458152	0.0	0	53.41625363158528	1608.4554846452083	1	0	1	2.684834428864301
308355.6654095865	2000.0	1252.790075059244	0.0	0	0.0	1608.4554846452083	1	0	1	2.684834428864301
309608.33797194564	2000.0	1000.1175127000929	0.0	0	0.0	1608.4554846451501	1	0	1	2.684834428864307
310529.7084466823	2000.0	1078.747037963406	0.0	0	0.0	1608.4554846451501	1	0	1	2.684834428864307
311710.46489300486	2000.0	897.990591640808	0.0	0	0.0	1608.4554846451501	1	0	1	2.684834428864307
312200.0	1000.0	1408.4554846456708	0.0	0	20.43976741778897	1608.4554846451501	1	0	1	0.9519664774644443
313284.2265610942	2000.0	1324.2289235514459	0.0	0	33.30092424474424	1608.455484645092	1	0	1	1.9916872483043675
314673.3184347205	2000.0	935.1370499251219	0.0	0	0.0	1608.455484645092	1	0	1	2.684834428864313
315200.0	1000.0	1408.4554846455437	0.0	0	116.75928408605978	1608.455484645092	1	0	1	0.9519664774644501
316200.0	2000.0	1408.4554846455105	0.0	0	6.8505985721130855	1608.455484645092	1	0	1	1.9916872483043675
317509.5181716049	2000.0	1098.9373130406598	0.0	0	0.0	1608.4554846451501	1	0	1	2.684834428864307
318200.0	1000.0	1408.4554846456003	0.0	0	194.1171170171583	1608.4554846451501	1	0	1	0.9519664774644443
319200.0	1000.0	1408.4554846455771	0.0	0	328.2929938452435	1608.4554846451501	1	0	1	1.6451136580243895
320200.0	1000.0	1408.4554846455617	0.0	0	467.50678947154665	1608.455484645092	1	0	1	1.6451136580243917
321200.0	1000.0	1408.4554846455455	0.0	0	429.5670564887696	1608.455484645092	1	0	1	1.6451136580243952
322200.0	1000.0	1408.455484645601	0.0	0	382.8683134938474	1608.4554846451501	1	0	1	1.6451136580243895
323200.0	1000.0	1408.4554846455846	0.0	0	379.05928579962347	1608.4554846451501	1	0	1	1.6451136580243895
324200.0	1000.0	1408.4554846455665	0.0	0	377.45837226335425	1608.4554846451501	1	0	1	1.6451136580243895
325200.0	1000.0	1408.4554846455708	0.0	0	178.6664842867758	1608.4554846451501	1	0	1	1.6451136580243895
326200.0	1000.0	1408.4554846455105	0.0	0	401.9221301875659	1608.4554846452083	1	0	1	1.6451136580243872
327200.0	2000.0	1408.4554846455055	0.0	0	297.6490806035581	1608.4554846452083	1	0	1	1.991687248304356
328256.9460704873	2000.0	1351.509414158174	0.0	0	0.0	1608.4554846452083	1	0	1	2.684834428864301
329331.0708371748	2000.0	1277.3846474706706	0.0	0	0.0	1608.4554846452083	1	0	1	2.684834428864301
330534.3369788542	2000.0	1074.1185057912166	0.0	0	0.0	1608.4554846451501	1	0	1	2.684834428864307
1.9	1.64	2.28	2.02	2.15	2.35	1.9	2.07	2.09	2.24	2.84	1.6	2.32	3.46	1.8	2.77	2.9	2.4	2.71	2.27	1.95	1.96	2.05	1.84	1.69	2.02	2.05	2.05	2.03	1.85	1.18	1.66	2.44	2.29	2.85	3.04	2.9	2.33	1.9	2.44	2.06	2.77	1.48	2.55	2.44	1.69	1.93	2.76	2.85	2.81	3.43	3.58	1.89	2.35	1.78	2.48	2.65	2.75	2.07	2.21	2.1	2.27	1.75	2.51	2.54	1.98	2.8	1.95	1.37	3.07	2.71	2.92	2.86	2.34	1.95	2.49	2.68	2.2	2.21	2.32	2.55	2.58	3.06	2.02	2.61	2.12	1.52	1.65	2.32	2.49	2.28	1.91	1.59	2.06	1.9	1.34	2.0	1.02	2.07	1.47	2.2	2.64	3.12	1.96	1.6	1.6	0.88	1.89	2.14	3.01	2.41	1.84	1.69	0.75	1.88	3.08	2.77	2.02	2.56	2.18	1.82	2.06	1.98	1.66	2.28	2.95	3.12	1.46	2.27	2.2	1.97	2.31	0.89	1.69	2.53	1.58	1.49	1.97	1.6	1.74	2.07	2.32	2.03	1.26	2.21	2.49	2.8	2.19	2.2	1.47	1.9	1.64	2.28	2.02	2.15	2.35	1.9	2.07	2.09	2.24	2.84	1.6	2.32	3.46	1.8	2.77	2.9	2.4	2.71	2.27	1.95	1.96	2.05	1.84	1.69	2.02	2.05	2.05	2.03	1.85	1.18	1.66	2.44	2.29	2.85	3.04	2.9	2.33	1.9	2.44	2.06	2.77	1.48	2.55	2.44	1.69	1.93	2.76	2.85	2.81	3.43	3.58	1.89	2.35	1.78	2.48	2.65	2.75	2.07	2.21	2.1	2.27	1.75	2.51	2.54	1.98	2.8	1.95	1.37	3.07	2.71	2.92	2.86	2.34	1.95	2.49	2.68	2.2	2.21	2.32	2.55	2.58	3.06	2.02	2.61	2.12	1.52	1.65	2.32	2.49	2.28	1.91	1.59	2.06	1.9	1.34	2.0	1.02	2.07	1.47	2.2	2.64	3.12	1.96	1.6	1.6	0.88	1.89	2.14	3.01	2.41	1.84	1.69	0.75	1.88	3.08	2.77	2.02	2.56	2.18	1.82	2.06	1.98	1.66	2.28	2.95	3.12	1.46	2.27	2.2	1.97	2.31	0.89	1.69	2.53	1.58	1.49	1.97	1.6	1.74	2.07	2.32	2.03	1.26	2.21	2.49	2.8	2.19	2.2	1.47	1.9	1.64	2.28	2.02	2.15	2.35	1.9	2.07	2.09	2.24	2.84	1.6	2.32	3.46	1.8	2.77	2.9	2.4	2.71	2.27	1.95	1.96	2.05	1.84	1.69	2.02	2.05	2.05	2.03	1.85	1.18	1.66
1.0	2.0	3.0	4.0	5.0	6.0	7.0	8.0	9.0	10.0	11.0	12.0	13.0	14.0	15.0	16.0	17.0	18.0	19.0	20.0	21.0	22.0	23.0	24.0	25.0	26.0	27.0	28.0	29.0	30.0	31.0	32.0	33.0	34.0	35.0	36.0	37.0	38.0	39.0	40.0	41.0	42.0	43.0	44.0	45.0	46.0	47.0	48.0	49.0	50.0	51.0	52.0	53.0	54.0	55.0	56.0	57.0	58.0	59.0	60.0	61.0	62.0	63.0	64.0	65.0	66.0	67.0	68.0	69.0	70.0	71.0	72.0	73.0	74.0	75.0	76.0	77.0	78.0	79.0	80.0	81.0	82.0	83.0	84.0	85.0	86.0	87.0	88.0	89.0	90.0	91.0	92.0	93.0	94.0	95.0	96.0	97.0	98.0	99.0	100.0	101.0	102.0	103.0	104.0	105.0	106.0	107.0	108.0	109.0	110.0	111.0	112.0	113.0	114.0	115.0	116.0	117.0	118.0	119.0	120.0	121.0	122.0	123.0	124.0	125.0	126.0	127.0	128.0	129.0	130.0	131.0	132.0	133.0	134.0	135.0	136.0	137.0	138.0	139.0	140.0	141.0	142.0	143.0	144.0	145.0	146.0	147.0	148.0	149.0	149.0	150.0	151.0	152.0	153.0	154.0	155.0	156.0	157.0	158.0	159.0	160.0	161.0	162.0	163.0	164.0	165.0	166.0	167.0	168.0	169.0	170.0	171.0	172.0	173.0	174.0	175.0	176.0	177.0	178.0	179.0	180.0	181.0	182.0	183.0	184.0	185.0	186.0	187.0	188.0	189.0	190.0	191.0	192.0	193.0	194.0	195.0	196.0	197.0	198.0	199.0	200.0	201.0	202.0	203.0	204.0	205.0	206.0	207.0	208.0	209.0	210.0	211.0	212.0	213.0	214.0	215.0	216.0	217.0	218.0	219.0	220.0	221.0	222.0	223.0	224.0	225.0	226.0	227.0	228.0	229.0	230.0	231.0	232.0	233.0	234.0	235.0	236.0	237.0	238.0	239.0	240.0	241.0	242.0	243.0	244.0	245.0	246.0	247.0	248.0	249.0	250.0	251.0	252.0	253.0	254.0	255.0	256.0	257.0	258.0	259.0	260.0	261.0	262.0	263.0	264.0	265.0	266.0	267.0	268.0	269.0	270.0	271.0	272.0	273.0	274.0	275.0	276.0	277.0	278.0	279.0	280.0	281.0	282.0	283.0	284.0	285.0	286.0	287.0	288.0	289.0	290.0	291.0	292.0	293.0	294.0	295.0	296.0	297.0	298.0	298.0	299.0	300.0	301.0	302.0	303.0	304.0	305.0	306.0	307.0	308.0	309.0	310.0	311.0	312.0	313.0	314.0	315.0	316.0	317.0	318.0	319.0	320.0	321.0	322.0	323.0	324.0	325.0	326.0	327.0	328.0	329.0	330.0
2549.971366082435
