2965.6991365385716	300.0	2000.0	269.0964854076113	0	0.0	2965.6991365385716	1	0	1	-1.9046212140666967
5200.0	1000.0	665.6999999999996	0.0	0	403.64927807379445	865.6999999999989	1	0	2	0.11162524056472928
6200.0	500.0	2765.699999999999	0.0	0	620.3745080522012	2965.699999999998	1	0	0	-0.6194787449109593
9724.327467694573	2000.0	200.0	100.96383133093747	0	0.0	924.327467694573	1	0	2	0.16252947376971322
10200.0	500.0	2771.894720925116	0.0	0	161.8895556669795	2971.8947209251155	1	0	0	-1.3152347267300193
13207.038723029196	2000.0	664.152125593	0.0	0	0.0	871.1908486221982	1	0	2	0.7698883356964668
14200.0	500.0	2770.486976319278	0.0	0	794.313013109173	2970.4869763192764	1	0	0	-1.3131046231028325
17475.05804363397	3000.0	367.92312832190964	0.0	0	0.0	842.9811719558747	1	0	2	0.9744382378460141
18200.0	500.0	2715.475367592481	0.0	0	373.15073390175894	2915.4753675924767	1	0	0	-1.713669869648676
22821.64642396016	3000.0	215.199883866973	1257.759620573335	0	0.0	2036.8463078271307	1	0	2	-6.678258061763451
22991.451562633323	300.0	1028.4142313264938	0.0	0	0.0	2019.865793959816	1	0	2	-2.704920605580329
23536.240529929604	1000.0	1429.1463673005846	0.0	0	0.0	1965.3868972301898	1	0	2	0.20403328108721952
24200.0	2000.0	1699.0109502231471	0.0	0	157.5051485265285	1899.0109502231498	1	0	2	1.76018327529684
25200.0	2000.0	1599.0109502231505	0.0	0	392.14326643175445	1799.0109502231571	1	0	2	2.4619685184963678
26609.227593697233	3000.0	1048.860597156197	0.0	0	0.0	1658.0881908534393	1	0	2	2.678204563698691
27658.749634353593	2000.0	999.3385564998375	0.0	0	0.0	1658.088190853443	1	0	1	2.0744060501353134
28200.0	1000.0	1458.088190853431	0.0	0	29.523881827451987	1658.088190853443	1	0	1	0.9470032068436148
29288.689722245283	2000.0	1369.398468608148	0.0	0	0.0	1658.088190853443	1	0	1	1.9867239776835328
30200.0	1000.0	1458.0881908534302	0.0	0	426.27364436436255	1658.088190853443	1	0	1	0.9470032068436148
31200.0	1000.0	1458.088190853429	0.0	0	581.9234346587509	1658.0881908534466	1	0	1	1.6401503874035597
32200.0	1000.0	1458.0881908534266	0.0	0	410.3012108745461	1658.0881908534466	1	0	1	1.6401503874035597
33200.0	2000.0	1458.0881908534284	0.0	0	142.35068457730813	1658.088190853443	1	0	1	1.9867239776835328
34270.64884806599	2000.0	1387.4393427874375	0.0	0	0.0	1658.0881908534393	1	0	1	2.679871158243478
35200.0	2000.0	1458.0881908534313	0.0	0	211.9914476131744	1658.088190853443	1	0	1	2.679871158243478
36200.0	2000.0	1458.0881908534323	0.0	0	119.95399566861306	1658.0881908534502	1	0	1	2.679871158243477
37449.25073102055	3000.0	1208.8374598328915	0.0	0	0.0	1658.0881908534502	1	0	1	2.882603712297559
38285.38637995849	2000.0	1372.7018108949485	0.0	0	0.0	1658.0881908534575	1	0	1	2.274406050135312
39593.7495259934	2000.0	1064.3386648600379	0.0	0	0.0	1658.0881908534575	1	0	1	2.6798711582434764
40536.84012390678	2000.0	1121.2480669466645	0.0	0	0.0	1658.0881908534575	1	0	1	2.6798711582434764
41391.610089662965	2000.0	1266.4781011904802	0.0	0	0.0	1658.0881908534575	1	0	1	2.6798711582434764
42520.68570967066	2000.0	1137.4024811827903	0.0	0	0.0	1658.0881908534502	1	0	1	2.679871158243477
43200.0	1000.0	1458.0881908534407	0.0	0	146.02535974409693	1658.0881908534575	1	0	1	0.9470032068436134
44200.0	2000.0	1458.08819085344	0.0	0	139.99043008562148	1658.0881908534575	1	0	1	1.9867239776835313
45200.0	2000.0	1458.088190853446	0.0	0	386.36788827089913	1658.0881908534575	1	0	1	2.6798711582434764
46200.0	2000.0	1458.0881908534502	0.0	0	155.6747580347219	1658.0881908534648	1	0	1	2.679871158243476
47591.99345206218	3000.0	1066.094738791273	0.0	0	0.0	1658.0881908534648	1	0	1	2.8826037122975583
49001.04532822034	2000.0	657.0428626331197	0.0	0	0.0	1658.0881908534648	1	0	1	2.2744060501353114
49413.01952968127	1000.0	1245.068661172189	0.0	0	0.0	1658.088190853472	1	0	1	0.947003206843612
50200.0	2000.0	1458.0881908534523	0.0	0	42.48502654305048	1658.0881908534793	1	0	1	1.986723977683529
51983.44424603472	3000.0	674.6439448187205	0.0	0	0.0	1658.0881908534793	1	0	1	2.8826037122975565
52418.10410202341	1000.0	1239.9840888300284	0.0	0	0.0	1658.0881908534793	1	0	1	0.5415380987354466
53455.889499085504	2000.0	1202.198691767937	0.0	0	0.0	1658.0881908534866	1	0	1	1.9867239776835284
54351.377508180216	2000.0	1306.710682673231	0.0	0	0.0	1658.0881908534866	1	0	1	2.6798711582434738
55531.029297031004	2000.0	1127.0588938224455	0.0	0	0.0	1658.0881908534866	1	0	1	2.6798711582434738
56502.41294111325	2000.0	1155.6752497401944	0.0	0	0.0	1658.0881908534866	1	0	1	2.6798711582434738
57231.35795540827	2000.0	1426.730235445187	0.0	0	0.0	1658.0881908534866	1	0	1	2.6798711582434738
58200.0	2000.0	1458.088190853456	0.0	0	356.47931206333305	1658.0881908534866	1	0	1	2.6798711582434738
59200.0	2000.0	1458.0881908534634	0.0	0	431.16052534384653	1658.0881908534939	1	0	1	2.6798711582434724
60707.82379972316	3000.0	950.2643911303074	0.0	0	0.0	1658.0881908534939	1	0	1	2.8826037122975547
61286.77580729132	1000.0	1371.312383562151	0.0	0	0.0	1658.0881908534939	1	0	1	0.5415380987354451
62200.0	2000.0	1458.0881908534693	0.0	0	16.877780562186672	1658.0881908535011	1	0	1	1.9867239776835268
63200.0	2000.0	1458.0881908534675	0.0	0	80.20388691527478	1658.0881908535011	1	0	1	2.679871158243472
64693.92079428054	2000.0	964.1673965729279	0.0	0	0.0	1658.0881908535011	1	0	1	2.679871158243472
65287.15437006238	1000.0	1370.9338207910876	0.0	0	0.0	1658.0881908535084	1	0	1	0.9470032068436082
66680.49328968089	2000.0	977.5949011725814	0.0	0	0.0	1658.0881908535084	1	0	1	1.9867239776835262
67498.79252272002	1000.0	1159.2956681334385	0.0	0	0.0	1658.0881908535084	1	0	1	0.9470032068436084
68200.0	1000.0	1458.0881908534566	0.0	0	71.54548514771159	1658.0881908534939	1	0	1	1.640150387403555
69200.0	1000.0	1458.0881908534454	0.0	0	286.07222520672076	1658.0881908534648	1	0	1	1.6401503874035575
70200.0	1000.0	1458.088190853422	0.0	0	459.76768068561796	1658.0881908534648	1	0	1	1.640150387403558
71200.0	1000.0	1458.0881908534334	0.0	0	281.59712170985586	1658.0881908534648	1	0	1	1.640150387403558
72200.0	1000.0	1458.0881908534384	0.0	0	447.7150799661031	1658.0881908534793	1	0	1	1.6401503874035563
73200.0	1000.0	1458.0881908534363	0.0	0	315.18907356867567	1658.0881908534793	1	0	1	1.6401503874035563
74200.0	1000.0	1458.088190853423	0.0	0	510.5994896736811	1658.0881908534793	1	0	1	1.6401503874035563
75200.0	2000.0	1458.0881908534348	0.0	0	173.5530322689592	1658.0881908534648	1	0	1	1.9867239776835306
76200.0	2000.0	1458.08819085343	0.0	0	67.49211204423045	1658.0881908534648	1	0	1	2.679871158243476
77200.0	2000.0	1458.088190853425	0.0	0	174.11234041805437	1658.0881908534793	1	0	1	2.6798711582434747
78377.27372930903	3000.0	1280.8144615444005	0.0	0	0.0	1658.0881908534939	1	0	1	2.8826037122975547
79960.16011510813	2000.0	697.9280757453105	0.0	0	0.0	1658.0881908534793	1	0	1	2.2744060501353096
80320.86472671434	1000.0	1337.2234641390944	0.0	0	0.0	1658.0881908534793	1	0	1	0.9470032068436112
81457.88943291201	2000.0	1200.19875794143	0.0	0	0.0	1658.0881908534793	1	0	1	1.986723977683529
82200.0	1000.0	1458.0881908534334	0.0	0	182.37330740311882	1658.0881908534793	1	0	1	0.9470032068436112
83305.3465934574	2000.0	1352.7415973960308	0.0	0	0.0	1658.0881908534648	1	0	1	1.9867239776835306
84258.51627805733	2000.0	1399.571912796108	0.0	0	0.0	1658.0881908534648	1	0	1	2.679871158243476
85200.0	2000.0	1458.0881908534295	0.0	0	245.4908419066487	1658.0881908534648	1	0	1	2.679871158243476
86200.0	2000.0	1458.0881908534254	0.0	0	81.30384701956064	1658.0881908534648	1	0	1	2.679871158243476
87200.0	2000.0	1458.0881908534323	0.0	0	124.06403596386372	1658.0881908534648	1	0	1	2.679871158243476
88560.81640948719	3000.0	1097.2717813662334	0.0	0	0.0	1658.0881908534648	1	0	1	2.8826037122975583
89289.29204324818	2000.0	1368.7961476052592	0.0	0	0.0	1658.0881908534793	1	0	1	2.2744060501353096
90200.0	2000.0	1458.0881908534436	0.0	0	84.06217937324254	1658.0881908534793	1	0	1	2.679871158243474
91934.28952180286	3000.0	723.7986690505708	0.0	0	0.0	1658.0881908534648	1	0	1	2.8826037122975583
92301.44337555299	1000.0	1356.6448153004349	0.0	0	0.0	1658.0881908534793	1	0	1	0.5415380987354466
93200.0	2000.0	1458.0881908534225	0.0	0	189.2838479547063	1658.0881908534793	1	0	1	1.986723977683529
94237.92531442568	2000.0	1420.1628764277534	0.0	0	0.0	1658.0881908534939	1	0	1	2.6798711582434724
95474.57477791875	3000.0	1183.513412934691	0.0	0	0.0	1658.0881908535084	1	0	1	2.882603712297554
96485.53257601908	2000.0	1172.555614834368	0.0	0	0.0	1658.0881908534939	1	0	1	2.274406050135308
97949.37016749317	2000.0	708.7180233602858	0.0	0	0.0	1658.0881908535084	1	0	1	2.6798711582434716
98865.11564849377	1000.0	792.9725423596715	0.0	0	0.0	1658.0881908534939	1	0	1	0.9470032068436098
99317.9992270807	1000.0	1340.0889637727375	0.0	0	0.0	1658.0881908534939	1	0	1	1.640150387403555
100200.0	1000.0	1458.0881908534386	0.0	0	450.17806900695723	1658.0881908534939	1	0	1	1.640150387403555
101200.0	2000.0	1458.08819085343	0.0	0	203.0027973260003	1658.0881908534939	1	0	1	1.9867239776835275
102200.0	2000.0	1458.0881908534209	0.0	0	71.64181207113143	1658.0881908534939	1	0	1	2.6798711582434724
103200.0	2000.0	1458.0881908534097	0.0	0	357.0411053882417	1658.0881908534939	1	0	1	2.6798711582434724
104854.7565901824	3000.0	803.3316006710129	0.0	0	0.0	1658.0881908534939	1	0	1	2.8826037122975547
105555.84941502943	1000.0	1102.238775823987	0.0	0	0.0	1658.0881908534939	1	0	1	0.5415380987354451
107013.84820767834	2000.0	644.2399831750804	0.0	0	0.0	1658.0881908535084	1	0	1	1.9867239776835262
107535.77679897576	1000.0	1122.3113918776876	0.0	0	0.0	1658.0881908535084	1	0	1	0.9470032068436082
108200.0	1000.0	1458.0881908534395	0.0	0	202.4360785457393	1658.088190853523	1	0	1	1.640150387403552
109200.0	1000.0	1458.088190853453	0.0	0	631.6367083494988	1658.088190853523	1	0	1	1.640150387403552
110200.0	2000.0	1458.0881908534511	0.0	0	215.23255689251528	1658.0881908535084	1	0	1	1.9867239776835262
111200.56492951915	2000.0	1457.5232613342957	0.0	0	0.0	1658.0881908535084	1	0	1	2.6798711582434716
112361.95637574952	3000.0	1296.1318151039447	0.0	0	0.0	1658.0881908535084	1	0	1	2.882603712297554
113335.87293179249	2000.0	1322.2152590609767	0.0	0	0.0	1658.0881908535084	1	0	1	2.274406050135307
114811.29974216632	2000.0	846.7884486871535	0.0	0	0.0	1658.0881908535084	1	0	1	2.6798711582434716
115228.92442102838	1000.0	1429.1637698250836	0.0	0	0.0	1658.0881908535084	1	0	1	0.9470032068436082
116393.10531454618	2000.0	1264.9828763072971	0.0	0	0.0	1658.0881908535084	1	0	1	1.9867239776835262
117200.0	1000.0	1458.0881908534818	0.0	0	370.9056526899658	1658.0881908535084	1	0	1	0.9470032068436082
118200.0	2000.0	1458.088190853486	0.0	0	218.95065759975114	1658.0881908535084	1	0	1	1.9867239776835262
119200.0	2000.0	1458.0881908534902	0.0	0	115.39724818021932	1658.088190853523	1	0	1	2.6798711582434698
120518.52996730148	2000.0	1139.5582235520071	0.0	0	0.0	1658.088190853523	1	0	1	2.6798711582434698
121200.0	1000.0	1458.0881908534752	0.0	0	128.8859784819797	1658.088190853523	1	0	1	0.9470032068436067
122200.0	1000.0	1458.0881908534789	0.0	0	447.9250793703104	1658.088190853523	1	0	1	1.640150387403552
123200.0	1000.0	1458.0881908534623	0.0	0	656.7495720127772	1658.088190853523	1	0	1	1.640150387403552
124200.0	2000.0	1458.0881908534536	0.0	0	233.51581363497826	1658.088190853523	1	0	1	1.9867239776835246
125487.64316036584	2000.0	1170.4450304876166	0.0	0	0.0	1658.088190853523	1	0	1	2.6798711582434698
126271.47990198237	1000.0	1386.608288871082	0.0	0	0.0	1658.088190853523	1	0	1	0.9470032068436067
127505.1948410002	2000.0	1152.8933498532544	0.0	0	0.0	1658.088190853523	1	0	1	1.9867239776835246
128203.54500245214	1000.0	1454.5431884013014	0.0	0	0.0	1658.0881908535084	1	0	1	0.9470032068436082
129200.0	1000.0	1458.088190853427	0.0	0	427.8184422673803	1658.0881908535084	1	0	1	1.6401503874035535
130200.0	1000.0	1458.0881908534443	0.0	0	587.8922469460958	1658.0881908535084	1	0	1	1.6401503874035535
131288.4105633577	2000.0	1369.6776274957433	0.0	0	0.0	1658.0881908535084	1	0	1	1.9867239776835262
132417.65973535037	2000.0	1240.4284555030865	0.0	0	0.0	1658.0881908535375	1	0	1	2.6798711582434693
134080.17626394768	2000.0	577.9119269057575	0.0	0	0.0	1658.0881908535375	1	0	1	2.6798711582434684
134488.6716355875	500.0	1169.4165552659356	0.0	0	0.0	1658.0881908535084	1	0	1	-0.7858647445562552
135200.0	1000.0	1458.0881908534159	0.0	0	56.980161187180784	1658.0881908535084	1	0	1	0.947003206843608
136200.0	1000.0	1458.0881908533993	0.0	0	514.270703585149	1658.0881908534793	1	0	1	1.640150387403555
137200.0	2000.0	1458.0881908534147	0.0	0	134.66080438165227	1658.0881908535084	1	0	1	1.9867239776835262
138200.0	1000.0	1458.0881908534448	0.0	0	251.532697768067	1658.0881908535084	1	0	1	0.9470032068436082
139200.0	1000.0	1458.08819085341	0.0	0	475.5422466416203	1658.0881908534793	1	0	1	1.6401503874035563
140200.0	1000.0	1458.0881908533952	0.0	0	553.2413141947472	1658.0881908534502	1	0	1	1.6401503874035581
141200.0	1000.0	1458.0881908533795	0.0	0	573.1534199003654	1658.088190853421	1	0	1	1.640150387403561
142200.0	1000.0	1458.0881908533809	0.0	0	456.2922672883724	1658.088190853421	1	0	1	1.6401503874035623
143200.0	1000.0	1458.0881908533702	0.0	0	393.8693851623684	1658.088190853392	1	0	1	1.640150387403564
144200.0	1000.0	1458.0881908533645	0.0	0	369.18147543724626	1658.088190853392	1	0	1	1.640150387403565
145200.0	2000.0	1458.0881908533802	0.0	0	142.53752404850093	1658.088190853392	1	0	1	1.986723977683538
146200.0	2000.0	1458.0881908533772	0.0	0	312.2792545282864	1658.088190853421	1	0	1	2.67987115824348
147831.9681954059	2000.0	826.1199954474811	0.0	0	0.0	1658.088190853421	1	0	1	2.67987115824348
148200.0	1000.0	1458.0881908533563	0.0	0	58.882534401258454	1658.088190853421	1	0	1	0.947003206843617
149688.17300810778	3000.0	969.9151827455217	0.0	0	0.0	1658.088190853421	1	0	1	2.1894565317376173
150260.25436072866	1000.0	1397.8338301246386	0.0	0	0.0	1658.088190853421	1	0	1	0.5415380987354523
151363.76239997044	2000.0	1294.3257908828948	0.0	0	0.0	1658.0881908534502	1	0	1	1.986723977683532
152200.0	2000.0	1458.0881908533079	0.0	0	150.0450221337378	1658.088190853421	1	0	1	2.67987115824348
153747.1350493909	3000.0	910.9531414624423	0.0	0	0.0	1658.088190853421	1	0	1	2.8826037122975623
154244.76408474825	1000.0	1413.3241061051108	0.0	0	0.0	1658.088190853421	1	0	1	0.5415380987354523
155849.78610807605	2000.0	808.3020827772968	0.0	0	0.0	1658.088190853421	1	0	1	1.9867239776835346
156382.1787085324	1000.0	1275.9094823209623	0.0	0	0.0	1658.0881908534502	1	0	1	0.9470032068436143
157200.0	2000.0	1458.0881908533909	0.0	0	19.032668498402927	1658.0881908534502	1	0	1	1.986723977683532
158200.0	2000.0	1458.0881908533925	0.0	0	400.1482000758697	1658.0881908534502	1	0	1	2.679871158243477
159200.0	2000.0	1458.0881908533888	0.0	0	464.4091338071157	1658.0881908534502	1	0	1	2.679871158243477
160454.4975346006	2000.0	1203.5906562527746	0.0	0	0.0	1658.088190853421	1	0	1	2.67987115824348
162143.0724286137	2000.0	515.015762239676	0.0	0	0.0	1658.088190853421	1	0	1	2.679871158243479
162787.04013590247	1000.0	871.0480549509354	0.0	0	0.0	1658.0881908534502	1	0	1	0.9470032068436143
163432.32882833263	1000.0	1225.7593625207955	0.0	0	0.0	1658.0881908534502	1	0	1	1.6401503874035595
164218.3597111465	1000.0	1439.7284797069185	0.0	0	0.0	1658.088190853421	1	0	1	1.6401503874035623
165200.0	1000.0	1458.0881908534209	0.0	0	124.7261647368723	1658.088190853421	1	0	1	1.6401503874035623
166200.0	2000.0	1458.0881908534143	0.0	0	142.56601318280445	1658.0881908534502	1	0	1	1.986723977683532
167200.0	1000.0	1458.0881908534245	0.0	0	552.9854185374279	1658.0881908534502	1	0	1	0.9470032068436143
168200.0	2000.0	1458.0881908534052	0.0	0	272.51791747144307	1658.088190853421	1	0	1	1.9867239776835346
169200.0	2000.0	1458.0881908534332	0.0	0	190.12103231769288	1658.0881908534502	1	0	1	2.6798711582434773
171038.903559382	2000.0	619.1846314714679	0.0	0	0.0	1658.0881908534502	1	0	1	2.679871158243477
171758.14340312342	1000.0	899.9447877300805	0.0	0	0.0	1658.0881908534502	1	0	1	0.9470032068436143
172293.7334518378	1000.0	1364.3547390157075	0.0	0	0.0	1658.0881908534502	1	0	1	1.6401503874035595
173200.0	1000.0	1458.0881908535077	0.0	0	572.9970594074694	1658.0881908534793	1	0	1	1.6401503874035575
174200.0	1000.0	1458.0881908535396	0.0	0	551.2925135484547	1658.0881908534793	1	0	1	1.6401503874035563
175200.0	2000.0	1458.0881908535373	0.0	0	250.07141832140042	1658.0881908534793	1	0	1	1.9867239776835302
176409.444423881	2000.0	1248.643766972492	0.0	0	0.0	1658.0881908534502	1	0	1	2.679871158243477
177666.5734619726	2000.0	991.5147288808962	0.0	0	0.0	1658.0881908534793	1	0	1	2.6798711582434764
178207.99175012318	1000.0	1450.0964407303534	0.0	0	0.0	1658.0881908534793	1	0	1	0.9470032068436112
179200.0	2000.0	1458.0881908535548	0.0	0	198.57572351233102	1658.0881908534793	1	0	1	1.986723977683529
180200.0	1000.0	1458.0881908535616	0.0	0	424.370692588127	1658.0881908534793	1	0	1	0.9470032068436101
181200.0	1000.0	1458.0881908535468	0.0	0	451.4037383617251	1658.0881908534502	1	0	1	1.6401503874035581
182200.0	2000.0	1458.088190853554	0.0	0	317.76495056354906	1658.0881908534502	1	0	1	1.986723977683532
183222.85388289945	2000.0	1435.234307954104	0.0	0	0.0	1658.0881908534502	1	0	1	2.679871158243477
184200.0	2000.0	1458.0881908535646	0.0	0	208.78486446730676	1658.0881908534502	1	0	1	2.679871158243477
185200.0	2000.0	1458.0881908535855	0.0	0	104.58143753136392	1658.0881908534502	1	0	1	2.679871158243477
186281.45918043217	3000.0	1376.629010421459	0.0	0	0.0	1658.0881908534502	1	0	1	2.882603712297559
187368.14737652705	3000.0	1289.9408143265591	0.0	0	0.0	1658.0881908534502	1	0	1	3.288068820405724
188200.0	2000.0	1458.0881908536296	0.0	0	4.517927873734152	1658.0881908534502	1	0	1	2.2744060501353123
189200.0	2000.0	1458.0881908536358	0.0	0	178.34509749908466	1658.0881908534502	1	0	1	2.679871158243477
190200.0	2000.0	1458.0881908536223	0.0	0	166.6361009212851	1658.0881908534502	1	0	1	2.679871158243477
191200.0	2000.0	1458.0881908536248	0.0	0	46.02505433035549	1658.088190853421	1	0	1	2.67987115824348
192296.41114837283	2000.0	1361.677042480763	0.0	0	0.0	1658.088190853421	1	0	1	2.67987115824348
193200.0	2000.0	1458.0881908536187	0.0	0	149.23932283607428	1658.088190853421	1	0	1	2.67987115824348
194200.0	2000.0	1458.0881908536214	0.0	0	283.0393887038517	1658.088190853421	1	0	1	2.67987115824348
195200.0	2000.0	1458.0881908536348	0.0	0	186.87665637859027	1658.088190853421	1	0	1	2.67987115824348
196991.4374597864	3000.0	666.6507310672471	0.0	0	0.0	1658.088190853421	1	0	1	2.8826037122975623
197527.28286560875	1000.0	1130.805325244911	0.0	0	0.0	1658.088190853421	1	0	1	0.5415380987354523
198200.0	1000.0	1458.0881908536899	0.0	0	299.1582616198284	1658.0881908534502	1	0	1	1.6401503874035595
199200.0	2000.0	1458.0881908536842	0.0	0	197.2855408002215	1658.0881908534793	1	0	1	1.986723977683529
200200.0	2000.0	1458.088190853691	0.0	0	48.186490806838265	1658.0881908535084	1	0	1	2.6798711582434724
201334.07005442955	2000.0	1324.0181364241314	0.0	0	0.0	1658.0881908535084	1	0	1	2.6798711582434716
202200.0	2000.0	1458.0881908536874	0.0	0	36.52233520511072	1658.0881908535084	1	0	1	2.6798711582434716
203868.35674055613	3000.0	789.731450297516	0.0	0	0.0	1658.0881908535084	1	0	1	2.882603712297554
204381.46619742297	1000.0	1276.6219934306469	0.0	0	0.0	1658.0881908535084	1	0	1	0.5415380987354436
205322.84253537314	2000.0	1335.2456554804692	0.0	0	0.0	1658.0881908535084	1	0	1	1.9867239776835262
206200.0	2000.0	1458.088190853617	0.0	0	81.02722496105707	1658.0881908535375	1	0	1	2.6798711582434684
207200.0	2000.0	1458.0881908535985	0.0	0	219.44106956655742	1658.0881908535375	1	0	1	2.6798711582434684
208200.0	2000.0	1458.0881908536148	0.0	0	194.5984931323619	1658.0881908535375	1	0	1	2.6798711582434684
209843.37321648453	3000.0	814.7149743690999	0.0	0	0.0	1658.0881908535666	1	0	1	2.8826037122975494
210276.40232300348	1000.0	1381.6858678501408	0.0	0	0.0	1658.0881908535957	1	0	1	0.5415380987354349
211269.7203390826	2000.0	1388.3678517710343	0.0	0	0.0	1658.0881908535957	1	0	1	1.9867239776835173
212432.7158145525	2000.0	1225.372376301099	0.0	0	0.0	1658.0881908535666	1	0	1	2.679871158243465
213501.976822007	2000.0	1156.1113688466194	0.0	0	0.0	1658.0881908535666	1	0	1	2.6798711582434653
214200.0	1000.0	1458.0881908536246	0.0	0	52.430424760939786	1658.0881908535375	1	0	1	0.9470032068436054
215200.0	2000.0	1458.0881908536198	0.0	0	139.89709077365114	1658.0881908535375	1	0	1	1.9867239776835235
216200.0	2000.0	1458.0881908536226	0.0	0	76.85802156687714	1658.0881908535375	1	0	1	2.6798711582434684
217200.0	1000.0	1458.0881908536267	0.0	0	472.80225895141484	1658.0881908535666	1	0	1	0.9470032068436026
218200.0	1000.0	1458.08819085366	0.0	0	418.5239960993349	1658.0881908535666	1	0	1	1.6401503874035477
219200.0	1000.0	1458.0881908536792	0.0	0	534.6713881963515	1658.0881908535957	1	0	1	1.6401503874035461
220200.0	1000.0	1458.0881908537033	0.0	0	242.50756026635645	1658.0881908536248	1	0	1	1.6401503874035424
221200.0	1000.0	1458.0881908537006	0.0	0	441.74837546775234	1658.0881908536248	1	0	1	1.6401503874035417
222200.0	1000.0	1458.0881908536746	0.0	0	369.5219167980249	1658.0881908535957	1	0	1	1.6401503874035444
223200.0	1000.0	1458.0881908536855	0.0	0	645.7952141686983	1658.0881908535957	1	0	1	1.6401503874035448
224200.0	1000.0	1458.08819085367	0.0	0	661.4536988033506	1658.0881908535666	1	0	1	1.6401503874035477
225200.0	2000.0	1458.088190853647	0.0	0	258.72456650293316	1658.0881908535666	1	0	1	1.9867239776835202
226200.0	2000.0	1458.0881908536176	0.0	0	1.07548510239576	1658.0881908535666	1	0	1	2.6798711582434653
227200.0	2000.0	1458.0881908535944	0.0	0	326.42237818505964	1658.0881908535666	1	0	1	2.6798711582434653
229303.90467598717	3000.0	354.1835148664269	0.0	0	0.0	1658.0881908535666	1	0	1	2.8826037122975476
229560.27823695177	500.0	1097.8099539018208	0.0	0	0.0	1658.0881908535375	1	0	1	-1.1913298526644227
230463.20064138528	2000.0	1194.8875494682811	0.0	0	0.0	1658.0881908535375	1	0	1	1.293576797123578
231200.0	1000.0	1458.0881908535268	0.0	0	256.8413547720411	1658.0881908535666	1	0	1	0.9470032068436026
232268.1065241246	2000.0	1389.9816667289303	0.0	0	0.0	1658.0881908535375	1	0	1	1.9867239776835235
233213.5815904794	2000.0	1444.5066003741354	0.0	0	0.0	1658.0881908535375	1	0	1	2.6798711582434684
234200.0	2000.0	1458.0881908535393	0.0	0	276.5790468926716	1658.0881908535375	1	0	1	2.6798711582434684
235257.6143291703	2000.0	1400.4738616832444	0.0	0	0.0	1658.0881908535084	1	0	1	2.6798711582434716
236200.0	2000.0	1458.0881908535634	0.0	0	307.7972185848048	1658.0881908535084	1	0	1	2.6798711582434716
237501.35509631902	3000.0	1156.7330945345154	0.0	0	0.0	1658.0881908535084	1	0	1	2.882603712297554
238340.76489803955	2000.0	1317.32329281398	0.0	0	0.0	1658.0881908534793	1	0	1	2.2744060501353096
239200.0	2000.0	1458.088190853539	0.0	0	249.06408013627515	1658.0881908534793	1	0	1	2.679871158243474
240920.65234159745	3000.0	737.4358492560489	0.0	0	0.0	1658.0881908534793	1	0	1	2.8826037122975565
241253.64227562683	1000.0	1404.4459152266525	0.0	0	0.0	1658.0881908534793	1	0	1	0.5415380987354466
242384.4140233486	3000.0	1273.674167504869	0.0	0	0.0	1658.0881908534793	1	0	1	2.1894565317376116
243287.94259436105	2000.0	1370.145596492432	0.0	0	0.0	1658.0881908534502	1	0	1	2.2744060501353123
244711.94773875768	2000.0	946.140452095806	0.0	0	0.0	1658.0881908534502	1	0	1	2.679871158243477
245200.0	1000.0	1458.0881908534766	0.0	0	112.85007707873592	1658.0881908534502	1	0	1	0.9470032068436143
246200.9530193806	2000.0	1457.1351714728753	0.0	0	0.0	1658.088190853421	1	0	1	1.9867239776835346
247659.40988942355	2000.0	998.6783014299067	0.0	0	0.0	1658.0881908534502	1	0	1	2.679871158243477
248291.2755255474	1000.0	1366.812665306055	0.0	0	0.0	1658.0881908534502	1	0	1	0.9470032068436143
249200.0	1000.0	1458.0881908534284	0.0	0	525.2587211717037	1658.0881908534502	1	0	1	1.6401503874035595
250200.0	2000.0	1458.0881908534534	0.0	0	370.7636136999063	1658.0881908534502	1	0	1	1.986723977683532
251200.0	2000.0	1458.0881908534748	0.0	0	147.2444473755313	1658.0881908534502	1	0	1	2.679871158243477
252200.0	2000.0	1458.0881908534504	0.0	0	44.80732610428822	1658.0881908534502	1	0	1	2.679871158243477
253470.5514483492	3000.0	1187.5367425042818	0.0	0	0.0	1658.0881908534793	1	0	1	2.8826037122975565
254362.16477272543	2000.0	1295.923418128039	0.0	0	0.0	1658.0881908535084	1	0	1	2.274406050135307
255481.20073276988	2000.0	1176.8874580835877	0.0	0	0.0	1658.0881908535084	1	0	1	2.6798711582434716
256224.60192016972	1000.0	1433.4862706837905	0.0	0	0.0	1658.0881908535084	1	0	1	0.9470032068436082
257200.0	1000.0	1458.0881908535116	0.0	0	421.28767349597183	1658.0881908535375	1	0	1	1.6401503874035517
258200.0	1000.0	1458.0881908535198	0.0	0	648.2982726310147	1658.0881908535084	1	0	1	1.6401503874035535
259200.0	1000.0	1458.0881908535546	0.0	0	604.3277890413883	1658.0881908535084	1	0	1	1.6401503874035535
260200.0	2000.0	1458.0881908535334	0.0	0	390.7807823315379	1658.0881908535084	1	0	1	1.9867239776835275
261240.63593253048	2000.0	1417.4522583230585	0.0	0	0.0	1658.0881908535375	1	0	1	2.6798711582434684
262798.6663525998	3000.0	859.4218382537208	0.0	0	0.0	1658.0881908535084	1	0	1	2.882603712297554
263423.7025437981	1000.0	1234.3856470555013	0.0	0	0.0	1658.0881908535375	1	0	1	0.541538098735443
264200.0	1000.0	1458.0881908536114	0.0	0	32.49949306831695	1658.0881908535957	1	0	1	1.6401503874035448
265200.0	1000.0	1458.0881908535544	0.0	0	456.2026276527322	1658.0881908535375	1	0	1	1.6401503874035483
266200.0	1000.0	1458.0881908535346	0.0	0	504.0281454656506	1658.0881908535375	1	0	1	1.6401503874035506
267200.0	1000.0	1458.0881908535157	0.0	0	476.5503488032846	1658.0881908535375	1	0	1	1.6401503874035506
268200.0	1000.0	1458.0881908535393	0.0	0	432.4152723682928	1658.0881908535375	1	0	1	1.6401503874035506
269443.9527115212	2000.0	1214.1354793324003	0.0	0	0.0	1658.0881908534793	1	0	1	1.986723977683529
270200.1782725815	1000.0	1457.9099182721054	0.0	0	0.0	1658.0881908534793	1	0	1	0.9470032068436112
271200.0	1000.0	1458.0881908535712	0.0	0	441.1811192241148	1658.0881908534793	1	0	1	1.6401503874035563
272200.0	1000.0	1458.0881908535018	0.0	0	541.0834274291992	1658.088190853421	1	0	1	1.6401503874035601
273514.63276786974	2000.0	1143.4554229837763	0.0	0	0.0	1658.088190853421	1	0	1	1.9867239776835346
274287.1830066393	1000.0	1370.905184214274	0.0	0	0.0	1658.088190853421	1	0	1	0.947003206843617
275200.0	2000.0	1458.0881908535694	0.0	0	28.009980409871787	1658.088190853421	1	0	1	1.9867239776835346
276200.0	2000.0	1458.088190853532	0.0	0	113.67222613259219	1658.088190853421	1	0	1	2.67987115824348
277200.0	2000.0	1458.088190853451	0.0	0	16.882249778311234	1658.088190853421	1	0	1	2.67987115824348
278200.0	1000.0	1458.088190853542	0.0	0	580.5244865169516	1658.0881908535375	1	0	1	0.9470032068436077
279200.0	1000.0	1458.0881908535757	0.0	0	451.55119031551294	1658.0881908535375	1	0	1	1.6401503874035506
280200.0	2000.0	1458.0881908535741	0.0	0	223.85279067017836	1658.0881908535375	1	0	1	1.9867239776835235
281345.865216273	2000.0	1312.2229745805118	0.0	0	0.0	1658.0881908535375	1	0	1	2.6798711582434684
282883.61693890445	2000.0	774.4712519490777	0.0	0	0.0	1658.0881908535957	1	0	1	2.6798711582434627
283744.7532452004	1000.0	913.3349456530584	0.0	0	0.0	1658.0881908535375	1	0	1	0.9470032068436018
284309.36205291236	1000.0	1348.7261379410409	0.0	0	0.0	1658.0881908534793	1	0	1	1.6401503874035563
285200.0	1000.0	1458.088190853438	0.0	0	340.92260166822234	1658.0881908534793	1	0	1	1.6401503874035563
286200.0	1000.0	1458.088190853378	0.0	0	386.5987264061696	1658.0881908534793	1	0	1	1.6401503874035563
287267.89136865834	2000.0	1390.1968221950892	0.0	0	0.0	1658.0881908534793	1	0	1	1.986723977683529
288200.0	1000.0	1458.088190853368	0.0	0	241.76543431112077	1658.0881908534793	1	0	1	0.9470032068436112
289200.0	1000.0	1458.0881908533613	0.0	0	444.5731627402711	1658.0881908534793	1	0	1	1.6401503874035563
290200.0	1000.0	1458.0881908533502	0.0	0	344.7087550156284	1658.0881908534793	1	0	1	1.6401503874035563
291200.0	1000.0	1458.0881908533772	0.0	0	478.37328817282105	1658.0881908534793	1	0	1	1.6401503874035563
292717.97940591647	2000.0	940.1087849368662	0.0	0	0.0	1658.0881908535375	1	0	1	1.986723977683528
293200.0	1000.0	1458.0881908533252	0.0	0	117.46169603866292	1658.0881908534793	1	0	1	0.9470032068436112
294200.0	2000.0	1458.0881908533665	0.0	0	369.5225311272661	1658.0881908534793	1	0	1	1.986723977683529
295440.3732803865	2000.0	1217.7149104668906	0.0	0	0.0	1658.0881908535375	1	0	1	2.6798711582434684
296757.78987398295	2000.0	900.2983168704525	0.0	0	0.0	1658.0881908535375	1	0	1	2.6798711582434684
297200.0	1000.0	1458.0881908533988	0.0	0	90.32635678455699	1658.0881908535375	1	0	1	0.9470032068436054
298821.0734958855	3000.0	837.0146949679022	0.0	0	0.0	1658.0881908535375	1	0	1	2.1894565317376053
299281.670333517	1000.0	1376.4178573363536	0.0	0	0.0	1658.0881908534793	1	0	1	0.5415380987354466
300200.0	2000.0	1458.0881908534059	0.0	0	151.5650530256098	1658.0881908534793	1	0	1	1.986723977683529
301200.0	2000.0	1458.0881908533481	0.0	0	34.93646202451782	1658.0881908534793	1	0	1	2.679871158243474
302427.56677747593	3000.0	1230.5214133774548	0.0	0	0.0	1658.0881908534793	1	0	1	2.8826037122975565
303553.20466733485	2000.0	1104.8835235185056	0.0	0	0.0	1658.0881908534793	1	0	1	2.2744060501353096
304833.092520614	2000.0	824.9956702393591	0.0	0	0.0	1658.0881908534793	1	0	1	2.679871158243474
305266.256473195	1000.0	1391.8317176583137	0.0	0	0.0	1658.0881908534793	1	0	1	0.9470032068436112
306250.48405370675	2000.0	1407.604137146481	0.0	0	0.0	1658.088190853421	1	0	1	1.9867239776835346
307200.0	2000.0	1458.088190853274	0.0	0	256.04740472941194	1658.088190853421	1	0	1	2.67987115824348
308200.0	2000.0	1458.0881908532265	0.0	0	217.76293839863501	1658.088190853363	1	0	1	2.6798711582434858
309200.0	2000.0	1458.0881908532153	0.0	0	139.38918995438144	1658.088190853363	1	0	1	2.6798711582434858
311550.7335698486	3000.0	200.0	92.64537899535105	0	0.0	1750.7335698487004	1	0	1	2.3247667280798336
1.32	1.61	1.83	1.45	1.7	2.49	2.62	2.18	1.67	0.72	1.48	2.54	3.13	2.66	1.48	1.68	1.95	1.81	2.13	2.0	2.37	2.31	2.35	2.55	3.53	2.42	1.93	1.92	1.77	2.43	2.33	2.06	2.85	2.27	3.48	1.29	1.58	2.55	2.88	1.51	2.62	2.4	2.18	1.92	2.15	2.48	3.34	2.36	1.11	2.41	3.04	1.39	1.9	2.09	1.85	1.7	1.37	2.06	1.83	1.67	1.38	2.35	2.66	3.02	2.12	2.22	2.37	1.22	2.37	1.66	2.12	2.68	2.39	2.53	2.14	3.12	1.84	3.41	2.55	1.98	2.63	2.71	2.07	1.85	2.51	1.84	1.12	1.98	2.72	3.3	2.85	1.73	2.17	1.85	1.31	1.73	2.49	2.95	3.65	2.19	1.95	1.96	1.29	2.03	2.36	2.0	1.97	1.56	1.42	1.81	3.5	2.34	1.78	1.76	1.67	1.71	1.77	2.53	2.49	2.25	1.93	1.38	1.39	1.88	1.75	1.66	1.71	2.25	1.68	2.0	2.07	1.24	3.23	2.47	1.74	1.01	3.13	2.22	2.46	2.26	2.58	2.39	1.88	1.09	2.25	2.63	3.43	2.32	2.06	1.22	1.32	1.61	1.83	1.45	1.7	2.49	2.62	2.18	1.67	0.72	1.48	2.54	3.13	2.66	1.48	1.68	1.95	1.81	2.13	2.0	2.37	2.31	2.35	2.55	3.53	2.42	1.93	1.92	1.77	2.43	2.33	2.06	2.85	2.27	3.48	1.29	1.58	2.55	2.88	1.51	2.62	2.4	2.18	1.92	2.15	2.48	3.34	2.36	1.11	2.41	3.04	1.39	1.9	2.09	1.85	1.7	1.37	2.06	1.83	1.67	1.38	2.35	2.66	3.02	2.12	2.22	2.37	1.22	2.37	1.66	2.12	2.68	2.39	2.53	2.14	3.12	1.84	3.41	2.55	1.98	2.63	2.71	2.07	1.85	2.51	1.84	1.12	1.98	2.72	3.3	2.85	1.73	2.17	1.85	1.31	1.73	2.49	2.95	3.65	2.19	1.95	1.96	1.29	2.03	2.36	2.0	1.97	1.56	1.42	1.81	3.5	2.34	1.78	1.76	1.67	1.71	1.77	2.53	2.49	2.25	1.93	1.38	1.39	1.88	1.75	1.66	1.71	2.25	1.68	2.0	2.07	1.24	3.23	2.47	1.74	1.01	3.13	2.22	2.46	2.26	2.58	2.39	1.88	1.09	2.25	2.63	3.43	2.32	2.06	1.22	1.32	1.61	1.83	1.45	1.7	2.49	2.62	2.18	1.67	0.72	1.48	2.54
1.0	2.0	3.0	4.0	5.0	6.0	7.0	8.0	9.0	10.0	11.0	12.0	13.0	14.0	15.0	16.0	17.0	18.0	19.0	20.0	21.0	22.0	23.0	24.0	25.0	26.0	27.0	28.0	29.0	30.0	31.0	32.0	33.0	34.0	35.0	36.0	37.0	38.0	39.0	40.0	41.0	42.0	43.0	44.0	45.0	46.0	47.0	48.0	49.0	50.0	51.0	52.0	53.0	54.0	55.0	56.0	57.0	58.0	59.0	60.0	61.0	62.0	63.0	64.0	65.0	66.0	67.0	68.0	69.0	70.0	71.0	72.0	73.0	74.0	75.0	76.0	77.0	78.0	79.0	80.0	81.0	82.0	83.0	84.0	85.0	86.0	87.0	88.0	89.0	90.0	91.0	92.0	93.0	94.0	95.0	96.0	97.0	98.0	99.0	100.0	101.0	102.0	103.0	104.0	105.0	106.0	107.0	108.0	109.0	110.0	111.0	112.0	113.0	114.0	115.0	116.0	117.0	118.0	119.0	120.0	121.0	122.0	123.0	124.0	125.0	126.0	127.0	128.0	129.0	130.0	131.0	132.0	133.0	134.0	135.0	136.0	137.0	138.0	139.0	140.0	141.0	142.0	143.0	144.0	145.0	146.0	147.0	148.0	149.0	149.0	150.0	151.0	152.0	153.0	154.0	155.0	156.0	157.0	158.0	159.0	160.0	161.0	162.0	163.0	164.0	165.0	166.0	167.0	168.0	169.0	170.0	171.0	172.0	173.0	174.0	175.0	176.0	177.0	178.0	179.0	180.0	181.0	182.0	183.0	184.0	185.0	186.0	187.0	188.0	189.0	190.0	191.0	192.0	193.0	194.0	195.0	196.0	197.0	198.0	199.0	200.0	201.0	202.0	203.0	204.0	205.0	206.0	207.0	208.0	209.0	210.0	211.0	212.0	213.0	214.0	215.0	216.0	217.0	218.0	219.0	220.0	221.0	222.0	223.0	224.0	225.0	226.0	227.0	228.0	229.0	230.0	231.0	232.0	233.0	234.0	235.0	236.0	237.0	238.0	239.0	240.0	241.0	242.0	243.0	244.0	245.0	246.0	247.0	248.0	249.0	250.0	251.0	252.0	253.0	254.0	255.0	256.0	257.0	258.0	259.0	260.0	261.0	262.0	263.0	264.0	265.0	266.0	267.0	268.0	269.0	270.0	271.0	272.0	273.0	274.0	275.0	276.0	277.0	278.0	279.0	280.0	281.0	282.0	283.0	284.0	285.0	286.0	287.0	288.0	289.0	290.0	291.0	292.0	293.0	294.0	295.0	296.0	297.0	298.0	298.0	299.0	300.0	301.0	302.0	303.0	304.0	305.0	306.0	307.0	308.0	309.0	310.0
2388.2461205453073
