2679.7822116108932	300.0	2000.0	112.14562739927042	0	0.0	2679.7822116108932	1	0	1	-0.9389026543094382
5200.0	3000.0	379.7999999999998	0.0	0	192.9737981618564	579.7999999999993	1	0	2	0.6899258552920638
6200.0	1000.0	2479.7999999999993	0.0	0	722.1761858995706	2679.799999999999	1	0	0	0.043366917820794326
9200.0	3000.0	379.8000000000022	0.0	0	361.92476925365554	579.8000000000029	1	0	2	1.6935058301847576
10200.0	1000.0	2479.800000000004	0.0	0	509.51461810541696	2679.8000000000047	1	0	0	0.043287278543725216
13867.14352925176	6000.0	200.0	503.6889837972103	0	0.0	1067.14352925176	1	0	2	-1.0303060160589324
14200.0	500.0	2900.429176326584	0.0	0	175.1720155113053	3100.4291763265846	1	0	0	-2.42694228995082
17200.0	3000.0	800.4291763265874	0.0	0	36.53253605068676	1000.4291763265883	1	0	2	0.9591306870824923
18200.0	2000.0	2900.4291763265896	0.0	0	442.42841778414004	3100.4291763265883	1	0	0	1.7339876493932347
22081.27654221218	6000.0	200.0	335.4318364607376	0	0.0	1281.2765422121774	1	0	2	0.663793232254859
22281.774237802852	500.0	999.5023044093323	0.0	0	0.0	1281.2765422121774	1	0	1	-2.046795868360232
23200.0	2000.0	1081.2765422121838	0.0	0	115.71933145969524	1281.2765422121738	1	0	1	1.3312579619877143
24200.0	2000.0	1081.2765422121818	0.0	0	371.98388341225655	1281.2765422121738	1	0	1	2.717552323107605
25200.0	2000.0	1081.2765422121813	0.0	0	125.31331004814638	1281.2765422121738	1	0	1	2.717552323107605
26200.0	2000.0	1081.2765422121824	0.0	0	258.7588360946611	1281.2765422121738	1	0	1	2.717552323107605
27213.814763030707	3000.0	1067.461779181478	0.0	0	0.0	1281.2765422121774	1	0	1	2.920284877161687
28200.0	3000.0	1081.2765422121834	0.0	0	98.65526068868348	1281.276542212181	1	0	1	3.3257499852698515
29200.0	3000.0	1081.2765422121824	0.0	0	227.15285856698756	1281.276542212181	1	0	1	3.3257499852698515
30200.0	3000.0	1081.2765422121856	0.0	0	16.611274458173284	1281.2765422121847	1	0	1	3.3257499852698507
31200.0	3000.0	1081.2765422121897	0.0	0	260.9222142874278	1281.2765422121847	1	0	1	3.3257499852698507
32200.0	3000.0	1081.276542212191	0.0	0	263.43109346777055	1281.2765422121847	1	0	1	3.3257499852698507
33405.204448283	3000.0	876.0720939291814	0.0	0	0.0	1281.2765422121738	1	0	1	3.3257499852698515
34200.0	2000.0	1081.276542212187	0.0	0	202.39794017659733	1281.2765422121738	1	0	1	2.3120872149994396
35200.0	3000.0	1081.2765422121852	0.0	0	80.80736383915792	1281.2765422121738	1	0	1	2.9202848771616874
36200.0	3000.0	1081.2765422121965	0.0	0	336.7608264248847	1281.2765422121738	1	0	1	3.325749985269852
37200.0	3000.0	1081.2765422122043	0.0	0	356.0542283083996	1281.2765422121738	1	0	1	3.325749985269852
38222.2225552683	3000.0	1059.0539869439053	0.0	0	0.0	1281.2765422121738	1	0	1	3.325749985269852
39200.0	3000.0	1081.2765422122015	0.0	0	13.634872403214104	1281.2765422121738	1	0	1	3.325749985269852
40200.0	3000.0	1081.2765422122015	0.0	0	37.43914485863934	1281.2765422121738	1	0	1	3.325749985269852
41200.0	3000.0	1081.2765422122015	0.0	0	475.3606210717844	1281.2765422121665	1	0	1	3.3257499852698524
42509.025313835264	3000.0	772.251228376939	0.0	0	0.0	1281.2765422121665	1	0	1	3.3257499852698524
43200.0	2000.0	1081.2765422121952	0.0	0	111.42269373407908	1281.2765422121665	1	0	1	2.312087214999441
44200.0	3000.0	1081.2765422121995	0.0	0	344.5477407657236	1281.2765422121665	1	0	1	2.920284877161688
45200.0	3000.0	1081.2765422122022	0.0	0	376.37982779662707	1281.2765422121665	1	0	1	3.3257499852698524
46200.0	3000.0	1081.2765422122093	0.0	0	308.1795811904085	1281.2765422121738	1	0	1	3.325749985269852
47200.0	3000.0	1081.276542212201	0.0	0	478.59599592026643	1281.2765422121738	1	0	1	3.325749985269852
48200.0	3000.0	1081.2765422121997	0.0	0	323.8017280657368	1281.276542212181	1	0	1	3.3257499852698515
49200.0	3000.0	1081.2765422121938	0.0	0	280.7586873818218	1281.2765422121738	1	0	1	3.325749985269852
50200.0	3000.0	1081.2765422121925	0.0	0	438.45713006100414	1281.2765422121738	1	0	1	3.325749985269852
51349.48029193471	3000.0	931.7962502774824	0.0	0	0.0	1281.276542212181	1	0	1	3.3257499852698515
52358.11879697013	3000.0	923.1577452420667	0.0	0	0.0	1281.276542212181	1	0	1	3.3257499852698515
53316.86627223672	3000.0	964.4102699754662	0.0	0	0.0	1281.2765422121738	1	0	1	3.325749985269852
54200.0	3000.0	1081.2765422121984	0.0	0	175.09853676318744	1281.2765422121738	1	0	1	3.325749985269852
55200.0	3000.0	1081.2765422122104	0.0	0	36.27475352575857	1281.2765422121738	1	0	1	3.325749985269852
56200.0	3000.0	1081.276542212216	0.0	0	329.07579245026136	1281.2765422121738	1	0	1	3.325749985269852
57200.0	3000.0	1081.2765422122166	0.0	0	81.54815396552294	1281.2765422121738	1	0	1	3.325749985269852
58227.3541543823	3000.0	1053.9223878299138	0.0	0	0.0	1281.2765422121738	1	0	1	3.325749985269852
59200.0	3000.0	1081.276542212208	0.0	0	269.1383733638795	1281.2765422121738	1	0	1	3.325749985269852
60200.0	3000.0	1081.2765422122036	0.0	0	116.04883787801373	1281.2765422121738	1	0	1	3.325749985269852
61254.096006639345	3000.0	1027.1805355728607	0.0	0	0.0	1281.276542212181	1	0	1	3.3257499852698515
62200.0	2000.0	1081.2765422122047	0.0	0	350.5382679933464	1281.2765422121884	1	0	1	2.3120872149994387
63289.03970183794	2000.0	992.2368403742767	0.0	0	0.0	1281.2765422121884	1	0	1	2.7175523231076033
64200.0	2000.0	1081.2765422122125	0.0	0	177.41657179075992	1281.2765422121884	1	0	1	2.7175523231076033
65200.0	2000.0	1081.2765422122052	0.0	0	351.8301274796395	1281.276542212181	1	0	1	2.7175523231076038
66200.0	2000.0	1081.2765422122118	0.0	0	26.284817337131244	1281.276542212181	1	0	1	2.7175523231076033
67200.0	2000.0	1081.2765422122152	0.0	0	418.671073443591	1281.2765422121884	1	0	1	2.7175523231076038
68200.0	2000.0	1081.276542212214	0.0	0	358.93874236968986	1281.2765422121738	1	0	1	2.717552323107605
69200.0	2000.0	1081.2765422122266	0.0	0	312.0258474196162	1281.2765422121884	1	0	1	2.7175523231076033
70200.0	2000.0	1081.2765422122118	0.0	0	404.3824962415092	1281.2765422121884	1	0	1	2.7175523231076033
71259.17504882092	2000.0	1022.101493391283	0.0	0	0.0	1281.2765422121884	1	0	1	2.717552323107604
72200.0	2000.0	1081.2765422121952	0.0	0	307.95819418873	1281.2765422121738	1	0	1	2.717552323107605
73200.0	2000.0	1081.2765422121938	0.0	0	385.35367013949144	1281.2765422121593	1	0	1	2.717552323107606
74200.0	2000.0	1081.2765422122056	0.0	0	323.48301137295493	1281.2765422121593	1	0	1	2.717552323107606
75200.0	2000.0	1081.2765422121822	0.0	0	481.351461164144	1281.2765422121447	1	0	1	2.7175523231076077
76200.0	2000.0	1081.2765422121836	0.0	0	560.8833494978171	1281.2765422121302	1	0	1	2.7175523231076095
77245.08784121032	3000.0	1036.1887010018665	0.0	0	127.50221875253192	1281.2765422121302	1	0	1	2.920284877161692
78232.11147115388	3000.0	1049.1650710582921	0.0	0	0.0	1281.2765422121302	1	0	1	3.3257499852698564
79452.83531306907	3000.0	828.4412291431183	0.0	0	0.0	1281.2765422121302	1	0	1	3.3257499852698564
80200.0	2000.0	1081.276542212191	0.0	0	15.04975340537203	1281.2765422121302	1	0	1	2.312087214999445
81245.25136884153	3000.0	1036.025173370675	0.0	0	0.0	1281.2765422121302	1	0	1	2.920284877161692
82363.68686622937	3000.0	917.5896759828386	0.0	0	0.0	1281.2765422121302	1	0	1	3.3257499852698564
83200.0	2000.0	1081.2765422121906	0.0	0	277.65758114276105	1281.2765422121302	1	0	1	2.312087214999445
84200.0	3000.0	1081.276542212193	0.0	0	186.6890973621048	1281.2765422121156	1	0	1	2.9202848771616927
85200.0	3000.0	1081.2765422122031	0.0	0	473.7534454090928	1281.2765422121156	1	0	1	3.3257499852698573
86200.0	3000.0	1081.2765422122109	0.0	0	25.348908564526937	1281.2765422121156	1	0	1	3.3257499852698573
87492.01467495364	3000.0	789.261867258577	0.0	0	0.0	1281.2765422121156	1	0	1	3.3257499852698573
88200.0	2000.0	1081.2765422122293	0.0	0	123.78422785134171	1281.2765422121156	1	0	1	2.312087214999446
89589.90560506914	3000.0	691.3709371430862	0.0	0	0.0	1281.2765422121156	1	0	1	2.9202848771616927
90375.64984695739	2000.0	905.626695254837	0.0	0	0.0	1281.2765422121156	1	0	1	2.312087214999446
91200.0	2000.0	1081.276542212211	0.0	0	293.22357520856895	1281.2765422121156	1	0	1	2.7175523231076104
92200.0	2000.0	1081.2765422121988	0.0	0	564.4937035608164	1281.276542212101	1	0	1	2.717552323107612
93200.0	2000.0	1081.2765422121988	0.0	0	274.53500436394825	1281.2765422120865	1	0	1	2.717552323107614
94200.0	2000.0	1081.276542212202	0.0	0	123.3235207558755	1281.2765422120865	1	0	1	2.717552323107614
95453.69736690674	3000.0	827.5791753054541	0.0	0	0.0	1281.276542212101	1	0	1	2.9202848771616945
96294.3437534923	2000.0	986.9327887198857	0.0	0	0.0	1281.276542212101	1	0	1	2.3120872149994476
97291.14771674424	2000.0	990.1288254679492	0.0	0	0.0	1281.276542212101	1	0	1	2.717552323107612
98200.0	2000.0	1081.2765422121781	0.0	0	156.8656151958421	1281.276542212101	1	0	1	2.717552323107612
99200.0	2000.0	1081.2765422121765	0.0	0	455.16102508564654	1281.276542212101	1	0	1	2.717552323107612
100200.0	2000.0	1081.2765422121709	0.0	0	427.7572666814667	1281.276542212101	1	0	1	2.717552323107612
101200.0	2000.0	1081.2765422121765	0.0	0	472.90896844069357	1281.276542212101	1	0	1	2.717552323107612
102200.0	2000.0	1081.276542212167	0.0	0	494.16496792396356	1281.276542212101	1	0	1	2.717552323107612
103200.0	3000.0	1081.2765422121656	0.0	0	347.9540260545473	1281.276542212101	1	0	1	2.9202848771616945
104200.0	3000.0	1081.2765422121631	0.0	0	257.34265425475314	1281.276542212101	1	0	1	3.325749985269859
105200.0	3000.0	1081.2765422121622	0.0	0	53.76754336612066	1281.276542212101	1	0	1	3.325749985269859
106200.0	3000.0	1081.2765422121624	0.0	0	179.57040165024227	1281.276542212101	1	0	1	3.325749985269859
107200.0	3000.0	1081.276542212162	0.0	0	155.332640237335	1281.2765422121156	1	0	1	3.3257499852698573
108304.46090718693	3000.0	976.8156350252283	0.0	0	0.0	1281.2765422121156	1	0	1	3.3257499852698573
109200.0	2000.0	1081.276542212152	0.0	0	363.5685029786546	1281.276542212101	1	0	1	2.3120872149994476
110200.0	2000.0	1081.2765422121552	0.0	0	436.9402514046378	1281.276542212101	1	0	1	2.717552323107612
111200.0	2000.0	1081.2765422121488	0.0	0	273.03726109626587	1281.2765422120865	1	0	1	2.717552323107613
112200.0	2000.0	1081.2765422121543	0.0	0	228.22915554673818	1281.2765422120865	1	0	1	2.717552323107614
113200.0	2000.0	1081.276542212153	0.0	0	3.903377442009514	1281.2765422120865	1	0	1	2.717552323107614
114200.0	2000.0	1081.2765422121543	0.0	0	111.69042344254558	1281.2765422120865	1	0	1	2.717552323107614
115241.06932581952	2000.0	1040.2072163926273	0.0	0	0.0	1281.2765422120865	1	0	1	2.717552323107614
116200.0	2000.0	1081.2765422121588	0.0	0	165.47458517660561	1281.2765422120865	1	0	1	2.717552323107614
117200.0	2000.0	1081.2765422121756	0.0	0	173.96818484536198	1281.2765422120865	1	0	1	2.717552323107614
118200.0	2000.0	1081.2765422121886	0.0	0	498.47466649350827	1281.2765422120865	1	0	1	2.717552323107614
119200.0	2000.0	1081.2765422121781	0.0	0	548.818723081291	1281.2765422120865	1	0	1	2.717552323107614
120200.0	2000.0	1081.2765422121624	0.0	0	524.9543816481746	1281.2765422120865	1	0	1	2.717552323107614
121200.0	2000.0	1081.2765422121577	0.0	0	508.09676936904725	1281.2765422120865	1	0	1	2.717552323107614
122200.0	3000.0	1081.2765422121588	0.0	0	250.36705389851704	1281.276542212072	1	0	1	2.920284877161697
123200.0	3000.0	1081.276542212147	0.0	0	333.40412669297075	1281.276542212072	1	0	1	3.3257499852698618
124581.72764471741	3000.0	699.5488974947477	0.0	0	0.0	1281.2765422120574	1	0	1	3.3257499852698635
125498.84107991039	2000.0	782.4354623017715	0.0	0	0.0	1281.2765422120574	1	0	1	2.312087214999452
126244.74018449108	2000.0	1036.5363577210717	0.0	0	0.0	1281.2765422120574	1	0	1	2.7175523231076166
127200.0	2000.0	1081.2765422121572	0.0	0	27.476441564867855	1281.2765422120574	1	0	1	2.7175523231076166
128266.73327487295	2000.0	1014.5432673392065	0.0	0	0.0	1281.2765422120574	1	0	1	2.7175523231076166
129200.0	2000.0	1081.2765422121686	0.0	0	377.14068673895963	1281.2765422120574	1	0	1	2.7175523231076166
130200.0	2000.0	1081.2765422121715	0.0	0	614.3282375273557	1281.2765422120428	1	0	1	2.7175523231076175
131200.0	2000.0	1081.276542212175	0.0	0	464.80728687795636	1281.2765422120428	1	0	1	2.7175523231076175
132200.0	2000.0	1081.2765422121263	0.0	0	542.9283635408501	1281.2765422120137	1	0	1	2.717552323107619
133200.0	3000.0	1081.2765422121056	0.0	0	234.24322948616464	1281.2765422119992	1	0	1	2.9202848771617047
134200.0	3000.0	1081.2765422120906	0.0	0	144.7898957929865	1281.2765422119992	1	0	1	3.3257499852698693
135200.0	3000.0	1081.2765422121206	0.0	0	451.1427669164841	1281.2765422119992	1	0	1	3.3257499852698693
136200.0	3000.0	1081.2765422121	0.0	0	342.66102329918067	1281.2765422119992	1	0	1	3.3257499852698693
137253.87659783536	3000.0	1027.3999443767289	0.0	0	0.0	1281.2765422119992	1	0	1	3.3257499852698693
138200.0	3000.0	1081.2765422120847	0.0	0	117.21178401325596	1281.2765422119992	1	0	1	3.3257499852698693
139200.0	3000.0	1081.276542212113	0.0	0	226.78580800557393	1281.2765422119992	1	0	1	3.3257499852698693
140200.0	3000.0	1081.2765422121406	0.0	0	65.45575774708414	1281.27654221197	1	0	1	3.3257499852698724
141200.0	2000.0	1081.2765422121643	0.0	0	382.54604860331165	1281.27654221197	1	0	1	2.31208721499946
142200.0	2000.0	1081.2765422121565	0.0	0	407.9220409586269	1281.27654221197	1	0	1	2.7175523231076246
143200.0	3000.0	1081.2765422121347	0.0	0	287.2386334875191	1281.27654221197	1	0	1	2.920284877161708
144650.92927398017	3000.0	630.3472682319573	0.0	0	0.0	1281.2765422119992	1	0	1	3.3257499852698693
145200.0	1000.0	1081.2765422121197	0.0	0	102.65674055903219	1281.2765422119992	1	0	1	0.5792192635995946
146200.0	2000.0	1081.2765422120965	0.0	0	188.20050275148242	1281.27654221197	1	0	1	2.0244051425476797
147200.0	2000.0	1081.2765422121138	0.0	0	491.5308978808753	1281.2765422119992	1	0	1	2.717552323107622
148200.0	2000.0	1081.276542212116	0.0	0	409.1949987272674	1281.2765422119992	1	0	1	2.717552323107622
149200.0	2000.0	1081.2765422120915	0.0	0	213.22233740607044	1281.2765422119992	1	0	1	2.717552323107622
150276.56865194632	3000.0	1004.7078902657785	0.0	0	0.0	1281.2765422119992	1	0	1	2.9202848771617047
151200.0	3000.0	1081.2765422120942	0.0	0	237.39454081727308	1281.2765422119992	1	0	1	3.3257499852698693
152380.0488274476	3000.0	901.2277147644786	0.0	0	0.0	1281.2765422119992	1	0	1	3.3257499852698693
153200.0	2000.0	1081.2765422120706	0.0	0	174.2482596783666	1281.2765422119992	1	0	1	2.3120872149994574
154369.22878474722	3000.0	912.0477574648646	0.0	0	0.0	1281.2765422120283	1	0	1	2.9202848771617016
155458.18542543953	2000.0	823.0911167725494	0.0	0	0.0	1281.2765422120283	1	0	1	2.3120872149994547
156200.0	2000.0	1081.2765422120817	0.0	0	53.965873847279	1281.2765422120574	1	0	1	2.7175523231076166
157200.0	2000.0	1081.2765422121047	0.0	0	493.19785919229616	1281.2765422120574	1	0	1	2.7175523231076166
158200.0	2000.0	1081.276542212126	0.0	0	485.9569799983874	1281.2765422120865	1	0	1	2.717552323107614
159200.0	2000.0	1081.276542212106	0.0	0	436.35509029001696	1281.2765422120865	1	0	1	2.717552323107614
160200.0	2000.0	1081.2765422121083	0.0	0	448.1083456867782	1281.2765422120574	1	0	1	2.7175523231076166
161200.0	2000.0	1081.2765422121392	0.0	0	44.41056238900637	1281.2765422120865	1	0	1	2.717552323107614
162200.0	3000.0	1081.2765422121315	0.0	0	235.0040677121142	1281.2765422120865	1	0	1	2.9202848771616963
163200.0	3000.0	1081.2765422121556	0.0	0	371.21530665125465	1281.2765422120865	1	0	1	3.325749985269861
164200.0	3000.0	1081.2765422121247	0.0	0	186.20690242020646	1281.2765422120865	1	0	1	3.325749985269861
165549.80731193715	3000.0	731.4692302749635	0.0	0	0.0	1281.2765422120574	1	0	1	3.3257499852698627
166390.2582930886	2000.0	891.0182491235296	0.0	0	0.0	1281.2765422120574	1	0	1	2.312087214999452
167200.0	2000.0	1081.2765422121686	0.0	0	351.98187300379504	1281.2765422120574	1	0	1	2.7175523231076166
168200.0	3000.0	1081.2765422121797	0.0	0	357.6615980389761	1281.2765422120574	1	0	1	2.920284877161699
169200.0	3000.0	1081.276542212169	0.0	0	175.6847470680368	1281.2765422120574	1	0	1	3.3257499852698635
170200.0	2000.0	1081.2765422121631	0.0	0	420.0332712548552	1281.2765422120283	1	0	1	2.3120872149994547
171200.0	3000.0	1081.2765422121906	0.0	0	211.3084868780279	1281.2765422120574	1	0	1	2.920284877161699
172296.21490720712	3000.0	985.0616350050647	0.0	0	0.0	1281.2765422120574	1	0	1	3.3257499852698635
173200.0	2000.0	1081.2765422121843	0.0	0	389.2754045816546	1281.2765422120283	1	0	1	2.3120872149994547
174200.0	2000.0	1081.2765422121652	0.0	0	307.47214147564955	1281.2765422120283	1	0	1	2.7175523231076193
175200.0	2000.0	1081.2765422121602	0.0	0	364.7273450808716	1281.2765422119992	1	0	1	2.717552323107622
176200.0	2000.0	1081.2765422121463	0.0	0	282.6738368831866	1281.27654221197	1	0	1	2.7175523231076246
177200.0	3000.0	1081.2765422121583	0.0	0	305.49076430650894	1281.276542211941	1	0	1	2.9202848771617105
178200.0	3000.0	1081.2765422121274	0.0	0	54.31750847861986	1281.276542211941	1	0	1	3.3257499852698733
179252.9520594286	3000.0	1028.324482783533	0.0	0	0.0	1281.276542211941	1	0	1	3.325749985269875
180200.0	3000.0	1081.2765422121493	0.0	0	295.16734499667655	1281.27654221197	1	0	1	3.3257499852698724
181200.0	3000.0	1081.2765422121581	0.0	0	265.36620849280735	1281.27654221197	1	0	1	3.3257499852698724
182200.0	3000.0	1081.276542212162	0.0	0	107.46136666610255	1281.27654221197	1	0	1	3.3257499852698724
183235.75246295898	3000.0	1045.524079253164	0.0	0	0.0	1281.27654221197	1	0	1	3.3257499852698724
184200.0	3000.0	1081.2765422121267	0.0	0	138.1905777816428	1281.27654221197	1	0	1	3.3257499852698724
185200.0	3000.0	1081.276542212176	0.0	0	212.3390260892047	1281.2765422119992	1	0	1	3.3257499852698693
186200.0	3000.0	1081.2765422121795	0.0	0	433.4179978330503	1281.27654221197	1	0	1	3.3257499852698724
187301.5631273154	3000.0	979.7134148967577	0.0	0	0.0	1281.276542211941	1	0	1	3.325749985269875
188200.0	3000.0	1081.2765422121654	0.0	0	5.310337591072312	1281.2765422119119	1	0	1	3.3257499852698773
189200.0	3000.0	1081.2765422121693	0.0	0	232.62198810029076	1281.2765422119119	1	0	1	3.325749985269878
190200.0	3000.0	1081.2765422121627	0.0	0	187.20334381662542	1281.2765422119119	1	0	1	3.325749985269878
191321.26640737022	3000.0	960.0101348419824	0.0	0	0.0	1281.2765422119119	1	0	1	3.325749985269878
192200.0	2000.0	1081.2765422122243	0.0	0	159.40192548569757	1281.276542211941	1	0	1	2.3120872149994636
193200.0	3000.0	1081.2765422121915	0.0	0	203.05942434672033	1281.276542211941	1	0	1	2.9202848771617105
194200.0	3000.0	1081.2765422121868	0.0	0	196.97282470361097	1281.27654221197	1	0	1	3.3257499852698724
195200.0	3000.0	1081.276542212162	0.0	0	218.29243204381783	1281.27654221197	1	0	1	3.3257499852698724
196200.0	3000.0	1081.2765422121342	0.0	0	305.94179534210707	1281.27654221197	1	0	1	3.3257499852698724
197200.0	3000.0	1081.2765422120947	0.0	0	369.8346272507915	1281.27654221197	1	0	1	3.3257499852698724
198221.6505840209	3000.0	1059.6259581911552	0.0	0	0.0	1281.2765422119119	1	0	1	3.3257499852698773
199200.0	3000.0	1081.2765422120592	0.0	0	119.23947762980242	1281.2765422119119	1	0	1	3.325749985269878
200200.0	3000.0	1081.2765422120597	0.0	0	13.138473578117555	1281.2765422119119	1	0	1	3.325749985269878
201251.86357857936	3000.0	1029.4129636327225	0.0	0	0.0	1281.2765422118828	1	0	1	3.325749985269881
202200.0	3000.0	1081.2765422120394	0.0	0	147.46996012169984	1281.2765422118537	1	0	1	3.3257499852698835
203200.0	3000.0	1081.2765422120133	0.0	0	216.66271314155892	1281.2765422118246	1	0	1	3.325749985269887
204249.23754030126	3000.0	1032.03900191078	0.0	0	0.0	1281.2765422118246	1	0	1	3.325749985269887
205200.0	3000.0	1081.2765422120408	0.0	0	8.628162203152897	1281.2765422117955	1	0	1	3.3257499852698897
206200.0	3000.0	1081.2765422120444	0.0	0	147.39413880478241	1281.2765422117955	1	0	1	3.3257499852698897
207241.78312362396	3000.0	1039.4934185881132	0.0	0	0.0	1281.2765422117955	1	0	1	3.3257499852698897
208224.7436563719	3000.0	1056.5328858401945	0.0	0	0.0	1281.2765422118246	1	0	1	3.325749985269887
209278.155196144	3000.0	1003.1213460680749	0.0	0	0.0	1281.2765422118537	1	0	1	3.3257499852698835
210395.10946863887	3000.0	886.1670735732037	0.0	0	0.0	1281.2765422118537	1	0	1	3.325749985269883
211200.0	2000.0	1081.2765422120885	0.0	0	30.305654058523942	1281.2765422118828	1	0	1	2.312087214999469
212319.78412180007	2000.0	961.4924204120039	0.0	0	0.0	1281.2765422118828	1	0	1	2.7175523231076335
213200.0	2000.0	1081.2765422120729	0.0	0	183.5454821869498	1281.2765422118828	1	0	1	2.7175523231076335
214200.0	2000.0	1081.2765422120506	0.0	0	429.04936215587077	1281.2765422118828	1	0	1	2.7175523231076335
215200.0	2000.0	1081.2765422120463	0.0	0	54.364971779694315	1281.2765422118537	1	0	1	2.7175523231076366
216200.0	2000.0	1081.2765422120483	0.0	0	204.37115738645662	1281.2765422118537	1	0	1	2.7175523231076366
217200.0	2000.0	1081.2765422120433	0.0	0	147.60800782201113	1281.2765422118537	1	0	1	2.7175523231076366
218200.0	2000.0	1081.2765422120517	0.0	0	279.118543649005	1281.2765422118537	1	0	1	2.7175523231076366
219200.0	2000.0	1081.276542212048	0.0	0	221.721889235836	1281.2765422118537	1	0	1	2.7175523231076366
220200.0	2000.0	1081.2765422120535	0.0	0	356.52328588461387	1281.2765422118537	1	0	1	2.7175523231076366
221200.0	2000.0	1081.2765422120608	0.0	0	356.14696919947164	1281.2765422118537	1	0	1	2.7175523231076366
222200.0	2000.0	1081.2765422120929	0.0	0	146.08248825574992	1281.2765422118828	1	0	1	2.7175523231076353
223200.0	2000.0	1081.2765422120858	0.0	0	203.49436231330037	1281.2765422118828	1	0	1	2.7175523231076335
224200.0	2000.0	1081.276542212086	0.0	0	587.0485597611405	1281.2765422118828	1	0	1	2.7175523231076335
225200.0	2000.0	1081.2765422120676	0.0	0	677.0717128502729	1281.2765422118828	1	0	1	2.7175523231076335
226200.0	3000.0	1081.276542212066	0.0	0	267.8369507785246	1281.2765422118537	1	0	1	2.920284877161719
227273.58522229013	3000.0	1007.6913199219545	0.0	0	0.0	1281.2765422118828	1	0	1	3.3257499852698817
228200.0	3000.0	1081.276542212092	0.0	0	236.6241781990393	1281.2765422118537	1	0	1	3.3257499852698835
229200.0	3000.0	1081.2765422121017	0.0	0	125.55380856789998	1281.2765422118537	1	0	1	3.3257499852698835
230200.0	3000.0	1081.2765422121047	0.0	0	207.21967889147345	1281.2765422118537	1	0	1	3.3257499852698835
231409.46128633688	3000.0	871.8152558752281	0.0	0	0.0	1281.2765422119119	1	0	1	3.325749985269878
232200.0	2000.0	1081.2765422121179	0.0	0	362.15520074090455	1281.2765422119119	1	0	1	2.3120872149994662
233200.0	3000.0	1081.2765422121286	0.0	0	112.10975887766108	1281.276542211941	1	0	1	2.9202848771617123
234200.0	3000.0	1081.2765422121297	0.0	0	481.74126678408356	1281.276542211941	1	0	1	3.325749985269875
235200.0	3000.0	1081.276542212158	0.0	0	79.65083690074971	1281.2765422119992	1	0	1	3.325749985269871
236210.46109323626	3000.0	1070.8154489758663	0.0	0	0.0	1281.27654221197	1	0	1	3.325749985269871
237200.0	3000.0	1081.2765422121213	0.0	0	150.4299084887898	1281.27654221197	1	0	1	3.3257499852698724
238571.95512360492	3000.0	709.3214186072144	0.0	0	0.0	1281.276542211941	1	0	1	3.325749985269875
239283.81603973403	2000.0	997.4605024781096	0.0	0	0.0	1281.276542211941	1	0	1	2.3120872149994636
240200.0	2000.0	1081.276542212122	0.0	0	507.5451866728836	1281.276542211941	1	0	1	2.717552323107628
241200.0	2000.0	1081.2765422121058	0.0	0	233.2191004367196	1281.276542211941	1	0	1	2.717552323107628
242200.0	2000.0	1081.276542212076	0.0	0	230.49809426802676	1281.276542211941	1	0	1	2.717552323107628
243200.0	2000.0	1081.2765422121051	0.0	0	32.973644786310615	1281.2765422119119	1	0	1	2.717552323107629
244576.76271337038	3000.0	704.5138288417259	0.0	0	0.0	1281.276542211941	1	0	1	2.920284877161711
245200.0	1000.0	1081.276542212093	0.0	0	160.27827830906608	1281.276542211941	1	0	1	0.5792192635996003
246200.0	2000.0	1081.2765422121015	0.0	0	289.41628853196744	1281.276542211941	1	0	1	2.024405142547683
247200.0	2000.0	1081.2765422120874	0.0	0	359.1974294380052	1281.276542211941	1	0	1	2.717552323107628
248200.0	2000.0	1081.2765422120756	0.0	0	576.3571889913292	1281.276542211941	1	0	1	2.717552323107628
249200.0	2000.0	1081.2765422120535	0.0	0	543.7738975298998	1281.276542211941	1	0	1	2.717552323107628
250200.0	2000.0	1081.276542212046	0.0	0	559.7589103851933	1281.2765422119119	1	0	1	2.717552323107631
251200.0	2000.0	1081.2765422120501	0.0	0	415.7629296845116	1281.2765422119119	1	0	1	2.717552323107631
252200.0	3000.0	1081.2765422120708	0.0	0	410.5107485479675	1281.2765422119119	1	0	1	2.9202848771617136
253200.0	3000.0	1081.2765422120892	0.0	0	427.62875773612177	1281.2765422119119	1	0	1	3.325749985269878
254498.88924878748	3000.0	782.3872934246211	0.0	0	0.0	1281.2765422119119	1	0	1	3.325749985269878
255354.70774401177	2000.0	926.5687982003573	0.0	0	0.0	1281.2765422119119	1	0	1	2.3120872149994662
256200.0	3000.0	1081.2765422121092	0.0	0	73.61874976637773	1281.2765422119119	1	0	1	2.9202848771617136
257300.6483775585	3000.0	980.628164653574	0.0	0	0.0	1281.2765422119119	1	0	1	3.325749985269878
258200.0	2000.0	1081.276542212071	0.0	0	293.41171496894094	1281.2765422119119	1	0	1	2.3120872149994662
259200.0	2000.0	1081.276542212075	0.0	0	282.0208507523057	1281.2765422119119	1	0	1	2.717552323107631
260200.0	2000.0	1081.2765422120808	0.0	0	19.960667311563157	1281.276542211941	1	0	1	2.717552323107628
261261.5993594955	2000.0	1019.6771827165891	0.0	0	0.0	1281.27654221197	1	0	1	2.7175523231076246
262200.0	2000.0	1081.2765422120922	0.0	0	72.65149580079014	1281.27654221197	1	0	1	2.7175523231076246
263225.14383332327	2000.0	1056.1327088888238	0.0	0	0.0	1281.27654221197	1	0	1	2.717552323107623
264219.5904538564	2000.0	1061.6860883556367	0.0	0	0.0	1281.2765422119992	1	0	1	2.717552323107622
265200.0	2000.0	1081.27654221202	0.0	0	235.1763159344555	1281.2765422119992	1	0	1	2.717552323107622
266200.0	2000.0	1081.2765422119942	0.0	0	272.00916748290183	1281.2765422119992	1	0	1	2.717552323107622
267200.0	2000.0	1081.2765422119592	0.0	0	273.8425282641547	1281.276542211941	1	0	1	2.717552323107628
268200.0	2000.0	1081.2765422120262	0.0	0	254.97111077979207	1281.2765422119992	1	0	1	2.717552323107622
269200.0	2000.0	1081.276542212025	0.0	0	298.49422655487433	1281.2765422119992	1	0	1	2.717552323107622
270200.0	2000.0	1081.276542212021	0.0	0	396.27407042653067	1281.2765422119992	1	0	1	2.717552323107622
271200.0	3000.0	1081.2765422120683	0.0	0	144.8478382268222	1281.2765422120574	1	0	1	2.920284877161699
272200.0	3000.0	1081.276542212067	0.0	0	287.25151811301475	1281.2765422120574	1	0	1	3.3257499852698635
273236.6981181539	3000.0	1044.578424058137	0.0	0	0.0	1281.2765422120574	1	0	1	3.3257499852698635
274774.5104569094	3000.0	506.766085302663	0.0	0	0.0	1281.2765422121156	1	0	1	3.3257499852698573
275265.51469008304	1000.0	1015.7618521290389	0.0	0	0.0	1281.2765422121738	1	0	1	0.5792192635995772
276566.17341774027	2000.0	715.1031244718617	0.0	0	0.0	1281.2765422121738	1	0	1	2.0244051425476597
277200.0	1000.0	1081.2765422120897	0.0	0	194.37112894741585	1281.2765422121738	1	0	1	0.9846843717077418
278200.0	2000.0	1081.2765422120692	0.0	0	378.9652432859293	1281.2765422121738	1	0	1	2.0244051425476597
279200.0	2000.0	1081.2765422120674	0.0	0	579.3188621136942	1281.2765422121738	1	0	1	2.717552323107605
280200.0	2000.0	1081.276542212052	0.0	0	272.77515031100484	1281.2765422121156	1	0	1	2.7175523231076104
281200.0	2000.0	1081.276542212026	0.0	0	263.1105348310666	1281.2765422121156	1	0	1	2.7175523231076104
282200.0	3000.0	1081.276542212077	0.0	0	384.17062456108397	1281.2765422121156	1	0	1	2.9202848771616927
283200.0	3000.0	1081.276542212056	0.0	0	375.79719531396404	1281.2765422121156	1	0	1	3.3257499852698573
284200.0	3000.0	1081.2765422120374	0.0	0	238.89272592187626	1281.2765422120574	1	0	1	3.3257499852698635
285200.0	3000.0	1081.276542212012	0.0	0	327.2035379112931	1281.2765422119992	1	0	1	3.3257499852698693
286617.06197298574	3000.0	664.2145692262995	0.0	0	0.0	1281.276542211941	1	0	1	3.325749985269875
287313.1082480941	2000.0	968.1682941179297	0.0	0	0.0	1281.276542211941	1	0	1	2.3120872149994636
288200.0	2000.0	1081.2765422119946	0.0	0	377.1318416087888	1281.2765422118828	1	0	1	2.7175523231076335
289278.8244870266	3000.0	1002.4520551853853	0.0	0	0.0	1281.2765422118828	1	0	1	2.920284877161714
290200.0	2000.0	1081.27654221206	0.0	0	336.7868077674066	1281.2765422118828	1	0	1	2.312087214999469
291200.0	3000.0	1081.2765422121133	0.0	0	360.07051939849043	1281.2765422118828	1	0	1	2.9202848771617163
292250.52685311605	3000.0	1030.7496890960247	0.0	0	0.0	1281.2765422118828	1	0	1	3.3257499852698844
293200.0	3000.0	1081.2765422120362	0.0	0	117.8381063924171	1281.2765422118828	1	0	1	3.325749985269881
294349.7113130252	3000.0	931.5652291867711	0.0	0	0.0	1281.2765422118246	1	0	1	3.325749985269887
295200.0	2000.0	1081.2765422119987	0.0	0	47.388761012407485	1281.2765422118246	1	0	1	2.312087214999475
296200.0	2000.0	1081.2765422119612	0.0	0	321.1498297898215	1281.2765422118246	1	0	1	2.7175523231076397
297200.0	2000.0	1081.276542211956	0.0	0	346.3096463775146	1281.2765422118828	1	0	1	2.7175523231076335
298200.0	2000.0	1081.276542211941	0.0	0	539.2708908246132	1281.2765422118828	1	0	1	2.7175523231076335
299323.54263632034	3000.0	957.733905891617	0.0	0	0.0	1281.276542211941	1	0	1	2.9202848771617105
300200.0	3000.0	1081.276542211927	0.0	0	237.58270333282417	1281.276542211941	1	0	1	3.325749985269875
301200.0	3000.0	1081.2765422119173	0.0	0	14.708997938665561	1281.276542211941	1	0	1	3.325749985269875
302367.368721158	3000.0	913.9078210539179	0.0	0	0.0	1281.276542211941	1	0	1	3.325749985269875
303200.0	2000.0	1081.2765422119453	0.0	0	133.91558564425213	1281.276542211941	1	0	1	2.3120872149994636
304413.8956614859	3000.0	867.3808807260658	0.0	0	0.0	1281.276542211941	1	0	1	2.9202848771617105
305200.0	2000.0	1081.2765422119396	0.0	0	184.498713961686	1281.2765422119992	1	0	1	2.3120872149994574
306200.0	2000.0	1081.2765422119355	0.0	0	308.4736540518352	1281.2765422120574	1	0	1	2.7175523231076166
307200.0	2000.0	1081.2765422118923	0.0	0	360.72464304149617	1281.2765422120574	1	0	1	2.7175523231076166
308200.0	2000.0	1081.27654221189	0.0	0	540.6865690136328	1281.2765422120574	1	0	1	2.7175523231076166
309200.0	2000.0	1081.2765422119057	0.0	0	478.9536103772116	1281.2765422120574	1	0	1	2.7175523231076166
310200.0	2000.0	1081.2765422118605	0.0	0	144.5166467606905	1281.2765422120574	1	0	1	2.7175523231076166
3.78	4.97	4.16	2.59	2.29	4.19	3.88	3.22	3.16	2.85	3.34	3.6	2.78	3.83	3.57	3.85	3.46	2.54	3.61	5.76	2.75	2.8	4.01	5.56	4.7	3.12	3.35	3.32	5.32	2.83	3.24	4.76	5.04	3.87	4.96	4.76	3.43	4.49	3.07	3.32	4.47	3.85	3.27	3.7	4.62	2.68	3.54	4.17	2.37	2.83	1.96	2.61	4.18	2.62	3.29	2.49	3.76	3.02	2.36	3.06	2.46	3.03	5.41	5.26	5.24	2.25	3.63	3.04	3.78	2.65	3.72	4.07	6.26	4.65	2.79	3.13	3.01	2.32	3.83	3.68	3.45	2.98	1.98	2.71	2.35	2.27	3.75	3.34	4.66	4.62	4.29	6.31	2.63	2.84	3.6	2.98	3.3	3.31	2.83	2.69	2.37	2.98	1.82	3.1	3.23	3.05	3.5	3.81	3.87	4.24	4.02	2.63	2.58	2.39	1.73	2.25	2.98	5.36	3.29	3.6	3.87	3.68	4.6	3.88	2.27	3.16	3.36	3.6	3.85	3.7	4.1	3.0	2.09	2.95	3.85	4.46	3.39	3.58	3.85	3.14	3.41	3.42	2.49	2.56	3.04	4.19	3.44	3.42	2.59	2.22	3.78	4.97	4.16	2.59	2.29	4.19	3.88	3.22	3.16	2.85	3.34	3.6	2.78	3.83	3.57	3.85	3.46	2.54	3.61	5.76	2.75	2.8	4.01	5.56	4.7	3.12	3.35	3.32	5.32	2.83	3.24	4.76	5.04	3.87	4.96	4.76	3.43	4.49	3.07	3.32	4.47	3.85	3.27	3.7	4.62	2.68	3.54	4.17	2.37	2.83	1.96	2.61	4.18	2.62	3.29	2.49	3.76	3.02	2.36	3.06	2.46	3.03	5.41	5.26	5.24	2.25	3.63	3.04	3.78	2.65	3.72	4.07	6.26	4.65	2.79	3.13	3.01	2.32	3.83	3.68	3.45	2.98	1.98	2.71	2.35	2.27	3.75	3.34	4.66	4.62	4.29	6.31	2.63	2.84	3.6	2.98	3.3	3.31	2.83	2.69	2.37	2.98	1.82	3.1	3.23	3.05	3.5	3.81	3.87	4.24	4.02	2.63	2.58	2.39	1.73	2.25	2.98	5.36	3.29	3.6	3.87	3.68	4.6	3.88	2.27	3.16	3.36	3.6	3.85	3.7	4.1	3.0	2.09	2.95	3.85	4.46	3.39	3.58	3.85	3.14	3.41	3.42	2.49	2.56	3.04	4.19	3.44	3.42	2.59	2.22	3.78	4.97	4.16	2.59	2.29	4.19	3.88	3.22	3.16	2.85	3.34
1.0	2.0	3.0	4.0	5.0	6.0	7.0	8.0	9.0	10.0	11.0	12.0	13.0	14.0	15.0	16.0	17.0	18.0	19.0	20.0	21.0	22.0	23.0	24.0	25.0	26.0	27.0	28.0	29.0	30.0	31.0	32.0	33.0	34.0	35.0	36.0	37.0	38.0	39.0	40.0	41.0	42.0	43.0	44.0	45.0	46.0	47.0	48.0	49.0	50.0	51.0	52.0	53.0	54.0	55.0	56.0	57.0	58.0	59.0	60.0	61.0	62.0	63.0	64.0	65.0	66.0	67.0	68.0	69.0	70.0	71.0	72.0	73.0	74.0	75.0	76.0	77.0	78.0	79.0	80.0	81.0	82.0	83.0	84.0	85.0	86.0	87.0	88.0	89.0	90.0	91.0	92.0	93.0	94.0	95.0	96.0	97.0	98.0	99.0	100.0	101.0	102.0	103.0	104.0	105.0	106.0	107.0	108.0	109.0	110.0	111.0	112.0	113.0	114.0	115.0	116.0	117.0	118.0	119.0	120.0	121.0	122.0	123.0	124.0	125.0	126.0	127.0	128.0	129.0	130.0	131.0	132.0	133.0	134.0	135.0	136.0	137.0	138.0	139.0	140.0	141.0	142.0	143.0	144.0	145.0	146.0	147.0	148.0	149.0	149.0	150.0	151.0	152.0	153.0	154.0	155.0	156.0	157.0	158.0	159.0	160.0	161.0	162.0	163.0	164.0	165.0	166.0	167.0	168.0	169.0	170.0	171.0	172.0	173.0	174.0	175.0	176.0	177.0	178.0	179.0	180.0	181.0	182.0	183.0	184.0	185.0	186.0	187.0	188.0	189.0	190.0	191.0	192.0	193.0	194.0	195.0	196.0	197.0	198.0	199.0	200.0	201.0	202.0	203.0	204.0	205.0	206.0	207.0	208.0	209.0	210.0	211.0	212.0	213.0	214.0	215.0	216.0	217.0	218.0	219.0	220.0	221.0	222.0	223.0	224.0	225.0	226.0	227.0	228.0	229.0	230.0	231.0	232.0	233.0	234.0	235.0	236.0	237.0	238.0	239.0	240.0	241.0	242.0	243.0	244.0	245.0	246.0	247.0	248.0	249.0	250.0	251.0	252.0	253.0	254.0	255.0	256.0	257.0	258.0	259.0	260.0	261.0	262.0	263.0	264.0	265.0	266.0	267.0	268.0	269.0	270.0	271.0	272.0	273.0	274.0	275.0	276.0	277.0	278.0	279.0	280.0	281.0	282.0	283.0	284.0	285.0	286.0	287.0	288.0	289.0	290.0	291.0	292.0	293.0	294.0	295.0	296.0	297.0	298.0	298.0	299.0	300.0	301.0	302.0	303.0	304.0	305.0	306.0	307.0	308.0	309.0
2430.154375975689
