2542.4730398827555	300.0	2000.0	253.27401655580158	0	0.0	2542.4730398827555	1	0	1	-1.7677906404356274
5200.0	1000.0	342.4297214426563	90.84520131150452	0	243.2318756621753	542.429721442656	1	0	2	-0.4007165780777881
6200.0	300.0	2442.429721442656	0.0	0	826.3380989307607	2642.429721442656	1	0	0	-1.8642157764702019
9308.448040316269	2000.0	462.6888308055061	217.77450337340667	0	0.0	771.1368711217729	1	0	2	-1.0376452674749692
10200.0	500.0	2660.292067090146	0.0	0	537.3784314114637	2860.292067090145	1	0	0	-1.302282052871845
13328.477445080458	2000.0	418.96687750164176	0.0	0	0.0	747.4443225820996	1	0	2	0.7813805028393334
14200.0	500.0	2634.596578074054	0.0	0	384.0782818494554	2834.5965780740553	1	0	0	-1.2999190149102855
17200.0	2000.0	534.596578074054	0.0	0	104.78774365606296	734.5965780740553	1	0	2	0.78339029515193
18200.0	500.0	2634.5965780740553	0.0	0	814.0942407937764	2834.5965780740535	1	0	0	-1.2995155832783098
21683.306369048834	3000.0	239.41600635199725	214.96039475605542	0	0.0	922.7223754008301	1	0	2	-0.3234009264259473
22200.0	300.0	2774.391738495942	0.0	0	348.2312639185475	2974.391738495946	1	0	0	-2.997175612869484
26202.537032491757	3000.0	200.0	571.2718156772679	0	0.0	1402.5370324917603	1	0	2	-2.9991104022430504
26481.19179145805	300.0	921.3452410337065	0.0	0	0.0	1402.5370324917603	1	0	1	-2.642838796243222
27225.255719367557	1000.0	1177.2813131241999	0.0	0	0.0	1402.5370324917603	1	0	1	0.4617326989137921
28200.0	1000.0	1202.5370324917544	0.0	0	364.9703264596683	1402.5370324917603	1	0	1	1.6657055032397283
29200.0	1000.0	1202.537032491759	0.0	0	485.224563992826	1402.5370324917603	1	0	1	1.6657055032397283
30200.0	1000.0	1202.537032491757	0.0	0	412.0852679009622	1402.5370324917603	1	0	1	1.6657055032397283
31200.0	1000.0	1202.5370324917558	0.0	0	189.31023550326063	1402.5370324917567	1	0	1	1.6657055032397285
32200.0	1000.0	1202.5370324917578	0.0	0	122.57672249109237	1402.5370324917567	1	0	1	1.6657055032397285
33200.0	1000.0	1202.537032491755	0.0	0	137.29902584695083	1402.5370324917494	1	0	1	1.6657055032397292
34200.0	1000.0	1202.5370324917553	0.0	0	240.56594780763407	1402.5370324917458	1	0	1	1.6657055032397294
35200.0	1000.0	1202.5370324917615	0.0	0	374.0288346449888	1402.537032491753	1	0	1	1.665705503239729
36200.0	1000.0	1202.5370324917624	0.0	0	297.86826819689304	1402.537032491753	1	0	1	1.665705503239729
37200.0	1000.0	1202.537032491759	0.0	0	445.4195105398976	1402.537032491753	1	0	1	1.665705503239729
38200.0	1000.0	1202.5370324917694	0.0	0	592.8880095356217	1402.537032491753	1	0	1	1.665705503239729
39200.0	1000.0	1202.5370324917785	0.0	0	453.1217263227081	1402.5370324917603	1	0	1	1.6657055032397283
40200.0	1000.0	1202.5370324917806	0.0	0	289.0345162826561	1402.5370324917603	1	0	1	1.6657055032397283
41200.0	1000.0	1202.5370324917849	0.0	0	305.94624302761804	1402.5370324917603	1	0	1	1.6657055032397283
42200.0	1000.0	1202.5370324917824	0.0	0	491.4346702405019	1402.5370324917676	1	0	1	1.6657055032397274
43200.0	1000.0	1202.5370324917806	0.0	0	629.0670190620804	1402.5370324917676	1	0	1	1.6657055032397274
44200.0	1000.0	1202.537032491781	0.0	0	506.1023620769629	1402.5370324917676	1	0	1	1.6657055032397274
45200.0	1000.0	1202.5370324917792	0.0	0	653.0793045017053	1402.5370324917676	1	0	1	1.6657055032397274
46288.88680075381	2000.0	1113.650231737972	0.0	0	0.0	1402.5370324917603	1	0	1	2.012279093519701
47200.0	1000.0	1202.5370324917824	0.0	0	407.9475510061602	1402.5370324917603	1	0	1	0.9725583226797831
48200.0	2000.0	1202.5370324917803	0.0	0	65.90044999212114	1402.537032491753	1	0	1	2.0122790935197017
49200.0	2000.0	1202.5370324917758	0.0	0	379.08340950481215	1402.5370324917458	1	0	1	2.7054262740796475
50307.42710770274	2000.0	1095.1099247890434	0.0	0	0.0	1402.5370324917458	1	0	1	2.7054262740796475
51200.0	2000.0	1202.5370324917776	0.0	0	187.9774032166897	1402.5370324917458	1	0	1	2.7054262740796475
52874.56561098492	2000.0	527.971421506852	0.0	0	0.0	1402.5370324917458	1	0	1	2.7054262740796475
53483.860088957124	1000.0	918.6769435346586	0.0	0	0.0	1402.5370324917458	1	0	1	0.9725583226797845
54223.05203715563	1000.0	1179.4849953361627	0.0	0	0.0	1402.537032491753	1	0	1	1.665705503239729
55200.0	1000.0	1202.5370324917797	0.0	0	417.1970245494522	1402.537032491753	1	0	1	1.665705503239729
56200.0	1000.0	1202.5370324917833	0.0	0	284.55279398654966	1402.537032491753	1	0	1	1.665705503239729
57200.0	1000.0	1202.5370324917822	0.0	0	444.9835179603542	1402.537032491753	1	0	1	1.665705503239729
58200.0	1000.0	1202.5370324917958	0.0	0	265.4940832092616	1402.5370324917603	1	0	1	1.6657055032397283
59200.0	1000.0	1202.5370324917901	0.0	0	218.97808664069453	1402.5370324917603	1	0	1	1.6657055032397283
60200.0	1000.0	1202.5370324917924	0.0	0	580.9675151921329	1402.5370324917603	1	0	1	1.6657055032397283
61200.0	1000.0	1202.5370324917903	0.0	0	489.98528889973386	1402.537032491753	1	0	1	1.665705503239729
62200.0	1000.0	1202.537032491796	0.0	0	655.8207121728265	1402.537032491753	1	0	1	1.665705503239729
63200.0	1000.0	1202.537032491796	0.0	0	504.6168544324246	1402.537032491753	1	0	1	1.665705503239729
64816.88229480895	2000.0	585.654737682848	0.0	0	0.0	1402.537032491753	1	0	1	2.0122790935197017
65551.52934276956	1000.0	851.0076897222445	0.0	0	0.0	1402.537032491753	1	0	1	0.9725583226797844
66230.7257345616	1000.0	1171.8112979302164	0.0	0	0.0	1402.5370324917676	1	0	1	1.6657055032397279
67240.5060270486	1000.0	1162.0310054432034	0.0	0	0.0	1402.5370324917603	1	0	1	1.6657055032397279
68255.53143068953	1000.0	1147.005601802273	0.0	0	0.0	1402.5370324917458	1	0	1	1.6657055032397297
69274.7243777993	1000.0	1127.8126546925105	0.0	0	0.0	1402.5370324917458	1	0	1	1.6657055032397297
70200.0	1000.0	1202.5370324917974	0.0	0	110.89484482271655	1402.5370324917458	1	0	1	1.6657055032397297
71200.0	1000.0	1202.5370324918076	0.0	0	340.79263734254346	1402.5370324917458	1	0	1	1.6657055032397297
72200.0	1000.0	1202.537032491806	0.0	0	292.2801053596777	1402.5370324917603	1	0	1	1.6657055032397283
73200.0	1000.0	1202.5370324918115	0.0	0	566.9271769670886	1402.5370324917603	1	0	1	1.6657055032397283
74200.0	1000.0	1202.5370324918122	0.0	0	497.0818474319967	1402.5370324917603	1	0	1	1.6657055032397283
75200.0	1000.0	1202.5370324918013	0.0	0	380.1818839226762	1402.5370324917458	1	0	1	1.6657055032397297
76200.0	1000.0	1202.5370324918015	0.0	0	150.3866678266786	1402.5370324917458	1	0	1	1.6657055032397297
77200.0	1000.0	1202.5370324917994	0.0	0	172.47599612660997	1402.5370324917458	1	0	1	1.6657055032397297
78200.0	1000.0	1202.537032491803	0.0	0	395.72595019679284	1402.5370324917312	1	0	1	1.6657055032397312
79200.0	1000.0	1202.537032491788	0.0	0	542.5041465408431	1402.5370324917312	1	0	1	1.6657055032397312
80200.0	1000.0	1202.537032491791	0.0	0	504.802751000243	1402.5370324917312	1	0	1	1.6657055032397312
81200.0	1000.0	1202.5370324917997	0.0	0	279.540271272228	1402.5370324917312	1	0	1	1.6657055032397312
82200.0	1000.0	1202.5370324918015	0.0	0	283.157490364174	1402.5370324917167	1	0	1	1.6657055032397328
83200.0	1000.0	1202.5370324917974	0.0	0	359.19453642440203	1402.5370324917167	1	0	1	1.6657055032397328
84200.0	1000.0	1202.5370324918013	0.0	0	518.0904596106702	1402.5370324917167	1	0	1	1.6657055032397328
85200.0	1000.0	1202.5370324918038	0.0	0	549.2510973972094	1402.5370324917167	1	0	1	1.6657055032397328
86200.0	1000.0	1202.5370324917992	0.0	0	665.8871305754728	1402.5370324917167	1	0	1	1.6657055032397328
87412.44893589299	2000.0	990.0880965988157	0.0	0	0.0	1402.5370324917167	1	0	1	2.0122790935197052
88220.02321781666	1000.0	1182.5138146751385	0.0	0	0.0	1402.5370324917167	1	0	1	0.9725583226797876
89200.0	1000.0	1202.5370324918017	0.0	0	425.1893507261848	1402.5370324917167	1	0	1	1.6657055032397328
90200.0	1000.0	1202.53703249181	0.0	0	200.0229880863044	1402.5370324917167	1	0	1	1.6657055032397328
91200.0	1000.0	1202.5370324918094	0.0	0	514.4930671469047	1402.5370324917021	1	0	1	1.665705503239734
92200.0	1000.0	1202.5370324918104	0.0	0	573.3228124286252	1402.5370324917021	1	0	1	1.665705503239734
93200.0	1000.0	1202.5370324918038	0.0	0	499.79491169219546	1402.5370324916876	1	0	1	1.6657055032397357
94200.0	1000.0	1202.5370324917894	0.0	0	310.15326496346097	1402.5370324916876	1	0	1	1.6657055032397357
95200.0	1000.0	1202.537032491783	0.0	0	581.6070454037836	1402.5370324917021	1	0	1	1.665705503239734
96200.0	2000.0	1202.5370324917828	0.0	0	221.31726606041775	1402.5370324917021	1	0	1	2.012279093519707
97200.0	2000.0	1202.5370324917872	0.0	0	212.24137817756855	1402.5370324917167	1	0	1	2.70542627407965
98200.0	2000.0	1202.5370324918042	0.0	0	138.89494790941535	1402.5370324917167	1	0	1	2.70542627407965
99200.0	2000.0	1202.5370324917965	0.0	0	84.26205783009937	1402.5370324917312	1	0	1	2.7054262740796493
100333.69054795185	2000.0	1068.846484539958	0.0	0	0.0	1402.5370324917312	1	0	1	2.7054262740796493
101319.95149296256	2000.0	1082.585539529232	0.0	0	0.0	1402.5370324917167	1	0	1	2.70542627407965
102270.10385880635	2000.0	1132.4331736854344	0.0	0	0.0	1402.5370324917167	1	0	1	2.70542627407965
103200.0	2000.0	1202.537032491792	0.0	0	242.07812259836646	1402.5370324917167	1	0	1	2.70542627407965
104200.0	2000.0	1202.5370324917951	0.0	0	315.1717482662207	1402.5370324917167	1	0	1	2.70542627407965
105412.14942219507	2000.0	990.3876102967174	0.0	0	0.0	1402.5370324917167	1	0	1	2.70542627407965
106324.69787998388	2000.0	1077.8391525079012	0.0	0	0.0	1402.5370324917167	1	0	1	2.70542627407965
107320.32304578622	2000.0	1082.2139867055523	0.0	0	0.0	1402.5370324917167	1	0	1	2.70542627407965
108200.0	2000.0	1202.5370324917876	0.0	0	28.759300836725743	1402.5370324917312	1	0	1	2.7054262740796493
109200.0	2000.0	1202.5370324917858	0.0	0	15.457688100636005	1402.5370324917312	1	0	1	2.7054262740796493
110200.0	2000.0	1202.5370324917767	0.0	0	53.409199862435344	1402.5370324917167	1	0	1	2.70542627407965
111200.0	2000.0	1202.5370324917772	0.0	0	229.73625642512343	1402.5370324917021	1	0	1	2.705426274079652
112215.82807465673	2000.0	1186.708957835041	0.0	0	0.0	1402.5370324917021	1	0	1	2.705426274079652
113508.68547128481	2000.0	893.8515612069547	0.0	0	0.0	1402.5370324917167	1	0	1	2.70542627407965
114225.62555205787	1000.0	1176.9114804339065	0.0	0	0.0	1402.5370324917167	1	0	1	0.9725583226797876
115200.0	1000.0	1202.5370324917726	0.0	0	512.2015480286645	1402.5370324917312	1	0	1	1.6657055032397312
116200.0	1000.0	1202.5370324917824	0.0	0	718.2010739756224	1402.5370324917458	1	0	1	1.6657055032397297
117200.0	2000.0	1202.5370324917744	0.0	0	109.54159557525418	1402.5370324917458	1	0	1	2.0122790935197026
118200.0	2000.0	1202.5370324917665	0.0	0	285.1886281873449	1402.5370324917458	1	0	1	2.7054262740796475
119422.41829877163	2000.0	980.1187337201437	0.0	0	0.0	1402.5370324917603	1	0	1	2.7054262740796458
120340.03049361483	2000.0	1062.5065388769358	0.0	0	0.0	1402.5370324917603	1	0	1	2.7054262740796458
121297.70988534395	2000.0	1104.8271471478292	0.0	0	0.0	1402.5370324917603	1	0	1	2.7054262740796458
122445.87057320662	2000.0	956.6664592851514	0.0	0	0.0	1402.5370324917603	1	0	1	2.7054262740796453
123200.0	1000.0	1202.5370324917671	0.0	0	410.3471746681462	1402.5370324917749	1	0	1	0.9725583226797818
124301.32044227814	2000.0	1101.216590213621	0.0	0	0.0	1402.5370324917894	1	0	1	2.012279093519698
125382.50476900327	2000.0	1020.0322634884978	0.0	0	0.0	1402.5370324917894	1	0	1	2.705426274079643
126200.0	1000.0	1202.5370324917665	0.0	0	97.05452496178623	1402.5370324917894	1	0	1	0.97255832267978
127200.0	1000.0	1202.5370324917817	0.0	0	480.66180267269374	1402.537032491804	1	0	1	1.6657055032397239
128200.0	1000.0	1202.5370324917908	0.0	0	243.99403096461901	1402.5370324918185	1	0	1	1.6657055032397226
129200.0	1000.0	1202.5370324917983	0.0	0	547.0998092631635	1402.537032491833	1	0	1	1.665705503239721
130200.0	1000.0	1202.5370324918026	0.0	0	452.6024496664322	1402.537032491833	1	0	1	1.665705503239721
131200.0	1000.0	1202.5370324918044	0.0	0	555.5251282066893	1402.537032491833	1	0	1	1.665705503239721
132200.0	1000.0	1202.53703249179	0.0	0	615.7554863050755	1402.5370324918185	1	0	1	1.6657055032397228
133200.0	1000.0	1202.5370324918013	0.0	0	652.6499659728725	1402.5370324918185	1	0	1	1.6657055032397226
134200.0	2000.0	1202.5370324918024	0.0	0	348.93656959652435	1402.5370324918185	1	0	1	2.012279093519695
135200.0	2000.0	1202.537032491827	0.0	0	285.21315796877025	1402.5370324918185	1	0	1	2.7054262740796404
136200.0	2000.0	1202.537032491798	0.0	0	196.3820815186191	1402.5370324917894	1	0	1	2.705426274079643
137200.0	2000.0	1202.5370324918129	0.0	0	121.51291257265257	1402.5370324917894	1	0	1	2.705426274079643
138200.0	2000.0	1202.5370324918129	0.0	0	323.05793639301555	1402.5370324918185	1	0	1	2.7054262740796404
139200.0	2000.0	1202.5370324918183	0.0	0	320.5798493309703	1402.5370324918185	1	0	1	2.7054262740796404
140200.0	2000.0	1202.537032491845	0.0	0	303.6089104175917	1402.5370324918185	1	0	1	2.7054262740796404
141721.52379500202	2000.0	681.0132374897889	0.0	0	0.0	1402.5370324917894	1	0	1	2.705426274079643
142291.24266286165	1000.0	1111.2943696301322	0.0	0	0.0	1402.5370324917894	1	0	1	0.97255832267978
143642.69795697043	2000.0	759.8390755213646	0.0	0	0.0	1402.5370324917894	1	0	1	2.012279093519698
144200.0	1000.0	1202.5370324918008	0.0	0	150.017860928172	1402.5370324918185	1	0	1	0.9725583226797774
145200.0	1000.0	1202.5370324918258	0.0	0	508.1613813736185	1402.5370324918185	1	0	1	1.6657055032397226
146200.0	1000.0	1202.537032491825	0.0	0	297.5040949868271	1402.5370324918185	1	0	1	1.6657055032397226
147200.0	1000.0	1202.5370324918208	0.0	0	625.453204244579	1402.5370324918476	1	0	1	1.6657055032397194
148200.0	1000.0	1202.537032491812	0.0	0	553.484109585057	1402.5370324918476	1	0	1	1.6657055032397194
149200.0	1000.0	1202.5370324918197	0.0	0	322.4238309650391	1402.5370324918476	1	0	1	1.6657055032397194
150200.0	1000.0	1202.5370324918144	0.0	0	369.2056040497846	1402.5370324918476	1	0	1	1.6657055032397194
151200.0	1000.0	1202.5370324918078	0.0	0	600.6965694822429	1402.5370324918476	1	0	1	1.6657055032397194
152320.79017457506	2000.0	1081.7468579167808	0.0	0	0.0	1402.5370324918476	1	0	1	2.0122790935196924
153200.0	1000.0	1202.5370324918238	0.0	0	543.7602658887627	1402.5370324918476	1	0	1	0.9725583226797743
154306.41979031987	2000.0	1096.117242171958	0.0	0	0.0	1402.5370324918185	1	0	1	2.012279093519695
155684.52935486272	2000.0	718.0076776291163	0.0	0	0.0	1402.5370324918185	1	0	1	2.7054262740796404
156200.0	1000.0	1202.5370324918383	0.0	0	68.79093657733756	1402.5370324918185	1	0	1	0.9725583226797774
157200.0	2000.0	1202.537032491871	0.0	0	3.879942881234456	1402.5370324918185	1	0	1	2.012279093519695
158306.71088775236	2000.0	1095.8261447395053	0.0	0	0.0	1402.5370324918185	1	0	1	2.7054262740796404
159200.0	1000.0	1202.5370324918522	0.0	0	178.1140489479003	1402.5370324918185	1	0	1	0.9725583226797774
160200.0	1000.0	1202.5370324918242	0.0	0	130.78935729601653	1402.5370324918185	1	0	1	1.6657055032397226
161200.0	1000.0	1202.5370324918044	0.0	0	453.7506656953192	1402.5370324917894	1	0	1	1.6657055032397252
162200.0	1000.0	1202.5370324918283	0.0	0	427.3096173678641	1402.5370324917894	1	0	1	1.6657055032397252
163200.0	1000.0	1202.537032491837	0.0	0	404.2898378249665	1402.5370324917603	1	0	1	1.6657055032397283
164200.0	1000.0	1202.537032491839	0.0	0	230.28825002376107	1402.5370324917603	1	0	1	1.6657055032397283
165200.0	1000.0	1202.5370324918524	0.0	0	297.58232969843084	1402.5370324917603	1	0	1	1.6657055032397283
166200.0	1000.0	1202.5370324918476	0.0	0	259.2952379444905	1402.5370324917312	1	0	1	1.6657055032397299
167200.0	1000.0	1202.5370324918356	0.0	0	404.0852913573035	1402.5370324917021	1	0	1	1.665705503239734
168200.0	1000.0	1202.5370324918608	0.0	0	208.69064937418443	1402.537032491673	1	0	1	1.665705503239737
169200.0	1000.0	1202.537032491897	0.0	0	251.4629289790755	1402.537032491673	1	0	1	1.665705503239737
170200.0	1000.0	1202.5370324919243	0.0	0	290.72975219762884	1402.5370324917021	1	0	1	1.6657055032397352
171200.0	1000.0	1202.5370324919245	0.0	0	412.3185536842211	1402.5370324917021	1	0	1	1.665705503239734
172200.0	1000.0	1202.5370324919559	0.0	0	610.595150376088	1402.5370324917021	1	0	1	1.665705503239734
173200.0	1000.0	1202.5370324919575	0.0	0	426.45068666897714	1402.5370324917021	1	0	1	1.665705503239734
174200.0	1000.0	1202.5370324919752	0.0	0	386.91226412545075	1402.5370324917021	1	0	1	1.665705503239734
175310.72711432024	2000.0	1091.8099181717243	0.0	0	0.0	1402.5370324917021	1	0	1	2.012279093519707
176200.0	1000.0	1202.5370324919757	0.0	0	105.84646173156216	1402.5370324917021	1	0	1	0.9725583226797889
177200.0	1000.0	1202.5370324919663	0.0	0	459.8497423978115	1402.5370324917021	1	0	1	1.665705503239734
178200.0	1000.0	1202.5370324919752	0.0	0	468.0235974067473	1402.5370324917312	1	0	1	1.6657055032397312
179200.0	1000.0	1202.5370324919782	0.0	0	496.83524752993253	1402.5370324917021	1	0	1	1.665705503239734
180200.0	1000.0	1202.5370324919907	0.0	0	516.7946178871498	1402.5370324917021	1	0	1	1.665705503239734
181200.0	1000.0	1202.5370324920023	0.0	0	312.5696794722462	1402.5370324917312	1	0	1	1.6657055032397312
182200.0	1000.0	1202.5370324920225	0.0	0	330.9991464402119	1402.5370324917312	1	0	1	1.6657055032397312
183200.0	1000.0	1202.5370324920393	0.0	0	241.87674594466807	1402.5370324917312	1	0	1	1.6657055032397312
184200.0	1000.0	1202.5370324920352	0.0	0	384.6641788475099	1402.5370324917603	1	0	1	1.6657055032397283
185200.0	1000.0	1202.5370324920718	0.0	0	336.74872030422557	1402.5370324917603	1	0	1	1.6657055032397283
186200.0	1000.0	1202.5370324920798	0.0	0	664.8721316647134	1402.5370324917603	1	0	1	1.6657055032397283
187200.0	1000.0	1202.5370324920655	0.0	0	705.8109320985386	1402.5370324917603	1	0	1	1.6657055032397283
188200.0	1000.0	1202.5370324920707	0.0	0	375.5446149627678	1402.5370324917603	1	0	1	1.6657055032397283
189200.0	1000.0	1202.53703249206	0.0	0	420.74210786022013	1402.5370324917603	1	0	1	1.6657055032397283
190200.0	1000.0	1202.5370324920548	0.0	0	299.63520106949727	1402.5370324917603	1	0	1	1.6657055032397283
191200.0	1000.0	1202.5370324920743	0.0	0	541.6369985293713	1402.5370324917603	1	0	1	1.6657055032397283
192200.0	1000.0	1202.537032492053	0.0	0	546.2191211871104	1402.5370324917603	1	0	1	1.6657055032397283
193200.0	1000.0	1202.5370324920382	0.0	0	512.0741125349887	1402.5370324917603	1	0	1	1.6657055032397283
194200.0	1000.0	1202.5370324920202	0.0	0	599.1469484975969	1402.5370324917603	1	0	1	1.6657055032397283
195200.0	2000.0	1202.5370324920088	0.0	0	138.123197829118	1402.5370324917312	1	0	1	2.012279093519703
196200.0	1000.0	1202.5370324919934	0.0	0	374.1001748088747	1402.5370324917312	1	0	1	0.9725583226797859
197200.0	2000.0	1202.5370324920277	0.0	0	291.3865372451546	1402.5370324917312	1	0	1	2.012279093519704
198200.0	2000.0	1202.5370324920168	0.0	0	228.77703409522655	1402.5370324917021	1	0	1	2.705426274079652
199200.0	2000.0	1202.53703249201	0.0	0	122.14290883412468	1402.5370324917021	1	0	1	2.705426274079652
200200.0	2000.0	1202.5370324920198	0.0	0	218.72885390903684	1402.5370324917021	1	0	1	2.705426274079653
201884.76248087044	2000.0	517.7745516216035	0.0	0	0.0	1402.5370324917312	1	0	1	2.7054262740796515
202581.03902813606	1000.0	821.4980043559829	0.0	0	0.0	1402.5370324917312	1	0	1	0.9725583226797859
203200.0	1000.0	1202.5370324920254	0.0	0	158.18615473018144	1402.5370324917021	1	0	1	1.665705503239734
204200.0	1000.0	1202.5370324920175	0.0	0	273.27006860796246	1402.5370324917021	1	0	1	1.665705503239734
205200.0	1000.0	1202.5370324920057	0.0	0	338.66552891698666	1402.5370324917021	1	0	1	1.665705503239734
206200.0	1000.0	1202.5370324920032	0.0	0	346.9529659007385	1402.5370324917021	1	0	1	1.665705503239734
207200.0	1000.0	1202.537032491996	0.0	0	226.6663981533202	1402.5370324917021	1	0	1	1.665705503239734
208200.0	1000.0	1202.5370324920227	0.0	0	495.2531897476583	1402.5370324917021	1	0	1	1.665705503239734
209200.0	1000.0	1202.5370324919993	0.0	0	312.86723235357204	1402.537032491673	1	0	1	1.665705503239737
210200.0	1000.0	1202.537032491968	0.0	0	574.3395858965232	1402.537032491673	1	0	1	1.665705503239737
211200.0	1000.0	1202.5370324919509	0.0	0	449.8754719654098	1402.537032491673	1	0	1	1.665705503239737
212200.0	1000.0	1202.5370324919734	0.0	0	659.968791010353	1402.5370324917021	1	0	1	1.665705503239734
213213.39449415574	2000.0	1189.142538336203	0.0	0	0.0	1402.5370324917021	1	0	1	2.012279093519707
214200.0	1000.0	1202.5370324919534	0.0	0	213.8583866006229	1402.5370324917021	1	0	1	0.9725583226797889
215200.0	1000.0	1202.537032491955	0.0	0	150.86172360545606	1402.5370324917021	1	0	1	1.665705503239734
216200.0	1000.0	1202.5370324919763	0.0	0	335.60486390953884	1402.5370324917312	1	0	1	1.6657055032397312
217249.75165938208	1000.0	1152.7853731098967	0.0	0	0.0	1402.5370324917312	1	0	1	1.6657055032397312
218200.0	1000.0	1202.5370324919782	0.0	0	67.30672583682463	1402.5370324917603	1	0	1	1.6657055032397288
219241.36966079017	1000.0	1161.1673717018098	0.0	0	0.0	1402.5370324917603	1	0	1	1.6657055032397283
220200.0	1000.0	1202.5370324919663	0.0	0	54.2877396963886	1402.5370324917603	1	0	1	1.6657055032397283
221200.0	1000.0	1202.5370324919832	0.0	0	283.4669620869972	1402.5370324917603	1	0	1	1.6657055032397283
222200.0	1000.0	1202.5370324919684	0.0	0	239.67482675838983	1402.5370324917603	1	0	1	1.6657055032397283
223200.0	1000.0	1202.5370324919456	0.0	0	262.1237579555891	1402.5370324917603	1	0	1	1.6657055032397283
224200.0	1000.0	1202.5370324919454	0.0	0	471.842007211555	1402.5370324917312	1	0	1	1.6657055032397312
225200.0	1000.0	1202.5370324919409	0.0	0	392.3358275616192	1402.5370324917312	1	0	1	1.6657055032397312
226200.0	1000.0	1202.5370324919145	0.0	0	298.5643604679208	1402.5370324917312	1	0	1	1.6657055032397312
227200.0	1000.0	1202.5370324919213	0.0	0	452.0659114989103	1402.5370324917312	1	0	1	1.6657055032397312
228200.0	1000.0	1202.5370324919136	0.0	0	356.97288510773797	1402.5370324917312	1	0	1	1.6657055032397312
229200.0	1000.0	1202.537032491924	0.0	0	457.37996556740836	1402.5370324917312	1	0	1	1.6657055032397312
230200.0	1000.0	1202.5370324919636	0.0	0	328.3966926475114	1402.5370324917312	1	0	1	1.6657055032397312
231200.0	1000.0	1202.5370324919468	0.0	0	483.88620242563775	1402.5370324917312	1	0	1	1.6657055032397312
232200.0	1000.0	1202.5370324919513	0.0	0	578.5455741884361	1402.5370324917312	1	0	1	1.6657055032397312
233200.0	1000.0	1202.5370324919681	0.0	0	587.4648637486971	1402.5370324917603	1	0	1	1.6657055032397283
234200.0	1000.0	1202.5370324919543	0.0	0	600.6545507571427	1402.5370324917603	1	0	1	1.6657055032397283
235200.0	1000.0	1202.537032491918	0.0	0	504.63886025888496	1402.5370324917603	1	0	1	1.6657055032397283
236431.74366191454	2000.0	970.7933705773689	0.0	0	0.0	1402.5370324917894	1	0	1	2.0122790935196986
237200.0	1000.0	1202.537032491902	0.0	0	315.23198201772175	1402.5370324917894	1	0	1	0.97255832267978
238200.0	1000.0	1202.5370324918783	0.0	0	354.35906423287815	1402.5370324917603	1	0	1	1.6657055032397283
239200.0	1000.0	1202.5370324918501	0.0	0	164.17709727407782	1402.5370324917603	1	0	1	1.6657055032397283
240200.0	1000.0	1202.5370324918642	0.0	0	476.5074192164757	1402.5370324917603	1	0	1	1.6657055032397283
241200.0	1000.0	1202.5370324918583	0.0	0	671.0139313228137	1402.5370324917603	1	0	1	1.6657055032397283
242200.0	1000.0	1202.5370324918488	0.0	0	450.64604342897655	1402.5370324917603	1	0	1	1.6657055032397283
243200.0	1000.0	1202.5370324918435	0.0	0	572.2494841840526	1402.5370324917312	1	0	1	1.6657055032397312
244200.0	1000.0	1202.537032491823	0.0	0	589.2901829661278	1402.5370324917312	1	0	1	1.6657055032397312
245200.0	2000.0	1202.5370324918476	0.0	0	126.66984796058387	1402.5370324917312	1	0	1	2.012279093519704
246200.0	2000.0	1202.5370324918856	0.0	0	199.20608777960297	1402.5370324917603	1	0	1	2.705426274079647
247200.0	2000.0	1202.5370324918717	0.0	0	26.293628709681798	1402.5370324917603	1	0	1	2.7054262740796458
248200.0	2000.0	1202.5370324918692	0.0	0	267.99301796697546	1402.5370324917603	1	0	1	2.7054262740796458
249317.8449704959	2000.0	1084.6920619959785	0.0	0	0.0	1402.5370324917603	1	0	1	2.7054262740796458
250519.39179479776	2000.0	883.1452376941301	0.0	0	0.0	1402.5370324917603	1	0	1	2.7054262740796458
251200.0	1000.0	1202.5370324918981	0.0	0	370.52021385583794	1402.5370324917603	1	0	1	0.9725583226797831
252200.0	2000.0	1202.5370324919213	0.0	0	452.40897470581695	1402.5370324917603	1	0	1	2.012279093519701
253200.0	2000.0	1202.5370324919343	0.0	0	340.83706073006033	1402.5370324917603	1	0	1	2.7054262740796458
254200.0	2000.0	1202.5370324919006	0.0	0	160.3102611679351	1402.5370324917312	1	0	1	2.705426274079649
255200.0	2000.0	1202.5370324919104	0.0	0	77.75650023494381	1402.5370324917312	1	0	1	2.7054262740796493
256248.67556556832	2000.0	1153.8614669235901	0.0	0	0.0	1402.5370324917312	1	0	1	2.7054262740796493
257376.7357492537	2000.0	1025.8012832381924	0.0	0	0.0	1402.5370324917021	1	0	1	2.705426274079652
258392.12926856254	2000.0	1010.4077639293462	0.0	0	0.0	1402.537032491673	1	0	1	2.7054262740796546
259200.0	1000.0	1202.5370324918724	0.0	0	269.2031760595564	1402.537032491673	1	0	1	0.9725583226797918
260200.0	2000.0	1202.537032491897	0.0	0	66.32556545219268	1402.5370324917021	1	0	1	2.012279093519708
261262.98476159704	2000.0	1139.5522708948379	0.0	0	0.0	1402.5370324917021	1	0	1	2.705426274079652
262200.0	1000.0	1202.5370324918426	0.0	0	458.9584970441356	1402.5370324917021	1	0	1	0.9725583226797889
263200.0	1000.0	1202.5370324918802	0.0	0	391.19833445263794	1402.5370324917894	1	0	1	1.6657055032397288
264200.0	1000.0	1202.537032491841	0.0	0	444.7473392718821	1402.5370324917603	1	0	1	1.6657055032397277
265200.0	1000.0	1202.5370324918383	0.0	0	625.1549400092917	1402.5370324917021	1	0	1	1.665705503239734
266200.0	2000.0	1202.5370324918701	0.0	0	91.0258943902445	1402.5370324917021	1	0	1	2.012279093519707
267238.9910509404	2000.0	1163.545981551475	0.0	0	0.0	1402.5370324917021	1	0	1	2.705426274079653
268409.02538084204	2000.0	993.5116516498719	0.0	0	0.0	1402.5370324917603	1	0	1	2.7054262740796458
269789.50615973794	2000.0	613.0308727539916	0.0	0	0.0	1402.5370324918185	1	0	1	2.7054262740796404
270267.9869894134	1000.0	1134.5500430785296	0.0	0	0.0	1402.5370324918185	1	0	1	0.9725583226797774
271200.0	2000.0	1202.53703249191	0.0	0	10.292900113854557	1402.5370324918185	1	0	1	2.012279093519695
272200.0	2000.0	1202.537032491855	0.0	0	264.38280597626	1402.5370324918185	1	0	1	2.7054262740796404
273253.4827929799	2000.0	1149.054239511923	0.0	0	0.0	1402.5370324918767	1	0	1	2.705426274079634
274737.19898204494	2000.0	665.3380504469217	0.0	0	0.0	1402.5370324918767	1	0	1	2.705426274079634
275262.37673264067	1000.0	1140.1602998512517	0.0	0	0.0	1402.5370324918767	1	0	1	0.9725583226797715
276200.0	1000.0	1202.5370324918904	0.0	0	314.3202948066173	1402.537032491935	1	0	1	1.6657055032397108
277200.0	1000.0	1202.5370324918515	0.0	0	417.12419907248113	1402.537032491935	1	0	1	1.6657055032397108
278200.0	1000.0	1202.5370324918524	0.0	0	400.68750576575985	1402.537032491935	1	0	1	1.6657055032397108
279200.0	1000.0	1202.5370324917944	0.0	0	297.8649686121498	1402.5370324918767	1	0	1	1.6657055032397166
280200.0	1000.0	1202.5370324917212	0.0	0	542.6136014320073	1402.5370324918767	1	0	1	1.6657055032397166
281200.0	1000.0	1202.5370324917455	0.0	0	625.2079542422434	1402.5370324918767	1	0	1	1.6657055032397166
282200.0	1000.0	1202.5370324917765	0.0	0	537.0469689799938	1402.5370324918767	1	0	1	1.6657055032397166
283200.0	2000.0	1202.5370324917808	0.0	0	186.72296374326106	1402.5370324918767	1	0	1	2.0122790935196866
284200.0	2000.0	1202.5370324918338	0.0	0	223.7786034749006	1402.5370324918767	1	0	1	2.705426274079634
285501.23751917965	2000.0	901.2995133122589	0.0	0	0.0	1402.5370324918767	1	0	1	2.705426274079634
286200.0	1000.0	1202.5370324919033	0.0	0	51.51699250546517	1402.5370324918767	1	0	1	0.9725583226797715
287200.0	2000.0	1202.537032491933	0.0	0	72.3408964049886	1402.5370324918767	1	0	1	2.0122790935196893
288200.0	2000.0	1202.5370324918947	0.0	0	279.63789298711345	1402.5370324917603	1	0	1	2.7054262740796435
289200.0	2000.0	1202.5370324918679	0.0	0	293.1534445733996	1402.5370324917603	1	0	1	2.7054262740796458
290200.0	2000.0	1202.5370324919213	0.0	0	5.350350140070077	1402.5370324918185	1	0	1	2.7054262740796404
291454.15262832673	2000.0	948.3844041652643	0.0	0	0.0	1402.5370324918767	1	0	1	2.705426274079634
292200.0	1000.0	1202.5370324920182	0.0	0	48.586170301248785	1402.5370324918767	1	0	1	0.9725583226797715
293200.0	2000.0	1202.5370324920182	0.0	0	41.990667972597294	1402.5370324918767	1	0	1	2.012279093519688
294200.0	1000.0	1202.5370324920668	0.0	0	524.9901264050859	1402.5370324918767	1	0	1	0.9725583226797715
295200.0	1000.0	1202.5370324920398	0.0	0	341.0216745431535	1402.5370324918185	1	0	1	1.6657055032397203
296200.0	1000.0	1202.5370324919975	0.0	0	620.419536280504	1402.5370324918185	1	0	1	1.6657055032397226
297200.0	1000.0	1202.5370324919772	0.0	0	564.3762020160793	1402.5370324918185	1	0	1	1.6657055032397226
298200.0	1000.0	1202.53703249201	0.0	0	363.6460515319486	1402.5370324918185	1	0	1	1.6657055032397226
299200.0	1000.0	1202.5370324919236	0.0	0	337.9624084402458	1402.5370324918185	1	0	1	1.6657055032397226
300351.29296235443	2000.0	1051.2440701375324	0.0	0	0.0	1402.5370324918185	1	0	1	2.012279093519693
301200.0	1000.0	1202.5370324920373	0.0	0	383.831092594075	1402.5370324918185	1	0	1	0.9725583226797774
302200.0	2000.0	1202.5370324920189	0.0	0	340.8135318260174	1402.5370324918185	1	0	1	2.012279093519695
303200.0	2000.0	1202.5370324920905	0.0	0	188.20946430182084	1402.5370324918767	1	0	1	2.705426274079634
304200.0	2000.0	1202.5370324920086	0.0	0	137.3721726880758	1402.5370324918185	1	0	1	2.7054262740796404
305333.96362160036	2000.0	1068.5734108916513	0.0	0	0.0	1402.5370324918185	1	0	1	2.7054262740796404
306200.0	1000.0	1202.537032492031	0.0	0	365.60473350132816	1402.5370324917603	1	0	1	0.9725583226797831
307445.02260197396	2000.0	957.5144305180671	0.0	0	0.0	1402.5370324917603	1	0	1	2.012279093519701
308200.0	1000.0	1202.537032492075	0.0	0	5.2957957906182855	1402.5370324917021	1	0	1	0.9725583226797889
309200.0	1000.0	1202.5370324921041	0.0	0	409.6389168613241	1402.5370324917021	1	0	1	1.665705503239734
310200.0	1000.0	1202.537032492068	0.0	0	358.7492479594075	1402.537032491644	1	0	1	1.66570550323974
311200.0	1000.0	1202.5370324920589	0.0	0	552.7018448680174	1402.537032491644	1	0	1	1.66570550323974
312200.0	1000.0	1202.5370324920264	0.0	0	350.1707989022834	1402.537032491644	1	0	1	1.66570550323974
1.62	1.91	1.33	1.62	1.66	1.39	1.55	2.53	2.03	2.68	2.0	2.27	1.51	1.9	1.73	2.48	1.89	1.12	1.31	1.45	1.75	1.37	2.37	3.08	2.13	1.54	1.8	2.05	2.05	2.36	2.64	1.63	1.95	2.46	3.74	2.49	2.25	2.27	1.12	1.71	1.92	1.89	1.74	1.74	1.54	2.11	1.83	2.32	2.92	2.15	1.24	1.26	1.27	1.12	1.27	1.1	1.25	1.84	1.77	1.85	2.03	1.32	1.6	1.48	2.11	2.1	1.15	1.38	2.25	1.89	2.35	2.84	2.19	1.8	1.7	1.23	1.85	2.84	2.61	1.92	1.91	2.93	1.92	2.7	2.29	2.33	1.64	2.62	3.05	3.73	1.58	2.75	2.39	2.26	2.34	1.59	2.61	2.25	2.21	1.3	1.99	3.36	2.7	2.65	2.15	2.02	1.85	2.36	2.46	2.98	1.98	1.47	1.97	1.37	2.12	1.69	2.0	2.77	3.13	2.58	2.04	2.14	1.8	2.43	2.24	4.15	2.26	1.54	1.7	2.06	2.09	1.44	2.61	2.2	2.5	1.12	3.15	1.69	2.8	2.93	1.84	1.88	1.93	2.65	1.47	1.22	1.97	2.79	1.6	1.56	1.62	1.91	1.33	1.62	1.66	1.39	1.55	2.53	2.03	2.68	2.0	2.27	1.51	1.9	1.73	2.48	1.89	1.12	1.31	1.45	1.75	1.37	2.37	3.08	2.13	1.54	1.8	2.05	2.05	2.36	2.64	1.63	1.95	2.46	3.74	2.49	2.25	2.27	1.12	1.71	1.92	1.89	1.74	1.74	1.54	2.11	1.83	2.32	2.92	2.15	1.24	1.26	1.27	1.12	1.27	1.1	1.25	1.84	1.77	1.85	2.03	1.32	1.6	1.48	2.11	2.1	1.15	1.38	2.25	1.89	2.35	2.84	2.19	1.8	1.7	1.23	1.85	2.84	2.61	1.92	1.91	2.93	1.92	2.7	2.29	2.33	1.64	2.62	3.05	3.73	1.58	2.75	2.39	2.26	2.34	1.59	2.61	2.25	2.21	1.3	1.99	3.36	2.7	2.65	2.15	2.02	1.85	2.36	2.46	2.98	1.98	1.47	1.97	1.37	2.12	1.69	2.0	2.77	3.13	2.58	2.04	2.14	1.8	2.43	2.24	4.15	2.26	1.54	1.7	2.06	2.09	1.44	2.61	2.2	2.5	1.12	3.15	1.69	2.8	2.93	1.84	1.88	1.93	2.65	1.47	1.22	1.97	2.79	1.6	1.56	1.62	1.91	1.33	1.62	1.66	1.39	1.55	2.53	2.03	2.68	2.0	2.27	1.51	1.9
1.0	2.0	3.0	4.0	5.0	6.0	7.0	8.0	9.0	10.0	11.0	12.0	13.0	14.0	15.0	16.0	17.0	18.0	19.0	20.0	21.0	22.0	23.0	24.0	25.0	26.0	27.0	28.0	29.0	30.0	31.0	32.0	33.0	34.0	35.0	36.0	37.0	38.0	39.0	40.0	41.0	42.0	43.0	44.0	45.0	46.0	47.0	48.0	49.0	50.0	51.0	52.0	53.0	54.0	55.0	56.0	57.0	58.0	59.0	60.0	61.0	62.0	63.0	64.0	65.0	66.0	67.0	68.0	69.0	70.0	71.0	72.0	73.0	74.0	75.0	76.0	77.0	78.0	79.0	80.0	81.0	82.0	83.0	84.0	85.0	86.0	87.0	88.0	89.0	90.0	91.0	92.0	93.0	94.0	95.0	96.0	97.0	98.0	99.0	100.0	101.0	102.0	103.0	104.0	105.0	106.0	107.0	108.0	109.0	110.0	111.0	112.0	113.0	114.0	115.0	116.0	117.0	118.0	119.0	120.0	121.0	122.0	123.0	124.0	125.0	126.0	127.0	128.0	129.0	130.0	131.0	132.0	133.0	134.0	135.0	136.0	137.0	138.0	139.0	140.0	141.0	142.0	143.0	144.0	145.0	146.0	147.0	148.0	149.0	149.0	150.0	151.0	152.0	153.0	154.0	155.0	156.0	157.0	158.0	159.0	160.0	161.0	162.0	163.0	164.0	165.0	166.0	167.0	168.0	169.0	170.0	171.0	172.0	173.0	174.0	175.0	176.0	177.0	178.0	179.0	180.0	181.0	182.0	183.0	184.0	185.0	186.0	187.0	188.0	189.0	190.0	191.0	192.0	193.0	194.0	195.0	196.0	197.0	198.0	199.0	200.0	201.0	202.0	203.0	204.0	205.0	206.0	207.0	208.0	209.0	210.0	211.0	212.0	213.0	214.0	215.0	216.0	217.0	218.0	219.0	220.0	221.0	222.0	223.0	224.0	225.0	226.0	227.0	228.0	229.0	230.0	231.0	232.0	233.0	234.0	235.0	236.0	237.0	238.0	239.0	240.0	241.0	242.0	243.0	244.0	245.0	246.0	247.0	248.0	249.0	250.0	251.0	252.0	253.0	254.0	255.0	256.0	257.0	258.0	259.0	260.0	261.0	262.0	263.0	264.0	265.0	266.0	267.0	268.0	269.0	270.0	271.0	272.0	273.0	274.0	275.0	276.0	277.0	278.0	279.0	280.0	281.0	282.0	283.0	284.0	285.0	286.0	287.0	288.0	289.0	290.0	291.0	292.0	293.0	294.0	295.0	296.0	297.0	298.0	298.0	299.0	300.0	301.0	302.0	303.0	304.0	305.0	306.0	307.0	308.0	309.0	310.0	311.0	312.0
2102.613179037688
