2535.0275889324666	300.0	2000.0	85.64914628400486	0	0.0	2535.0275889324666	1	0	1	-0.7660538808701031
5200.0	3000.0	323.34993374409953	80.31812158554476	0	219.74422318456163	523.3499337440999	1	0	2	0.21358764894730242
6200.0	1000.0	2423.3499337440985	0.0	0	793.9071955564959	2623.349933744099	1	0	0	0.04901192444638447
9351.666562460421	6000.0	375.1231466341201	198.73311963316797	0	0.0	726.7897090945407	1	0	2	0.834091315175227
10200.0	1000.0	2611.6230528484984	0.0	0	649.4265465548742	2811.6230528484975	1	0	0	-0.6630857389443314
13860.582973157712	6000.0	200.0	377.2892887499847	0	0.0	1060.5829731577105	1	0	2	-0.24747569781739404
14200.0	500.0	2894.5246758419407	0.0	0	114.22634986924277	3094.52467584194	1	0	0	-2.4267632099062566
18027.58796647946	6000.0	200.0	287.1109884413314	0	0.0	1227.5879664794593	1	0	2	-0.43898598928157495
18200.0	500.0	3044.8291698315147	0.0	0	29.087205727952096	3244.829169831515	1	0	0	-2.442635899696221
21859.797848368115	6000.0	219.05153662658978	0.0	0	0.0	1078.8493849947008	1	0	2	1.2960201728168161
22200.0	500.0	2912.8696001578933	0.0	0	167.76487774580528	3112.8696001578865	1	0	0	-2.4282710107792256
25316.80526621547	6000.0	684.3838073208764	0.0	0	0.0	1001.1890735363413	1	0	2	1.3059217468112618
26200.0	2000.0	2889.508546914799	0.0	0	478.5152024468189	3089.508546914796	1	0	0	1.0418784301491988
29723.917979559268	6000.0	213.1987693995985	0.0	0	0.0	937.1167489588661	1	0	2	2.69769808365558
30200.0	500.0	2784.7249510029446	0.0	0	374.01059044124486	2984.724951002947	1	0	0	-2.414322651643883
33471.14337538347	6000.0	386.46723808111733	0.0	0	0.0	857.6106134645925	1	0	2	1.3192036838887613
34200.0	1000.0	2730.4962759262366	0.0	0	448.2380854825533	2930.4962759262417	1	0	0	-0.67538233196572
37767.14448104341	6000.0	200.0	175.7842302013713	0	0.0	967.1444810434186	1	0	2	0.9496981173518503
38200.0	500.0	2810.430032939073	0.0	0	296.0500606908972	3010.4300329390826	1	0	0	-2.417298329947921
42042.43927952491	6000.0	200.0	378.41197685302154	0	0.0	1242.4392795249078	1	0	2	-0.9647492470107426
42200.0	500.0	3058.195351572425	0.0	0	38.90640080995945	3258.1953515724163	1	0	0	-2.4439480552094506
45558.51690258597	6000.0	563.8267587278542	0.0	0	0.0	1122.3436613138183	1	0	2	1.2930751031645453
46200.0	2000.0	2986.4919710552326	0.0	0	234.66700718248467	3186.491971055213	1	0	0	1.0311954601617888
49511.82966814162	6000.0	543.4793360994579	0.0	0	0.0	1055.309004241055	1	0	2	2.6866400924506646
50200.0	2000.0	2924.1260374269186	0.0	0	340.4032550313568	3124.1260374268895	1	0	0	1.0378152564353451
53200.0	6000.0	824.1260374269152	0.0	0	31.987696363255964	1024.1260374268895	1	0	2	2.6898056179522696
54200.0	3000.0	2924.126037426912	0.0	0	40.35552944661322	3124.126037426875	1	0	0	2.0511225148140997
57585.405442677824	6000.0	400.1800504812992	0.0	0	0.0	985.5854931590875	1	0	2	3.098840361972098
58200.0	1000.0	2847.044948891341	0.0	0	361.81561104025604	3047.0449488913073	1	0	0	-0.6874772911931475
61200.0	6000.0	747.0449488913406	0.0	0	120.08078935107915	947.0449488913146	1	0	2	2.0038747750610075
62200.0	3000.0	2847.044948891337	0.0	0	302.86402656857535	3047.0449488913146	1	0	0	2.0596785392812818
65698.8167633338	6000.0	200.0	1.5031734325806383	0	0.0	898.8167633337871	1	0	2	3.0974147011344377
66200.0	500.0	2748.935087000422	0.0	0	340.6914885787555	2948.93508700042	1	0	0	-2.4108451585229043
69944.84681902456	6000.0	200.0	336.7240126605375	0	0.0	1144.8468190245621	1	0	2	-0.7194697408272607
70200.0	500.0	2970.362137122114	0.0	0	113.29966564242204	3170.3621371221234	1	0	0	-2.4345604897711115
73200.0	6000.0	870.3621371221377	0.0	0	132.81935770068958	1070.362137122138	1	0	2	1.2982331291241438
74200.0	3000.0	2970.3621371221498	0.0	0	218.34923759958474	3170.3621371221525	1	0	0	2.047117240690544
78053.01553433647	6000.0	200.0	243.59540967998475	0	0.0	1253.015534336475	1	0	2	1.6223698077608355
78200.0	500.0	3067.7139809028204	0.0	0	46.52181016863324	3267.713980902816	1	0	0	-2.4449070560596855
81200.0	6000.0	967.7139809028158	0.0	0	20.304208206769545	1167.7139809028013	1	0	2	1.2895973179856373
82200.0	3000.0	3067.7139809028213	0.0	0	544.8664575487055	3267.7139809028013	1	0	0	2.0379209773761406
85995.74286320418	6000.0	200.0	97.8210623834429	0	0.0	1195.7428632041556	1	0	2	2.4970251933513876
86200.0	500.0	3016.168576883759	0.0	0	33.29437015495205	3216.168576883705	1	0	0	-2.4396647225319223
89243.30872697047	6000.0	868.5289772162321	0.0	0	0.0	1111.837704186648	1	0	2	1.2950174644719799
90200.0	3000.0	3007.506831489644	0.0	0	425.23221838440804	3207.5068314895907	1	0	0	2.0437164246999573
93200.0	6000.0	907.5068314896449	0.0	0	261.446691959296	1107.5068314895907	1	0	2	3.0860724196930427
94200.0	3000.0	3007.506831489641	0.0	0	573.0158196012926	3207.506831489576	1	0	0	2.0439761339882914
97866.07744226053	6000.0	200.0	22.88941363357985	0	0.0	1066.077442260459	1	0	2	2.9537163305536303
98335.98668373786	2000.0	2777.081682670404	0.0	0	0.0	3113.068366408188	1	0	0	1.0369046647409403
101890.98143721609	6000.0	200.0	133.63445297026666	0	0.0	1090.9814372160035	1	0	2	1.8892675715677658
102530.41512233616	2000.0	689.3444596605589	128.77814478064025	0	0.0	1219.7595819966373	1	0	1	0.6524228617772072
103200.0	2000.0	3086.7180697630947	0.0	0	148.75628142654023	3286.71806976301	1	0	0	2.319484711909799
106799.24249994697	6000.0	327.551319821435	0.0	0	0.0	1126.7938197683252	1	0	2	2.678786571875607
107200.0	1000.0	2966.8695697737053	0.0	0	53.06102645630017	3166.869569773611	1	0	0	-0.7010485913700002
110569.40444693947	6000.0	460.52467814028444	0.0	0	0.0	1029.9291250796523	1	0	2	1.9956300031223764
111200.0	1000.0	2892.9886803858058	0.0	0	286.83086918649497	3092.9886803856934	1	0	0	-0.6922101201867916
114596.83009765531	6000.0	356.47557296495563	0.0	0	0.0	953.3056706201751	1	0	2	2.0032275052360546
115200.0	1000.0	2813.6226608547563	0.0	0	390.8735144734819	3013.6226608546713	1	0	0	-0.6840481830196464
118200.0	6000.0	713.6226608547663	0.0	0	173.05444636230823	913.6226608547004	1	0	2	2.007080055715746
119200.0	3000.0	2813.6226608547668	0.0	0	123.61321344834869	3013.622660854686	1	0	0	2.062561049867887
122200.0	6000.0	713.6226608547632	0.0	0	20.64508921673405	913.6226608546858	1	0	2	3.106742492964525
123200.0	3000.0	2813.6226608547604	0.0	0	508.514904424359	3013.622660854686	1	0	0	2.063310181560519
127077.18456604487	6000.0	200.0	410.25487435872776	0	0.0	1277.1845660448016	1	0	2	0.6155700845721096
127364.36235533206	1000.0	912.8222107128037	0.0	0	0.0	1277.1845660448016	1	0	1	-0.3135187193436306
128417.92667814005	3000.0	2964.6143201856257	0.0	0	0.0	3382.5409983256104	1	0	0	1.8200489546130751
131726.12644157687	6000.0	503.7752344510802	0.0	0	0.0	1229.90167602789	1	0	2	3.0734321006490957
132200.0	1000.0	3077.2890318702703	0.0	0	190.80151554071927	3277.289031870212	1	0	0	-0.7113744597904474
135200.0	6000.0	977.289031870311	0.0	0	33.95613773941295	1177.2890318702557	1	0	2	1.9815567756872405
136200.0	3000.0	3077.2890318703317	0.0	0	469.62634425918804	3277.2890318701975	1	0	0	2.036856624849194
139718.86304205685	6000.0	406.53968560776315	0.0	0	0.0	1125.4027276644483	1	0	2	3.083755019346167
140200.0	1000.0	2973.5164234589165	0.0	0	230.730369314173	3173.5164234587282	1	0	0	-0.700881115273705
143862.17561508852	6000.0	200.0	49.88795739861425	0	0.0	1062.1756150883448	1	0	2	1.695495892393338
144200.0	500.0	2895.958053579635	0.0	0	92.60650793561945	3095.9580535794375	1	0	0	-2.4269296516306493
148123.29893512954	6000.0	200.0	381.5188864207642	0	0.0	1323.29893512954	1	0	2	-1.0094122946715318
148285.67806362218	500.0	1037.6208715073462	0.0	0	0.0	1323.29893512954	1	0	1	-2.0509981076519677
149200.0	3000.0	1123.29893512952	0.0	0	407.8536416829447	1323.2989351295691	1	0	1	1.5297882767500584
150200.0	3000.0	1123.2989351295348	0.0	0	270.0238784988178	1323.2989351295691	1	0	1	3.3215477459781124
151200.0	3000.0	1123.298935129521	0.0	0	116.9891126336297	1323.2989351295691	1	0	1	3.3215477459781124
152200.0	3000.0	1123.2989351295232	0.0	0	454.545868920919	1323.2989351295691	1	0	1	3.3215477459781124
153200.0	3000.0	1123.298935129531	0.0	0	191.58297858020524	1323.2989351295982	1	0	1	3.3215477459781093
154200.0	3000.0	1123.2989351295166	0.0	0	327.87555741591495	1323.2989351295982	1	0	1	3.3215477459781093
155200.0	3000.0	1123.2989351295114	0.0	0	377.58959951103316	1323.2989351295982	1	0	1	3.3215477459781093
156200.0	3000.0	1123.2989351295273	0.0	0	192.02886967349332	1323.2989351295982	1	0	1	3.3215477459781093
157200.0	3000.0	1123.298935129549	0.0	0	401.2684725385625	1323.2989351295982	1	0	1	3.3215477459781093
158200.0	3000.0	1123.2989351295657	0.0	0	126.93161914218217	1323.2989351295691	1	0	1	3.3215477459781124
159200.0	3000.0	1123.2989351295319	0.0	0	486.5857062654686	1323.2989351295691	1	0	1	3.3215477459781124
160200.0	3000.0	1123.2989351295537	0.0	0	316.6284901628969	1323.2989351295982	1	0	1	3.3215477459781093
161345.49357642073	3000.0	977.805358708792	0.0	0	0.0	1323.2989351295691	1	0	1	3.3215477459781124
162453.3882232129	3000.0	869.9107119166317	0.0	0	0.0	1323.2989351295691	1	0	1	3.3215477459781124
163200.0	2000.0	1123.2989351295523	0.0	0	10.030432898900472	1323.2989351295982	1	0	1	2.307884975707698
164200.0	3000.0	1123.298935129566	0.0	0	233.91707684268476	1323.2989351295982	1	0	1	2.9160826378699447
165200.0	3000.0	1123.2989351295469	0.0	0	455.66548547902494	1323.2989351295982	1	0	1	3.3215477459781093
166200.0	3000.0	1123.2989351295264	0.0	0	443.8598111346364	1323.2989351295691	1	0	1	3.3215477459781124
167200.0	3000.0	1123.2989351295284	0.0	0	459.0460436932044	1323.2989351295691	1	0	1	3.3215477459781124
168200.0	3000.0	1123.298935129572	0.0	0	509.6425581295334	1323.2989351295691	1	0	1	3.3215477459781124
169200.0	3000.0	1123.2989351295578	0.0	0	658.5894695038442	1323.29893512954	1	0	1	3.321547745978115
170200.0	3000.0	1123.2989351295541	0.0	0	504.7146284926275	1323.298935129511	1	0	1	3.3215477459781177
171200.0	3000.0	1123.298935129546	0.0	0	469.7814065569255	1323.29893512954	1	0	1	3.321547745978115
172689.50331660954	6000.0	633.7956185200123	0.0	0	0.0	1323.2989351295691	1	0	1	3.6681213362580847
173569.11182596933	3000.0	754.1871091601986	0.0	0	0.0	1323.2989351295982	1	0	1	2.628400565418165
174789.05782907706	3000.0	534.2411060524821	0.0	0	0.0	1323.2989351295691	1	0	1	3.32154774597811
175615.7916297062	2000.0	707.5073054233255	0.0	0	0.0	1323.2989351295691	1	0	1	2.307884975707701
176675.0591740168	2000.0	648.2397611127242	0.0	0	0.0	1323.2989351295691	1	0	1	2.7133500838158655
177200.0	1000.0	1123.29893512954	0.0	0	174.75591915813857	1323.2989351295982	1	0	1	0.9804821324159992
178200.0	2000.0	1123.298935129518	0.0	0	360.67185563914245	1323.2989351295691	1	0	1	2.02020290325592
179200.0	2000.0	1123.2989351295457	0.0	0	582.2273185790109	1323.2989351295691	1	0	1	2.7133500838158655
180200.0	2000.0	1123.2989351295644	0.0	0	442.3419684100372	1323.2989351295691	1	0	1	2.7133500838158655
181200.0	3000.0	1123.298935129583	0.0	0	316.6254855329462	1323.2989351295982	1	0	1	2.9160826378699447
182200.0	3000.0	1123.2989351295669	0.0	0	500.54202953659114	1323.2989351295691	1	0	1	3.3215477459781124
183200.0	3000.0	1123.2989351295596	0.0	0	337.83162207342684	1323.29893512954	1	0	1	3.321547745978114
184200.0	3000.0	1123.2989351295628	0.0	0	353.65093503901153	1323.29893512954	1	0	1	3.321547745978115
185200.0	3000.0	1123.2989351295676	0.0	0	564.9135039593093	1323.2989351295691	1	0	1	3.3215477459781124
186200.0	3000.0	1123.2989351295405	0.0	0	341.9769442261895	1323.29893512954	1	0	1	3.321547745978114
187200.0	3000.0	1123.2989351295382	0.0	0	172.69708160831942	1323.29893512954	1	0	1	3.321547745978115
188200.0	3000.0	1123.2989351295587	0.0	0	177.47851626214106	1323.2989351295691	1	0	1	3.3215477459781133
189200.0	3000.0	1123.2989351295396	0.0	0	169.01841240283102	1323.2989351295691	1	0	1	3.3215477459781124
190200.0	3000.0	1123.298935129555	0.0	0	113.41141904942924	1323.2989351295982	1	0	1	3.32154774597811
191200.0	3000.0	1123.2989351295619	0.0	0	195.04286013639648	1323.2989351296274	1	0	1	3.321547745978107
192546.19450326188	3000.0	777.1044318677233	0.0	0	0.0	1323.2989351296565	1	0	1	3.3215477459781044
193302.85534259756	2000.0	1020.4435925320694	0.0	0	0.0	1323.2989351296565	1	0	1	2.307884975707692
194200.0	2000.0	1123.2989351296274	0.0	0	333.5534029393457	1323.2989351296565	1	0	1	2.7133500838158566
195200.0	2000.0	1123.2989351295935	0.0	0	444.3465715019847	1323.2989351296856	1	0	1	2.7133500838158535
196200.0	3000.0	1123.2989351295903	0.0	0	157.5873781084374	1323.2989351296856	1	0	1	2.916082637869936
197200.0	3000.0	1123.298935129587	0.0	0	184.6540117172699	1323.2989351296565	1	0	1	3.321547745978103
198200.0	3000.0	1123.2989351296137	0.0	0	402.9846941449796	1323.2989351296856	1	0	1	3.3215477459781004
199200.0	3000.0	1123.2989351296071	0.0	0	409.5293473644415	1323.2989351297147	1	0	1	3.3215477459780978
200200.0	3000.0	1123.2989351296212	0.0	0	371.4804634155007	1323.2989351296856	1	0	1	3.3215477459781004
201279.41973311594	3000.0	1043.879202013665	0.0	0	0.0	1323.2989351296856	1	0	1	3.3215477459781004
202226.05612294812	3000.0	1097.2428121814498	0.0	0	0.0	1323.2989351296565	1	0	1	3.3215477459781035
203200.0	3000.0	1123.2989351295655	0.0	0	65.31770492048236	1323.2989351296565	1	0	1	3.3215477459781035
204200.0	3000.0	1123.298935129544	0.0	0	305.3515606833389	1323.2989351296565	1	0	1	3.3215477459781035
205200.0	3000.0	1123.2989351295405	0.0	0	375.18360308982665	1323.2989351296565	1	0	1	3.3215477459781035
206200.0	3000.0	1123.2989351295146	0.0	0	56.16006503123208	1323.2989351296565	1	0	1	3.3215477459781035
207200.0	3000.0	1123.2989351295046	0.0	0	347.04816909559304	1323.2989351296565	1	0	1	3.3215477459781035
208200.0	3000.0	1123.2989351295078	0.0	0	490.3874526283471	1323.2989351296565	1	0	1	3.3215477459781035
209200.0	3000.0	1123.2989351295132	0.0	0	527.3671861868643	1323.2989351296565	1	0	1	3.3215477459781035
210200.0	3000.0	1123.2989351295141	0.0	0	534.518114793289	1323.2989351296274	1	0	1	3.321547745978106
211200.0	3000.0	1123.2989351294698	0.0	0	175.30072603010922	1323.2989351296274	1	0	1	3.321547745978106
212200.0	3000.0	1123.2989351294755	0.0	0	507.81532533929567	1323.2989351296274	1	0	1	3.321547745978106
213200.0	3000.0	1123.29893512951	0.0	0	500.8195581709151	1323.2989351296274	1	0	1	3.321547745978106
214200.0	3000.0	1123.2989351295196	0.0	0	322.4577168535616	1323.2989351296274	1	0	1	3.321547745978106
215200.0	3000.0	1123.2989351295373	0.0	0	549.9875910135452	1323.2989351296565	1	0	1	3.3215477459781035
216200.0	3000.0	1123.29893512953	0.0	0	614.7202114902029	1323.2989351296565	1	0	1	3.3215477459781035
217200.0	3000.0	1123.2989351295382	0.0	0	345.97800719030784	1323.2989351296856	1	0	1	3.3215477459781004
218200.0	3000.0	1123.2989351295446	0.0	0	398.34902959584724	1323.2989351297147	1	0	1	3.3215477459780978
219200.0	3000.0	1123.2989351295587	0.0	0	442.10042285587406	1323.2989351297147	1	0	1	3.3215477459780978
220200.0	3000.0	1123.2989351295719	0.0	0	168.0570994450245	1323.2989351297438	1	0	1	3.3215477459780947
221200.0	3000.0	1123.2989351295798	0.0	0	64.47124573061592	1323.2989351297729	1	0	1	3.3215477459780915
222200.0	3000.0	1123.2989351295769	0.0	0	444.1354734572524	1323.2989351297729	1	0	1	3.3215477459780915
223200.0	3000.0	1123.2989351295855	0.0	0	250.08871906940476	1323.2989351297729	1	0	1	3.3215477459780915
224200.0	3000.0	1123.2989351295687	0.0	0	499.80949884519214	1323.2989351297729	1	0	1	3.3215477459780915
225200.0	3000.0	1123.2989351295705	0.0	0	587.801775958098	1323.2989351297729	1	0	1	3.3215477459780915
226200.0	3000.0	1123.298935129575	0.0	0	420.9593192306638	1323.2989351297147	1	0	1	3.3215477459780964
227200.0	3000.0	1123.2989351295769	0.0	0	319.75978106836556	1323.2989351297147	1	0	1	3.3215477459780978
228348.27597702906	3000.0	975.0229581005267	0.0	0	0.0	1323.2989351297147	1	0	1	3.3215477459780978
229618.10920216533	3000.0	705.1897329642782	0.0	0	0.0	1323.2989351297438	1	0	1	3.3215477459780947
230238.95621634624	2000.0	1084.34271878338	0.0	0	0.0	1323.2989351297438	1	0	1	2.307884975707683
231200.0	3000.0	1123.2989351296046	0.0	0	200.86870885107783	1323.2989351297147	1	0	1	2.9160826378699323
232200.0	3000.0	1123.2989351296344	0.0	0	270.42605365632335	1323.2989351297438	1	0	1	3.3215477459780947
233200.0	3000.0	1123.2989351296205	0.0	0	151.25568053120514	1323.2989351297147	1	0	1	3.3215477459780978
234200.0	3000.0	1123.2989351296096	0.0	0	142.85539978885208	1323.2989351297147	1	0	1	3.3215477459780978
235200.0	3000.0	1123.298935129616	0.0	0	98.69623977600713	1323.2989351297147	1	0	1	3.3215477459780978
236200.0	3000.0	1123.298935129619	0.0	0	410.27760356801446	1323.2989351297147	1	0	1	3.3215477459780978
237200.0	3000.0	1123.2989351296026	0.0	0	401.3410752140917	1323.2989351297147	1	0	1	3.3215477459780978
238200.0	3000.0	1123.2989351296387	0.0	0	331.26453356593265	1323.2989351297147	1	0	1	3.3215477459780978
239200.0	3000.0	1123.2989351296403	0.0	0	240.31395962892566	1323.2989351297147	1	0	1	3.3215477459780978
240200.0	3000.0	1123.298935129648	0.0	0	401.1575613262539	1323.2989351297147	1	0	1	3.3215477459780978
241200.0	3000.0	1123.2989351296333	0.0	0	463.29393529193476	1323.2989351297147	1	0	1	3.3215477459780978
242200.0	3000.0	1123.29893512967	0.0	0	249.85216515976936	1323.2989351297438	1	0	1	3.3215477459780947
243294.22039995456	3000.0	1029.0785351750965	0.0	0	0.0	1323.2989351297147	1	0	1	3.3215477459780978
244200.0	3000.0	1123.2989351296615	0.0	0	369.0802442567074	1323.2989351297438	1	0	1	3.3215477459780947
245200.0	3000.0	1123.2989351296694	0.0	0	403.56898266944336	1323.2989351297438	1	0	1	3.3215477459780947
246200.0	3000.0	1123.2989351296694	0.0	0	250.6167336087674	1323.2989351297438	1	0	1	3.3215477459780947
247200.0	3000.0	1123.2989351296696	0.0	0	442.443931746966	1323.2989351297438	1	0	1	3.3215477459780947
248200.0	3000.0	1123.2989351296574	0.0	0	352.9773928185459	1323.2989351297438	1	0	1	3.3215477459780947
249200.0	3000.0	1123.2989351296533	0.0	0	222.48887228424428	1323.2989351297438	1	0	1	3.321547745978096
250200.0	3000.0	1123.298935129673	0.0	0	278.5046765212319	1323.2989351297729	1	0	1	3.3215477459780915
251200.0	3000.0	1123.2989351296492	0.0	0	404.4742396665097	1323.2989351297729	1	0	1	3.3215477459780915
252200.0	3000.0	1123.2989351296426	0.0	0	568.04660698527	1323.2989351297729	1	0	1	3.3215477459780915
253200.0	3000.0	1123.2989351296292	0.0	0	185.57641432224773	1323.2989351297438	1	0	1	3.321547745978094
254200.0	3000.0	1123.2989351296465	0.0	0	362.0161610940704	1323.2989351297729	1	0	1	3.3215477459780915
255200.0	3000.0	1123.298935129624	0.0	0	488.48758041407564	1323.2989351297729	1	0	1	3.3215477459780915
256200.0	3000.0	1123.2989351296185	0.0	0	378.64806983305607	1323.2989351297729	1	0	1	3.3215477459780915
257200.0	3000.0	1123.298935129601	0.0	0	272.42751270355075	1323.298935129802	1	0	1	3.3215477459780893
258200.0	3000.0	1123.2989351296278	0.0	0	420.09975794004276	1323.298935129802	1	0	1	3.321547745978089
259200.0	3000.0	1123.298935129625	0.0	0	103.13571172501543	1323.298935129831	1	0	1	3.3215477459780867
260200.0	3000.0	1123.2989351296478	0.0	0	234.71030424835044	1323.298935129831	1	0	1	3.321547745978086
261200.0	3000.0	1123.2989351296444	0.0	0	251.7060811559786	1323.2989351298602	1	0	1	3.3215477459780827
262200.0	3000.0	1123.2989351296856	0.0	0	468.5429050591192	1323.2989351298602	1	0	1	3.3215477459780827
263200.0	3000.0	1123.2989351296033	0.0	0	400.05474130110815	1323.298935129802	1	0	1	3.3215477459780853
264250.35281253967	3000.0	1072.9461225898822	0.0	0	0.0	1323.2989351297729	1	0	1	3.3215477459780915
265200.0	3000.0	1123.2989351295466	0.0	0	71.79602990439162	1323.2989351297729	1	0	1	3.3215477459780915
266200.0	3000.0	1123.2989351296083	0.0	0	280.1489895778941	1323.2989351297147	1	0	1	3.3215477459780978
267200.0	3000.0	1123.2989351295803	0.0	0	501.386775449384	1323.2989351297147	1	0	1	3.3215477459780978
268200.0	3000.0	1123.2989351296148	0.0	0	652.8683585337712	1323.2989351297147	1	0	1	3.3215477459780978
269200.0	3000.0	1123.2989351295462	0.0	0	270.7277181302197	1323.2989351297147	1	0	1	3.3215477459780978
270200.0	3000.0	1123.2989351295203	0.0	0	193.35523912799545	1323.2989351297147	1	0	1	3.3215477459780978
271200.0	3000.0	1123.2989351295882	0.0	0	475.0727847634698	1323.2989351297147	1	0	1	3.3215477459780978
272200.0	3000.0	1123.2989351295494	0.0	0	449.40271413861774	1323.2989351297147	1	0	1	3.3215477459780978
273200.0	3000.0	1123.2989351295414	0.0	0	370.29637563758297	1323.2989351297729	1	0	1	3.321547745978094
274200.0	3000.0	1123.2989351295528	0.0	0	232.45972449646797	1323.298935129831	1	0	1	3.321547745978086
275200.0	3000.0	1123.2989351295967	0.0	0	120.85015336389188	1323.298935129831	1	0	1	3.321547745978086
276200.0	3000.0	1123.2989351295914	0.0	0	272.4991717892699	1323.2989351298893	1	0	1	3.32154774597808
277224.0060073543	3000.0	1099.29292777535	0.0	0	0.0	1323.2989351298893	1	0	1	3.32154774597808
278200.0	3000.0	1123.2989351296678	0.0	0	99.09175214823335	1323.2989351299475	1	0	1	3.3215477459780747
279200.0	3000.0	1123.2989351296824	0.0	0	261.73576405696804	1323.2989351300057	1	0	1	3.32154774597807
280200.0	3000.0	1123.2989351296235	0.0	0	400.96930304856505	1323.2989351300057	1	0	1	3.3215477459780685
281200.0	3000.0	1123.2989351296176	0.0	0	347.65062670304906	1323.298935130064	1	0	1	3.321547745978063
282200.0	3000.0	1123.2989351296299	0.0	0	495.0216895461199	1323.298935130064	1	0	1	3.321547745978063
283200.0	3000.0	1123.2989351296487	0.0	0	322.5292411148548	1323.298935130064	1	0	1	3.321547745978063
284200.0	3000.0	1123.2989351296094	0.0	0	500.3242514456506	1323.298935130064	1	0	1	3.321547745978063
285200.0	3000.0	1123.2989351296626	0.0	0	282.0930016161292	1323.298935130064	1	0	1	3.321547745978063
286200.0	3000.0	1123.2989351296665	0.0	0	131.26341172750108	1323.298935130064	1	0	1	3.321547745978063
287200.0	3000.0	1123.298935129615	0.0	0	390.5318709384883	1323.298935130064	1	0	1	3.321547745978063
288235.59337127587	3000.0	1087.7055638537454	0.0	0	0.0	1323.298935130064	1	0	1	3.321547745978063
289200.0	3000.0	1123.2989351295669	0.0	0	119.46197942644358	1323.298935130064	1	0	1	3.321547745978063
290200.0	3000.0	1123.298935129603	0.0	0	501.510969381663	1323.298935130064	1	0	1	3.321547745978063
291200.0	3000.0	1123.298935129525	0.0	0	391.0895421496243	1323.2989351300057	1	0	1	3.3215477459780685
292200.0	3000.0	1123.2989351295487	0.0	0	476.07218083541375	1323.2989351300057	1	0	1	3.3215477459780685
293200.0	3000.0	1123.2989351295787	0.0	0	223.8089125136612	1323.298935130064	1	0	1	3.321547745978064
294200.0	3000.0	1123.2989351295412	0.0	0	460.9462956726784	1323.298935130064	1	0	1	3.321547745978063
295200.7530680504	3000.0	1122.545867079114	0.0	0	0.0	1323.298935130064	1	0	1	3.321547745978063
296313.757857586	3000.0	1009.5410775435755	0.0	0	0.0	1323.298935130064	1	0	1	3.321547745978063
297200.0	3000.0	1123.2989351295562	0.0	0	73.6235606946866	1323.2989351301221	1	0	1	3.321547745978057
298200.0	3000.0	1123.2989351295614	0.0	0	451.73748145025456	1323.2989351301221	1	0	1	3.321547745978057
299200.0	3000.0	1123.298935129581	0.0	0	333.33966597059043	1323.2989351301221	1	0	1	3.321547745978057
300200.0	3000.0	1123.2989351296314	0.0	0	2.2694892386207357	1323.2989351301221	1	0	1	3.321547745978057
301200.0	3000.0	1123.2989351296562	0.0	0	181.12351580057293	1323.2989351301803	1	0	1	3.321547745978052
302200.0	3000.0	1123.2989351296442	0.0	0	334.855475260003	1323.2989351301803	1	0	1	3.321547745978051
303200.0	3000.0	1123.2989351296683	0.0	0	253.7644802822033	1323.2989351301803	1	0	1	3.321547745978051
304200.0	3000.0	1123.2989351297083	0.0	0	61.00884936435614	1323.2989351301803	1	0	1	3.321547745978051
305200.0	3000.0	1123.298935129708	0.0	0	475.04474799061427	1323.2989351302385	1	0	1	3.3215477459780454
306200.0	3000.0	1123.2989351297435	0.0	0	286.8885462022736	1323.2989351302967	1	0	1	3.321547745978042
307200.0	3000.0	1123.2989351297563	0.0	0	364.7830212506233	1323.2989351302385	1	0	1	3.3215477459780427
308200.0	3000.0	1123.2989351297524	0.0	0	135.06072531442624	1323.2989351302967	1	0	1	3.3215477459780396
309200.0	3000.0	1123.2989351297383	0.0	0	503.5511454688967	1323.2989351302967	1	0	1	3.3215477459780396
310200.0	3000.0	1123.2989351297576	0.0	0	88.40181886631763	1323.2989351302967	1	0	1	3.3215477459780396
311211.21597067214	3000.0	1112.0829644576893	0.0	0	0.0	1323.2989351302967	1	0	1	3.3215477459780396
312200.0	3000.0	1123.298935129896	0.0	0	209.66685190616408	1323.2989351302967	1	0	1	3.3215477459780396
313200.0	3000.0	1123.298935129891	0.0	0	27.774860061181244	1323.298935130355	1	0	1	3.3215477459780334
314200.0	3000.0	1123.298935129928	0.0	0	382.31851395906415	1323.298935130355	1	0	1	3.3215477459780334
315200.0	3000.0	1123.2989351299218	0.0	0	315.86049593257485	1323.298935130355	1	0	1	3.3215477459780334
316200.0	3000.0	1123.2989351298897	0.0	0	451.825800890394	1323.2989351302967	1	0	1	3.3215477459780396
317200.0	3000.0	1123.2989351299104	0.0	0	533.479959905846	1323.298935130355	1	0	1	3.3215477459780334
318200.0	3000.0	1123.2989351299586	0.0	0	633.1758635123842	1323.298935130355	1	0	1	3.3215477459780334
319200.0	3000.0	1123.2989351299243	0.0	0	587.5711786515894	1323.298935130355	1	0	1	3.3215477459780334
320200.0	3000.0	1123.29893512993	0.0	0	578.1600867472007	1323.2989351304132	1	0	1	3.321547745978028
321200.0	6000.0	1123.2989351299602	0.0	0	275.8038083612337	1323.2989351304714	1	0	1	3.6681213362579945
323202.93676409026	6000.0	200.0	79.63782896033541	0	0.0	1402.9367640907876	1	0	1	3.881848786476721
323556.3558279162	1000.0	846.5809361741542	0.0	0	0.0	1402.9367640907876	1	0	1	-0.12609393914822908
324854.3559791263	3000.0	548.580784963999	0.0	0	0.0	1402.9367640907294	1	0	1	2.214971674413882
325302.53775079205	1000.0	1100.3990132982055	0.0	0	0.0	1402.9367640907294	1	0	1	0.5670532414117216
326200.0	2000.0	1202.9367640903317	0.0	0	108.07759308622917	1402.9367640907876	1	0	1	2.012239120359798
327200.0	2000.0	1202.9367640903313	0.0	0	542.864694444288	1402.9367640907876	1	0	1	2.705386300919743
328200.0	2000.0	1202.9367640902863	0.0	0	616.2947548408993	1402.9367640907294	1	0	1	2.7053863009197494
329200.0	2000.0	1202.9367640902424	0.0	0	467.03059494670015	1402.9367640907294	1	0	1	2.7053863009197494
330200.0	3000.0	1202.936764090322	0.0	0	229.3779500082601	1402.9367640907294	1	0	1	2.9081188549738317
331200.0	3000.0	1202.9367640902644	0.0	0	301.9410492159659	1402.9367640907294	1	0	1	3.3135839630819963
332200.0	3000.0	1202.9367640902738	0.0	0	466.6330534439767	1402.9367640907294	1	0	1	3.3135839630819963
333200.0	3000.0	1202.936764090302	0.0	0	263.58695105527295	1402.9367640907294	1	0	1	3.3135839630819963
334200.0	3000.0	1202.9367640902728	0.0	0	358.2233003808069	1402.9367640907294	1	0	1	3.3135839630819963
335200.0	3000.0	1202.9367640902578	0.0	0	433.8772921755444	1402.9367640907294	1	0	1	3.3135839630819963
336200.0	3000.0	1202.93676409018	0.0	0	428.7173337826971	1402.9367640907294	1	0	1	3.3135839630819963
337200.0	3000.0	1202.9367640901914	0.0	0	267.3563423998421	1402.9367640907294	1	0	1	3.3135839630819963
338200.0	3000.0	1202.936764090219	0.0	0	442.765163296368	1402.9367640907294	1	0	1	3.3135839630819963
339200.0	3000.0	1202.936764090216	0.0	0	22.486369972699322	1402.9367640907294	1	0	1	3.313583963081997
340200.0	3000.0	1202.9367640901546	0.0	0	27.972031948447693	1402.9367640907294	1	0	1	3.3135839630819963
341200.0	3000.0	1202.9367640901803	0.0	0	83.90498729428509	1402.9367640906712	1	0	1	3.313583963082002
342263.98551378696	3000.0	1138.9512503032443	0.0	0	0.0	1402.9367640906712	1	0	1	3.313583963082002
343200.0	3000.0	1202.9367640901974	0.0	0	6.5204544242005795	1402.9367640906712	1	0	1	3.313583963082002
344228.4428013736	3000.0	1174.4939627165827	0.0	0	0.0	1402.9367640906712	1	0	1	3.313583963082002
345200.0	3000.0	1202.9367640901914	0.0	0	187.85078094905475	1402.9367640906712	1	0	1	3.313583963082002
346200.0	3000.0	1202.9367640901637	0.0	0	303.0026684398181	1402.9367640906712	1	0	1	3.313583963082002
347200.0	3000.0	1202.9367640901992	0.0	0	152.0061406524619	1402.936764090613	1	0	1	3.3135839630820065
348200.0	3000.0	1202.9367640901878	0.0	0	344.478339322377	1402.936764090613	1	0	1	3.313583963082008
349289.2616998806	3000.0	1113.675064209675	0.0	0	0.0	1402.936764090613	1	0	1	3.313583963082008
350512.9675230411	3000.0	889.9692410491066	0.0	0	0.0	1402.9367640905548	1	0	1	3.3135839630820136
351460.41997016507	3000.0	942.516793925169	0.0	0	0.0	1402.9367640904966	1	0	1	3.31358396308202
352215.68385276577	3000.0	1187.2529113245237	0.0	0	0.0	1402.9367640904966	1	0	1	3.31358396308202
353200.0	3000.0	1202.9367640902665	0.0	0	163.0308925123536	1402.9367640904966	1	0	1	3.31358396308202
354200.0	3000.0	1202.9367640902824	0.0	0	236.72704035713105	1402.9367640905548	1	0	1	3.3135839630820163
355243.1167775739	3000.0	1159.8199865163865	0.0	0	0.0	1402.936764090613	1	0	1	3.313583963082008
356200.0	3000.0	1202.9367640901976	0.0	0	341.8896483439021	1402.9367640905548	1	0	1	3.3135839630820136
357200.0	3000.0	1202.9367640902135	0.0	0	492.7838351566461	1402.9367640905548	1	0	1	3.3135839630820136
358200.0	3000.0	1202.936764090233	0.0	0	450.11574229883263	1402.9367640905548	1	0	1	3.3135839630820136
359200.0	3000.0	1202.9367640902283	0.0	0	259.6676415259717	1402.9367640904966	1	0	1	3.31358396308202
360200.0	3000.0	1202.936764090242	0.0	0	233.95908974454505	1402.9367640905548	1	0	1	3.3135839630820136
361200.0	3000.0	1202.9367640902465	0.0	0	259.9886246051756	1402.936764090613	1	0	1	3.3135839630820088
362200.0	3000.0	1202.9367640902594	0.0	0	565.8947817707667	1402.936764090613	1	0	1	3.313583963082008
363200.0	3000.0	1202.9367640902428	0.0	0	413.21091954491567	1402.936764090613	1	0	1	3.313583963082008
364200.0	3000.0	1202.9367640902688	0.0	0	503.05298945790855	1402.936764090613	1	0	1	3.313583963082008
365200.0	3000.0	1202.936764090235	0.0	0	397.7193720956566	1402.9367640905548	1	0	1	3.3135839630820136
366200.0	3000.0	1202.9367640902522	0.0	0	207.35515169263817	1402.9367640905548	1	0	1	3.3135839630820136
367200.0	3000.0	1202.9367640902224	0.0	0	324.4588452834287	1402.9367640905548	1	0	1	3.3135839630820136
368200.0	3000.0	1202.9367640902024	0.0	0	576.498574735946	1402.9367640905548	1	0	1	3.3135839630820136
369306.3777228672	3000.0	1096.5590412230679	0.0	0	0.0	1402.9367640905548	1	0	1	3.3135839630820136
370200.0	3000.0	1202.9367640902342	0.0	0	178.60049714916386	1402.9367640904966	1	0	1	3.31358396308202
371200.0	3000.0	1202.9367640902005	0.0	0	166.49572176364018	1402.9367640904384	1	0	1	3.313583963082025
372200.0	3000.0	1202.936764090228	0.0	0	475.7611925812089	1402.9367640904384	1	0	1	3.313583963082025
4.85	6.92	4.96	6.94	4.62	2.19	2.53	4.15	4.47	3.57	4.22	4.99	4.55	5.87	5.8	3.72	4.37	5.02	6.14	2.94	4.52	5.05	3.88	5.24	5.55	4.24	3.8	5.42	7.94	4.7	4.92	4.41	4.63	4.53	6.82	4.71	4.54	3.75	5.69	7.01	3.64	3.05	4.58	5.24	7.32	7.42	3.45	5.42	5.24	4.29	4.22	3.85	5.26	2.9	3.95	4.74	6.88	6.08	4.6	4.99	6.49	3.14	4.43	4.24	3.75	2.86	5.35	5.86	5.24	4.38	4.88	3.39	3.1	4.0	4.75	5.15	3.04	4.16	4.81	4.97	3.44	4.82	4.74	3.81	4.31	5.04	3.88	3.44	3.25	3.65	4.65	3.87	6.21	6.54	7.21	7.14	8.05	7.39	4.34	4.45	3.15	2.97	2.18	3.51	4.48	4.74	4.53	5.93	6.07	4.96	6.3	3.98	4.29	4.49	4.43	3.86	3.37	3.98	2.06	3.08	4.27	3.74	3.86	5.44	4.25	4.31	3.12	3.45	3.53	4.31	4.74	3.31	4.55	6.16	6.58	6.3	3.63	4.64	6.19	4.93	7.12	7.59	5.14	4.83	6.14	4.2	2.83	4.3	5.15	5.19	4.85	6.92	4.96	6.94	4.62	2.19	2.53	4.15	4.47	3.57	4.22	4.99	4.55	5.87	5.8	3.72	4.37	5.02	6.14	2.94	4.52	5.05	3.88	5.24	5.55	4.24	3.8	5.42	7.94	4.7	4.92	4.41	4.63	4.53	6.82	4.71	4.54	3.75	5.69	7.01	3.64	3.05	4.58	5.24	7.32	7.42	3.45	5.42	5.24	4.29	4.22	3.85	5.26	2.9	3.95	4.74	6.88	6.08	4.6	4.99	6.49	3.14	4.43	4.24	3.75	2.86	5.35	5.86	5.24	4.38	4.88	3.39	3.1	4.0	4.75	5.15	3.04	4.16	4.81	4.97	3.44	4.82	4.74	3.81	4.31	5.04	3.88	3.44	3.25	3.65	4.65	3.87	6.21	6.54	7.21	7.14	8.05	7.39	4.34	4.45	3.15	2.97	2.18	3.51	4.48	4.74	4.53	5.93	6.07	4.96	6.3	3.98	4.29	4.49	4.43	3.86	3.37	3.98	2.06	3.08	4.27	3.74	3.86	5.44	4.25	4.31	3.12	3.45	3.53	4.31	4.74	3.31	4.55	6.16	6.58	6.3	3.63	4.64	6.19	4.93	7.12	7.59	5.14	4.83	6.14	4.2	2.83	4.3	5.15	5.19	4.85	6.92	4.96	6.94	4.62	2.19	2.53	4.15	4.47	3.57	4.22	4.99	4.55	5.87	5.8	3.72	4.37	5.02	6.14	2.94	4.52	5.05	3.88	5.24	5.55	4.24	3.8	5.42	7.94	4.7	4.92	4.41	4.63	4.53	6.82	4.71	4.54	3.75	5.69	7.01	3.64	3.05	4.58	5.24	7.32	7.42	3.45	5.42	5.24	4.29	4.22	3.85	5.26	2.9	3.95	4.74	6.88	6.08	4.6	4.99	6.49	3.14	4.43	4.24	3.75	2.86	5.35	5.86	5.24	4.38	4.88	3.39	3.1	4.0
1.0	2.0	3.0	4.0	5.0	6.0	7.0	8.0	9.0	10.0	11.0	12.0	13.0	14.0	15.0	16.0	17.0	18.0	19.0	20.0	21.0	22.0	23.0	24.0	25.0	26.0	27.0	28.0	29.0	30.0	31.0	32.0	33.0	34.0	35.0	36.0	37.0	38.0	39.0	40.0	41.0	42.0	43.0	44.0	45.0	46.0	47.0	48.0	49.0	50.0	51.0	52.0	53.0	54.0	55.0	56.0	57.0	58.0	59.0	60.0	61.0	62.0	63.0	64.0	65.0	66.0	67.0	68.0	69.0	70.0	71.0	72.0	73.0	74.0	75.0	76.0	77.0	78.0	79.0	80.0	81.0	82.0	83.0	84.0	85.0	86.0	87.0	88.0	89.0	90.0	91.0	92.0	93.0	94.0	95.0	96.0	97.0	98.0	99.0	100.0	101.0	102.0	103.0	104.0	105.0	106.0	107.0	108.0	109.0	110.0	111.0	112.0	113.0	114.0	115.0	116.0	117.0	118.0	119.0	120.0	121.0	122.0	123.0	124.0	125.0	126.0	127.0	128.0	129.0	130.0	131.0	132.0	133.0	134.0	135.0	136.0	137.0	138.0	139.0	140.0	141.0	142.0	143.0	144.0	145.0	146.0	147.0	148.0	149.0	149.0	150.0	151.0	152.0	153.0	154.0	155.0	156.0	157.0	158.0	159.0	160.0	161.0	162.0	163.0	164.0	165.0	166.0	167.0	168.0	169.0	170.0	171.0	172.0	173.0	174.0	175.0	176.0	177.0	178.0	179.0	180.0	181.0	182.0	183.0	184.0	185.0	186.0	187.0	188.0	189.0	190.0	191.0	192.0	193.0	194.0	195.0	196.0	197.0	198.0	199.0	200.0	201.0	202.0	203.0	204.0	205.0	206.0	207.0	208.0	209.0	210.0	211.0	212.0	213.0	214.0	215.0	216.0	217.0	218.0	219.0	220.0	221.0	222.0	223.0	224.0	225.0	226.0	227.0	228.0	229.0	230.0	231.0	232.0	233.0	234.0	235.0	236.0	237.0	238.0	239.0	240.0	241.0	242.0	243.0	244.0	245.0	246.0	247.0	248.0	249.0	250.0	251.0	252.0	253.0	254.0	255.0	256.0	257.0	258.0	259.0	260.0	261.0	262.0	263.0	264.0	265.0	266.0	267.0	268.0	269.0	270.0	271.0	272.0	273.0	274.0	275.0	276.0	277.0	278.0	279.0	280.0	281.0	282.0	283.0	284.0	285.0	286.0	287.0	288.0	289.0	290.0	291.0	292.0	293.0	294.0	295.0	296.0	297.0	298.0	298.0	299.0	300.0	301.0	302.0	303.0	304.0	305.0	306.0	307.0	308.0	309.0	310.0	311.0	312.0	313.0	314.0	315.0	316.0	317.0	318.0	319.0	320.0	321.0	322.0	323.0	324.0	325.0	326.0	327.0	328.0	329.0	330.0	331.0	332.0	333.0	334.0	335.0	336.0	337.0	338.0	339.0	340.0	341.0	342.0	343.0	344.0	345.0	346.0	347.0	348.0	349.0	350.0	351.0	352.0	353.0	354.0	355.0	356.0	357.0	358.0	359.0	360.0	361.0	362.0	363.0	364.0	365.0	366.0	367.0	368.0	369.0	370.0	371.0	372.0
2363.1285568038506
