2862.4385944583373	300.0	2000.0	101.62779111232827	0	0.0	2862.4385944583373	1	0	1	-0.8944574303703624
5200.0	3000.0	562.3999999999997	0.0	0	418.09111827558354	762.4000000000005	1	0	2	0.6712079247898973
6200.0	2000.0	2662.4	0.0	0	662.8525809471512	2862.400000000001	1	0	0	1.7579748692206572
9200.0	6000.0	562.3999999999976	0.0	0	235.289375848095	762.399999999996	1	0	2	2.7150986874058414
10200.0	2000.0	2662.3999999999974	0.0	0	616.6450590619424	2862.399999999997	1	0	0	1.0648093671706702
13306.977716588888	6000.0	444.72451175221977	0.0	0	0.0	751.7022283411097	1	0	2	2.7169555032088595
14200.0	2000.0	2641.0044566822194	0.0	0	483.85775700186423	2841.0044566822216	1	0	0	1.066704886137462
17351.188398665385	6000.0	383.0701089226078	7.611718883919252	0	0.0	734.2585075879942	1	0	2	2.673326913700036
18200.0	1000.0	2619.139667721455	0.0	0	697.3927397643856	2819.139667721456	1	0	0	-0.6637924721717936
21200.0	6000.0	519.1396677214493	0.0	0	34.480398148167296	719.1396677214507	1	0	2	2.027044323691863
22200.0	2000.0	2619.1396677214516	0.0	0	505.6307949896873	2819.1396677214507	1	0	0	1.0690343290307909
25200.0	6000.0	519.1396677214499	0.0	0	15.540170835734898	719.139667721447	1	0	2	2.720044459542129
26200.0	2000.0	2619.1396677214493	0.0	0	521.2251370741869	2819.1396677214434	1	0	0	1.0690421886654968
29307.810059137562	6000.0	428.8843833961406	25.759800660013866	0	0.0	736.6944425336951	1	0	2	2.5643297500874556
30200.0	1000.0	2625.9134366199487	0.0	0	697.283076495296	2825.9134366199432	1	0	0	-0.6644223803199605
33356.81959826693	6000.0	353.4118785263323	0.0	0	0.0	710.2314767932512	1	0	2	2.027575886845953
34200.0	1000.0	2594.5495169665583	0.0	0	604.1036732420689	2794.549516966552	1	0	0	-0.6614236125221833
37584.364143742685	6000.0	206.0270412726364	122.07098402093581	0	0.0	790.3911850153163	1	0	2	1.287070904523133
38200.0	500.0	2651.954770641057	0.0	0	499.72463032983796	2851.954770641052	1	0	0	-2.4005146652496676
41278.911558748885	6000.0	465.1520560172776	0.0	0	0.0	744.0636147661571	1	0	2	1.3315255319894204
42200.0	2000.0	2636.1724588912793	0.0	0	616.8556747160837	2836.172458891291	1	0	0	1.0673492369680981
45200.0	6000.0	536.1724588912749	0.0	0	4.5944288095633965	736.1724588912839	1	0	2	2.719192580930171
46200.0	2000.0	2636.172458891272	0.0	0	698.991899818262	2836.172458891284	1	0	0	1.0674504427715839
49215.97824115738	6000.0	518.5963936181474	0.0	0	16.772128878154035	734.5746347755485	1	0	2	2.7182288374559453
50200.0	3000.0	2632.97681065979	0.0	0	43.42948683787836	2832.976810659806	1	0	0	2.080033308410525
53856.44804318013	6000.0	200.0	353.7418516712267	0	0.0	1056.4480431801494	1	0	2	0.9897164775379705
54204.5170760414	1000.0	2886.737870424855	0.0	0	0.0	3091.254946466266	1	0	0	-0.6940741213838699
58208.097920497	6000.0	206.17916107690996	476.2263665443272	0	0.0	1414.277081573906	1	0	2	-0.8948599911840803
58324.17618605387	500.0	1090.1008955200432	0.0	0	0.0	1414.277081573906	1	0	1	-2.060095922296404
59200.0	3000.0	1214.2770815739145	0.0	0	217.3799011388037	1414.277081573906	1	0	1	1.5206904621056232
60200.0	3000.0	1214.2770815739118	0.0	0	597.3505735736253	1414.2770815739132	1	0	1	3.312449931333678
61200.0	3000.0	1214.277081573914	0.0	0	358.4058168364354	1414.2770815739132	1	0	1	3.312449931333678
62200.0	3000.0	1214.2770815739063	0.0	0	328.15442677162355	1414.2770815739132	1	0	1	3.312449931333678
63200.0	3000.0	1214.277081573901	0.0	0	354.63823769074224	1414.2770815739132	1	0	1	3.312449931333678
64200.0	3000.0	1214.2770815738936	0.0	0	370.3075767325863	1414.2770815739132	1	0	1	3.312449931333678
65200.0	3000.0	1214.2770815738997	0.0	0	42.38375379102217	1414.2770815739204	1	0	1	3.312449931333677
66692.36533806099	3000.0	721.9117435129097	0.0	0	0.0	1414.2770815739204	1	0	1	3.3124499313336764
67481.1470422823	2000.0	933.1300392916022	0.0	0	0.0	1414.2770815739204	1	0	1	2.2987871610632653
68319.45109348663	2000.0	1094.825988087286	0.0	0	0.0	1414.277081573906	1	0	1	2.7042522691714317
69200.0	2000.0	1214.2770815739204	0.0	0	441.61587100422184	1414.277081573906	1	0	1	2.7042522691714317
70200.0	2000.0	1214.2770815739239	0.0	0	423.24700244309497	1414.277081573906	1	0	1	2.7042522691714317
71200.0	2000.0	1214.277081573924	0.0	0	533.1731939473975	1414.277081573906	1	0	1	2.7042522691714317
72200.0	3000.0	1214.2770815739098	0.0	0	425.93548183431267	1414.2770815738913	1	0	1	2.9069848232255158
73200.0	3000.0	1214.2770815739104	0.0	0	463.1940273920045	1414.277081573906	1	0	1	3.3124499313336786
74200.0	3000.0	1214.277081573916	0.0	0	307.02555851721263	1414.277081573906	1	0	1	3.3124499313336786
75200.0	3000.0	1214.277081573926	0.0	0	22.855750180533505	1414.277081573906	1	0	1	3.3124499313336786
76241.34464707888	3000.0	1172.9324344950628	0.0	0	0.0	1414.2770815739204	1	0	1	3.312449931333677
77259.04440880066	3000.0	1155.2326727732902	0.0	0	0.0	1414.277081573935	1	0	1	3.3124499313336764
78217.33508793119	3000.0	1196.9419936427603	0.0	0	0.0	1414.2770815739495	1	0	1	3.312449931333674
79200.0	3000.0	1214.2770815739682	0.0	0	283.08125724835554	1414.2770815739495	1	0	1	3.312449931333674
80200.0	3000.0	1214.2770815739732	0.0	0	175.11544363952999	1414.2770815739495	1	0	1	3.312449931333674
81200.0	3000.0	1214.2770815739736	0.0	0	264.5254801097035	1414.2770815739495	1	0	1	3.312449931333674
82200.0	3000.0	1214.2770815739868	0.0	0	246.88516276935115	1414.277081573964	1	0	1	3.3124499313336724
83200.0	3000.0	1214.277081574009	0.0	0	46.23269728530431	1414.277081573964	1	0	1	3.3124499313336724
84200.0	3000.0	1214.2770815740123	0.0	0	438.6618045138748	1414.277081573964	1	0	1	3.3124499313336724
85200.0	3000.0	1214.277081574016	0.0	0	228.26387125140172	1414.277081573964	1	0	1	3.3124499313336724
86200.0	3000.0	1214.2770815740068	0.0	0	581.5122699798376	1414.277081573964	1	0	1	3.3124499313336724
87200.0	3000.0	1214.2770815740103	0.0	0	304.2752664453146	1414.277081573964	1	0	1	3.3124499313336724
88200.0	3000.0	1214.2770815740157	0.0	0	313.2349563683674	1414.277081573964	1	0	1	3.3124499313336724
89200.0	3000.0	1214.2770815740314	0.0	0	79.66380889207358	1414.277081573964	1	0	1	3.3124499313336724
90292.472464506	3000.0	1121.8046170680245	0.0	0	0.0	1414.277081573964	1	0	1	3.3124499313336724
91263.93418967708	3000.0	1150.3428918969576	0.0	0	0.0	1414.2770815739786	1	0	1	3.3124499313336715
92320.63514637847	3000.0	1093.6419351955572	0.0	0	0.0	1414.2770815739786	1	0	1	3.3124499313336715
93200.0	3000.0	1214.277081574037	0.0	0	98.2016833351372	1414.2770815739786	1	0	1	3.3124499313336715
94200.0	3000.0	1214.2770815740307	0.0	0	252.2726849471801	1414.2770815739786	1	0	1	3.3124499313336715
95200.0	3000.0	1214.2770815740184	0.0	0	357.5402377694263	1414.2770815739786	1	0	1	3.3124499313336715
96200.0	3000.0	1214.277081574031	0.0	0	322.36395526776323	1414.2770815739786	1	0	1	3.3124499313336715
97200.0	3000.0	1214.2770815740375	0.0	0	426.9584817093273	1414.2770815739786	1	0	1	3.3124499313336715
98200.0	3000.0	1214.2770815740403	0.0	0	415.682857151216	1414.2770815739932	1	0	1	3.3124499313336697
99200.0	3000.0	1214.2770815740241	0.0	0	66.48011253860022	1414.2770815739786	1	0	1	3.3124499313336715
100200.0	3000.0	1214.2770815740148	0.0	0	152.10351019047084	1414.2770815739786	1	0	1	3.3124499313336715
101200.0	3000.0	1214.2770815739968	0.0	0	411.8408088137221	1414.277081573964	1	0	1	3.3124499313336724
102200.0	3000.0	1214.2770815740005	0.0	0	574.4915562289971	1414.277081573964	1	0	1	3.3124499313336724
103200.0	3000.0	1214.2770815739893	0.0	0	409.86525470222114	1414.277081573964	1	0	1	3.3124499313336724
104200.0	3000.0	1214.2770815739943	0.0	0	331.22797727295256	1414.2770815739786	1	0	1	3.3124499313336715
105200.0	3000.0	1214.2770815740028	0.0	0	184.08589269859658	1414.2770815739932	1	0	1	3.3124499313336697
106364.6715275576	3000.0	1049.6055540164093	0.0	0	0.0	1414.2770815739932	1	0	1	3.3124499313336697
107301.58645625603	3000.0	1112.6906253179675	0.0	0	0.0	1414.2770815739932	1	0	1	3.3124499313336697
108200.0	3000.0	1214.2770815740023	0.0	0	173.43562088998442	1414.2770815739932	1	0	1	3.3124499313336697
109200.0	3000.0	1214.2770815740078	0.0	0	380.32906281189935	1414.2770815739932	1	0	1	3.3124499313336697
110200.0	3000.0	1214.2770815740073	0.0	0	324.7646276670421	1414.2770815739932	1	0	1	3.3124499313336697
111200.0	3000.0	1214.277081574036	0.0	0	148.90960005916713	1414.2770815739932	1	0	1	3.3124499313336697
112200.0	3000.0	1214.2770815740291	0.0	0	342.6797332952556	1414.2770815739932	1	0	1	3.3124499313336697
113200.0	3000.0	1214.2770815740344	0.0	0	19.181393029386527	1414.2770815739932	1	0	1	3.3124499313336697
114200.0	3000.0	1214.2770815740462	0.0	0	504.73369115332025	1414.2770815739932	1	0	1	3.3124499313336697
115200.0	3000.0	1214.27708157405	0.0	0	568.4543549796217	1414.2770815739932	1	0	1	3.3124499313336697
116200.0	3000.0	1214.2770815740575	0.0	0	328.44847100955667	1414.2770815740078	1	0	1	3.312449931333669
117200.0	3000.0	1214.2770815740575	0.0	0	87.46224889966834	1414.2770815739932	1	0	1	3.3124499313336697
118200.0	3000.0	1214.2770815740555	0.0	0	148.57420715324406	1414.2770815739932	1	0	1	3.3124499313336697
119200.0	3000.0	1214.2770815740457	0.0	0	361.8988158177235	1414.2770815740078	1	0	1	3.312449931333669
120342.71491237033	3000.0	1071.5621692037137	0.0	0	0.0	1414.2770815740078	1	0	1	3.312449931333669
121200.0	3000.0	1214.277081574029	0.0	0	256.32712827457	1414.2770815740078	1	0	1	3.312449931333669
122200.0	3000.0	1214.277081574028	0.0	0	558.1640728019847	1414.2770815740078	1	0	1	3.312449931333669
123200.0	3000.0	1214.2770815740355	0.0	0	464.0288000998844	1414.2770815740078	1	0	1	3.312449931333669
124200.0	3000.0	1214.277081574033	0.0	0	602.7303168922954	1414.2770815739932	1	0	1	3.3124499313336697
125200.0	3000.0	1214.277081574044	0.0	0	476.3214355959499	1414.2770815739932	1	0	1	3.3124499313336697
126200.0	3000.0	1214.2770815740487	0.0	0	474.17826242916635	1414.2770815739932	1	0	1	3.3124499313336697
127682.21023828954	6000.0	732.0668432845066	0.0	0	0.0	1414.2770815739932	1	0	1	3.6590235216136424
128297.31855445945	3000.0	1116.958527114607	0.0	0	0.0	1414.2770815739932	1	0	1	2.6193027507737248
129200.0	3000.0	1214.277081574047	0.0	0	364.28167895428487	1414.2770815740078	1	0	1	3.312449931333669
130200.0	3000.0	1214.2770815740448	0.0	0	226.7427615831548	1414.2770815740078	1	0	1	3.312449931333669
131200.0	3000.0	1214.2770815740587	0.0	0	16.877126890409272	1414.2770815740223	1	0	1	3.3124499313336684
132200.0	3000.0	1214.2770815740323	0.0	0	417.60434143646853	1414.2770815739786	1	0	1	3.31244993133367
133200.0	3000.0	1214.2770815740455	0.0	0	160.89584050662233	1414.277081573964	1	0	1	3.3124499313336724
134217.38645896647	3000.0	1196.890622607574	0.0	0	0.0	1414.2770815739932	1	0	1	3.3124499313336715
135271.27776199477	3000.0	1142.9993195792663	0.0	0	0.0	1414.277081573964	1	0	1	3.312449931333671
136200.0	3000.0	1214.2770815740216	0.0	0	140.3274375241017	1414.277081573964	1	0	1	3.3124499313336724
137200.0	3000.0	1214.2770815740373	0.0	0	122.59756823416683	1414.2770815739932	1	0	1	3.3124499313336697
138200.0	3000.0	1214.2770815740455	0.0	0	171.39305805889308	1414.2770815739932	1	0	1	3.3124499313336697
139200.0	3000.0	1214.277081574067	0.0	0	278.4093174270529	1414.2770815739932	1	0	1	3.3124499313336697
140200.0	3000.0	1214.2770815740805	0.0	0	69.3924938129494	1414.2770815739932	1	0	1	3.3124499313336697
141200.0	3000.0	1214.277081574101	0.0	0	295.05279459728627	1414.2770815739932	1	0	1	3.3124499313336697
142200.0	3000.0	1214.2770815740862	0.0	0	228.08826519892318	1414.277081573964	1	0	1	3.3124499313336724
143200.0	3000.0	1214.277081574076	0.0	0	37.03596994903637	1414.277081573964	1	0	1	3.3124499313336724
144200.0	3000.0	1214.2770815740919	0.0	0	77.7144719719654	1414.277081573964	1	0	1	3.3124499313336724
145200.0	3000.0	1214.2770815741103	0.0	0	34.21014162004576	1414.2770815740223	1	0	1	3.312449931333669
146344.49114833356	3000.0	1069.785933240547	0.0	0	0.0	1414.2770815740223	1	0	1	3.312449931333667
147225.16672122973	3000.0	1189.110360344365	0.0	0	0.0	1414.2770815740223	1	0	1	3.312449931333667
148200.0	3000.0	1214.2770815741108	0.0	0	377.7811594809755	1414.2770815740223	1	0	1	3.312449931333667
149200.0	3000.0	1214.2770815740892	0.0	0	219.86966717301402	1414.2770815740223	1	0	1	3.312449931333667
150200.0	3000.0	1214.2770815740698	0.0	0	184.8682453885558	1414.2770815740223	1	0	1	3.312449931333667
151200.0	3000.0	1214.27708157407	0.0	0	547.798509493121	1414.2770815740223	1	0	1	3.312449931333667
152200.0	3000.0	1214.277081574083	0.0	0	369.2727599704813	1414.2770815740223	1	0	1	3.312449931333667
153200.0	3000.0	1214.2770815741046	0.0	0	238.36746926038177	1414.2770815740223	1	0	1	3.312449931333667
154200.0	3000.0	1214.2770815740823	0.0	0	206.30403604340972	1414.2770815740223	1	0	1	3.312449931333667
155200.0	3000.0	1214.277081574055	0.0	0	387.7061756714247	1414.2770815740223	1	0	1	3.312449931333667
156200.0	3000.0	1214.2770815740275	0.0	0	360.05775766883744	1414.2770815740223	1	0	1	3.312449931333667
157200.0	3000.0	1214.2770815740234	0.0	0	332.3290464510792	1414.2770815740223	1	0	1	3.312449931333667
158200.0	3000.0	1214.2770815740446	0.0	0	540.4519774137298	1414.2770815740514	1	0	1	3.3124499313336644
159200.0	3000.0	1214.2770815740346	0.0	0	697.9485946780478	1414.2770815740514	1	0	1	3.3124499313336644
160200.0	6000.0	1214.2770815740028	0.0	0	454.66023232531734	1414.2770815740223	1	0	1	3.6590235216136398
161200.0	6000.0	1214.2770815740241	0.0	0	269.73631819919683	1414.2770815740223	1	0	1	4.352170702173584
162271.79415604015	6000.0	1142.482925533871	0.0	0	0.0	1414.2770815739932	1	0	1	4.352170702173587
163568.1845360548	6000.0	846.0925455192178	0.0	0	0.0	1414.2770815739932	1	0	1	4.352170702173587
164352.76749148077	3000.0	1061.5095900932106	0.0	0	0.0	1414.2770815739932	1	0	1	2.6193027507737248
165200.0	3000.0	1214.2770815739805	0.0	0	159.04681390488986	1414.2770815740223	1	0	1	3.312449931333667
166200.0	3000.0	1214.27708157399	0.0	0	366.847694581229	1414.2770815740223	1	0	1	3.312449931333667
167200.0	3000.0	1214.2770815739736	0.0	0	558.3804334511806	1414.2770815739932	1	0	1	3.3124499313336697
168200.0	3000.0	1214.2770815739623	0.0	0	638.2584971196193	1414.2770815739932	1	0	1	3.3124499313336697
169200.0	3000.0	1214.277081573977	0.0	0	272.37846170333796	1414.2770815739932	1	0	1	3.3124499313336697
170200.0	3000.0	1214.277081573979	0.0	0	388.52994709665654	1414.2770815739932	1	0	1	3.3124499313336697
171200.0	3000.0	1214.2770815739677	0.0	0	485.326805280376	1414.2770815739932	1	0	1	3.3124499313336697
172200.0	3000.0	1214.2770815739505	0.0	0	281.68773950627656	1414.2770815739932	1	0	1	3.3124499313336697
173200.0	3000.0	1214.2770815739527	0.0	0	335.63153638722724	1414.2770815739932	1	0	1	3.3124499313336697
174200.0	3000.0	1214.2770815739582	0.0	0	10.980951102654217	1414.2770815739932	1	0	1	3.3124499313336697
175200.0	3000.0	1214.2770815739323	0.0	0	124.54026114908629	1414.2770815739932	1	0	1	3.3124499313336697
176223.254173991	3000.0	1191.0229075829484	0.0	0	0.0	1414.2770815739932	1	0	1	3.3124499313336697
177200.0	3000.0	1214.277081573924	0.0	0	247.35933367637335	1414.277081573964	1	0	1	3.3124499313336724
178200.0	3000.0	1214.2770815739475	0.0	0	313.67845166215557	1414.277081573964	1	0	1	3.3124499313336724
179200.0	3000.0	1214.277081573937	0.0	0	122.10316238019732	1414.277081573964	1	0	1	3.3124499313336724
180200.0	3000.0	1214.277081573914	0.0	0	543.4581984653778	1414.277081573964	1	0	1	3.3124499313336724
181200.0	3000.0	1214.2770815738986	0.0	0	442.1858225433971	1414.277081573935	1	0	1	3.312449931333676
182200.0	3000.0	1214.27708157389	0.0	0	426.63983862975147	1414.277081573935	1	0	1	3.312449931333676
183200.0	3000.0	1214.277081573908	0.0	0	107.14377251360565	1414.277081573935	1	0	1	3.312449931333676
184200.0	3000.0	1214.2770815739043	0.0	0	366.47073858973454	1414.277081573935	1	0	1	3.312449931333676
185200.0	3000.0	1214.2770815739345	0.0	0	519.7437093280023	1414.277081573935	1	0	1	3.312449931333676
186200.0	3000.0	1214.2770815739354	0.0	0	413.34671633160906	1414.277081573935	1	0	1	3.312449931333676
187200.0	3000.0	1214.2770815739416	0.0	0	561.7793631338282	1414.277081573935	1	0	1	3.312449931333676
188200.0	3000.0	1214.2770815739361	0.0	0	538.9843955219549	1414.277081573906	1	0	1	3.3124499313336786
189200.0	3000.0	1214.2770815739564	0.0	0	318.54113204203895	1414.277081573906	1	0	1	3.3124499313336786
190200.0	3000.0	1214.2770815739952	0.0	0	583.6430064239248	1414.277081573906	1	0	1	3.3124499313336786
191200.0	3000.0	1214.2770815740244	0.0	0	149.44264443856082	1414.277081573906	1	0	1	3.3124499313336786
192200.0	3000.0	1214.277081574036	0.0	0	340.4616611902311	1414.277081573906	1	0	1	3.3124499313336786
193200.0	3000.0	1214.2770815740373	0.0	0	576.3897154493316	1414.277081573906	1	0	1	3.3124499313336786
194200.0	3000.0	1214.277081574027	0.0	0	209.07337103932514	1414.277081573906	1	0	1	3.3124499313336786
195200.0	3000.0	1214.2770815740196	0.0	0	254.5919590285048	1414.277081573935	1	0	1	3.312449931333676
196200.0	3000.0	1214.2770815740464	0.0	0	337.8146229890117	1414.277081573964	1	0	1	3.3124499313336724
197200.0	3000.0	1214.2770815740269	0.0	0	428.48628229263704	1414.277081573964	1	0	1	3.3124499313336724
198200.0	3000.0	1214.277081574016	0.0	0	358.0156561508775	1414.277081573935	1	0	1	3.312449931333676
199200.0	3000.0	1214.2770815740244	0.0	0	572.4887465888751	1414.277081573935	1	0	1	3.312449931333676
200200.0	3000.0	1214.2770815740153	0.0	0	568.163680911588	1414.277081573935	1	0	1	3.312449931333676
201200.0	3000.0	1214.2770815740098	0.0	0	584.0851145335182	1414.277081573935	1	0	1	3.312449931333676
202362.1120468327	6000.0	1052.1650347412713	0.0	0	0.0	1414.277081573906	1	0	1	3.6590235216136513
203200.0	3000.0	1214.2770815739432	0.0	0	65.67037167018862	1414.2770815738768	1	0	1	2.6193027507737363
204376.26067587244	6000.0	1038.0164057015245	0.0	0	0.0	1414.277081573906	1	0	1	3.659023521613653
205724.4053051652	3000.0	689.871776408794	0.0	0	0.0	1414.277081573906	1	0	1	2.6193027507737336
206302.21620621698	2000.0	1112.060875356988	0.0	0	0.0	1414.2770815738768	1	0	1	2.2987871610632697
207200.0	3000.0	1214.2770815739846	0.0	0	352.24184763641097	1414.2770815738768	1	0	1	2.9069848232255167
208200.0	3000.0	1214.277081574014	0.0	0	327.7691856416059	1414.2770815738768	1	0	1	3.3124499313336813
209200.0	3000.0	1214.277081574018	0.0	0	651.9675789461762	1414.2770815738768	1	0	1	3.3124499313336813
210200.0	3000.0	1214.2770815740078	0.0	0	562.4239017135114	1414.2770815738768	1	0	1	3.3124499313336813
211200.0	3000.0	1214.2770815740146	0.0	0	186.75589642039267	1414.2770815738768	1	0	1	3.3124499313336813
212200.0	3000.0	1214.2770815740566	0.0	0	579.4315385384834	1414.2770815738768	1	0	1	3.3124499313336813
213200.0	3000.0	1214.277081574049	0.0	0	248.84009528448223	1414.277081573906	1	0	1	3.3124499313336786
214200.0	3000.0	1214.2770815740575	0.0	0	302.7548631229438	1414.277081573906	1	0	1	3.3124499313336786
215375.66460161647	3000.0	1038.6124799575803	0.0	0	0.0	1414.277081573935	1	0	1	3.312449931333676
216789.4710784361	3000.0	624.8060031379481	0.0	0	0.0	1414.277081573935	1	0	1	3.312449931333676
217200.0	1000.0	1214.2770815740341	0.0	0	29.352867138281	1414.277081573935	1	0	1	0.5659192096634009
218200.0	2000.0	1214.2770815740544	0.0	0	632.4209373486519	1414.277081573964	1	0	1	2.0111050886114805
219200.0	2000.0	1214.2770815740448	0.0	0	570.9256098238693	1414.2770815739932	1	0	1	2.704252269171423
220200.0	3000.0	1214.2770815740616	0.0	0	458.7676427163242	1414.2770815740223	1	0	1	2.9069848232255024
221200.0	3000.0	1214.2770815740826	0.0	0	589.1201419493009	1414.2770815740223	1	0	1	3.312449931333667
222200.0	3000.0	1214.277081574099	0.0	0	314.3523813522479	1414.2770815740223	1	0	1	3.312449931333667
223200.0	3000.0	1214.277081574099	0.0	0	409.5799448316975	1414.2770815740223	1	0	1	3.312449931333667
224328.94930439338	3000.0	1085.327777180718	0.0	0	0.0	1414.2770815740514	1	0	1	3.3124499313336653
225428.2128429241	3000.0	986.0642386499723	0.0	0	0.0	1414.2770815740805	1	0	1	3.3124499313336617
226377.9432102069	3000.0	1036.3338713671747	0.0	0	0.0	1414.2770815740805	1	0	1	3.312449931333661
227399.93867659685	3000.0	1014.3384049772343	0.0	0	0.0	1414.2770815740514	1	0	1	3.3124499313336635
228200.0	3000.0	1214.2770815740935	0.0	0	118.32960736419773	1414.2770815740514	1	0	1	3.3124499313336644
229200.0	3000.0	1214.2770815740832	0.0	0	59.95086437984719	1414.2770815740223	1	0	1	3.3124499313336653
230200.0	3000.0	1214.2770815740696	0.0	0	150.60180598910665	1414.2770815740223	1	0	1	3.312449931333667
231200.0	3000.0	1214.277081574085	0.0	0	231.8101655942737	1414.2770815740223	1	0	1	3.312449931333667
232200.0	3000.0	1214.2770815740798	0.0	0	342.18013244934264	1414.2770815739932	1	0	1	3.3124499313336697
233200.0	3000.0	1214.277081574116	0.0	0	333.89509793993784	1414.2770815739932	1	0	1	3.3124499313336697
234200.0	3000.0	1214.2770815741194	0.0	0	512.6841679622012	1414.2770815739932	1	0	1	3.3124499313336697
235200.0	3000.0	1214.2770815741235	0.0	0	333.4438467498403	1414.2770815739932	1	0	1	3.3124499313336697
236200.0	3000.0	1214.277081574112	0.0	0	323.08147349357023	1414.2770815739932	1	0	1	3.3124499313336697
237200.0	3000.0	1214.2770815740976	0.0	0	371.0720230441948	1414.2770815739932	1	0	1	3.3124499313336697
238200.0	3000.0	1214.2770815740898	0.0	0	208.38100043896702	1414.2770815739932	1	0	1	3.3124499313336697
239200.0	3000.0	1214.2770815740835	0.0	0	287.8555486096884	1414.2770815739932	1	0	1	3.3124499313336697
240200.0	3000.0	1214.2770815740766	0.0	0	212.85807013482554	1414.2770815739932	1	0	1	3.3124499313336697
241200.0	3000.0	1214.2770815740587	0.0	0	12.324083518935367	1414.277081573964	1	0	1	3.3124499313336706
242200.0	3000.0	1214.2770815740948	0.0	0	141.36910331371473	1414.277081573964	1	0	1	3.3124499313336724
243200.0	3000.0	1214.2770815740528	0.0	0	247.3505255484488	1414.277081573964	1	0	1	3.3124499313336724
244200.0	3000.0	1214.2770815740819	0.0	0	297.76040756955626	1414.277081573964	1	0	1	3.3124499313336724
245200.0	3000.0	1214.2770815740732	0.0	0	366.639898346737	1414.277081573964	1	0	1	3.3124499313336724
246200.0	3000.0	1214.2770815740976	0.0	0	483.67354508058634	1414.277081573964	1	0	1	3.3124499313336724
247200.0	3000.0	1214.2770815740694	0.0	0	535.4669998088502	1414.277081573964	1	0	1	3.3124499313336724
248200.0	3000.0	1214.277081574059	0.0	0	345.2541171083576	1414.277081573964	1	0	1	3.3124499313336724
249200.0	3000.0	1214.2770815740712	0.0	0	489.51710187323624	1414.277081573964	1	0	1	3.3124499313336724
250200.0	3000.0	1214.2770815740573	0.0	0	206.44717891616165	1414.277081573964	1	0	1	3.3124499313336724
251200.0	3000.0	1214.2770815740857	0.0	0	468.8928438332223	1414.277081573964	1	0	1	3.3124499313336724
252200.0	3000.0	1214.2770815740776	0.0	0	645.2871267779556	1414.277081573935	1	0	1	3.312449931333676
253255.21495575077	3000.0	1159.062125823336	0.0	0	0.0	1414.2770815739932	1	0	1	3.3124499313336715
254200.0	3000.0	1214.2770815740912	0.0	0	20.947211449296447	1414.2770815740223	1	0	1	3.312449931333667
255200.0	3000.0	1214.2770815740807	0.0	0	152.61550612552674	1414.2770815740514	1	0	1	3.3124499313336644
256200.0	3000.0	1214.2770815740594	0.0	0	88.29598404007265	1414.2770815740223	1	0	1	3.312449931333667
257200.0	3000.0	1214.277081574078	0.0	0	476.9401178469707	1414.2770815739932	1	0	1	3.3124499313336697
258200.0	3000.0	1214.2770815740453	0.0	0	534.5132771692879	1414.2770815739932	1	0	1	3.3124499313336697
259200.0	3000.0	1214.2770815740666	0.0	0	162.38608374184696	1414.2770815739932	1	0	1	3.3124499313336697
260236.59590732274	3000.0	1177.681174251348	0.0	0	0.0	1414.2770815739932	1	0	1	3.3124499313336697
261200.0	3000.0	1214.277081574087	0.0	0	193.6345705545682	1414.2770815739932	1	0	1	3.3124499313336697
262200.0	3000.0	1214.2770815740903	0.0	0	357.41794558864785	1414.2770815739932	1	0	1	3.3124499313336697
263200.0	3000.0	1214.2770815741537	0.0	0	466.3461750688148	1414.2770815740805	1	0	1	3.312449931333664
264200.0	3000.0	1214.2770815742297	0.0	0	422.71816681086784	1414.2770815740805	1	0	1	3.3124499313336604
265200.0	3000.0	1214.2770815742126	0.0	0	422.7664299031021	1414.2770815740805	1	0	1	3.312449931333661
266200.0	3000.0	1214.2770815742367	0.0	0	269.7368083651527	1414.2770815740805	1	0	1	3.312449931333661
267342.5556984249	3000.0	1071.7213831493318	0.0	0	0.0	1414.2770815740223	1	0	1	3.312449931333666
268200.0	3000.0	1214.2770815742738	0.0	0	205.98744774225634	1414.2770815740223	1	0	1	3.312449931333667
269200.0	3000.0	1214.2770815742572	0.0	0	250.39908246602863	1414.2770815740223	1	0	1	3.312449931333667
270200.0	3000.0	1214.27708157421	0.0	0	445.1592386146076	1414.2770815740805	1	0	1	3.312449931333661
271200.0	3000.0	1214.2770815742329	0.0	0	297.2605485356762	1414.2770815740805	1	0	1	3.312449931333661
272200.0	3000.0	1214.2770815742347	0.0	0	417.33307939063525	1414.2770815740805	1	0	1	3.312449931333661
273200.0	3000.0	1214.2770815742256	0.0	0	570.7651631073677	1414.2770815741387	1	0	1	3.3124499313336555
274200.0	3000.0	1214.2770815741974	0.0	0	641.1583449483151	1414.2770815741387	1	0	1	3.3124499313336555
275200.0	3000.0	1214.2770815741862	0.0	0	555.0474091845681	1414.2770815741387	1	0	1	3.3124499313336555
277198.6669965774	6000.0	218.39896685449304	2.7888818577516084	0	0.0	1417.0659634319018	1	0	1	3.642178675192808
277384.2081460937	1000.0	1032.8578173381838	0.0	0	0.0	1417.0659634319018	1	0	1	-0.1275068590823406
278200.0	3000.0	1217.0659634318222	0.0	0	45.29847401153529	1417.0659634319018	1	0	1	2.2135587544797692
279200.0	3000.0	1217.0659634318233	0.0	0	172.98867871967377	1417.0659634319018	1	0	1	3.3121710431478792
280200.0	3000.0	1217.0659634318083	0.0	0	190.87879768165294	1417.0659634319018	1	0	1	3.3121710431478792
281200.0	3000.0	1217.0659634318185	0.0	0	282.14722899824847	1417.0659634318436	1	0	1	3.3121710431478846
282200.0	3000.0	1217.0659634318197	0.0	0	262.8643550243578	1417.0659634318436	1	0	1	3.3121710431478846
283242.045332925	3000.0	1175.0206305068727	0.0	0	0.0	1417.0659634318436	1	0	1	3.3121710431478846
284200.0	3000.0	1217.0659634318224	0.0	0	179.03694773622556	1417.0659634318436	1	0	1	3.3121710431478846
285200.0	3000.0	1217.0659634317637	0.0	0	278.82832451094873	1417.0659634317853	1	0	1	3.312171043147891
286200.0	3000.0	1217.0659634318245	0.0	0	46.94875665847212	1417.0659634318436	1	0	1	3.312171043147888
287200.0	3000.0	1217.0659634318215	0.0	0	121.77409711416112	1417.0659634318436	1	0	1	3.3121710431478846
288200.0	3000.0	1217.065963431897	0.0	0	355.2640587070491	1417.0659634319018	1	0	1	3.3121710431478792
289200.0	3000.0	1217.0659634318172	0.0	0	121.88900031131925	1417.0659634319018	1	0	1	3.3121710431478792
290200.0	3000.0	1217.0659634317537	0.0	0	419.11640064168023	1417.0659634319018	1	0	1	3.3121710431478792
291200.0	3000.0	1217.0659634317585	0.0	0	317.3764430762967	1417.06596343196	1	0	1	3.312171043147873
292200.0	3000.0	1217.065963431827	0.0	0	19.596394249412697	1417.06596343196	1	0	1	3.312171043147873
293277.00487997115	3000.0	1140.0610834606268	0.0	0	0.0	1417.06596343196	1	0	1	3.312171043147873
294200.0	3000.0	1217.0659634318272	0.0	0	282.49679728387855	1417.0659634320182	1	0	1	3.3121710431478673
295200.0	3000.0	1217.065963431769	0.0	0	236.70716006017756	1417.0659634320182	1	0	1	3.3121710431478673
296200.0	3000.0	1217.0659634317647	0.0	0	436.762506374449	1417.0659634320182	1	0	1	3.3121710431478673
297200.0	3000.0	1217.0659634317603	0.0	0	380.16853065782925	1417.0659634320182	1	0	1	3.3121710431478673
298200.0	3000.0	1217.0659634317892	0.0	0	41.70808330638101	1417.0659634320182	1	0	1	3.3121710431478673
299200.0	3000.0	1217.065963431833	0.0	0	270.6939005436143	1417.0659634320182	1	0	1	3.3121710431478673
300200.0	3000.0	1217.0659634318201	0.0	0	326.17369190382306	1417.0659634320764	1	0	1	3.3121710431478615
301200.0	3000.0	1217.065963431814	0.0	0	315.53836616303306	1417.0659634320764	1	0	1	3.3121710431478615
302200.0	3000.0	1217.0659634318886	0.0	0	205.23133628134383	1417.0659634321346	1	0	1	3.3121710431478557
303200.0	3000.0	1217.0659634319195	0.0	0	146.4712930766982	1417.0659634321928	1	0	1	3.31217104314785
304200.0	3000.0	1217.065963431912	0.0	0	579.8479531407356	1417.0659634321928	1	0	1	3.31217104314785
305200.0	3000.0	1217.0659634319181	0.0	0	503.95631892303936	1417.0659634321928	1	0	1	3.31217104314785
306200.0	3000.0	1217.065963431905	0.0	0	341.6783872417873	1417.0659634321928	1	0	1	3.31217104314785
307200.0	3000.0	1217.0659634318963	0.0	0	707.6358980839723	1417.0659634321928	1	0	1	3.31217104314785
308200.0	3000.0	1217.065963431919	0.0	0	654.3754590100143	1417.0659634321928	1	0	1	3.31217104314785
309200.0	6000.0	1217.0659634318995	0.0	0	489.20867945387727	1417.0659634321928	1	0	1	3.658744633427822
310418.1105807672	6000.0	998.9553826646412	0.0	0	0.0	1417.0659634321928	1	0	1	4.351891813987767
311251.8203631909	6000.0	1165.2456002409826	0.0	0	0.0	1417.0659634321928	1	0	1	4.351891813987767
312614.59819746896	6000.0	802.4677659628903	0.0	0	0.0	1417.0659634321928	1	0	1	4.351891813987767
313365.39823827933	3000.0	1051.6677251525025	0.0	0	0.0	1417.0659634321928	1	0	1	2.6190238625879054
314240.0503744555	3000.0	1177.0155889763084	0.0	0	0.0	1417.0659634321928	1	0	1	3.31217104314785
315200.0	3000.0	1217.0659634317583	0.0	0	399.48791489668656	1417.0659634321346	1	0	1	3.3121710431478557
316200.0	3000.0	1217.0659634317872	0.0	0	426.48436005518306	1417.0659634320764	1	0	1	3.3121710431478615
317200.0	3000.0	1217.065963431739	0.0	0	561.0760063341004	1417.0659634320764	1	0	1	3.3121710431478615
318200.0	3000.0	1217.0659634317142	0.0	0	455.65197100222576	1417.0659634320764	1	0	1	3.3121710431478615
319200.0	3000.0	1217.0659634317235	0.0	0	210.50202680914663	1417.0659634320764	1	0	1	3.3121710431478615
320200.0	3000.0	1217.0659634317055	0.0	0	601.7665556726279	1417.0659634320764	1	0	1	3.3121710431478615
321200.0	3000.0	1217.0659634316885	0.0	0	224.97234733909136	1417.0659634320764	1	0	1	3.3121710431478615
322200.0	3000.0	1217.065963431685	0.0	0	448.57582109590294	1417.0659634320764	1	0	1	3.3121710431478615
323200.0	3000.0	1217.0659634316623	0.0	0	88.54240528465016	1417.0659634320764	1	0	1	3.3121710431478615
324275.87528883864	3000.0	1141.1906745930437	0.0	0	0.0	1417.0659634320764	1	0	1	3.3121710431478615
325200.0	3000.0	1217.0659634316644	0.0	0	37.566114574729	1417.0659634320764	1	0	1	3.3121710431478615
326200.0	3000.0	1217.0659634315953	0.0	0	73.67485541838687	1417.0659634320182	1	0	1	3.3121710431478673
327200.0	3000.0	1217.0659634316128	0.0	0	233.9481718702591	1417.0659634320182	1	0	1	3.3121710431478673
328200.0	3000.0	1217.0659634316394	0.0	0	384.6055343861808	1417.06596343196	1	0	1	3.312171043147873
4.92	6.35	8.26	4.09	5.24	5.09	5.5	7.8	5.47	5.43	6.37	3.68	4.56	6.37	4.66	4.39	5.58	6.22	5.62	6.6	6.66	8.72	7.7	4.29	5.53	3.09	2.92	4.37	6.06	8.39	7.39	3.75	5.87	5.0	3.54	2.66	1.89	2.39	4.34	4.15	5.12	6.89	6.53	4.24	3.56	3.49	3.6	3.86	3.72	3.71	5.04	4.18	3.74	4.66	4.87	6.26	4.74	6.64	3.66	3.66	3.7	3.48	3.26	4.1	4.56	5.29	5.56	5.32	4.33	4.76	4.99	6.61	7.7	3.72	3.49	3.82	2.5	4.33	6.64	4.23	2.73	4.67	3.89	4.9	6.99	4.62	4.97	2.76	4.7	3.07	4.38	5.55	6.19	6.39	8.09	7.25	2.4	3.95	5.06	5.2	3.93	4.38	3.39	4.07	2.95	4.2	3.65	3.07	4.56	3.44	4.91	3.97	3.17	3.35	3.86	3.15	4.01	4.24	3.31	4.85	5.66	4.95	4.74	3.54	5.83	4.62	6.09	8.47	10.8	9.99	6.96	5.51	5.49	6.09	3.81	3.93	6.09	8.62	5.92	4.91	6.34	4.81	5.72	4.14	3.86	3.29	3.53	4.87	4.04	5.34	4.92	6.35	8.26	4.09	5.24	5.09	5.5	7.8	5.47	5.43	6.37	3.68	4.56	6.37	4.66	4.39	5.58	6.22	5.62	6.6	6.66	8.72	7.7	4.29	5.53	3.09	2.92	4.37	6.06	8.39	7.39	3.75	5.87	5.0	3.54	2.66	1.89	2.39	4.34	4.15	5.12	6.89	6.53	4.24	3.56	3.49	3.6	3.86	3.72	3.71	5.04	4.18	3.74	4.66	4.87	6.26	4.74	6.64	3.66	3.66	3.7	3.48	3.26	4.1	4.56	5.29	5.56	5.32	4.33	4.76	4.99	6.61	7.7	3.72	3.49	3.82	2.5	4.33	6.64	4.23	2.73	4.67	3.89	4.9	6.99	4.62	4.97	2.76	4.7	3.07	4.38	5.55	6.19	6.39	8.09	7.25	2.4	3.95	5.06	5.2	3.93	4.38	3.39	4.07	2.95	4.2	3.65	3.07	4.56	3.44	4.91	3.97	3.17	3.35	3.86	3.15	4.01	4.24	3.31	4.85	5.66	4.95	4.74	3.54	5.83	4.62	6.09	8.47	10.8	9.99	6.96	5.51	5.49	6.09	3.81	3.93	6.09	8.62	5.92	4.91	6.34	4.81	5.72	4.14	3.86	3.29	3.53	4.87	4.04	5.34	4.92	6.35	8.26	4.09	5.24	5.09	5.5	7.8	5.47	5.43	6.37	3.68	4.56	6.37	4.66	4.39	5.58	6.22	5.62	6.6	6.66	8.72	7.7	4.29	5.53	3.09	2.92	4.37	6.06
1.0	2.0	3.0	4.0	5.0	6.0	7.0	8.0	9.0	10.0	11.0	12.0	13.0	14.0	15.0	16.0	17.0	18.0	19.0	20.0	21.0	22.0	23.0	24.0	25.0	26.0	27.0	28.0	29.0	30.0	31.0	32.0	33.0	34.0	35.0	36.0	37.0	38.0	39.0	40.0	41.0	42.0	43.0	44.0	45.0	46.0	47.0	48.0	49.0	50.0	51.0	52.0	53.0	54.0	55.0	56.0	57.0	58.0	59.0	60.0	61.0	62.0	63.0	64.0	65.0	66.0	67.0	68.0	69.0	70.0	71.0	72.0	73.0	74.0	75.0	76.0	77.0	78.0	79.0	80.0	81.0	82.0	83.0	84.0	85.0	86.0	87.0	88.0	89.0	90.0	91.0	92.0	93.0	94.0	95.0	96.0	97.0	98.0	99.0	100.0	101.0	102.0	103.0	104.0	105.0	106.0	107.0	108.0	109.0	110.0	111.0	112.0	113.0	114.0	115.0	116.0	117.0	118.0	119.0	120.0	121.0	122.0	123.0	124.0	125.0	126.0	127.0	128.0	129.0	130.0	131.0	132.0	133.0	134.0	135.0	136.0	137.0	138.0	139.0	140.0	141.0	142.0	143.0	144.0	145.0	146.0	147.0	148.0	149.0	149.0	150.0	151.0	152.0	153.0	154.0	155.0	156.0	157.0	158.0	159.0	160.0	161.0	162.0	163.0	164.0	165.0	166.0	167.0	168.0	169.0	170.0	171.0	172.0	173.0	174.0	175.0	176.0	177.0	178.0	179.0	180.0	181.0	182.0	183.0	184.0	185.0	186.0	187.0	188.0	189.0	190.0	191.0	192.0	193.0	194.0	195.0	196.0	197.0	198.0	199.0	200.0	201.0	202.0	203.0	204.0	205.0	206.0	207.0	208.0	209.0	210.0	211.0	212.0	213.0	214.0	215.0	216.0	217.0	218.0	219.0	220.0	221.0	222.0	223.0	224.0	225.0	226.0	227.0	228.0	229.0	230.0	231.0	232.0	233.0	234.0	235.0	236.0	237.0	238.0	239.0	240.0	241.0	242.0	243.0	244.0	245.0	246.0	247.0	248.0	249.0	250.0	251.0	252.0	253.0	254.0	255.0	256.0	257.0	258.0	259.0	260.0	261.0	262.0	263.0	264.0	265.0	266.0	267.0	268.0	269.0	270.0	271.0	272.0	273.0	274.0	275.0	276.0	277.0	278.0	279.0	280.0	281.0	282.0	283.0	284.0	285.0	286.0	287.0	288.0	289.0	290.0	291.0	292.0	293.0	294.0	295.0	296.0	297.0	298.0	298.0	299.0	300.0	301.0	302.0	303.0	304.0	305.0	306.0	307.0	308.0	309.0	310.0	311.0	312.0	313.0	314.0	315.0	316.0	317.0	318.0	319.0	320.0	321.0	322.0	323.0	324.0	325.0	326.0	327.0
2663.59604344937
