2702.1431006670796	300.0	2000.0	76.52724074779553	0	0.0	2702.1431006670796	1	0	1	-0.7283511608121421
5200.0	3000.0	402.09999999999945	0.0	0	314.35942198770044	602.1000000000004	1	0	2	0.6874349595686305
6200.0	1000.0	2502.099999999998	0.0	0	744.5556701195355	2702.099999999999	1	0	0	0.041136917820794594
9604.962847191196	6000.0	267.0017395930489	282.1462468212445	0	0.0	871.9645867842446	1	0	2	0.3185839388618006
10200.0	1000.0	2731.468302065123	0.0	0	373.74633952756994	2931.4683020651246	1	0	0	-0.6758959276616563
14116.584887603	6000.0	200.0	524.3409766347054	0	0.0	1316.5848876029995	1	0	2	-1.1634246695886388
14311.770881985098	500.0	1004.8140056179006	0.0	0	0.0	1316.5848876029995	1	0	1	-2.050326702899313
15200.0	2000.0	1116.584887602998	0.0	0	79.12169282892864	1316.5848876029977	1	0	1	1.3277271274486315
16200.0	2000.0	1116.5848876029988	0.0	0	544.4297908291446	1316.5848876029959	1	0	1	2.7140214885685223
17200.0	2000.0	1116.5848876029943	0.0	0	618.3494680655531	1316.5848876029904	1	0	1	2.7140214885685228
18200.0	2000.0	1116.5848876029986	0.0	0	429.87695776862165	1316.5848876029959	1	0	1	2.714021488568523
19200.0	3000.0	1116.584887602999	0.0	0	243.4245466364664	1316.5848876029995	1	0	1	2.9167540426226046
20304.66116722325	3000.0	1011.9237203797472	0.0	0	0.0	1316.5848876029995	1	0	1	3.3222191507307692
21200.0	3000.0	1116.5848876029993	0.0	0	196.81265629281188	1316.5848876030032	1	0	1	3.322219150730769
22200.0	3000.0	1116.5848876029993	0.0	0	339.1389729604671	1316.5848876029995	1	0	1	3.3222191507307692
23200.0	3000.0	1116.5848876030018	0.0	0	346.5600294282158	1316.5848876029959	1	0	1	3.3222191507307692
24200.0	3000.0	1116.5848876030013	0.0	0	31.845537809807865	1316.5848876029959	1	0	1	3.3222191507307697
25200.0	3000.0	1116.5848876030018	0.0	0	245.45733952605588	1316.5848876029959	1	0	1	3.3222191507307697
26200.0	2000.0	1116.5848876030032	0.0	0	289.079933891604	1316.5848876029959	1	0	1	2.308556380460358
27200.0	2000.0	1116.584887603004	0.0	0	601.5963846877712	1316.5848876029959	1	0	1	2.7140214885685228
28200.0	3000.0	1116.584887603004	0.0	0	268.3910272616813	1316.5848876029995	1	0	1	2.9167540426226046
29200.0	3000.0	1116.584887603006	0.0	0	431.0692337533328	1316.5848876030032	1	0	1	3.322219150730769
30200.0	3000.0	1116.5848876030032	0.0	0	316.4557474597459	1316.5848876030032	1	0	1	3.322219150730769
31200.0	3000.0	1116.584887603002	0.0	0	341.1543357869341	1316.5848876030032	1	0	1	3.322219150730769
32295.143697705407	3000.0	1021.4411898975973	0.0	0	0.0	1316.5848876030068	1	0	1	3.322219150730769
33326.11372578516	3000.0	990.4711618178426	0.0	0	0.0	1316.5848876030068	1	0	1	3.322219150730769
34367.64288479507	3000.0	948.9420028079348	0.0	0	0.0	1316.5848876030068	1	0	1	3.322219150730769
35333.292965325556	3000.0	983.2919222774545	0.0	0	0.0	1316.5848876030068	1	0	1	3.322219150730769
36200.0	2000.0	1116.5848876030095	0.0	0	77.00630676822038	1316.584887603014	1	0	1	2.3085563804603564
37200.0	2000.0	1116.584887603012	0.0	0	630.7318364515886	1316.5848876030068	1	0	1	2.7140214885685214
38200.0	3000.0	1116.5848876030136	0.0	0	86.55762405782298	1316.5848876030068	1	0	1	2.916754042622604
39261.93290718093	3000.0	1054.651980422073	0.0	0	0.0	1316.5848876029995	1	0	1	3.3222191507307692
40200.0	3000.0	1116.5848876029982	0.0	0	188.96276491898607	1316.5848876029995	1	0	1	3.3222191507307692
41557.61997275746	3000.0	758.9649148455421	0.0	0	0.0	1316.5848876029922	1	0	1	3.3222191507307697
42701.88943653911	2000.0	614.6954510638849	0.0	0	0.0	1316.5848876029922	1	0	1	2.308556380460358
43276.23416297144	1000.0	1040.350724631559	0.0	0	0.0	1316.5848876029922	1	0	1	0.9811535371686599
44200.0	2000.0	1116.5848876030027	0.0	0	216.6800147735703	1316.5848876029922	1	0	1	2.020874308008578
45200.0	2000.0	1116.5848876030018	0.0	0	386.63643032223627	1316.5848876029922	1	0	1	2.7140214885685228
46200.0	2000.0	1116.584887602995	0.0	0	159.90453506114864	1316.5848876029922	1	0	1	2.7140214885685228
47234.15730555686	2000.0	1082.4275820461346	0.0	0	0.0	1316.584887602985	1	0	1	2.7140214885685237
48200.0	2000.0	1116.5848876029936	0.0	0	243.8614084749206	1316.5848876029777	1	0	1	2.714021488568524
49200.0	2000.0	1116.5848876029986	0.0	0	275.96583549660863	1316.5848876029777	1	0	1	2.714021488568524
50200.0	2000.0	1116.5848876030018	0.0	0	298.59506068263727	1316.5848876029777	1	0	1	2.714021488568524
51200.0	2000.0	1116.584887603012	0.0	0	364.2376226348497	1316.5848876029777	1	0	1	2.714021488568524
52200.0	2000.0	1116.584887603012	0.0	0	630.1002298745443	1316.5848876029777	1	0	1	2.714021488568524
53200.0	3000.0	1116.58488760301	0.0	0	188.32336419570493	1316.5848876029777	1	0	1	2.916754042622607
54243.96117263633	3000.0	1072.6237149666915	0.0	0	0.0	1316.584887602985	1	0	1	3.3222191507307706
55200.0	3000.0	1116.5848876030186	0.0	0	39.41707488241809	1316.584887602985	1	0	1	3.3222191507307706
56200.0	3000.0	1116.5848876030227	0.0	0	327.70315655846207	1316.584887602985	1	0	1	3.3222191507307706
57200.0	3000.0	1116.5848876030245	0.0	0	407.1754623924353	1316.584887602985	1	0	1	3.3222191507307706
58200.0	3000.0	1116.584887603031	0.0	0	294.57534617762576	1316.584887602985	1	0	1	3.3222191507307706
59200.0	3000.0	1116.5848876030323	0.0	0	300.19239110422495	1316.584887602985	1	0	1	3.3222191507307706
60200.0	3000.0	1116.5848876030311	0.0	0	205.96616493346664	1316.584887602985	1	0	1	3.3222191507307706
61200.0	3000.0	1116.5848876030288	0.0	0	54.59779427397734	1316.584887602985	1	0	1	3.3222191507307706
62200.0	3000.0	1116.5848876030327	0.0	0	100.29268860369484	1316.584887602985	1	0	1	3.3222191507307706
63212.48467142718	3000.0	1104.1002161758638	0.0	0	0.0	1316.584887602985	1	0	1	3.3222191507307706
64533.46824075496	3000.0	783.1166468480732	0.0	0	0.0	1316.584887602985	1	0	1	3.3222191507307706
65375.85165680151	2000.0	940.7332308015183	0.0	0	0.0	1316.584887602985	1	0	1	2.308556380460359
66200.0	2000.0	1116.5848876030277	0.0	0	338.5226466029708	1316.5848876029777	1	0	1	2.714021488568524
67370.67948710821	3000.0	945.9054004948208	0.0	0	0.0	1316.5848876029922	1	0	1	2.9167540426226064
68200.0	2000.0	1116.5848876030273	0.0	0	37.44091710961948	1316.5848876029777	1	0	1	2.308556380460359
69200.0	2000.0	1116.5848876030307	0.0	0	471.18291447842785	1316.5848876029777	1	0	1	2.714021488568524
70200.0	3000.0	1116.5848876030313	0.0	0	282.07796314657026	1316.5848876029777	1	0	1	2.916754042622607
71469.08880366925	3000.0	847.496083933793	0.0	0	0.0	1316.5848876029777	1	0	1	3.3222191507307715
72200.0	2000.0	1116.5848876030354	0.0	0	246.26245458736958	1316.5848876029777	1	0	1	2.3085563804603595
73467.07349198416	3000.0	849.5113956188713	0.0	0	0.0	1316.5848876029922	1	0	1	2.916754042622605
74200.0	2000.0	1116.584887603052	0.0	0	135.1065074573562	1316.5848876030068	1	0	1	2.308556380460357
75200.0	3000.0	1116.5848876030386	0.0	0	85.54518107289914	1316.5848876029922	1	0	1	2.916754042622605
76200.0	3000.0	1116.58488760303	0.0	0	184.30518886559003	1316.5848876029922	1	0	1	3.3222191507307697
77200.0	3000.0	1116.5848876030243	0.0	0	418.649976535904	1316.5848876029922	1	0	1	3.3222191507307697
78200.0	3000.0	1116.5848876030327	0.0	0	74.0607279263204	1316.5848876029922	1	0	1	3.3222191507307697
79301.25540150903	3000.0	1015.3294860940072	0.0	0	0.0	1316.5848876029922	1	0	1	3.3222191507307697
80200.0	3000.0	1116.5848876030375	0.0	0	0.20999192906310782	1316.5848876029922	1	0	1	3.3222191507307697
81270.88540044906	3000.0	1045.6994871539887	0.0	0	0.0	1316.5848876029922	1	0	1	3.3222191507307697
82240.45849753256	3000.0	1076.1263900704894	0.0	0	0.0	1316.5848876029777	1	0	1	3.3222191507307715
83390.30145107498	3000.0	926.2834365280753	0.0	0	0.0	1316.5848876029922	1	0	1	3.3222191507307697
84200.0	2000.0	1116.5848876030293	0.0	0	145.20853265687765	1316.5848876029777	1	0	1	2.3085563804603595
85200.0	3000.0	1116.5848876030334	0.0	0	39.09830375939782	1316.5848876029777	1	0	1	2.916754042622607
86200.0	3000.0	1116.5848876030484	0.0	0	228.6473248928378	1316.5848876029777	1	0	1	3.3222191507307715
87200.0	3000.0	1116.5848876030464	0.0	0	110.21821036808251	1316.5848876029922	1	0	1	3.3222191507307697
88200.0	3000.0	1116.5848876030398	0.0	0	0.13609668088611215	1316.5848876029922	1	0	1	3.3222191507307697
89200.0	3000.0	1116.5848876030416	0.0	0	76.03071342081239	1316.5848876029922	1	0	1	3.3222191507307697
90212.91601734063	3000.0	1103.6688702624251	0.0	0	0.0	1316.5848876029922	1	0	1	3.3222191507307697
91278.54236344885	3000.0	1038.0425241542166	0.0	0	0.0	1316.5848876029922	1	0	1	3.3222191507307697
92200.0	3000.0	1116.5848876030777	0.0	0	118.13940957492741	1316.5848876029922	1	0	1	3.3222191507307697
93200.0	3000.0	1116.5848876030682	0.0	0	89.13073291393812	1316.5848876029922	1	0	1	3.3222191507307697
94200.0	3000.0	1116.5848876030605	0.0	0	366.5414713442151	1316.5848876029922	1	0	1	3.3222191507307697
95237.47102185334	3000.0	1079.113865749714	0.0	0	0.0	1316.5848876029922	1	0	1	3.3222191507307697
96309.70092908306	3000.0	1006.8839585199921	0.0	0	0.0	1316.5848876029922	1	0	1	3.3222191507307697
97227.24233019767	3000.0	1089.3425574053945	0.0	0	0.0	1316.5848876030068	1	0	1	3.322219150730769
98200.0	3000.0	1116.5848876030782	0.0	0	266.5128613903653	1316.5848876030068	1	0	1	3.322219150730769
99506.82926239184	3000.0	809.7556252112549	0.0	0	0.0	1316.5848876030068	1	0	1	3.322219150730769
100234.80150635492	2000.0	1081.7833812481595	0.0	0	0.0	1316.5848876030068	1	0	1	2.308556380460357
101200.0	3000.0	1116.5848876031055	0.0	0	162.52201709302608	1316.5848876030068	1	0	1	2.916754042622604
102200.0	3000.0	1116.5848876031014	0.0	0	53.52388469662401	1316.5848876030068	1	0	1	3.322219150730769
103358.7943512618	3000.0	957.7905363412926	0.0	0	0.0	1316.5848876030068	1	0	1	3.322219150730769
104200.0	2000.0	1116.5848876030968	0.0	0	229.24052385854884	1316.5848876030213	1	0	1	2.308556380460355
105200.0	2000.0	1116.5848876031018	0.0	0	474.0921737646422	1316.584887603036	1	0	1	2.7140214885685188
106200.0	2000.0	1116.584887603104	0.0	0	323.76305596815655	1316.584887603036	1	0	1	2.7140214885685188
107200.0	2000.0	1116.5848876030961	0.0	0	371.03964214233565	1316.584887603036	1	0	1	2.7140214885685188
108200.0	2000.0	1116.5848876031077	0.0	0	661.2404039496032	1316.5848876030504	1	0	1	2.714021488568517
109200.0	3000.0	1116.5848876030993	0.0	0	395.2550335882843	1316.5848876030504	1	0	1	2.9167540426225997
110202.06331738223	3000.0	1114.5215702208689	0.0	0	161.41988006606698	1316.584887603036	1	0	1	3.3222191507307657
111507.15097421131	3000.0	809.4339133917666	0.0	0	0.0	1316.584887603036	1	0	1	3.3222191507307657
112200.0	2000.0	1116.5848876030873	0.0	0	8.543114820480696	1316.5848876030504	1	0	1	2.3085563804603524
113200.0	3000.0	1116.5848876030796	0.0	0	41.478471795635414	1316.5848876030504	1	0	1	2.9167540426225997
114200.0	3000.0	1116.5848876030736	0.0	0	168.17556771256204	1316.584887603036	1	0	1	3.3222191507307657
115200.0	3000.0	1116.584887603074	0.0	0	178.27457261619566	1316.5848876030213	1	0	1	3.322219150730767
116434.19826621818	3000.0	882.386621384907	0.0	0	0.0	1316.5848876030213	1	0	1	3.322219150730767
117200.0	2000.0	1116.5848876031014	0.0	0	87.50526490970515	1316.5848876030213	1	0	1	2.308556380460355
118200.0	3000.0	1116.5848876031155	0.0	0	35.09142443015298	1316.5848876030213	1	0	1	2.9167540426226024
119213.20053844253	3000.0	1103.3843491605885	0.0	0	0.0	1316.5848876030213	1	0	1	3.322219150730767
120200.0	3000.0	1116.5848876031032	0.0	0	515.3189194306906	1316.5848876030213	1	0	1	3.322219150730767
121200.0	3000.0	1116.5848876030905	0.0	0	309.40408303035656	1316.5848876030213	1	0	1	3.322219150730767
122200.0	3000.0	1116.584887603097	0.0	0	391.39066147738777	1316.5848876030213	1	0	1	3.322219150730767
123200.0	3000.0	1116.5848876030989	0.0	0	268.74855498327815	1316.5848876030213	1	0	1	3.322219150730767
124200.0	3000.0	1116.5848876031173	0.0	0	231.9462644126761	1316.5848876030213	1	0	1	3.322219150730767
125571.75862505076	3000.0	744.8262625523654	0.0	0	0.0	1316.5848876030213	1	0	1	3.322219150730767
126428.87383896777	2000.0	887.711048635343	0.0	0	0.0	1316.5848876030068	1	0	1	2.308556380460357
127200.0	2000.0	1116.5848876031207	0.0	0	145.95469669539307	1316.5848876030068	1	0	1	2.7140214885685214
128200.0	3000.0	1116.58488760313	0.0	0	104.80562815505255	1316.5848876030068	1	0	1	2.916754042622604
129303.84079499597	3000.0	1012.7440926071561	0.0	0	0.0	1316.5848876030068	1	0	1	3.322219150730769
130200.0	2000.0	1116.5848876031207	0.0	0	200.71112023420574	1316.5848876030068	1	0	1	2.308556380460357
131335.56592052593	3000.0	981.0189670771925	0.0	0	0.0	1316.5848876029777	1	0	1	2.9167540426226055
132200.0	2000.0	1116.5848876031005	0.0	0	77.21298342570662	1316.5848876029486	1	0	1	2.308556380460361
133200.0	2000.0	1116.5848876031166	0.0	0	328.5533797570679	1316.5848876029486	1	0	1	2.714021488568527
134200.0	2000.0	1116.5848876031278	0.0	0	405.6803293810808	1316.5848876029486	1	0	1	2.714021488568527
135200.0	2000.0	1116.5848876031341	0.0	0	600.2340628110105	1316.5848876029486	1	0	1	2.714021488568527
136200.0	2000.0	1116.584887603108	0.0	0	658.460837381077	1316.5848876029195	1	0	1	2.7140214885685303
137200.0	3000.0	1116.5848876031096	0.0	0	23.298399150255136	1316.5848876028904	1	0	1	2.916754042622614
138200.0	3000.0	1116.5848876031218	0.0	0	146.74124074884458	1316.5848876029195	1	0	1	3.3222191507307777
139200.0	3000.0	1116.5848876031237	0.0	0	397.26704231163603	1316.5848876029195	1	0	1	3.3222191507307777
140200.0	3000.0	1116.584887603093	0.0	0	401.0647759770509	1316.5848876029195	1	0	1	3.3222191507307777
141200.0	3000.0	1116.5848876031182	0.0	0	251.30509152499144	1316.5848876029195	1	0	1	3.3222191507307777
142355.00471288047	3000.0	961.5801747226454	0.0	0	0.0	1316.5848876029195	1	0	1	3.3222191507307777
143206.06044619542	3000.0	1110.5244414077065	0.0	0	0.0	1316.5848876029195	1	0	1	3.3222191507307777
144200.0	3000.0	1116.5848876031114	0.0	0	95.36731927318033	1316.5848876029195	1	0	1	3.3222191507307777
145200.0	3000.0	1116.584887603093	0.0	0	342.09954605664825	1316.5848876029195	1	0	1	3.3222191507307777
146200.0	3000.0	1116.5848876031116	0.0	0	337.3672804121161	1316.5848876029195	1	0	1	3.3222191507307777
147200.0	3000.0	1116.5848876031034	0.0	0	73.30111124066752	1316.5848876029195	1	0	1	3.3222191507307777
148793.46939660917	3000.0	523.1154909939302	0.0	0	0.0	1316.5848876029195	1	0	1	3.3222191507307777
149200.0	1000.0	1116.5848876030968	0.0	0	74.41803923010593	1316.5848876029195	1	0	1	0.5756884290605025
150200.0	3000.0	1116.5848876031264	0.0	0	298.6893873845984	1316.5848876029195	1	0	1	2.2236068620626677
151200.0	3000.0	1116.584887603106	0.0	0	221.90346710229642	1316.5848876029195	1	0	1	3.3222191507307777
152200.0	2000.0	1116.5848876031048	0.0	0	497.50989047437906	1316.5848876029195	1	0	1	2.3085563804603657
153200.0	2000.0	1116.5848876030973	0.0	0	566.8834965322167	1316.5848876029195	1	0	1	2.7140214885685303
154507.61201181845	3000.0	808.972875784619	0.0	0	0.0	1316.5848876029195	1	0	1	2.916754042622613
155203.44362265954	2000.0	1113.1412649435624	0.0	0	0.0	1316.5848876029486	1	0	1	2.3085563804603626
156227.76153748247	3000.0	1088.8233501206328	0.0	0	0.0	1316.5848876029486	1	0	1	2.9167540426226095
157200.0	3000.0	1116.5848876031102	0.0	0	384.10373446074664	1316.5848876029486	1	0	1	3.322219150730774
158200.0	3000.0	1116.5848876030982	0.0	0	321.5279764701554	1316.5848876029777	1	0	1	3.3222191507307737
159200.0	3000.0	1116.584887603109	0.0	0	303.92439340188866	1316.5848876029777	1	0	1	3.3222191507307692
160200.0	3000.0	1116.5848876030936	0.0	0	148.09839262158494	1316.5848876029777	1	0	1	3.3222191507307715
161200.0	3000.0	1116.5848876030846	0.0	0	318.92372364140465	1316.5848876029777	1	0	1	3.3222191507307715
162373.13315856515	3000.0	943.451729037944	0.0	0	0.0	1316.5848876029486	1	0	1	3.3222191507307732
163436.89869081334	3000.0	879.6861967897546	0.0	0	0.0	1316.5848876029777	1	0	1	3.3222191507307715
164200.0	2000.0	1116.5848876031064	0.0	0	80.33201872382779	1316.5848876029777	1	0	1	2.3085563804603595
165200.0	2000.0	1116.5848876030916	0.0	0	492.0316583845415	1316.5848876029777	1	0	1	2.714021488568524
166200.0	2000.0	1116.584887603119	0.0	0	534.3820927848865	1316.5848876030068	1	0	1	2.7140214885685237
167252.92295266935	3000.0	1063.6619349337366	0.0	0	0.0	1316.5848876029777	1	0	1	2.916754042622607
168200.0	3000.0	1116.5848876031084	0.0	0	7.47280909170513	1316.5848876029777	1	0	1	3.3222191507307715
169271.96787506188	3000.0	1044.6170125412425	0.0	0	0.0	1316.5848876030068	1	0	1	3.322219150730769
170200.0	3000.0	1116.5848876031116	0.0	0	162.36859554908006	1316.584887603036	1	0	1	3.3222191507307657
171200.0	3000.0	1116.5848876030818	0.0	0	176.11605293871253	1316.5848876030068	1	0	1	3.322219150730766
172200.0	3000.0	1116.5848876030768	0.0	0	169.4223768422671	1316.5848876029777	1	0	1	3.3222191507307692
173401.4473443303	3000.0	915.1375432727749	0.0	0	0.0	1316.5848876029777	1	0	1	3.3222191507307715
174270.69224623815	2000.0	1045.8926413649233	0.0	0	0.0	1316.5848876030068	1	0	1	2.308556380460357
175200.0	2000.0	1116.5848876030516	0.0	0	417.77740255452227	1316.5848876029777	1	0	1	2.7140214885685223
176200.0	3000.0	1116.5848876030539	0.0	0	413.1491997902049	1316.5848876029777	1	0	1	2.9167540426226046
177200.0	3000.0	1116.5848876030511	0.0	0	290.35594495758414	1316.5848876029777	1	0	1	3.3222191507307715
178200.0	3000.0	1116.5848876030802	0.0	0	304.8542968443071	1316.5848876029777	1	0	1	3.3222191507307715
179200.0	3000.0	1116.5848876030705	0.0	0	341.8619767691125	1316.5848876029486	1	0	1	3.322219150730774
180200.0	3000.0	1116.5848876030564	0.0	0	481.4439558572194	1316.5848876029486	1	0	1	3.322219150730774
181453.83737802826	3000.0	862.7475095748036	0.0	0	0.0	1316.5848876029777	1	0	1	3.3222191507307715
182307.78836344456	3000.0	1008.7965241585389	0.0	0	0.0	1316.5848876029777	1	0	1	3.3222191507307715
183200.0	3000.0	1116.584887603094	0.0	0	209.4194658874767	1316.5848876029777	1	0	1	3.3222191507307715
184346.6898262053	3000.0	969.8950613977992	0.0	0	0.0	1316.5848876029777	1	0	1	3.3222191507307715
185200.0	2000.0	1116.5848876030734	0.0	0	259.3973366149876	1316.5848876029777	1	0	1	2.3085563804603595
186200.0	2000.0	1116.5848876030677	0.0	0	560.287652176834	1316.5848876029777	1	0	1	2.714021488568524
187200.0	3000.0	1116.5848876030407	0.0	0	318.76326961113955	1316.5848876029486	1	0	1	2.9167540426226095
188200.0	3000.0	1116.5848876030384	0.0	0	133.71518624440068	1316.5848876029486	1	0	1	3.322219150730774
189231.20189161194	3000.0	1085.3829959911109	0.0	0	0.0	1316.5848876029486	1	0	1	3.322219150730774
190200.0	3000.0	1116.5848876030414	0.0	0	90.0269941118022	1316.5848876029486	1	0	1	3.322219150730774
191200.0	3000.0	1116.5848876030332	0.0	0	30.131977101176744	1316.5848876029486	1	0	1	3.322219150730774
192200.0	2000.0	1116.5848876030257	0.0	0	175.79819486945053	1316.5848876029486	1	0	1	2.3085563804603626
193200.0	2000.0	1116.5848876030316	0.0	0	60.18705826354562	1316.5848876029486	1	0	1	2.714021488568527
194200.0	2000.0	1116.5848876030136	0.0	0	381.32980702389614	1316.5848876029486	1	0	1	2.714021488568527
195200.0	2000.0	1116.5848876030288	0.0	0	269.1758185372164	1316.5848876029486	1	0	1	2.714021488568527
196200.0	2000.0	1116.5848876030657	0.0	0	225.86007763943053	1316.5848876029486	1	0	1	2.714021488568527
197200.0	2000.0	1116.5848876030504	0.0	0	287.42680914036464	1316.5848876029486	1	0	1	2.714021488568527
198200.0	2000.0	1116.5848876030484	0.0	0	229.85439244678128	1316.5848876029486	1	0	1	2.714021488568527
199200.0	2000.0	1116.5848876030586	0.0	0	347.555490545521	1316.5848876029777	1	0	1	2.7140214885685268
200200.0	2000.0	1116.5848876030268	0.0	0	384.3133107484027	1316.5848876029486	1	0	1	2.714021488568527
201200.0	2000.0	1116.5848876030293	0.0	0	625.9060891084373	1316.5848876029486	1	0	1	2.714021488568527
202200.0	3000.0	1116.584887602995	0.0	0	383.93163680960424	1316.5848876029486	1	0	1	2.9167540426226095
203200.0	3000.0	1116.584887602963	0.0	0	306.0677680206427	1316.5848876029486	1	0	1	3.322219150730774
204524.37901227898	3000.0	792.2058753239974	0.0	0	0.0	1316.5848876029486	1	0	1	3.322219150730774
205200.0	2000.0	1116.5848876029806	0.0	0	16.23793764328002	1316.5848876029486	1	0	1	2.3085563804603626
206200.0	3000.0	1116.58488760297	0.0	0	474.4431710333738	1316.5848876029195	1	0	1	2.9167540426226104
207200.0	3000.0	1116.58488760297	0.0	0	178.92756893616752	1316.5848876029486	1	0	1	3.322219150730777
208200.0	3000.0	1116.5848876029959	0.0	0	7.101611238555051	1316.5848876029486	1	0	1	3.322219150730774
209251.86486731863	3000.0	1064.7200202843649	0.0	0	0.0	1316.5848876029486	1	0	1	3.3222191507307732
210200.0	3000.0	1116.5848876029966	0.0	0	94.7929038448201	1316.5848876029486	1	0	1	3.322219150730774
211200.0	3000.0	1116.58488760298	0.0	0	131.9317889723461	1316.5848876029195	1	0	1	3.3222191507307777
212200.0	3000.0	1116.5848876029897	0.0	0	248.3028678521223	1316.5848876029195	1	0	1	3.3222191507307777
213358.74696757374	3000.0	957.8379200292809	0.0	0	0.0	1316.5848876029777	1	0	1	3.322219150730773
214200.0	3000.0	1116.5848876030118	0.0	0	63.85224301618291	1316.5848876029195	1	0	1	3.322219150730776
215200.0	3000.0	1116.584887603037	0.0	0	73.30637121820473	1316.5848876029486	1	0	1	3.322219150730777
216559.5523181455	3000.0	757.032569457539	0.0	0	0.0	1316.5848876029486	1	0	1	3.322219150730774
217329.92297452633	2000.0	986.661913076726	0.0	0	0.0	1316.5848876029777	1	0	1	2.3085563804603595
218200.0	2000.0	1116.584887603071	0.0	0	356.4426393781614	1316.5848876030068	1	0	1	2.7140214885685214
219200.0	3000.0	1116.584887603047	0.0	0	379.75688379304484	1316.5848876029777	1	0	1	2.916754042622607
220348.36241891078	3000.0	968.2224686922773	0.0	0	0.0	1316.5848876030068	1	0	1	3.3222191507307697
221344.3110019641	3000.0	972.2738856389897	0.0	0	0.0	1316.5848876029777	1	0	1	3.3222191507307706
222688.79570847598	3000.0	627.7891791270836	0.0	0	0.0	1316.5848876030068	1	0	1	3.322219150730769
223232.74342998295	2000.0	1083.8414576201312	0.0	0	0.0	1316.584887603036	1	0	1	2.308556380460354
224275.25785050757	3000.0	1041.3270370955206	0.0	0	0.0	1316.584887603065	1	0	1	2.916754042622598
225200.0	2000.0	1116.5848876030918	0.0	0	462.1509138220863	1316.584887603065	1	0	1	2.3085563804603506
226200.0	3000.0	1116.5848876030905	0.0	0	215.69037821577513	1316.584887603036	1	0	1	2.916754042622601
227200.0	3000.0	1116.5848876030843	0.0	0	142.1123383511731	1316.584887603065	1	0	1	3.3222191507307652
228200.0	3000.0	1116.5848876030734	0.0	0	165.84871689465945	1316.584887603065	1	0	1	3.3222191507307626
229200.0	3000.0	1116.584887603044	0.0	0	320.94229681784054	1316.584887603036	1	0	1	3.3222191507307657
230200.0	3000.0	1116.5848876030736	0.0	0	124.65989864629228	1316.584887603036	1	0	1	3.3222191507307657
231200.0	3000.0	1116.5848876030527	0.0	0	361.26917227188824	1316.5848876030068	1	0	1	3.322219150730766
232447.0809366194	3000.0	869.5039509836481	0.0	0	0.0	1316.5848876030068	1	0	1	3.322219150730769
233200.0	2000.0	1116.5848876030673	0.0	0	236.75352928528446	1316.584887603036	1	0	1	2.3085563804603564
234320.18975526467	3000.0	996.3951323384099	0.0	0	0.0	1316.584887603036	1	0	1	2.916754042622601
235200.0	2000.0	1116.5848876030655	0.0	0	213.40626483550295	1316.5848876030068	1	0	1	2.308556380460357
236240.41913844706	3000.0	1076.1657491560209	0.0	0	0.0	1316.5848876030068	1	0	1	2.916754042622604
237385.95854259125	3000.0	930.6263450117931	0.0	0	0.0	1316.5848876030068	1	0	1	3.322219150730769
238200.0	2000.0	1116.584887603039	0.0	0	294.3635342224443	1316.5848876030068	1	0	1	2.308556380460357
239200.0	3000.0	1116.584887603035	0.0	0	166.8712686500512	1316.5848876029777	1	0	1	2.916754042622607
240327.12200247435	3000.0	989.4628851286675	0.0	0	0.0	1316.5848876029777	1	0	1	3.3222191507307715
241200.0	3000.0	1116.5848876030263	0.0	0	151.38770095442305	1316.5848876030068	1	0	1	3.3222191507307706
242200.0	3000.0	1116.5848876030318	0.0	0	105.56245429700357	1316.5848876030068	1	0	1	3.322219150730769
243200.0	3000.0	1116.5848876030173	0.0	0	172.42685419990448	1316.584887603036	1	0	1	3.3222191507307657
244200.0	3000.0	1116.5848876029966	0.0	0	37.845008198783034	1316.584887603036	1	0	1	3.3222191507307657
245200.0	3000.0	1116.5848876030077	0.0	0	316.8441467922821	1316.584887603065	1	0	1	3.3222191507307652
246200.0	3000.0	1116.5848876030186	0.0	0	50.23825769664836	1316.584887603065	1	0	1	3.3222191507307626
247200.0	3000.0	1116.5848876030336	0.0	0	78.13087306264788	1316.584887603094	1	0	1	3.3222191507307617
248200.0	3000.0	1116.5848876030363	0.0	0	77.90971690125298	1316.584887603094	1	0	1	3.32221915073076
249200.0	3000.0	1116.584887603016	0.0	0	138.84432614094112	1316.584887603094	1	0	1	3.32221915073076
250200.0	2000.0	1116.5848876029938	0.0	0	539.4377314407029	1316.584887603094	1	0	1	2.308556380460348
251423.39970578256	3000.0	893.1851818204374	0.0	0	0.0	1316.584887603094	1	0	1	2.9167540426225953
252373.35938197386	2000.0	943.2255056291406	0.0	0	0.0	1316.5848876031232	1	0	1	2.3085563804603453
253200.0	2000.0	1116.5848876030184	0.0	0	115.79071686786483	1316.5848876031523	1	0	1	2.7140214885685094
254200.0	2000.0	1116.5848876030293	0.0	0	352.5090687655902	1316.5848876031523	1	0	1	2.7140214885685072
255200.0	2000.0	1116.5848876030122	0.0	0	395.6697403736762	1316.5848876031523	1	0	1	2.7140214885685094
256200.0	2000.0	1116.584887603013	0.0	0	426.7394588676689	1316.5848876031232	1	0	1	2.7140214885685077
257200.0	2000.0	1116.5848876030138	0.0	0	642.5302875764319	1316.5848876031232	1	0	1	2.71402148856851
258200.0	3000.0	1116.5848876030132	0.0	0	188.05078707358916	1316.5848876031232	1	0	1	2.916754042622592
259201.67000537177	3000.0	1114.9148822312459	0.0	0	172.31804644560907	1316.5848876031232	1	0	1	3.322219150730757
260513.46638534963	3000.0	803.1185022533546	0.0	0	0.0	1316.584887603094	1	0	1	3.32221915073076
261202.47367383528	2000.0	1114.111213767686	0.0	0	0.0	1316.584887603094	1	0	1	2.308556380460348
262200.0	3000.0	1116.584887602963	0.0	0	40.80414979264606	1316.5848876031232	1	0	1	2.9167540426225944
263200.0	3000.0	1116.5848876029947	0.0	0	186.64194921939634	1316.5848876031814	1	0	1	3.3222191507307537
264200.0	3000.0	1116.5848876029424	0.0	0	249.66870705457404	1316.5848876031814	1	0	1	3.322219150730751
265303.1578919205	3000.0	1013.4269956823823	0.0	0	0.0	1316.5848876031814	1	0	1	3.322219150730751
266288.72182104626	3000.0	1027.863066556613	0.0	0	0.0	1316.5848876032396	1	0	1	3.3222191507307453
267417.7617802272	3000.0	898.823107375676	0.0	0	0.0	1316.5848876032396	1	0	1	3.3222191507307453
268200.0	2000.0	1116.5848876028354	0.0	0	236.3061469165259	1316.5848876032396	1	0	1	2.3085563804603337
269200.0	3000.0	1116.5848876027662	0.0	0	259.8059989378089	1316.5848876032396	1	0	1	2.9167540426225806
270200.0	3000.0	1116.5848876027442	0.0	0	323.3999804125051	1316.5848876032396	1	0	1	3.3222191507307453
271200.0	3000.0	1116.584887602767	0.0	0	358.34667920606444	1316.5848876032396	1	0	1	3.3222191507307453
272278.1711133539	3000.0	1038.4137742488688	0.0	0	0.0	1316.5848876032978	1	0	1	3.322219150730739
273200.0	3000.0	1116.5848876027587	0.0	0	197.17577411356615	1316.5848876032978	1	0	1	3.322219150730744
274482.3474822061	3000.0	834.2374053966591	0.0	0	0.0	1316.5848876032978	1	0	1	3.322219150730739
275200.0	2000.0	1116.5848876027105	0.0	0	9.979672364308499	1316.5848876032978	1	0	1	2.3085563804603275
276200.0	3000.0	1116.5848876026735	0.0	0	260.41384297644254	1316.5848876032396	1	0	1	2.9167540426225758
277200.0	2000.0	1116.5848876026384	0.0	0	400.1579356022994	1316.5848876031232	1	0	1	2.3085563804603404
278246.3718820473	3000.0	1070.2130055553139	0.0	0	0.0	1316.584887603065	1	0	1	2.916754042622598
279200.0	3000.0	1116.5848876026193	0.0	0	118.89310983731411	1316.5848876031232	1	0	1	3.322219150730757
280200.0	3000.0	1116.5848876026198	0.0	0	277.3919839949813	1316.5848876031232	1	0	1	3.322219150730757
281635.0227643823	3000.0	681.5621232202961	0.0	0	0.0	1316.5848876031232	1	0	1	3.322219150730757
282200.0	1000.0	1116.5848876025138	0.0	0	201.06059012335027	1316.584887603065	1	0	1	0.575688429060488
283200.0	2000.0	1116.5848876025489	0.0	0	171.98513044934953	1316.5848876031232	1	0	1	2.0208743080085645
284200.0	2000.0	1116.5848876025334	0.0	0	475.1503924491117	1316.5848876031232	1	0	1	2.71402148856851
285200.0	3000.0	1116.5848876025932	0.0	0	381.8268524881569	1316.5848876031232	1	0	1	2.916754042622592
286200.0	3000.0	1116.58488760262	0.0	0	405.5886452779523	1316.5848876031232	1	0	1	3.322219150730757
287200.0	3000.0	1116.5848876026084	0.0	0	312.28960856667254	1316.5848876031232	1	0	1	3.322219150730757
288200.0	3000.0	1116.5848876026178	0.0	0	484.46004242124036	1316.5848876031232	1	0	1	3.322219150730757
289200.0	3000.0	1116.584887602605	0.0	0	181.96634750941303	1316.5848876031232	1	0	1	3.322219150730757
290445.9518952878	3000.0	870.6329923147666	0.0	0	0.0	1316.584887603065	1	0	1	3.3222191507307604
291281.75623738114	3000.0	1034.8286502213684	0.0	0	0.0	1316.584887603065	1	0	1	3.3222191507307626
292460.40741455817	3000.0	856.1774730443458	0.0	0	0.0	1316.584887603065	1	0	1	3.3222191507307626
293200.0	2000.0	1116.5848876025434	0.0	0	69.26010908343596	1316.584887603065	1	0	1	2.3085563804603506
294200.0	3000.0	1116.58488760247	0.0	0	123.95254957355792	1316.5848876031232	1	0	1	2.9167540426225966
295200.0	3000.0	1116.584887602471	0.0	0	440.29775437311037	1316.5848876031232	1	0	1	3.322219150730757
296200.0	3000.0	1116.584887602398	0.0	0	63.2729585209745	1316.5848876031232	1	0	1	3.322219150730757
297383.1618197182	3000.0	933.4230678841623	0.0	0	0.0	1316.5848876031232	1	0	1	3.322219150730757
298200.0	2000.0	1116.584887602272	0.0	0	80.06724100967404	1316.584887603065	1	0	1	2.3085563804603506
299229.73772728216	3000.0	1086.8471603201597	0.0	0	0.0	1316.584887603065	1	0	1	2.916754042622598
300200.0	2000.0	1116.584887602423	0.0	0	497.55707090720534	1316.5848876031232	1	0	1	2.3085563804603453
301200.0	2000.0	1116.584887602431	0.0	0	341.55380812479416	1316.584887603065	1	0	1	2.7140214885685108
302200.0	2000.0	1116.5848876023856	0.0	0	432.0122260003118	1316.5848876030068	1	0	1	2.7140214885685214
303250.78366067365	3000.0	1065.801226928661	0.0	0	0.0	1316.5848876029486	1	0	1	2.916754042622606
304200.0	3000.0	1116.5848876022765	0.0	0	34.209810524072964	1316.5848876028904	1	0	1	3.322219150730777
305200.0	3000.0	1116.5848876023313	0.0	0	286.12207861064235	1316.5848876029486	1	0	1	3.322219150730779
306200.0	3000.0	1116.5848876023783	0.0	0	205.28933115140535	1316.5848876029486	1	0	1	3.322219150730774
5.6	5.27	3.29	4.01	3.13	2.76	2.7	3.8	5.55	3.08	3.28	3.66	3.48	3.68	3.94	2.62	3.01	3.24	4.17	4.29	5.95	5.1	5.09	2.42	3.58	3.46	3.51	2.83	4.25	4.65	3.13	4.1	2.68	2.97	1.93	2.7	3.8	2.58	2.28	2.6	3.46	3.97	3.96	4.74	4.17	3.57	2.53	3.74	4.77	4.62	4.04	2.88	4.37	4.83	3.48	3.03	2.8	3.45	3.32	2.51	4.38	6.26	2.84	3.74	2.87	3.04	3.38	5.05	4.38	3.58	3.52	3.52	3.7	4.22	2.88	3.37	3.13	3.34	4.12	3.26	3.81	3.76	3.01	3.65	4.24	4.34	3.57	3.49	2.97	4.22	2.68	3.16	3.66	3.3	1.69	2.85	3.87	3.6	2.71	5.25	5.09	3.76	1.42	3.79	3.21	4.69	3.81	2.54	3.14	3.28	3.81	5.65	4.68	4.75	4.11	3.2	2.97	3.09	3.16	4.51	3.42	2.95	3.64	2.33	3.27	2.53	4.85	7.03	4.38	3.81	4.68	5.39	3.6	2.69	2.85	4.17	3.83	4.58	3.95	2.61	2.47	3.53	3.88	3.56	3.76	3.16	3.19	3.01	4.25	5.0	5.6	5.27	3.29	4.01	3.13	2.76	2.7	3.8	5.55	3.08	3.28	3.66	3.48	3.68	3.94	2.62	3.01	3.24	4.17	4.29	5.95	5.1	5.09	2.42	3.58	3.46	3.51	2.83	4.25	4.65	3.13	4.1	2.68	2.97	1.93	2.7	3.8	2.58	2.28	2.6	3.46	3.97	3.96	4.74	4.17	3.57	2.53	3.74	4.77	4.62	4.04	2.88	4.37	4.83	3.48	3.03	2.8	3.45	3.32	2.51	4.38	6.26	2.84	3.74	2.87	3.04	3.38	5.05	4.38	3.58	3.52	3.52	3.7	4.22	2.88	3.37	3.13	3.34	4.12	3.26	3.81	3.76	3.01	3.65	4.24	4.34	3.57	3.49	2.97	4.22	2.68	3.16	3.66	3.3	1.69	2.85	3.87	3.6	2.71	5.25	5.09	3.76	1.42	3.79	3.21	4.69	3.81	2.54	3.14	3.28	3.81	5.65	4.68	4.75	4.11	3.2	2.97	3.09	3.16	4.51	3.42	2.95	3.64	2.33	3.27	2.53	4.85	7.03	4.38	3.81	4.68	5.39	3.6	2.69	2.85	4.17	3.83	4.58	3.95	2.61	2.47	3.53	3.88	3.56	3.76	3.16	3.19	3.01	4.25	5.0	5.6	5.27	3.29	4.01	3.13	2.76	2.7
1.0	2.0	3.0	4.0	5.0	6.0	7.0	8.0	9.0	10.0	11.0	12.0	13.0	14.0	15.0	16.0	17.0	18.0	19.0	20.0	21.0	22.0	23.0	24.0	25.0	26.0	27.0	28.0	29.0	30.0	31.0	32.0	33.0	34.0	35.0	36.0	37.0	38.0	39.0	40.0	41.0	42.0	43.0	44.0	45.0	46.0	47.0	48.0	49.0	50.0	51.0	52.0	53.0	54.0	55.0	56.0	57.0	58.0	59.0	60.0	61.0	62.0	63.0	64.0	65.0	66.0	67.0	68.0	69.0	70.0	71.0	72.0	73.0	74.0	75.0	76.0	77.0	78.0	79.0	80.0	81.0	82.0	83.0	84.0	85.0	86.0	87.0	88.0	89.0	90.0	91.0	92.0	93.0	94.0	95.0	96.0	97.0	98.0	99.0	100.0	101.0	102.0	103.0	104.0	105.0	106.0	107.0	108.0	109.0	110.0	111.0	112.0	113.0	114.0	115.0	116.0	117.0	118.0	119.0	120.0	121.0	122.0	123.0	124.0	125.0	126.0	127.0	128.0	129.0	130.0	131.0	132.0	133.0	134.0	135.0	136.0	137.0	138.0	139.0	140.0	141.0	142.0	143.0	144.0	145.0	146.0	147.0	148.0	149.0	149.0	150.0	151.0	152.0	153.0	154.0	155.0	156.0	157.0	158.0	159.0	160.0	161.0	162.0	163.0	164.0	165.0	166.0	167.0	168.0	169.0	170.0	171.0	172.0	173.0	174.0	175.0	176.0	177.0	178.0	179.0	180.0	181.0	182.0	183.0	184.0	185.0	186.0	187.0	188.0	189.0	190.0	191.0	192.0	193.0	194.0	195.0	196.0	197.0	198.0	199.0	200.0	201.0	202.0	203.0	204.0	205.0	206.0	207.0	208.0	209.0	210.0	211.0	212.0	213.0	214.0	215.0	216.0	217.0	218.0	219.0	220.0	221.0	222.0	223.0	224.0	225.0	226.0	227.0	228.0	229.0	230.0	231.0	232.0	233.0	234.0	235.0	236.0	237.0	238.0	239.0	240.0	241.0	242.0	243.0	244.0	245.0	246.0	247.0	248.0	249.0	250.0	251.0	252.0	253.0	254.0	255.0	256.0	257.0	258.0	259.0	260.0	261.0	262.0	263.0	264.0	265.0	266.0	267.0	268.0	269.0	270.0	271.0	272.0	273.0	274.0	275.0	276.0	277.0	278.0	279.0	280.0	281.0	282.0	283.0	284.0	285.0	286.0	287.0	288.0	289.0	290.0	291.0	292.0	293.0	294.0	295.0	296.0	297.0	298.0	298.0	299.0	300.0	301.0	302.0	303.0	304.0	305.0
2518.997304333306
