2604.7075555028855	300.0	2000.0	173.82542169587745	0	0.0	2604.7075555028855	1	0	1	-1.2993918037952044
5200.0	2000.0	397.7269919375932	84.5699926705393	0	162.98766549363336	597.7269919375931	1	0	2	-0.021626153615372234
6200.0	500.0	2497.7269919375926	0.0	0	789.931257361899	2697.7269919375926	1	0	0	-1.285828624664664
9200.0	3000.0	397.72699193759206	0.0	0	109.67150059621781	597.7269919375922	1	0	2	0.9989064448847583
10200.0	500.0	2497.7269919375913	0.0	0	716.9348225669055	2697.726991937592	1	0	0	-1.6912937327728286
13701.993401515676	3000.0	200.0	322.2415906633196	0	0.0	901.9934015156759	1	0	2	-0.9623204215348728
14200.0	300.0	2751.7940613641094	0.0	0	273.3639967736053	2951.7940613641094	1	0	0	-2.9952360338311785
18738.481362826144	3000.0	200.0	1127.7594888587728	0	0.0	1938.4813628261436	1	0	2	-6.381699761690107
18920.00310662056	300.0	1000.3260818261379	0.0	0	0.0	1920.3291884466962	1	0	2	-2.69501414821429
19499.280194663064	1000.0	1363.1212849793828	0.0	0	0.0	1862.401479642449	1	0	2	0.21435933865621354
20200.0	1000.0	1592.3294991087541	0.0	0	196.9914844488776	1792.3294991087569	1	0	2	1.4242061115026536
21200.0	2000.0	1492.329499108756	0.0	0	385.2331799410349	1692.3294991087569	1	0	2	1.7794995517520014
22200.0	2000.0	1492.3294991087544	0.0	0	137.67595227637503	1692.3294991087569	1	0	1	2.4764470274179464
23645.647468142233	3000.0	1046.6820309665236	0.0	0	0.0	1692.3294991087532	1	0	1	2.8791795814720293
24962.24329101008	2000.0	730.0862080986776	0.0	0	0.0	1692.3294991087532	1	0	1	2.2709819193097824
25758.361755338603	1000.0	933.967743770153	0.0	0	0.0	1692.3294991087532	1	0	1	0.9435790760180837
26640.732249875447	1000.0	1051.5972492333096	0.0	0	0.0	1692.3294991087496	1	0	1	1.6367262565780294
27630.234946513643	1000.0	1062.094552595111	0.0	0	0.0	1692.3294991087532	1	0	1	1.636726256578029
28521.096269398487	1000.0	1171.233229710269	0.0	0	0.0	1692.3294991087569	1	0	1	1.6367262565780285
29613.661368397647	1000.0	1078.6681307111114	0.0	0	0.0	1692.3294991087605	1	0	1	1.6367262565780283
30238.13586240588	1000.0	1454.1936367028784	0.0	0	0.0	1692.3294991087605	1	0	1	1.6367262565780283
31200.0	1000.0	1492.3294991087594	0.0	0	253.33528680845484	1692.3294991087605	1	0	1	1.6367262565780283
32200.0	1000.0	1492.3294991087573	0.0	0	349.27835516221603	1692.3294991087641	1	0	1	1.636726256578028
33200.0	1000.0	1492.3294991087566	0.0	0	596.9422924617684	1692.3294991087641	1	0	1	1.636726256578028
34200.0	1000.0	1492.3294991087591	0.0	0	177.87794404651504	1692.3294991087678	1	0	1	1.6367262565780278
35200.0	2000.0	1492.3294991087591	0.0	0	226.7290269873629	1692.329499108775	1	0	1	1.9832998468579999
36200.0	2000.0	1492.3294991087573	0.0	0	190.59543136508728	1692.3294991087823	1	0	1	2.676447027417944
37200.0	2000.0	1492.3294991087557	0.0	0	76.02304731275945	1692.3294991087823	1	0	1	2.676447027417944
38451.97845369356	2000.0	1240.3510454151888	0.0	0	0.0	1692.3294991087823	1	0	1	2.676447027417944
39249.162825805426	1000.0	1443.1666733033292	0.0	0	0.0	1692.3294991087896	1	0	1	0.9435790760180803
40200.0	1000.0	1492.3294991087575	0.0	0	290.56653972192726	1692.3294991087896	1	0	1	1.6367262565780258
41200.0	1000.0	1492.3294991087662	0.0	0	389.68419697604986	1692.3294991087969	1	0	1	1.6367262565780252
42200.0	1000.0	1492.3294991087678	0.0	0	637.1681715667582	1692.3294991087969	1	0	1	1.6367262565780247
43200.0	1000.0	1492.3294991087682	0.0	0	449.94043362198136	1692.3294991087969	1	0	1	1.6367262565780247
44200.0	2000.0	1492.3294991087682	0.0	0	181.77491979222395	1692.3294991087969	1	0	1	1.9832998468579972
45200.0	2000.0	1492.3294991087682	0.0	0	117.11572970303678	1692.3294991087969	1	0	1	2.6764470274179426
46358.83069461334	2000.0	1333.4988044954323	0.0	0	0.0	1692.3294991087969	1	0	1	2.6764470274179426
47230.29116895091	2000.0	1462.0383301578497	0.0	0	0.0	1692.3294991087896	1	0	1	2.676447027417943
48200.0	2000.0	1492.3294991087648	0.0	0	233.53723141966475	1692.3294991087896	1	0	1	2.676447027417943
49335.71851721312	2000.0	1356.6109818956397	0.0	0	0.0	1692.3294991087896	1	0	1	2.676447027417943
50200.0	1000.0	1492.329499108765	0.0	0	281.32265435352747	1692.3294991087896	1	0	1	0.9435790760180803
51232.11785353814	2000.0	1460.2116455706175	0.0	0	0.0	1692.3294991087969	1	0	1	1.9832998468579972
52200.0	1000.0	1492.329499108762	0.0	0	287.56413014794816	1692.3294991088042	1	0	1	0.9435790760180787
53200.0	1000.0	1492.329499108771	0.0	0	313.81739029405435	1692.3294991088042	1	0	1	1.6367262565780238
54264.40843721964	2000.0	1427.9210618891384	0.0	0	0.0	1692.3294991088042	1	0	1	1.9832998468579968
55200.0	1000.0	1492.32949910877	0.0	0	390.0896130866968	1692.3294991088042	1	0	1	0.9435790760180787
56200.0	1000.0	1492.3294991087682	0.0	0	456.02833580190054	1692.3294991088042	1	0	1	1.6367262565780238
57200.0	2000.0	1492.329499108761	0.0	0	242.9309809128099	1692.3294991088042	1	0	1	1.9832998468579968
58200.0	2000.0	1492.3294991087591	0.0	0	236.80901043285849	1692.3294991088042	1	0	1	2.676447027417942
60163.57300612565	3000.0	528.7564929831204	0.0	0	0.0	1692.3294991088042	1	0	1	2.8791795814720245
60721.62187208859	1000.0	970.7076270201809	0.0	0	0.0	1692.3294991088114	1	0	1	0.5381139679099134
61705.76691040858	2000.0	986.562588700193	0.0	0	0.0	1692.3294991088114	1	0	1	1.9832998468579957
62694.740231101496	2000.0	997.5892680072803	0.0	0	0.0	1692.3294991088114	1	0	1	2.676447027417941
63200.0	1000.0	1492.3294991087735	0.0	0	50.98569812563801	1692.3294991088114	1	0	1	0.9435790760180781
64313.941541564054	2000.0	1378.38795754472	0.0	0	0.0	1692.3294991088187	1	0	1	1.983299846857995
65200.0	2000.0	1492.329499108767	0.0	0	221.8069290504718	1692.3294991088187	1	0	1	2.6764470274179404
66200.0	2000.0	1492.3294991087664	0.0	0	96.87505133959348	1692.329499108826	1	0	1	2.6764470274179395
67258.196477063	2000.0	1434.1330220457655	0.0	0	0.0	1692.3294991088333	1	0	1	2.6764470274179395
68201.59775165415	2000.0	1490.731747454631	0.0	0	0.0	1692.3294991088624	1	0	1	2.676447027417937
69788.31710583127	2000.0	904.0123932775107	0.0	0	0.0	1692.3294991088624	1	0	1	2.676447027417936
70226.02739593388	1000.0	1466.3021031749013	0.0	0	0.0	1692.3294991088624	1	0	1	0.9435790760180729
71200.0	1000.0	1492.3294991088005	0.0	0	460.1959088191361	1692.3294991088624	1	0	1	1.636726256578018
72200.0	2000.0	1492.3294991088014	0.0	0	20.519590784839238	1692.3294991088624	1	0	1	1.9832998468579905
73200.0	2000.0	1492.3294991088028	0.0	0	236.37369351029338	1692.3294991088624	1	0	1	2.676447027417936
74217.95315646933	2000.0	1474.376342639455	0.0	0	0.0	1692.3294991088624	1	0	1	2.676447027417936
75455.05773678597	3000.0	1237.2717623228236	0.0	0	0.0	1692.329499108877	1	0	1	2.879179581472017
76255.82380578406	2000.0	1436.5056933247217	0.0	0	0.0	1692.3294991088624	1	0	1	2.2709819193097713
77200.0	2000.0	1492.3294991087987	0.0	0	228.07720019930275	1692.3294991088624	1	0	1	2.676447027417936
78200.0	2000.0	1492.3294991088103	0.0	0	434.26548702659784	1692.3294991088624	1	0	1	2.676447027417936
79200.0	2000.0	1492.329499108809	0.0	0	171.57791696090135	1692.3294991088624	1	0	1	2.676447027417936
81265.24560695347	3000.0	427.0838921553545	0.0	0	0.0	1692.3294991088624	1	0	1	2.8791795814720182
81640.02262508197	500.0	1052.3068740268582	0.0	0	0.0	1692.3294991088624	1	0	1	-1.194753983489955
82200.0	1000.0	1492.3294991088283	0.0	0	12.461349487668485	1692.3294991088624	1	0	1	0.9435790760180727
83200.0	1000.0	1492.3294991088435	0.0	0	398.6552149652416	1692.3294991088624	1	0	1	1.636726256578018
84200.0	1000.0	1492.32949910883	0.0	0	530.664301681405	1692.3294991088624	1	0	1	1.636726256578018
85200.0	1000.0	1492.3294991088287	0.0	0	576.0769836662948	1692.329499108877	1	0	1	1.6367262565780165
86200.0	2000.0	1492.3294991088164	0.0	0	61.46106154564768	1692.3294991088624	1	0	1	1.9832998468579905
87200.0	2000.0	1492.3294991088226	0.0	0	226.42608249463956	1692.3294991088624	1	0	1	2.676447027417936
88765.90811351669	2000.0	926.4213855921239	0.0	0	0.0	1692.3294991088478	1	0	1	2.6764470274179377
89351.70050993389	1000.0	1340.628989174923	0.0	0	0.0	1692.3294991088478	1	0	1	0.9435790760180742
90652.9971257217	2000.0	1039.3323733871093	0.0	0	0.0	1692.3294991088478	1	0	1	1.9832998468579923
91302.45008286095	1000.0	1389.8794162478484	0.0	0	0.0	1692.3294991088478	1	0	1	0.9435790760180742
92526.69575737971	2000.0	1165.633741729099	0.0	0	0.0	1692.3294991088478	1	0	1	1.9832998468579923
93200.0	1000.0	1492.3294991088133	0.0	0	153.46637055835163	1692.3294991088478	1	0	1	0.9435790760180742
94316.22308135097	2000.0	1376.106417757842	0.0	0	0.0	1692.3294991088478	1	0	1	1.9832998468579923
95868.3417174272	2000.0	823.9877816816156	0.0	0	0.0	1692.3294991088478	1	0	1	2.6764470274179377
96308.67111806058	1000.0	1383.6583810482198	0.0	0	0.0	1692.3294991088478	1	0	1	0.9435790760180742
97200.0	2000.0	1492.3294991088162	0.0	0	165.87714113776747	1692.3294991088478	1	0	1	1.9832998468579923
98200.0	2000.0	1492.3294991088205	0.0	0	403.9971086200967	1692.3294991088624	1	0	1	2.676447027417936
99200.0	2000.0	1492.3294991088244	0.0	0	376.15605583444994	1692.3294991088624	1	0	1	2.676447027417936
100719.19419206955	3000.0	973.1353070392563	0.0	0	0.0	1692.3294991088624	1	0	1	2.8791795814720182
101681.16468395386	2000.0	1011.1648151549401	0.0	0	0.0	1692.3294991088624	1	0	1	2.2709819193097713
102467.21560297524	2000.0	1225.1138961335564	0.0	0	0.0	1692.3294991088478	1	0	1	2.6764470274179377
103254.07548021183	2000.0	1438.2540188969574	0.0	0	0.0	1692.3294991088478	1	0	1	2.6764470274179377
104364.05041104306	3000.0	1328.279088065716	0.0	0	0.0	1692.3294991088478	1	0	1	2.87917958147202
105310.99189825723	2000.0	1381.3376008515622	0.0	0	0.0	1692.3294991088624	1	0	1	2.2709819193097713
106326.8966746641	2000.0	1365.4328244447024	0.0	0	0.0	1692.3294991088624	1	0	1	2.676447027417936
107200.0	2000.0	1492.3294991088007	0.0	0	117.0944672988262	1692.3294991088624	1	0	1	2.676447027417936
108330.52430566304	3000.0	1361.8051934457662	0.0	0	0.0	1692.329499108877	1	0	1	2.879179581472017
109281.24839641072	2000.0	1411.081102698091	0.0	0	0.0	1692.3294991088915	1	0	1	2.2709819193097687
110553.82634739432	2000.0	1138.5031517144703	0.0	0	0.0	1692.3294991088915	1	0	1	2.6764470274179333
111200.0	2000.0	1492.3294991087987	0.0	0	107.0203525278921	1692.3294991088915	1	0	1	2.6764470274179333
112200.0	3000.0	1492.3294991088032	0.0	0	82.48190869837708	1692.329499108877	1	0	1	2.879179581472017
113272.91675389765	3000.0	1419.4127452111584	0.0	0	0.0	1692.329499108877	1	0	1	3.2846446895801815
114606.14377516748	2000.0	1086.1857239413225	0.0	0	0.0	1692.329499108877	1	0	1	2.2709819193097696
116145.79602412516	2000.0	546.5334749836281	0.0	0	0.0	1692.329499108877	1	0	1	2.676447027417934
116493.00347970298	1000.0	1199.326019405813	0.0	0	0.0	1692.3294991088915	1	0	1	0.94357907601807
117657.45472993304	2000.0	1034.8747691757408	0.0	0	0.0	1692.329499108877	1	0	1	1.983299846857989
118213.52696160262	1000.0	1478.8025375061595	0.0	0	0.0	1692.3294991088915	1	0	1	0.94357907601807
119200.0	2000.0	1492.3294991087776	0.0	0	121.48153908818495	1692.3294991088915	1	0	1	1.9832998468579879
120200.0	2000.0	1492.329499108787	0.0	0	255.26419039505708	1692.329499108906	1	0	1	2.6764470274179315
121200.0	2000.0	1492.3294991087846	0.0	0	98.3399710188678	1692.3294991088915	1	0	1	2.6764470274179333
122610.48016055305	2000.0	1081.849338555735	0.0	0	0.0	1692.3294991088915	1	0	1	2.6764470274179333
123436.57914041521	1000.0	1255.7503586935777	0.0	0	0.0	1692.329499108877	1	0	1	0.9435790760180714
124200.0	1000.0	1492.329499108803	0.0	0	211.84632033811067	1692.329499108877	1	0	1	1.6367262565780165
125200.0	1000.0	1492.3294991088017	0.0	0	483.0540585597191	1692.329499108877	1	0	1	1.6367262565780165
126200.0	1000.0	1492.3294991087964	0.0	0	500.9419412444695	1692.329499108877	1	0	1	1.6367262565780165
127495.9380544352	2000.0	1196.3914446735916	0.0	0	0.0	1692.329499108877	1	0	1	1.983299846857989
128200.0	1000.0	1492.3294991087885	0.0	0	79.03211031509272	1692.329499108877	1	0	1	0.9435790760180714
129340.28811781529	2000.0	1352.0413812934978	0.0	0	0.0	1692.329499108877	1	0	1	1.983299846857989
130200.0	2000.0	1492.329499108787	0.0	0	19.24190050874313	1692.329499108877	1	0	1	2.676447027417934
131200.0	2000.0	1492.3294991088023	0.0	0	246.71541531216644	1692.3294991088915	1	0	1	2.676447027417934
132200.0	2000.0	1492.3294991087835	0.0	0	365.2829597243981	1692.3294991088624	1	0	1	2.6764470274179346
133424.33065429385	2000.0	1267.998844814941	0.0	0	0.0	1692.3294991088624	1	0	1	2.676447027417936
134437.49444098346	2000.0	1254.8350581253517	0.0	0	0.0	1692.3294991088624	1	0	1	2.676447027417936
135389.11121249868	2000.0	1303.2182866101318	0.0	0	0.0	1692.3294991088333	1	0	1	2.6764470274179386
136254.49824474985	2000.0	1437.8312543589461	0.0	0	0.0	1692.3294991088333	1	0	1	2.6764470274179386
138368.4419112115	3000.0	323.8875878972889	0.0	0	0.0	1692.3294991088333	1	0	1	2.879179581472021
138686.32685740665	500.0	1006.0026417021464	0.0	0	0.0	1692.3294991088333	1	0	1	-1.1947539834899528
139200.0	1000.0	1492.3294991087914	0.0	0	72.7747364572133	1692.3294991088333	1	0	1	0.9435790760180757
140200.0	2000.0	1492.3294991087846	0.0	0	121.65295422094641	1692.3294991088624	1	0	1	1.9832998468579923
141200.0	2000.0	1492.3294991088208	0.0	0	294.36712340050144	1692.3294991088624	1	0	1	2.676447027417936
142255.82024725695	2000.0	1436.5092518518502	0.0	0	0.0	1692.3294991088624	1	0	1	2.676447027417936
143200.0	2000.0	1492.3294991087976	0.0	0	263.44176594825694	1692.3294991088624	1	0	1	2.676447027417936
144505.14623976598	3000.0	1187.183259342853	0.0	0	0.0	1692.3294991088624	1	0	1	2.8791795814720182
145379.01100941288	2000.0	1313.3184896959292	0.0	0	0.0	1692.3294991088624	1	0	1	2.2709819193097713
146974.40640602293	2000.0	717.9230930858656	0.0	0	0.0	1692.3294991088333	1	0	1	2.6764470274179386
147873.28383126587	1000.0	819.0456678428918	0.0	0	0.0	1692.3294991088042	1	0	1	0.9435790760180787
148416.56144394897	1000.0	1275.7680551597662	0.0	0	0.0	1692.329499108775	1	0	1	1.636726256578027
149200.0	1000.0	1492.329499108723	0.0	0	166.40232645522337	1692.329499108775	1	0	1	1.636726256578027
150200.0	1000.0	1492.3294991087037	0.0	0	115.27961412834702	1692.329499108775	1	0	1	1.636726256578027
151200.0	1000.0	1492.3294991087128	0.0	0	114.96418230448035	1692.329499108746	1	0	1	1.6367262565780296
152200.0	1000.0	1492.3294991086882	0.0	0	277.6448662946932	1692.329499108746	1	0	1	1.6367262565780296
153200.0	1000.0	1492.3294991086937	0.0	0	482.9810757590458	1692.329499108746	1	0	1	1.6367262565780296
154200.0	1000.0	1492.3294991086486	0.0	0	520.8483642673527	1692.329499108746	1	0	1	1.6367262565780296
155200.0	1000.0	1492.3294991086311	0.0	0	421.4538717950636	1692.3294991087168	1	0	1	1.6367262565780327
156200.0	1000.0	1492.3294991086364	0.0	0	327.09587270143675	1692.3294991087168	1	0	1	1.6367262565780327
157200.0	2000.0	1492.3294991086284	0.0	0	156.25304501637584	1692.3294991087168	1	0	1	1.9832998468580052
158200.0	2000.0	1492.3294991086345	0.0	0	319.14941027978784	1692.3294991087168	1	0	1	2.67644702741795
159200.0	2000.0	1492.3294991086298	0.0	0	75.26949192173197	1692.3294991087168	1	0	1	2.67644702741795
160200.0	2000.0	1492.3294991086188	0.0	0	21.034228911128594	1692.3294991087168	1	0	1	2.67644702741795
161200.0	2000.0	1492.3294991086425	0.0	0	428.365395880508	1692.329499108746	1	0	1	2.6764470274179475
162326.45551370812	3000.0	1365.8739854004928	0.0	0	0.0	1692.3294991087168	1	0	1	2.879179581472032
163674.96029032933	3000.0	1017.3692087792804	0.0	0	0.0	1692.3294991087168	1	0	1	3.2846446895801975
164733.08075635953	2000.0	959.2487427490486	0.0	0	0.0	1692.3294991087168	1	0	1	2.2709819193097855
165522.22616657248	1000.0	1170.1033325360913	0.0	0	0.0	1692.3294991087168	1	0	1	0.9435790760180875
166208.58935791897	1000.0	1483.7401411896212	0.0	0	0.0	1692.329499108746	1	0	1	1.6367262565780296
167200.0	1000.0	1492.3294991085666	0.0	0	234.4318362857739	1692.329499108746	1	0	1	1.6367262565780296
168200.0	1000.0	1492.3294991085868	0.0	0	320.71075085841585	1692.329499108746	1	0	1	1.6367262565780296
169268.43812072804	2000.0	1423.8913783805283	0.0	0	0.0	1692.329499108746	1	0	1	1.9832998468580023
170200.0	1000.0	1492.3294991086054	0.0	0	642.4657185747637	1692.329499108746	1	0	1	0.9435790760180844
171200.0	2000.0	1492.3294991085925	0.0	0	416.2185287210159	1692.3294991087168	1	0	1	1.9832998468580052
172200.0	2000.0	1492.3294991085618	0.0	0	142.25708025193308	1692.3294991086877	1	0	1	2.6764470274179524
173837.73482295708	3000.0	854.5946761514726	0.0	0	0.0	1692.3294991086877	1	0	1	2.879179581472036
174600.74854752282	1000.0	1091.5809515857566	0.0	0	0.0	1692.3294991086877	1	0	1	0.5381139679099257
177018.34326210487	2000.0	200.0	526.0137629963017	0	0.0	2218.343262104987	1	0	1	-1.1991541587113885
178200.0	300.0	54.952502940152584	124.22954812741615	0	727.892273357138	254.95250294011203	1	0	2	-3.0719925239443917
179200.0	300.0	2154.952502940158	0.0	0	669.6437492860132	2354.952502940141	1	0	0	-0.6314952502940132
182223.53393564947	2000.0	427.46593048131575	362.18250614145074	0	0.0	650.9998661307618	1	0	2	-1.8921622054509277
183200.0	300.0	2548.6464725658448	0.0	0	817.1646807462384	2748.6464725658298	1	0	0	-2.5679846321424646
186200.0	2000.0	448.64647256583504	0.0	0	354.5535118849948	648.6464725657715	1	0	2	0.27986441723978595
187200.0	500.0	2548.646472565822	0.0	0	612.954377233662	2748.6464725657424	1	0	0	-1.2909504180166222
190268.7096016073	2000.0	415.43589049069476	38.518163357191725	0	0.0	684.1454920979158	1	0	2	0.5572468741782909
191200.0	500.0	2577.2745319372457	0.0	0	643.5017376681208	2777.274531937117	1	0	0	-1.2938323619957712
194842.42703844755	3000.0	200.0	390.3592821409711	0	0.0	1042.4270384474366	1	0	2	-1.3809180987486307
195200.0	300.0	2878.1843346028213	0.0	0	133.11872910003876	3078.1843346027017	1	0	0	-3.0087309270517175
198978.59143590464	3000.0	200.0	252.96931353842498	0	0.0	1178.5914359046437	1	0	2	-1.0832356543706227
199200.0	300.0	3000.732292314184	0.0	0	11.237873456353555	3200.7322923141764	1	0	0	-3.0220695530704895
202493.2131528419	3000.0	578.1978241880907	0.0	0	0.0	1071.4109770299692	1	0	2	0.44126654432220047
203200.0	500.0	2942.08966174577	0.0	0	525.1933666392288	3142.089661745791	1	0	0	-1.736149240713652
206332.766990192	3000.0	696.0459725345652	0.0	0	0.0	1028.8129627265735	1	0	2	0.9561201952625725
207200.0	1000.0	2915.5362637073863	0.0	0	303.6251075959008	3115.536263707414	1	0	0	-0.0007526494963365216
211256.49817882714	3000.0	200.0	496.91975727498954	0	0.0	1456.4981788271689	1	0	2	-1.350696444682206
211486.59858399266	300.0	969.8995948344581	0.0	0	0.0	1456.4981788271689	1	0	1	-2.648234910876762
212200.0	1000.0	1256.4981788271173	0.0	0	42.62638159157359	1456.4981788271689	1	0	1	0.4563365842802511
213200.0	1000.0	1256.4981788271357	0.0	0	413.4637203615566	1456.4981788271689	1	0	1	1.6603093886061873
214200.0	1000.0	1256.4981788271364	0.0	0	344.51930985369836	1456.4981788271689	1	0	1	1.6603093886061873
215200.0	1000.0	1256.498178827149	0.0	0	149.12502630692325	1456.4981788271689	1	0	1	1.6603093886061873
216200.0	1000.0	1256.4981788271136	0.0	0	290.32982177630765	1456.4981788271689	1	0	1	1.6603093886061873
217200.0	1000.0	1256.4981788271125	0.0	0	565.0555410716624	1456.4981788271689	1	0	1	1.6603093886061873
218200.0	1000.0	1256.4981788270838	0.0	0	95.76178481036914	1456.4981788271689	1	0	1	1.6603093886061873
219200.0	1000.0	1256.4981788270788	0.0	0	261.12318349289126	1456.4981788271689	1	0	1	1.6603093886061873
220200.0	1000.0	1256.49817882709	0.0	0	518.2905799693835	1456.4981788271689	1	0	1	1.6603093886061873
221200.0	1000.0	1256.4981788270904	0.0	0	421.3121000417741	1456.4981788271689	1	0	1	1.6603093886061873
222200.0	1000.0	1256.4981788270993	0.0	0	624.7273014506209	1456.498178827198	1	0	1	1.6603093886061846
223200.0	2000.0	1256.498178827112	0.0	0	444.1976427616901	1456.498178827227	1	0	1	2.0068829788861544
224635.77327149682	2000.0	820.7249073303208	0.0	0	0.0	1456.4981788272562	1	0	1	2.700030159446097
225365.43909539282	1000.0	1091.0590834343138	0.0	0	0.0	1456.4981788272562	1	0	1	0.9671622080462335
226200.0	2000.0	1256.498178827128	0.0	0	174.93907915623276	1456.4981788272853	1	0	1	2.006882978886148
227366.54465795608	2000.0	1089.9535208710479	0.0	0	0.0	1456.4981788272853	1	0	1	2.7000301594460936
228200.0	1000.0	1256.4981788271355	0.0	0	308.08813120494597	1456.4981788273144	1	0	1	0.9671622080462277
229200.0	1000.0	1256.4981788271086	0.0	0	538.4336406060029	1456.4981788273144	1	0	1	1.6603093886061728
230200.0	2000.0	1256.4981788270657	0.0	0	420.4602076757583	1456.4981788273144	1	0	1	2.0068829788861455
231200.0	2000.0	1256.4981788270763	0.0	0	72.34998138973606	1456.4981788273144	1	0	1	2.700030159446091
232306.8903239832	2000.0	1149.607854843847	0.0	0	0.0	1456.4981788273435	1	0	1	2.7000301594460896
233200.0	1000.0	1256.4981788270986	0.0	0	400.5036876014492	1456.4981788273435	1	0	1	0.9671622080462247
234233.20750524066	2000.0	1223.290673586455	0.0	0	0.0	1456.4981788273435	1	0	1	2.006882978886143
235200.0	1000.0	1256.4981788271155	0.0	0	231.02385139110265	1456.4981788273726	1	0	1	0.9671622080462219
236200.0	1000.0	1256.4981788270884	0.0	0	532.8760318363202	1456.4981788273435	1	0	1	1.6603093886061697
237200.0	1000.0	1256.4981788270902	0.0	0	538.0433708711644	1456.4981788273435	1	0	1	1.6603093886061697
238200.0	1000.0	1256.4981788270659	0.0	0	557.7403422163916	1456.4981788273435	1	0	1	1.6603093886061697
239200.0	2000.0	1256.4981788270627	0.0	0	123.25905604922445	1456.4981788273144	1	0	1	2.0068829788861455
240200.0	2000.0	1256.4981788270552	0.0	0	146.29798001557356	1456.4981788273144	1	0	1	2.700030159446091
241200.0	2000.0	1256.4981788270543	0.0	0	335.6225401411066	1456.4981788273144	1	0	1	2.700030159446091
242200.0	2000.0	1256.4981788270447	0.0	0	16.036768316844245	1456.4981788273144	1	0	1	2.700030159446091
243202.9223736104	2000.0	1253.5758052166273	0.0	0	0.0	1456.4981788273144	1	0	1	2.700030159446091
244200.0	2000.0	1256.4981788270534	0.0	0	261.9012807828549	1456.4981788273144	1	0	1	2.700030159446091
245261.97720449162	2000.0	1194.5209743354108	0.0	0	0.0	1456.4981788273144	1	0	1	2.700030159446091
246360.4689348016	2000.0	1096.0292440254539	0.0	0	0.0	1456.4981788273726	1	0	1	2.7000301594460856
247200.0	1000.0	1256.4981788270698	0.0	0	255.99994707421865	1456.4981788273726	1	0	1	0.9671622080462219
248200.0	1000.0	1256.4981788270584	0.0	0	308.66803395710303	1456.4981788273726	1	0	1	1.660309388606167
249200.0	1000.0	1256.4981788270527	0.0	0	628.4548498868535	1456.4981788273435	1	0	1	1.6603093886061697
250200.0	1000.0	1256.4981788270295	0.0	0	545.9266747575311	1456.4981788273435	1	0	1	1.6603093886061697
251200.0	1000.0	1256.4981788270295	0.0	0	534.8885662968387	1456.4981788273435	1	0	1	1.6603093886061697
252200.0	1000.0	1256.4981788270004	0.0	0	603.8831102250551	1456.4981788273144	1	0	1	1.6603093886061728
253720.15078890228	2000.0	736.3473899247135	0.0	0	0.0	1456.4981788273144	1	0	1	2.0068829788861455
254276.86574800406	1000.0	1179.6324308229237	0.0	0	0.0	1456.4981788273144	1	0	1	0.9671622080462277
255256.9763342884	2000.0	1199.5218445385733	0.0	0	0.0	1456.4981788273144	1	0	1	2.0068829788861455
256515.89555560934	2000.0	940.6026232176396	0.0	0	0.0	1456.4981788273435	1	0	1	2.700030159446088
257200.0	1000.0	1256.4981788269413	0.0	0	121.5894391060574	1456.4981788273435	1	0	1	0.9671622080462247
258200.0	2000.0	1256.4981788269422	0.0	0	240.59007355986978	1456.4981788273435	1	0	1	2.006882978886143
259213.13258217307	2000.0	1243.3655966538622	0.0	0	75.85235496575478	1456.4981788273726	1	0	1	2.700030159446085
260235.4142074176	2000.0	1221.083971409375	0.0	0	0.0	1456.4981788274017	1	0	1	2.700030159446082
261200.0	1000.0	1256.498178826993	0.0	0	362.1156423922512	1456.4981788274308	1	0	1	0.9671622080462161
262200.0	1000.0	1256.4981788269886	0.0	0	602.5918864338892	1456.4981788274308	1	0	1	1.6603093886061613
263200.0	2000.0	1256.4981788270143	0.0	0	444.71027308522025	1456.49817882746	1	0	1	2.006882978886132
264200.0	2000.0	1256.4981788270452	0.0	0	214.72567134263227	1456.49817882746	1	0	1	2.7000301594460763
265200.0	2000.0	1256.4981788271066	0.0	0	424.2801084595267	1456.49817882746	1	0	1	2.7000301594460763
266200.0	2000.0	1256.4981788271332	0.0	0	71.96848961972864	1456.4981788274017	1	0	1	2.7000301594460785
267200.0	2000.0	1256.4981788271464	0.0	0	85.98616798990406	1456.4981788274017	1	0	1	2.700030159446082
268200.0	2000.0	1256.498178827205	0.0	0	40.394639993144665	1456.4981788274017	1	0	1	2.700030159446082
269291.9987538597	2000.0	1164.4994249675642	0.0	0	0.0	1456.4981788275181	1	0	1	2.7000301594460723
270200.0	2000.0	1256.4981788272908	0.0	0	276.5010168264271	1456.4981788275181	1	0	1	2.70003015944607
271257.1870467267	2000.0	1199.3111321005654	0.0	0	0.0	1456.4981788275181	1	0	1	2.70003015944607
272233.6776003112	2000.0	1222.8205785160894	0.0	0	0.0	1456.4981788275181	1	0	1	2.70003015944607
273200.0	2000.0	1256.498178827305	0.0	0	194.91521507914877	1456.49817882746	1	0	1	2.7000301594460763
274445.9091121402	2000.0	1010.5890666870962	0.0	0	0.0	1456.49817882746	1	0	1	2.7000301594460763
275667.03877560596	2000.0	789.459403221326	0.0	0	0.0	1456.4981788274017	1	0	1	2.700030159446081
276200.0	1000.0	1256.4981788272905	0.0	0	49.57503729290329	1456.4981788274017	1	0	1	0.9671622080462191
277200.0	2000.0	1256.4981788272748	0.0	0	550.3824013058329	1456.4981788274017	1	0	1	2.0068829788861366
278200.0	2000.0	1256.49817882722	0.0	0	99.49833426764235	1456.4981788274017	1	0	1	2.700030159446082
279200.0	2000.0	1256.498178827207	0.0	0	180.17464173666667	1456.49817882746	1	0	1	2.7000301594460763
281027.29935112904	3000.0	429.1988276982122	0.0	0	0.0	1456.4981788275763	1	0	1	2.9027627135001515
281284.9124758053	500.0	1171.5857030219352	0.0	0	0.0	1456.4981788275763	1	0	1	-1.1711708514618264
282200.0	2000.0	1256.49817882723	0.0	0	212.1602057396085	1456.4981788275181	1	0	1	1.3137357983261797
283200.0	2000.0	1256.4981788271582	0.0	0	246.48141596169444	1456.4981788275181	1	0	1	2.70003015944607
284339.5753626007	2000.0	1116.9228162265285	0.0	0	0.0	1456.4981788275181	1	0	1	2.70003015944607
285200.0	1000.0	1256.4981788272823	0.0	0	513.0212591413874	1456.4981788275181	1	0	1	0.9671622080462074
286230.6805213091	2000.0	1225.8176575182433	0.0	0	0.0	1456.4981788275763	1	0	1	2.006882978886123
288102.518798495	2000.0	353.9793803322923	0.0	0	0.0	1456.4981788275181	1	0	1	2.7000301594460656
288535.97220104304	500.0	920.5259777841889	0.0	0	0.0	1456.4981788275181	1	0	1	-0.765705743353656
289200.0	1000.0	1256.4981788272016	0.0	0	74.45401421451243	1456.4981788275181	1	0	1	0.9671622080462072
290200.0	1000.0	1256.4981788272667	0.0	0	462.16967581486097	1456.4981788275181	1	0	1	1.6603093886061526
291200.0	1000.0	1256.498178827198	0.0	0	448.97483978956006	1456.49817882746	1	0	1	1.6603093886061582
292200.0	1000.0	1256.4981788271198	0.0	0	346.31266638665693	1456.49817882746	1	0	1	1.6603093886061582
293200.0	1000.0	1256.4981788271057	0.0	0	296.0855853725225	1456.4981788274017	1	0	1	1.6603093886061644
294200.0	1000.0	1256.4981788270652	0.0	0	560.1984280717443	1456.49817882746	1	0	1	1.6603093886061582
295200.0	1000.0	1256.498178827022	0.0	0	631.2900020050583	1456.49817882746	1	0	1	1.6603093886061582
296200.0	1000.0	1256.4981788270718	0.0	0	491.968162906589	1456.4981788275181	1	0	1	1.6603093886061526
297200.0	1000.0	1256.498178827084	0.0	0	569.7040098250145	1456.4981788275181	1	0	1	1.6603093886061526
298287.3372038435	2000.0	1169.1609749835745	0.0	0	0.0	1456.49817882746	1	0	1	2.0068829788861313
299200.0	2000.0	1256.4981788270754	0.0	0	128.14408769761212	1456.4981788274017	1	0	1	2.700030159446082
300200.0	2000.0	1256.4981788271048	0.0	0	33.20231761271134	1456.4981788274017	1	0	1	2.700030159446082
301200.0	2000.0	1256.4981788270927	0.0	0	0.9505507296998985	1456.4981788274017	1	0	1	2.700030159446082
302230.3936460535	2000.0	1226.1045327735337	0.0	0	0.0	1456.4981788274017	1	0	1	2.700030159446082
303316.0944374096	2000.0	1140.4037414174045	0.0	0	0.0	1456.4981788272853	1	0	1	2.7000301594460914
304259.82822687423	2000.0	1196.6699519526865	0.0	0	0.0	1456.498178827227	1	0	1	2.7000301594461
305200.0	2000.0	1256.4981788268535	0.0	0	290.5920749916113	1456.498178827227	1	0	1	2.7000301594461
306200.0	2000.0	1256.4981788268285	0.0	0	249.69638960051816	1456.4981788271689	1	0	1	2.700030159446105
307283.5781964203	2000.0	1172.919982406473	0.0	0	0.0	1456.4981788271689	1	0	1	2.700030159446105
308308.28387646645	2000.0	1148.2143023602925	0.0	0	0.0	1456.4981788271689	1	0	1	2.700030159446105
309326.89595982665	2000.0	1129.6022190000845	0.0	0	0.0	1456.4981788271107	1	0	1	2.7000301594461114
310200.0	2000.0	1256.498178826667	0.0	0	291.2884250736679	1456.4981788271107	1	0	1	2.7000301594461114
311230.1072877046	2000.0	1226.3908911220901	0.0	0	0.0	1456.4981788271107	1	0	1	2.7000301594461114
312935.59333042597	2000.0	520.904848400759	0.0	0	0.0	1456.4981788271107	1	0	1	2.7000301594461114
313321.16656944004	500.0	1135.331609386641	0.0	0	0.0	1456.4981788270525	1	0	1	-0.7657057433536094
314200.0	1000.0	1256.4981788266261	0.0	0	113.6416210453026	1456.4981788270525	1	0	1	0.9671622080462536
315200.0	1000.0	1256.4981788266105	0.0	0	265.0614411497954	1456.4981788271107	1	0	1	1.6603093886061933
316200.0	1000.0	1256.4981788265848	0.0	0	236.4449512004503	1456.4981788270525	1	0	1	1.660309388606199
317200.0	1000.0	1256.4981788266246	0.0	0	141.4630332221277	1456.4981788270525	1	0	1	1.660309388606199
318200.0	1000.0	1256.4981788266425	0.0	0	533.7690164430533	1456.4981788270525	1	0	1	1.660309388606199
319200.0	1000.0	1256.4981788265782	0.0	0	687.6936419456615	1456.4981788270525	1	0	1	1.660309388606199
320200.0	1000.0	1256.4981788265186	0.0	0	491.6576310992823	1456.4981788270525	1	0	1	1.660309388606199
321200.0	1000.0	1256.4981788264884	0.0	0	254.741694348515	1456.4981788270525	1	0	1	1.660309388606199
322200.0	1000.0	1256.4981788265254	0.0	0	502.627730094071	1456.4981788270525	1	0	1	1.660309388606199
323200.0	2000.0	1256.4981788265206	0.0	0	223.01125463016797	1456.4981788270525	1	0	1	2.0068829788861717
324301.9976345318	2000.0	1154.5005442947108	0.0	0	0.0	1456.4981788270525	1	0	1	2.7000301594461167
325200.0	2000.0	1256.4981788264768	0.0	0	26.848201753164176	1456.4981788269943	1	0	1	2.7000301594461202
326200.0	2000.0	1256.4981788264495	0.0	0	284.95396607666044	1456.4981788269943	1	0	1	2.700030159446123
2.2	3.22	3.46	1.89	1.86	1.67	1.66	1.48	1.6	2.12	2.99	2.72	2.37	2.75	1.81	1.71	1.02	0.97	1.27	1.07	1.66	1.96	2.92	1.38	2.18	2.34	1.93	1.95	1.29	1.46	2.12	3.05	2.8	2.18	2.05	1.54	1.63	2.28	1.67	1.33	1.36	1.97	1.45	1.86	2.03	2.0	3.56	3.22	1.6	1.51	2.42	2.14	1.67	1.99	3.13	2.0	2.32	1.86	1.41	1.61	2.17	2.54	3.09	2.71	2.5	2.87	2.72	2.84	2.44	1.77	1.23	1.91	1.33	2.27	3.0	1.82	2.39	2.55	0.88	2.47	1.78	2.24	2.04	2.88	1.45	1.7	2.47	2.81	3.12	2.92	1.9	2.5	2.97	2.02	3.13	1.34	2.35	3.22	1.98	2.25	1.95	3.93	3.04	2.81	1.24	1.54	2.35	2.18	2.09	2.43	1.99	1.11	1.46	1.51	2.55	3.04	1.19	1.75	2.4	2.24	2.18	2.73	1.96	2.11	2.54	2.85	2.22	1.25	2.0	3.07	2.2	2.54	2.27	2.29	3.19	2.13	1.37	1.39	1.75	1.39	1.32	1.02	2.39	2.86	2.49	1.77	2.27	2.42	2.07	2.27	2.2	3.22	3.46	1.89	1.86	1.67	1.66	1.48	1.6	2.12	2.99	2.72	2.37	2.75	1.81	1.71	1.02	0.97	1.27	1.07	1.66	1.96	2.92	1.38	2.18	2.34	1.93	1.95	1.29	1.46	2.12	3.05	2.8	2.18	2.05	1.54	1.63	2.28	1.67	1.33	1.36	1.97	1.45	1.86	2.03	2.0	3.56	3.22	1.6	1.51	2.42	2.14	1.67	1.99	3.13	2.0	2.32	1.86	1.41	1.61	2.17	2.54	3.09	2.71	2.5	2.87	2.72	2.84	2.44	1.77	1.23	1.91	1.33	2.27	3.0	1.82	2.39	2.55	0.88	2.47	1.78	2.24	2.04	2.88	1.45	1.7	2.47	2.81	3.12	2.92	1.9	2.5	2.97	2.02	3.13	1.34	2.35	3.22	1.98	2.25	1.95	3.93	3.04	2.81	1.24	1.54	2.35	2.18	2.09	2.43	1.99	1.11	1.46	1.51	2.55	3.04	1.19	1.75	2.4	2.24	2.18	2.73	1.96	2.11	2.54	2.85	2.22	1.25	2.0	3.07	2.2	2.54	2.27	2.29	3.19	2.13	1.37	1.39	1.75	1.39	1.32	1.02	2.39	2.86	2.49	1.77	2.27	2.42	2.07	2.27	2.2	3.22	3.46	1.89	1.86	1.67	1.66	1.48	1.6	2.12	2.99	2.72	2.37	2.75	1.81	1.71	1.02	0.97	1.27	1.07	1.66	1.96	2.92	1.38	2.18	2.34	1.93	1.95
1.0	2.0	3.0	4.0	5.0	6.0	7.0	8.0	9.0	10.0	11.0	12.0	13.0	14.0	15.0	16.0	17.0	18.0	19.0	20.0	21.0	22.0	23.0	24.0	25.0	26.0	27.0	28.0	29.0	30.0	31.0	32.0	33.0	34.0	35.0	36.0	37.0	38.0	39.0	40.0	41.0	42.0	43.0	44.0	45.0	46.0	47.0	48.0	49.0	50.0	51.0	52.0	53.0	54.0	55.0	56.0	57.0	58.0	59.0	60.0	61.0	62.0	63.0	64.0	65.0	66.0	67.0	68.0	69.0	70.0	71.0	72.0	73.0	74.0	75.0	76.0	77.0	78.0	79.0	80.0	81.0	82.0	83.0	84.0	85.0	86.0	87.0	88.0	89.0	90.0	91.0	92.0	93.0	94.0	95.0	96.0	97.0	98.0	99.0	100.0	101.0	102.0	103.0	104.0	105.0	106.0	107.0	108.0	109.0	110.0	111.0	112.0	113.0	114.0	115.0	116.0	117.0	118.0	119.0	120.0	121.0	122.0	123.0	124.0	125.0	126.0	127.0	128.0	129.0	130.0	131.0	132.0	133.0	134.0	135.0	136.0	137.0	138.0	139.0	140.0	141.0	142.0	143.0	144.0	145.0	146.0	147.0	148.0	149.0	149.0	150.0	151.0	152.0	153.0	154.0	155.0	156.0	157.0	158.0	159.0	160.0	161.0	162.0	163.0	164.0	165.0	166.0	167.0	168.0	169.0	170.0	171.0	172.0	173.0	174.0	175.0	176.0	177.0	178.0	179.0	180.0	181.0	182.0	183.0	184.0	185.0	186.0	187.0	188.0	189.0	190.0	191.0	192.0	193.0	194.0	195.0	196.0	197.0	198.0	199.0	200.0	201.0	202.0	203.0	204.0	205.0	206.0	207.0	208.0	209.0	210.0	211.0	212.0	213.0	214.0	215.0	216.0	217.0	218.0	219.0	220.0	221.0	222.0	223.0	224.0	225.0	226.0	227.0	228.0	229.0	230.0	231.0	232.0	233.0	234.0	235.0	236.0	237.0	238.0	239.0	240.0	241.0	242.0	243.0	244.0	245.0	246.0	247.0	248.0	249.0	250.0	251.0	252.0	253.0	254.0	255.0	256.0	257.0	258.0	259.0	260.0	261.0	262.0	263.0	264.0	265.0	266.0	267.0	268.0	269.0	270.0	271.0	272.0	273.0	274.0	275.0	276.0	277.0	278.0	279.0	280.0	281.0	282.0	283.0	284.0	285.0	286.0	287.0	288.0	289.0	290.0	291.0	292.0	293.0	294.0	295.0	296.0	297.0	298.0	298.0	299.0	300.0	301.0	302.0	303.0	304.0	305.0	306.0	307.0	308.0	309.0	310.0	311.0	312.0	313.0	314.0	315.0	316.0	317.0	318.0	319.0	320.0	321.0	322.0	323.0	324.0	325.0	326.0
2222.1679514322755
