2666.287704339812	300.0	2000.0	74.97239580159048	0	0.0	2666.287704339812	1	0	1	-0.715292914625775
5200.0	3000.0	366.29999999999967	0.0	0	353.13227626184744	566.2999999999993	1	0	2	0.6909662778345099
6200.0	1000.0	2466.300000000001	0.0	0	750.2957851702222	2666.300000000001	1	0	0	0.04471691782079418
11088.31722379044	6000.0	200.0	1737.1354056086213	0	0.0	2288.31722379044	1	0	2	-8.500772048111678
12200.0	500.0	14.83277063627159	24.120700578428462	0	823.0168763915699	214.83277063627065	1	0	2	-2.088875694673211
13200.0	1000.0	2114.832770636273	0.0	0	771.8571759290753	2314.8327706362707	1	0	0	0.4853287488653317
16200.0	3000.0	199.6951258376247	168.05668654668466	0	453.7077608378877	399.695125837623	1	0	2	0.7031006191878841
17200.0	500.0	2299.695125837627	0.0	0	817.8380382394826	2499.6951258376266	1	0	0	-1.6714905461628318
21273.412768951064	6000.0	200.0	1073.6899272804942	0	0.0	1473.4127689510642	1	0	2	-5.176156313267386
21417.778435554563	500.0	1055.634333396501	0.0	0	0.0	1473.4127689510642	1	0	1	-2.0660094910341202
22362.480768237838	3000.0	1110.9320007132274	0.0	0	0.0	1473.4127689510642	1	0	1	1.5147768933679073
23200.0	3000.0	1273.4127689510653	0.0	0	139.02331405835503	1473.4127689510642	1	0	1	3.3065363625959625
24304.840913408316	3000.0	1168.57185554275	0.0	0	0.0	1473.4127689510642	1	0	1	3.3065363625959625
25367.276082160108	3000.0	1106.1366867909576	0.0	0	0.0	1473.4127689510642	1	0	1	3.3065363625959625
26200.0	3000.0	1273.4127689510667	0.0	0	233.07448265414496	1473.4127689510642	1	0	1	3.3065363625959625
27200.0	3000.0	1273.4127689510644	0.0	0	46.809436027277115	1473.4127689510642	1	0	1	3.3065363625959625
28200.0	3000.0	1273.4127689510665	0.0	0	375.1798881805771	1473.4127689510678	1	0	1	3.3065363625959625
29200.0	3000.0	1273.4127689510647	0.0	0	4.680050414728612	1473.4127689510642	1	0	1	3.3065363625959625
30216.799283012533	3000.0	1256.6134859385315	0.0	0	0.0	1473.4127689510642	1	0	1	3.3065363625959625
31200.0	3000.0	1273.412768951065	0.0	0	44.47791942418553	1473.4127689510642	1	0	1	3.3065363625959625
32200.0	3000.0	1273.4127689510651	0.0	0	32.22783762808103	1473.4127689510642	1	0	1	3.3065363625959625
33424.069118404	3000.0	1049.3436505470647	0.0	0	0.0	1473.412768951057	1	0	1	3.3065363625959634
34200.0	3000.0	1273.412768951062	0.0	0	114.09738881576777	1473.412768951057	1	0	1	3.3065363625959634
35200.0	3000.0	1273.412768951064	0.0	0	263.959971448945	1473.412768951057	1	0	1	3.3065363625959634
36200.0	3000.0	1273.4127689510628	0.0	0	339.01857741242566	1473.412768951057	1	0	1	3.3065363625959634
37200.0	3000.0	1273.4127689510594	0.0	0	21.76262612309074	1473.4127689510642	1	0	1	3.3065363625959625
39148.382528087386	3000.0	325.0302408636723	0.0	0	0.0	1473.4127689510715	1	0	1	3.306536362595962
39411.446547798645	500.0	1061.9662211524192	0.0	0	0.0	1473.4127689510715	1	0	1	-1.172862310474176
40200.0	2000.0	1273.4127689510708	0.0	0	41.41919157544908	1473.4127689510715	1	0	1	1.3120443393138244
41200.0	3000.0	1273.4127689510678	0.0	0	255.4915497809052	1473.4127689510715	1	0	1	2.9010712544877975
42398.19045132056	3000.0	1075.2223176304992	0.0	0	0.0	1473.4127689510715	1	0	1	3.306536362595962
43200.0	2000.0	1273.4127689510535	0.0	0	300.8235796272638	1473.4127689510715	1	0	1	2.2928735923255505
44200.0	3000.0	1273.4127689510533	0.0	0	485.2736305301587	1473.4127689510715	1	0	1	2.9010712544877975
45200.0	3000.0	1273.412768951053	0.0	0	110.09530207211355	1473.4127689510715	1	0	1	3.306536362595962
46537.84870034595	3000.0	935.5640686050965	0.0	0	0.0	1473.4127689510715	1	0	1	3.306536362595962
47320.16517375365	3000.0	1153.247595197394	0.0	0	0.0	1473.4127689510715	1	0	1	3.306536362595962
48200.0	3000.0	1273.4127689510444	0.0	0	109.03821145302209	1473.4127689510715	1	0	1	3.306536362595962
49619.79549404384	3000.0	853.6172749072069	0.0	0	0.0	1473.4127689510715	1	0	1	3.306536362595962
50951.3475930911	2000.0	522.0651758599565	0.0	0	0.0	1473.4127689510715	1	0	1	2.2928735923255505
51344.66606690559	1000.0	1128.7467020454642	0.0	0	0.0	1473.4127689510788	1	0	1	0.9654707490338512
52200.0	2000.0	1273.4127689510512	0.0	0	38.878967524789914	1473.4127689510788	1	0	1	2.0051915198737693
53200.0	2000.0	1273.412768951052	0.0	0	379.80939018503705	1473.412768951086	1	0	1	2.6983387004337134
54200.0	2000.0	1273.4127689510476	0.0	0	256.92235458479263	1473.412768951086	1	0	1	2.6983387004337134
55200.0	2000.0	1273.4127689510437	0.0	0	390.7706426113873	1473.4127689510788	1	0	1	2.6983387004337143
56200.0	3000.0	1273.4127689510437	0.0	0	352.54355363964714	1473.4127689510788	1	0	1	2.901071254487797
57544.841463465964	3000.0	928.5713054850796	0.0	0	0.0	1473.4127689510788	1	0	1	3.3065363625959616
58530.44772596965	2000.0	942.9650429813985	0.0	0	0.0	1473.4127689510788	1	0	1	2.2928735923255497
59324.519897423415	2000.0	1148.8928715276306	0.0	0	0.0	1473.4127689510788	1	0	1	2.6983387004337143
60200.0	2000.0	1273.4127689510474	0.0	0	60.098575915741094	1473.412768951086	1	0	1	2.6983387004337134
61200.0	3000.0	1273.4127689510433	0.0	0	231.07347010899684	1473.412768951086	1	0	1	2.9010712544877957
62200.0	2000.0	1273.4127689510403	0.0	0	401.62711294699693	1473.4127689510788	1	0	1	2.2928735923255497
63200.0	3000.0	1273.4127689510372	0.0	0	157.04857598977105	1473.4127689510715	1	0	1	2.9010712544877975
64482.11961817557	3000.0	991.2931507754691	0.0	0	0.0	1473.4127689510715	1	0	1	3.306536362595962
65470.40103055207	3000.0	1003.011738398971	0.0	0	0.0	1473.4127689510715	1	0	1	3.306536362595962
66298.35759669582	3000.0	1175.0551722552227	0.0	0	0.0	1473.4127689510642	1	0	1	3.306536362595962
67219.94234995398	3000.0	1253.4704189970505	0.0	0	0.0	1473.4127689510497	1	0	1	3.306536362595964
68200.0	3000.0	1273.4127689510362	0.0	0	79.51310519961407	1473.412768951035	1	0	1	3.306536362595965
69370.14714043925	3000.0	1103.2656285117894	0.0	0	0.0	1473.412768951035	1	0	1	3.306536362595965
70473.87214942278	3000.0	999.5406195282627	0.0	0	0.0	1473.412768951035	1	0	1	3.306536362595966
71790.39466196549	3000.0	683.0181069855367	0.0	0	0.0	1473.412768951035	1	0	1	3.306536362595965
72200.0	1000.0	1273.4127689510165	0.0	0	157.6829779346299	1473.412768951035	1	0	1	0.5600056409256909
73200.0	3000.0	1273.4127689510208	0.0	0	276.8356186542078	1473.4127689510497	1	0	1	2.2079240739278543
74299.620423182	3000.0	1173.7923457690213	0.0	0	0.0	1473.4127689510642	1	0	1	3.306536362595964
75461.07056345642	2000.0	1012.3422054945974	0.0	0	0.0	1473.4127689510788	1	0	1	2.2928735923255505
76276.40685416905	2000.0	1197.0059147819607	0.0	0	0.0	1473.4127689510933	1	0	1	2.698338700433713
77507.8075376064	2000.0	965.6052313446187	0.0	0	0.0	1473.4127689510933	1	0	1	2.698338700433713
78200.0	2000.0	1273.412768951024	0.0	0	20.722645472415024	1473.4127689510933	1	0	1	2.698338700433713
79200.0	2000.0	1273.4127689510206	0.0	0	422.5289672451181	1473.4127689510933	1	0	1	2.698338700433713
80200.0	2000.0	1273.4127689510096	0.0	0	131.35140489568585	1473.4127689510788	1	0	1	2.6983387004337143
81200.0	2000.0	1273.4127689510115	0.0	0	288.6854739148257	1473.4127689510788	1	0	1	2.6983387004337143
82343.2569688797	2000.0	1130.1558000713187	0.0	0	0.0	1473.4127689510788	1	0	1	2.6983387004337143
83549.73038420113	2000.0	923.682384749877	0.0	0	0.0	1473.4127689510788	1	0	1	2.6983387004337143
84420.63236561796	2000.0	1052.7804033330542	0.0	0	0.0	1473.4127689510788	1	0	1	2.6983387004337143
85200.0	2000.0	1273.4127689510317	0.0	0	332.9064088570158	1473.4127689510788	1	0	1	2.6983387004337143
86200.0	3000.0	1273.4127689510183	0.0	0	71.25996378759737	1473.4127689510642	1	0	1	2.901071254487798
87200.0	2000.0	1273.4127689510099	0.0	0	669.9997417591076	1473.4127689510642	1	0	1	2.292873592325551
88200.0	3000.0	1273.4127689509994	0.0	0	205.20212364228792	1473.4127689510642	1	0	1	2.901071254487798
89200.0	3000.0	1273.4127689509928	0.0	0	364.3838362065726	1473.4127689510642	1	0	1	3.3065363625959625
90713.06656857055	3000.0	760.3462003804464	0.0	0	0.0	1473.4127689510642	1	0	1	3.3065363625959625
91356.18177224869	2000.0	1117.2309967022904	0.0	0	0.0	1473.4127689510642	1	0	1	2.292873592325551
92563.11457572975	3000.0	910.2981932212197	0.0	0	0.0	1473.4127689510642	1	0	1	2.901071254487798
93484.4756745739	2000.0	988.937094377058	0.0	0	0.0	1473.4127689510642	1	0	1	2.292873592325551
94200.0	2000.0	1273.4127689509387	0.0	0	22.232602291507646	1473.4127689510642	1	0	1	2.6983387004337156
95200.0	2000.0	1273.4127689509194	0.0	0	312.2822517770255	1473.4127689510497	1	0	1	2.6983387004337174
96200.0	2000.0	1273.4127689509164	0.0	0	108.5017780133494	1473.4127689510497	1	0	1	2.6983387004337174
97200.0	2000.0	1273.412768950918	0.0	0	380.5911917297926	1473.4127689510497	1	0	1	2.6983387004337174
98200.0	2000.0	1273.412768950922	0.0	0	319.53279127788846	1473.4127689510497	1	0	1	2.6983387004337174
99223.78183759288	2000.0	1249.6309313580464	0.0	0	0.0	1473.4127689510642	1	0	1	2.6983387004337156
100200.0	2000.0	1273.412768950907	0.0	0	473.4967726224859	1473.4127689510642	1	0	1	2.6983387004337156
101200.0	2000.0	1273.4127689509055	0.0	0	503.78911379475903	1473.4127689510642	1	0	1	2.6983387004337156
102200.0	2000.0	1273.4127689509037	0.0	0	489.46440304287535	1473.4127689510642	1	0	1	2.6983387004337156
103200.0	3000.0	1273.4127689509032	0.0	0	411.47248104657046	1473.4127689510642	1	0	1	2.901071254487798
104424.52781273701	3000.0	1048.8849562138917	0.0	0	0.0	1473.4127689510642	1	0	1	3.3065363625959625
105397.86401225672	3000.0	1075.5487566941893	0.0	0	0.0	1473.4127689510497	1	0	1	3.3065363625959643
106638.5495916462	3000.0	834.8631773047019	0.0	0	0.0	1473.4127689510497	1	0	1	3.3065363625959643
107714.1529435813	2000.0	759.2598253696058	0.0	0	0.0	1473.4127689510642	1	0	1	2.292873592325551
108267.92037559561	2000.0	1205.4923933552973	0.0	0	0.0	1473.4127689510642	1	0	1	2.6983387004337156
109200.0	2000.0	1273.4127689509228	0.0	0	545.4867099464027	1473.4127689510642	1	0	1	2.6983387004337156
110200.0	2000.0	1273.4127689509198	0.0	0	471.965657827066	1473.4127689510642	1	0	1	2.6983387004337156
111200.0	3000.0	1273.4127689509141	0.0	0	265.70124619288254	1473.4127689510642	1	0	1	2.901071254487798
112200.0	3000.0	1273.4127689509166	0.0	0	82.88493291664054	1473.4127689510642	1	0	1	3.3065363625959625
113200.0	3000.0	1273.412768950924	0.0	0	282.28830096914317	1473.4127689510642	1	0	1	3.3065363625959625
114200.0	3000.0	1273.4127689509437	0.0	0	189.59903944291	1473.4127689510788	1	0	1	3.3065363625959616
115536.29045585796	3000.0	937.1223130929704	0.0	0	0.0	1473.4127689510642	1	0	1	3.3065363625959625
116200.0	2000.0	1273.4127689509348	0.0	0	168.48062989808386	1473.4127689510642	1	0	1	2.292873592325551
117200.0	3000.0	1273.4127689509457	0.0	0	548.6952800892759	1473.4127689510642	1	0	1	2.901071254487798
118200.0	3000.0	1273.4127689509398	0.0	0	36.72555593178549	1473.4127689510497	1	0	1	3.3065363625959643
119529.7938602406	3000.0	943.6189087103413	0.0	0	0.0	1473.4127689510642	1	0	1	3.3065363625959625
120359.84499516987	2000.0	1113.567773781087	0.0	0	0.0	1473.4127689510642	1	0	1	2.292873592325551
121200.0	3000.0	1273.4127689509726	0.0	0	32.39034419429663	1473.4127689510642	1	0	1	2.901071254487798
122200.0	3000.0	1273.4127689509667	0.0	0	271.25436882350186	1473.4127689510497	1	0	1	3.3065363625959643
123200.0	3000.0	1273.4127689509548	0.0	0	30.5626028169645	1473.412768951035	1	0	1	3.306536362595965
124200.0	2000.0	1273.4127689509712	0.0	0	245.83035666840442	1473.412768951035	1	0	1	2.2928735923255537
125818.99528301421	3000.0	654.4174859367454	0.0	0	0.0	1473.412768951035	1	0	1	2.9010712544878006
126200.0	1000.0	1273.412768950958	0.0	0	48.347088562644785	1473.412768951035	1	0	1	0.5600056409256909
127200.0	2000.0	1273.412768950961	0.0	0	426.69383533227665	1473.412768951035	1	0	1	2.0051915198737733
128200.0	2000.0	1273.4127689509537	0.0	0	308.3701304862916	1473.412768951035	1	0	1	2.6983387004337183
129268.51415970006	3000.0	1204.89860925088	0.0	0	0.0	1473.412768951035	1	0	1	2.9010712544878006
130200.0	2000.0	1273.4127689509558	0.0	0	149.10420750122285	1473.412768951035	1	0	1	2.2928735923255537
131386.18740641055	3000.0	1087.225362540405	0.0	0	0.0	1473.4127689510206	1	0	1	2.901071254487802
132200.0	2000.0	1273.412768950946	0.0	0	56.24065194369177	1473.412768951006	1	0	1	2.292873592325557
133200.0	3000.0	1273.4127689509555	0.0	0	160.6436415327189	1473.412768951006	1	0	1	2.901071254487804
134419.14288138598	3000.0	1054.2698875649876	0.0	0	0.0	1473.412768951035	1	0	1	3.306536362595967
135200.0	2000.0	1273.4127689509664	0.0	0	145.7640895898221	1473.4127689510642	1	0	1	2.292873592325551
136200.0	2000.0	1273.412768950969	0.0	0	309.82007669479935	1473.4127689510642	1	0	1	2.6983387004337156
137499.02455068083	2000.0	974.3882182701094	0.0	0	0.0	1473.4127689510642	1	0	1	2.6983387004337156
138652.99593569618	2000.0	820.4168332547591	0.0	0	0.0	1473.4127689510642	1	0	1	2.6983387004337156
139211.5009463366	1000.0	1261.9118226143187	0.0	0	0.0	1473.412768951035	1	0	1	0.9654707490338557
140200.0	2000.0	1273.4127689508894	0.0	0	51.87415659643011	1473.412768951006	1	0	1	2.0051915198737764
141200.0	2000.0	1273.4127689508648	0.0	0	443.82267716311617	1473.412768950977	1	0	1	2.6983387004337245
142200.0	2000.0	1273.4127689508605	0.0	0	611.0177680083725	1473.412768951006	1	0	1	2.698338700433722
143200.0	3000.0	1273.412768950888	0.0	0	316.5214481355215	1473.412768951006	1	0	1	2.901071254487804
144656.85504431985	3000.0	816.5577246310465	0.0	0	0.0	1473.412768951006	1	0	1	3.3065363625959687
145227.6337021185	2000.0	1245.7790668323921	0.0	0	0.0	1473.412768951006	1	0	1	2.292873592325557
146288.89620858114	3000.0	1184.5165603697446	0.0	0	0.0	1473.412768951006	1	0	1	2.901071254487804
147226.58323748494	3000.0	1246.8295314659342	0.0	0	0.0	1473.412768951006	1	0	1	3.3065363625959687
148247.0183690473	3000.0	1226.3943999035935	0.0	0	0.0	1473.412768951006	1	0	1	3.3065363625959687
149200.0	3000.0	1273.4127689508612	0.0	0	144.503029917425	1473.412768951006	1	0	1	3.3065363625959687
150568.82624164879	3000.0	904.5865273020809	0.0	0	0.0	1473.412768951006	1	0	1	3.3065363625959687
151376.11390139966	2000.0	1097.2988675512056	0.0	0	0.0	1473.412768951006	1	0	1	2.292873592325557
152225.84304009125	3000.0	1247.569728859608	0.0	0	0.0	1473.412768951006	1	0	1	2.901071254487804
153275.26705610772	3000.0	1198.1457128431075	0.0	0	0.0	1473.412768950977	1	0	1	3.3065363625959714
154200.0	3000.0	1273.4127689508246	0.0	0	86.60002349066781	1473.412768950977	1	0	1	3.3065363625959714
155403.03447201254	3000.0	1070.3782969383178	0.0	0	0.0	1473.412768950977	1	0	1	3.3065363625959714
156200.0	2000.0	1273.4127689508407	0.0	0	81.88328560109949	1473.412768950977	1	0	1	2.29287359232556
157200.0	3000.0	1273.412768950849	0.0	0	366.40733044571243	1473.412768950977	1	0	1	2.901071254487807
158266.87259564706	3000.0	1206.5401733037859	0.0	0	0.0	1473.412768950977	1	0	1	3.3065363625959714
159272.55509106632	3000.0	1200.8576778845181	0.0	0	0.0	1473.412768951006	1	0	1	3.3065363625959687
160200.0	3000.0	1273.4127689508116	0.0	0	311.8336996611324	1473.412768951006	1	0	1	3.3065363625959687
161200.0	3000.0	1273.412768950806	0.0	0	430.03738551738206	1473.412768950977	1	0	1	3.3065363625959714
162226.21446150434	3000.0	1247.1983074464624	0.0	0	0.0	1473.412768950977	1	0	1	3.3065363625959714
163773.58658738667	3000.0	699.826181564151	0.0	0	0.0	1473.412768951006	1	0	1	3.3065363625959696
164498.7469491913	2000.0	974.6658197595333	0.0	0	0.0	1473.412768951006	1	0	1	2.292873592325557
165200.0	3000.0	1273.4127689508307	0.0	0	29.765367457235698	1473.412768951006	1	0	1	2.901071254487804
166200.0	3000.0	1273.4127689508005	0.0	0	373.05679715253063	1473.412768951006	1	0	1	3.3065363625959687
167200.0	3000.0	1273.4127689508023	0.0	0	246.03139447700232	1473.412768950977	1	0	1	3.3065363625959714
168200.0	3000.0	1273.4127689507889	0.0	0	241.12511363002704	1473.412768950977	1	0	1	3.3065363625959714
169453.6101803138	3000.0	1019.8025886370292	0.0	0	0.0	1473.412768950977	1	0	1	3.3065363625959714
170200.0	3000.0	1273.4127689508186	0.0	0	76.26001304225065	1473.412768950977	1	0	1	3.3065363625959714
171200.0	3000.0	1273.412768950803	0.0	0	131.61058487030095	1473.412768950977	1	0	1	3.3065363625959714
172200.0	3000.0	1273.4127689507768	0.0	0	170.8931449103693	1473.412768950977	1	0	1	3.3065363625959714
173200.0	3000.0	1273.4127689507552	0.0	0	130.56505187760922	1473.412768950977	1	0	1	3.3065363625959714
174349.59655800092	3000.0	1123.8162109498478	0.0	0	0.0	1473.412768950977	1	0	1	3.3065363625959714
175256.6990934484	3000.0	1216.7136755023664	0.0	0	0.0	1473.412768950977	1	0	1	3.3065363625959714
176200.0	3000.0	1273.4127689507602	0.0	0	314.3685629843967	1473.412768950977	1	0	1	3.3065363625959714
177200.0	3000.0	1273.4127689507634	0.0	0	269.038533161598	1473.412768950977	1	0	1	3.3065363625959714
178360.5895047163	3000.0	1112.8232642344371	0.0	0	0.0	1473.412768950977	1	0	1	3.3065363625959714
179373.36495277766	3000.0	1100.0478161731037	0.0	0	0.0	1473.412768950977	1	0	1	3.3065363625959714
180200.0	3000.0	1273.4127689507993	0.0	0	216.34267458016984	1473.412768950977	1	0	1	3.3065363625959714
181200.0	3000.0	1273.4127689507839	0.0	0	14.067241681710584	1473.412768950977	1	0	1	3.3065363625959736
182301.0810053653	3000.0	1172.3317635854767	0.0	0	0.0	1473.412768950977	1	0	1	3.3065363625959714
183200.0	3000.0	1273.412768950775	0.0	0	268.9377717335592	1473.412768950977	1	0	1	3.3065363625959714
184200.0	3000.0	1273.412768950782	0.0	0	544.6971357682196	1473.412768950977	1	0	1	3.3065363625959714
185200.0	3000.0	1273.412768950784	0.0	0	483.12079307978274	1473.412768950977	1	0	1	3.3065363625959714
186200.0	3000.0	1273.4127689508005	0.0	0	46.54876829570276	1473.4127689509478	1	0	1	3.3065363625959723
187438.61380251232	3000.0	1034.7989664384745	0.0	0	0.0	1473.4127689509478	1	0	1	3.306536362595974
188834.19129579127	3000.0	639.2214731595269	0.0	0	0.0	1473.4127689509478	1	0	1	3.306536362595974
189200.0	1000.0	1273.4127689507893	0.0	0	55.55644007038791	1473.4127689509478	1	0	1	0.5600056409256996
190200.0	2000.0	1273.4127689507711	0.0	0	594.3633836420486	1473.4127689509478	1	0	1	2.005191519873782
191200.0	2000.0	1273.4127689507584	0.0	0	452.5682484690333	1473.4127689509478	1	0	1	2.698338700433727
192200.0	2000.0	1273.4127689507425	0.0	0	464.31345598428743	1473.4127689509478	1	0	1	2.698338700433727
193200.0	3000.0	1273.4127689507536	0.0	0	406.2333088963642	1473.4127689509478	1	0	1	2.9010712544878094
194259.03408288414	3000.0	1214.3786860666146	0.0	0	0.0	1473.4127689509478	1	0	1	3.306536362595974
195271.8201716698	3000.0	1201.5925972809669	0.0	0	0.0	1473.4127689509478	1	0	1	3.306536362595974
196200.0	3000.0	1273.4127689507857	0.0	0	88.73714676729287	1473.4127689509478	1	0	1	3.306536362595974
197200.0	3000.0	1273.4127689507986	0.0	0	313.43978753860574	1473.4127689509187	1	0	1	3.306536362595977
198532.9066927597	3000.0	940.5060761911192	0.0	0	0.0	1473.4127689509187	1	0	1	3.306536362595977
199912.34611421466	2000.0	561.0666547361575	0.0	0	0.0	1473.4127689509187	1	0	1	2.2928735923255656
200389.30504507554	1000.0	1084.1077238752707	0.0	0	0.0	1473.4127689509187	1	0	1	0.9654707490338673
201200.0	2000.0	1273.412768950792	0.0	0	122.5988120084221	1473.4127689508896	1	0	1	2.0051915198737884
202221.22532473164	2000.0	1252.1874442191493	0.0	0	0.0	1473.4127689508605	1	0	1	2.698338700433736
203200.0	2000.0	1273.412768950803	0.0	0	192.21864769683452	1473.4127689508605	1	0	1	2.698338700433736
204200.0	2000.0	1273.412768950792	0.0	0	289.63652018489665	1473.4127689508605	1	0	1	2.698338700433736
205200.0	3000.0	1273.4127689507689	0.0	0	439.81790217306116	1473.4127689508605	1	0	1	2.9010712544878183
206443.52487386225	3000.0	1029.8878950885119	0.0	0	0.0	1473.4127689508605	1	0	1	3.306536362595983
207200.0	2000.0	1273.412768950779	0.0	0	27.707461145764682	1473.4127689508605	1	0	1	2.2928735923255714
208200.0	3000.0	1273.412768950741	0.0	0	36.81981438855291	1473.4127689508605	1	0	1	2.9010712544878183
209200.0	3000.0	1273.41276895078	0.0	0	3.505796923302114	1473.4127689508896	1	0	1	3.3065363625959825
210200.0	2000.0	1273.412768950792	0.0	0	583.3331768827338	1473.4127689508896	1	0	1	2.2928735923255688
211200.0	2000.0	1273.412768950783	0.0	0	393.51394006155897	1473.4127689508896	1	0	1	2.6983387004337334
212200.0	3000.0	1273.4127689507714	0.0	0	381.71445463769487	1473.4127689508896	1	0	1	2.9010712544878157
213276.73930217687	3000.0	1196.6734667739024	0.0	0	0.0	1473.4127689508896	1	0	1	3.3065363625959803
214417.10688599324	3000.0	1056.3058829575416	0.0	0	0.0	1473.4127689508896	1	0	1	3.3065363625959803
215200.0	3000.0	1273.412768950795	0.0	0	135.48219569871435	1473.4127689508896	1	0	1	3.3065363625959803
216200.0	3000.0	1273.4127689508207	0.0	0	416.0695361227554	1473.4127689508896	1	0	1	3.3065363625959803
217200.0	3000.0	1273.412768950804	0.0	0	432.9980706399074	1473.4127689508605	1	0	1	3.306536362595983
218200.0	3000.0	1273.4127689507916	0.0	0	117.1972028085147	1473.4127689508314	1	0	1	3.306536362595986
219617.89376304092	3000.0	855.5190059098913	0.0	0	0.0	1473.4127689508314	1	0	1	3.306536362595986
220372.15947588332	2000.0	1101.253293067456	0.0	0	0.0	1473.4127689508605	1	0	1	2.2928735923255714
221200.0	2000.0	1273.4127689507857	0.0	0	190.19261161077884	1473.4127689508896	1	0	1	2.6983387004337334
222200.0	3000.0	1273.4127689508175	0.0	0	68.28400506361504	1473.4127689509187	1	0	1	2.9010712544878126
223200.0	2000.0	1273.4127689508164	0.0	0	296.54846300088684	1473.4127689509187	1	0	1	2.2928735923255656
224200.0	2000.0	1273.412768950786	0.0	0	28.59929085697513	1473.4127689508896	1	0	1	2.6983387004337334
225200.0	2000.0	1273.4127689508077	0.0	0	418.5177899291157	1473.4127689508896	1	0	1	2.6983387004337334
226274.3192153514	2000.0	1199.0935535994076	0.0	0	0.0	1473.4127689508896	1	0	1	2.6983387004337334
227203.83744625587	2000.0	1269.5753226949194	0.0	0	0.0	1473.4127689508605	1	0	1	2.698338700433736
228200.0	2000.0	1273.4127689507943	0.0	0	314.28383624064736	1473.4127689508605	1	0	1	2.698338700433736
229200.0	2000.0	1273.4127689507898	0.0	0	415.3838562989258	1473.4127689508605	1	0	1	2.698338700433736
230200.0	2000.0	1273.4127689508093	0.0	0	384.39581730013015	1473.4127689508605	1	0	1	2.698338700433736
231200.0	2000.0	1273.412768950853	0.0	0	355.9969055336842	1473.4127689508605	1	0	1	2.698338700433736
232393.78364286615	2000.0	1079.6291260846942	0.0	0	0.0	1473.4127689508605	1	0	1	2.698338700433735
233200.0	2000.0	1273.4127689508618	0.0	0	262.94124574869056	1473.4127689508605	1	0	1	2.698338700433736
234200.0	2000.0	1273.4127689508541	0.0	0	390.9776571423572	1473.4127689508605	1	0	1	2.698338700433736
235200.0	2000.0	1273.412768950883	0.0	0	582.8937723265262	1473.4127689508605	1	0	1	2.698338700433736
236200.0	2000.0	1273.4127689509103	0.0	0	589.2516865906655	1473.4127689508605	1	0	1	2.698338700433736
237200.0	3000.0	1273.4127689509178	0.0	0	206.14196852518944	1473.4127689508605	1	0	1	2.9010712544878183
238200.0	3000.0	1273.4127689509303	0.0	0	344.64595262758667	1473.4127689508896	1	0	1	3.3065363625959803
239396.85273911088	3000.0	1076.5600298400218	0.0	0	0.0	1473.4127689508896	1	0	1	3.306536362595982
240492.93292046437	3000.0	980.4798484865215	0.0	0	0.0	1473.4127689509187	1	0	1	3.306536362595977
241846.52310108073	3000.0	626.8896678701431	0.0	0	0.0	1473.4127689509478	1	0	1	3.306536362595974
242200.0	1000.0	1273.4127689508637	0.0	0	0.16591346621862613	1473.4127689509187	1	0	1	0.5600056409257008
243200.0	2000.0	1273.4127689508468	0.0	0	261.38420596302603	1473.4127689509187	1	0	1	2.005191519873785
244200.0	2000.0	1273.4127689508618	0.0	0	276.6984778169717	1473.4127689509478	1	0	1	2.698338700433727
245213.35449533787	2000.0	1260.0582736129763	0.0	0	0.0	1473.4127689509478	1	0	1	2.698338700433727
246200.0	2000.0	1273.412768950869	0.0	0	57.58425824038568	1473.4127689509478	1	0	1	2.698338700433727
247200.0	2000.0	1273.4127689508657	0.0	0	456.0264545781829	1473.4127689509478	1	0	1	2.698338700433727
248398.19030685807	2000.0	1075.222462092801	0.0	0	0.0	1473.4127689509478	1	0	1	2.698338700433727
249200.0	2000.0	1273.4127689508796	0.0	0	223.1467444212467	1473.4127689509478	1	0	1	2.698338700433727
250200.0	2000.0	1273.4127689508841	0.0	0	344.0102488764387	1473.4127689509187	1	0	1	2.6983387004337303
251200.0	3000.0	1273.4127689508684	0.0	0	194.33310055546463	1473.4127689509187	1	0	1	2.9010712544878126
252200.0	3000.0	1273.412768950858	0.0	0	309.8501009333995	1473.4127689509187	1	0	1	3.306536362595977
253200.0	3000.0	1273.4127689508612	0.0	0	99.0616267346486	1473.4127689509187	1	0	1	3.306536362595977
254318.48760521013	3000.0	1154.9251637407133	0.0	0	0.0	1473.4127689509187	1	0	1	3.306536362595977
255200.0	3000.0	1273.4127689508068	0.0	0	100.73778026129003	1473.4127689509187	1	0	1	3.306536362595977
256846.50227300523	3000.0	626.9104959455526	0.0	0	0.0	1473.4127689509187	1	0	1	3.306536362595978
257284.03209690118	1000.0	1189.3806720496036	0.0	0	0.0	1473.4127689509187	1	0	1	0.5600056409257026
258200.0	2000.0	1273.4127689507827	0.0	0	370.3304685683397	1473.4127689509187	1	0	1	2.005191519873785
259200.0	3000.0	1273.4127689507816	0.0	0	261.77285446348833	1473.4127689509187	1	0	1	2.9010712544878126
260435.89219629642	3000.0	1037.5205726543509	0.0	0	0.0	1473.4127689508896	1	0	1	3.306536362595978
261340.24171163634	3000.0	1133.1710573144235	0.0	0	0.0	1473.4127689508896	1	0	1	3.3065363625959803
262389.83435887535	3000.0	1083.578410075418	0.0	0	0.0	1473.4127689508896	1	0	1	3.3065363625959803
263200.0	3000.0	1273.4127689508305	0.0	0	175.01532711519394	1473.412768950977	1	0	1	3.3065363625959745
264268.799201426	3000.0	1204.6135675248213	0.0	0	0.0	1473.4127689509187	1	0	1	3.306536362595977
265200.0	3000.0	1273.4127689508152	0.0	0	170.09654566220706	1473.4127689508605	1	0	1	3.306536362595983
266200.0	3000.0	1273.4127689507973	0.0	0	263.7568973333691	1473.4127689508605	1	0	1	3.306536362595983
267200.0	3000.0	1273.4127689508473	0.0	0	353.6818211300997	1473.4127689509187	1	0	1	3.306536362595977
268496.2899973599	3000.0	977.1227715909773	0.0	0	0.0	1473.412768950977	1	0	1	3.3065363625959714
269672.6802844796	3000.0	800.7324844712571	0.0	0	0.0	1473.412768950977	1	0	1	3.3065363625959714
270241.11626654124	2000.0	1232.2965024095724	0.0	0	0.0	1473.412768951035	1	0	1	2.292873592325557
271200.0	3000.0	1273.412768950757	0.0	0	210.47239774704212	1473.412768951035	1	0	1	2.9010712544878006
272482.1337273258	3000.0	991.2790416249233	0.0	0	0.0	1473.4127689510933	1	0	1	3.30653636259596
273200.0	2000.0	1273.4127689507493	0.0	0	146.55442199634854	1473.4127689511515	1	0	1	2.292873592325542
274444.49579676497	3000.0	1028.9169721858239	0.0	0	0.0	1473.4127689511515	1	0	1	2.901071254487789
275283.4082512493	2000.0	1190.0045177015174	0.0	0	0.0	1473.4127689511515	1	0	1	2.292873592325542
276200.0	2000.0	1273.41276895079	0.0	0	291.68304319347953	1473.4127689510933	1	0	1	2.698338700433713
277200.0	3000.0	1273.4127689507643	0.0	0	137.72753686318174	1473.4127689510933	1	0	1	2.9010712544877952
278200.0	3000.0	1273.4127689507789	0.0	0	19.67866411106661	1473.4127689511515	1	0	1	3.3065363625959536
279200.0	3000.0	1273.4127689507295	0.0	0	164.43995694234036	1473.4127689510933	1	0	1	3.30653636259596
280426.3001813529	3000.0	1047.1125875977984	0.0	0	0.0	1473.4127689510933	1	0	1	3.30653636259596
281200.0	2000.0	1273.4127689506324	0.0	0	116.35503500228515	1473.4127689510933	1	0	1	2.2928735923255483
282200.0	3000.0	1273.4127689506945	0.0	0	83.13815012446139	1473.4127689510933	1	0	1	2.9010712544877952
283702.1194766216	3000.0	771.2932923291226	0.0	0	0.0	1473.4127689510933	1	0	1	3.30653636259596
284512.79875003896	2000.0	960.6140189118717	0.0	0	0.0	1473.4127689510933	1	0	1	2.2928735923255483
285785.99151720875	2000.0	687.4212517420992	0.0	0	0.0	1473.4127689510933	1	0	1	2.698338700433713
286522.448855114	1000.0	950.9639138369075	0.0	0	0.0	1473.4127689510933	1	0	1	0.9654707490338499
287649.8061359622	2000.0	823.6066329887083	0.0	0	0.0	1473.4127689510933	1	0	1	2.0051915198737675
288200.0	1000.0	1273.412768950873	0.0	0	93.38386149035068	1473.4127689510933	1	0	1	0.9654707490338499
289200.0	2000.0	1273.4127689509146	0.0	0	169.63766985503025	1473.4127689510933	1	0	1	2.0051915198737675
290200.0	2000.0	1273.4127689509244	0.0	0	639.3491612847429	1473.4127689510933	1	0	1	2.698338700433713
291200.0	2000.0	1273.412768950945	0.0	0	621.9117421275587	1473.4127689510933	1	0	1	2.698338700433713
292200.0	2000.0	1273.4127689509312	0.0	0	511.0687670457992	1473.4127689510933	1	0	1	2.698338700433713
293525.0142099309	3000.0	948.3985590199958	0.0	0	0.0	1473.4127689510933	1	0	1	2.9010712544877952
294360.31691652985	2000.0	1113.09585242106	0.0	0	0.0	1473.4127689510933	1	0	1	2.2928735923255483
295362.7986163482	3000.0	1110.614152602719	0.0	0	0.0	1473.4127689510933	1	0	1	2.901071254487799
296200.0	3000.0	1273.41276895093	0.0	0	147.08303134253947	1473.4127689510933	1	0	1	3.30653636259596
297279.12894591346	3000.0	1194.2838230374994	0.0	0	0.0	1473.4127689511515	1	0	1	3.306536362595957
298200.0	3000.0	1273.412768950917	0.0	0	321.44121505634394	1473.4127689511515	1	0	1	3.3065363625959536
299411.48020626407	3000.0	1061.9325626868979	0.0	0	0.0	1473.4127689512097	1	0	1	3.3065363625959483
300223.34614749474	3000.0	1250.0666214561643	0.0	0	0.0	1473.4127689511515	1	0	1	3.3065363625959536
301200.0	3000.0	1273.412768950909	0.0	0	45.95873648818815	1473.4127689511515	1	0	1	3.3065363625959585
302200.0	3000.0	1273.412768950967	0.0	0	98.8912125810748	1473.4127689512097	1	0	1	3.3065363625959483
303200.0	3000.0	1273.4127689509248	0.0	0	27.301516517647542	1473.4127689510933	1	0	1	3.306536362595955
304200.0	3000.0	1273.41276895092	0.0	0	93.37675935984589	1473.4127689510933	1	0	1	3.30653636259596
305387.4411633038	3000.0	1085.9716056471198	0.0	0	0.0	1473.4127689510933	1	0	1	3.30653636259596
306200.0	2000.0	1273.412768950914	0.0	0	390.7259945020196	1473.4127689511515	1	0	1	2.292873592325542
307200.0	3000.0	1273.4127689509096	0.0	0	231.55931939330185	1473.4127689511515	1	0	1	2.901071254487789
308200.0	3000.0	1273.4127689508916	0.0	0	41.102153101644944	1473.4127689511515	1	0	1	3.3065363625959536
309200.0	3000.0	1273.4127689508796	0.0	0	327.32620960636996	1473.4127689511515	1	0	1	3.3065363625959536
310200.0	3000.0	1273.412768950829	0.0	0	591.9050286810962	1473.4127689511515	1	0	1	3.3065363625959536
5.07	5.92	2.99	3.17	1.88	3.9	6.06	4.73	3.15	2.39	3.42	4.09	3.48	3.97	3.06	4.52	3.59	5.02	3.38	3.46	4.31	3.5	2.19	4.23	5.53	5.13	2.78	2.78	1.47	2.75	4.76	2.88	4.63	5.94	3.23	2.68	3.76	3.87	2.59	1.69	1.88	2.29	2.62	3.45	3.85	5.17	2.79	2.51	2.56	3.28	3.86	3.58	3.92	3.02	3.31	4.03	4.27	4.24	2.95	2.81	2.35	3.28	3.64	3.14	2.15	2.75	1.92	2.46	2.95	2.78	2.55	2.42	1.89	2.88	3.72	3.85	5.26	5.09	3.94	2.12	2.86	2.95	2.73	3.36	2.42	1.89	2.55	2.86	1.67	3.73	3.98	3.81	4.76	3.32	2.81	3.3	2.17	2.56	4.23	4.45	3.3	3.51	4.0	4.37	2.83	3.7	5.79	3.88	3.04	2.17	3.28	3.68	2.88	3.52	2.54	2.62	3.6	3.72	3.34	3.54	1.92	3.56	3.35	2.11	2.85	3.05	1.05	2.21	2.36	2.83	4.56	5.14	3.96	2.36	3.12	3.75	3.93	3.48	3.87	2.4	3.34	2.93	3.85	3.56	3.36	2.42	3.86	3.44	3.08	3.97	5.07	5.92	2.99	3.17	1.88	3.9	6.06	4.73	3.15	2.39	3.42	4.09	3.48	3.97	3.06	4.52	3.59	5.02	3.38	3.46	4.31	3.5	2.19	4.23	5.53	5.13	2.78	2.78	1.47	2.75	4.76	2.88	4.63	5.94	3.23	2.68	3.76	3.87	2.59	1.69	1.88	2.29	2.62	3.45	3.85	5.17	2.79	2.51	2.56	3.28	3.86	3.58	3.92	3.02	3.31	4.03	4.27	4.24	2.95	2.81	2.35	3.28	3.64	3.14	2.15	2.75	1.92	2.46	2.95	2.78	2.55	2.42	1.89	2.88	3.72	3.85	5.26	5.09	3.94	2.12	2.86	2.95	2.73	3.36	2.42	1.89	2.55	2.86	1.67	3.73	3.98	3.81	4.76	3.32	2.81	3.3	2.17	2.56	4.23	4.45	3.3	3.51	4.0	4.37	2.83	3.7	5.79	3.88	3.04	2.17	3.28	3.68	2.88	3.52	2.54	2.62	3.6	3.72	3.34	3.54	1.92	3.56	3.35	2.11	2.85	3.05	1.05	2.21	2.36	2.83	4.56	5.14	3.96	2.36	3.12	3.75	3.93	3.48	3.87	2.4	3.34	2.93	3.85	3.56	3.36	2.42	3.86	3.44	3.08	3.97	5.07	5.92	2.99	3.17	1.88	3.9	6.06	4.73	3.15	2.39	3.42
1.0	2.0	3.0	4.0	5.0	6.0	7.0	8.0	9.0	10.0	11.0	12.0	13.0	14.0	15.0	16.0	17.0	18.0	19.0	20.0	21.0	22.0	23.0	24.0	25.0	26.0	27.0	28.0	29.0	30.0	31.0	32.0	33.0	34.0	35.0	36.0	37.0	38.0	39.0	40.0	41.0	42.0	43.0	44.0	45.0	46.0	47.0	48.0	49.0	50.0	51.0	52.0	53.0	54.0	55.0	56.0	57.0	58.0	59.0	60.0	61.0	62.0	63.0	64.0	65.0	66.0	67.0	68.0	69.0	70.0	71.0	72.0	73.0	74.0	75.0	76.0	77.0	78.0	79.0	80.0	81.0	82.0	83.0	84.0	85.0	86.0	87.0	88.0	89.0	90.0	91.0	92.0	93.0	94.0	95.0	96.0	97.0	98.0	99.0	100.0	101.0	102.0	103.0	104.0	105.0	106.0	107.0	108.0	109.0	110.0	111.0	112.0	113.0	114.0	115.0	116.0	117.0	118.0	119.0	120.0	121.0	122.0	123.0	124.0	125.0	126.0	127.0	128.0	129.0	130.0	131.0	132.0	133.0	134.0	135.0	136.0	137.0	138.0	139.0	140.0	141.0	142.0	143.0	144.0	145.0	146.0	147.0	148.0	149.0	149.0	150.0	151.0	152.0	153.0	154.0	155.0	156.0	157.0	158.0	159.0	160.0	161.0	162.0	163.0	164.0	165.0	166.0	167.0	168.0	169.0	170.0	171.0	172.0	173.0	174.0	175.0	176.0	177.0	178.0	179.0	180.0	181.0	182.0	183.0	184.0	185.0	186.0	187.0	188.0	189.0	190.0	191.0	192.0	193.0	194.0	195.0	196.0	197.0	198.0	199.0	200.0	201.0	202.0	203.0	204.0	205.0	206.0	207.0	208.0	209.0	210.0	211.0	212.0	213.0	214.0	215.0	216.0	217.0	218.0	219.0	220.0	221.0	222.0	223.0	224.0	225.0	226.0	227.0	228.0	229.0	230.0	231.0	232.0	233.0	234.0	235.0	236.0	237.0	238.0	239.0	240.0	241.0	242.0	243.0	244.0	245.0	246.0	247.0	248.0	249.0	250.0	251.0	252.0	253.0	254.0	255.0	256.0	257.0	258.0	259.0	260.0	261.0	262.0	263.0	264.0	265.0	266.0	267.0	268.0	269.0	270.0	271.0	272.0	273.0	274.0	275.0	276.0	277.0	278.0	279.0	280.0	281.0	282.0	283.0	284.0	285.0	286.0	287.0	288.0	289.0	290.0	291.0	292.0	293.0	294.0	295.0	296.0	297.0	298.0	298.0	299.0	300.0	301.0	302.0	303.0	304.0	305.0	306.0	307.0	308.0	309.0
2500.0121234313283
