2355.632933028062	300.0	2000.0	138.39490065303252	0	0.0	2355.632933028062	1	0	1	-1.0633338352601176
5200.0	3000.0	416.6698854006945	328.24535036426784	0	63.715419781802666	616.6698854006954	1	0	2	-1.2824433834725901
6200.0	1000.0	2516.6698854006954	0.0	0	784.3554937196432	2716.6698854006963	1	0	0	0.039679929280725
9200.0	6000.0	416.6698854006942	0.0	0	197.80592914641784	616.6698854006972	1	0	2	2.0366794051482713
10200.0	1000.0	2516.6698854006927	0.0	0	749.2039596433224	2716.6698854006963	1	0	0	-0.6534672512792203
13411.356283907024	6000.0	355.78679892776745	156.0080234770905	0	0.0	767.1430828347948	1	0	2	1.0862333853535011
14200.0	1000.0	2646.0074544440886	0.0	0	573.6576088517031	2846.007454444094	1	0	0	-0.6666587604102578
17200.0	6000.0	546.00745444409	0.0	0	162.42516112841986	746.007454444094	1	0	2	2.023919377975435
18200.0	2000.0	2646.007454444091	0.0	0	767.6754677103017	2846.007454444094	1	0	0	1.066466943216303
21689.198747617334	6000.0	200.0	174.64651630452283	0	0.0	889.1987476173381	1	0	2	1.6550710866619032
22200.0	1000.0	2740.2788728555997	0.0	0	327.4646426469917	2940.2788728556006	1	0	0	-0.6771379455727473
25200.0	6000.0	640.278872855599	0.0	0	110.35216978537937	840.2788728556006	1	0	2	2.014497930206619
26200.0	3000.0	2740.2788728555975	0.0	0	573.2471557063182	2940.2788728556006	1	0	0	2.070680084747484
29501.29215037013	6000.0	308.8575074484557	0.0	0	0.0	810.149657818587	1	0	2	3.1147035276315074
30200.0	1000.0	2680.020442781573	0.0	0	320.4037625948731	2880.020442781577	1	0	0	-0.6706650338280764
33814.53399103101	6000.0	200.0	269.0608612295771	0	0.0	1014.5339910310067	1	0	2	0.39309062925489624
34200.0	500.0	2853.080591927911	0.0	0	199.16383137273806	3053.0805919279046	1	0	0	-2.422009229513754
38104.90746239981	6000.0	200.0	402.10692428352104	0	0.0	1304.9074623998094	1	0	2	-1.1257866219717758
38345.24670831537	500.0	959.6607540844511	0.0	0	0.0	1304.9074623998167	1	0	1	-2.049158960378995
39475.19801086524	2000.0	829.7094515345789	0.0	0	0.0	1304.9074623998167	1	0	1	1.3288948699689498
40492.3422268999	2000.0	812.5652354999227	0.0	0	0.0	1304.9074623998094	1	0	1	2.7151892310888415
41200.0	1000.0	1104.9074623998254	0.0	0	313.53503134817583	1304.9074623998094	1	0	1	0.9823212796889782
42200.0	2000.0	1104.9074623998226	0.0	0	181.26054962784838	1304.9074623998167	1	0	1	2.022042050528895
43200.0	2000.0	1104.9074623998167	0.0	0	386.50793708022684	1304.9074623998167	1	0	1	2.71518923108884
44200.0	2000.0	1104.907462399816	0.0	0	580.6278442842449	1304.9074623998167	1	0	1	2.71518923108884
45200.0	2000.0	1104.907462399808	0.0	0	390.64885137518286	1304.9074623998167	1	0	1	2.71518923108884
46200.0	2000.0	1104.9074623998122	0.0	0	551.3892865914459	1304.9074623998167	1	0	1	2.71518923108884
47200.0	3000.0	1104.9074623998094	0.0	0	249.4022112653547	1304.9074623998167	1	0	1	2.917921785142923
48200.0	3000.0	1104.9074623998122	0.0	0	114.32971943679877	1304.9074623998167	1	0	1	3.3233868932510875
49257.9156622944	3000.0	1046.9918001054189	0.0	0	0.0	1304.907462399824	1	0	1	3.3233868932510866
50351.093721763675	3000.0	953.8137406361457	0.0	0	0.0	1304.9074623998313	1	0	1	3.323386893251086
51200.0	3000.0	1104.907462399815	0.0	0	281.1612769463827	1304.907462399824	1	0	1	3.3233868932510866
52200.0	3000.0	1104.907462399814	0.0	0	269.4920339586097	1304.907462399824	1	0	1	3.3233868932510866
53200.0	3000.0	1104.9074623998195	0.0	0	75.66931608934829	1304.9074623998313	1	0	1	3.323386893251086
54200.0	3000.0	1104.9074623998129	0.0	0	320.02854604991444	1304.9074623998313	1	0	1	3.323386893251086
55200.0	3000.0	1104.907462399821	0.0	0	452.7735641850595	1304.9074623998386	1	0	1	3.3233868932510853
56200.0	3000.0	1104.9074623998172	0.0	0	429.7214743638833	1304.9074623998386	1	0	1	3.3233868932510853
57262.17837411925	3000.0	1042.7290882805742	0.0	0	0.0	1304.9074623998458	1	0	1	3.323386893251085
58200.0	3000.0	1104.9074623998265	0.0	0	304.1857840932498	1304.9074623998458	1	0	1	3.323386893251085
59200.0	3000.0	1104.9074623998283	0.0	0	450.39513719941897	1304.9074623998458	1	0	1	3.323386893251085
60200.0	3000.0	1104.9074623998263	0.0	0	370.4861341508804	1304.9074623998458	1	0	1	3.323386893251085
61200.0	3000.0	1104.907462399831	0.0	0	105.4414482580396	1304.9074623998458	1	0	1	3.323386893251085
62473.08083534805	3000.0	831.8266270517842	0.0	0	0.0	1304.907462399853	1	0	1	3.323386893251084
63200.0	2000.0	1104.9074623998456	0.0	0	197.2713312197011	1304.907462399853	1	0	1	2.3097241229806724
64200.0	3000.0	1104.9074623998408	0.0	0	448.0432611732904	1304.907462399853	1	0	1	2.9179217851429193
65200.0	3000.0	1104.9074623998474	0.0	0	331.96223565352557	1304.907462399853	1	0	1	3.323386893251084
66213.7915256594	3000.0	1091.115936740447	0.0	0	0.0	1304.907462399853	1	0	1	3.323386893251084
67200.0	3000.0	1104.907462399852	0.0	0	283.16240450166515	1304.9074623998604	1	0	1	3.3233868932510835
68200.0	3000.0	1104.9074623998586	0.0	0	360.24369372805813	1304.9074623998604	1	0	1	3.323386893251083
69200.0	3000.0	1104.907462399879	0.0	0	347.74194711993914	1304.9074623998604	1	0	1	3.323386893251083
70200.0	3000.0	1104.9074623998706	0.0	0	687.6153907720291	1304.9074623998604	1	0	1	3.323386893251083
71200.0	3000.0	1104.9074623998742	0.0	0	571.4158700018452	1304.9074623998604	1	0	1	3.323386893251083
72200.0	3000.0	1104.9074623998767	0.0	0	457.92401338691707	1304.907462399875	1	0	1	3.3233868932510817
73200.0	3000.0	1104.9074623998704	0.0	0	303.8633530826919	1304.907462399875	1	0	1	3.3233868932510817
74200.0	3000.0	1104.9074623998536	0.0	0	309.8925695667567	1304.907462399875	1	0	1	3.3233868932510817
75200.0	3000.0	1104.9074623998672	0.0	0	432.9634743261995	1304.9074623998895	1	0	1	3.3233868932510804
76200.0	3000.0	1104.9074623998654	0.0	0	496.45124271599343	1304.9074623998895	1	0	1	3.3233868932510804
77200.0	3000.0	1104.9074623998738	0.0	0	298.86944127506285	1304.9074623998895	1	0	1	3.3233868932510804
78200.0	3000.0	1104.9074623998704	0.0	0	388.32573253882583	1304.9074623998895	1	0	1	3.3233868932510804
79337.46109949474	3000.0	967.4463629051138	0.0	0	0.0	1304.9074623998895	1	0	1	3.3233868932510804
80348.55531235631	3000.0	956.3521500435443	0.0	0	0.0	1304.9074623998895	1	0	1	3.3233868932510804
81214.16864043918	3000.0	1090.7388219606735	0.0	0	0.0	1304.9074623998895	1	0	1	3.3233868932510813
82229.31246312082	3000.0	1075.5949992790327	0.0	0	0.0	1304.9074623998895	1	0	1	3.3233868932510804
83200.0	3000.0	1104.9074623998508	0.0	0	391.88956793161924	1304.9074623998895	1	0	1	3.3233868932510804
84200.0	3000.0	1104.9074623998526	0.0	0	426.4741138975951	1304.907462399875	1	0	1	3.3233868932510817
85200.0	3000.0	1104.9074623998517	0.0	0	476.9419858104375	1304.9074623998604	1	0	1	3.323386893251083
86200.0	3000.0	1104.9074623998656	0.0	0	434.6880956769746	1304.907462399875	1	0	1	3.3233868932510817
87200.0	3000.0	1104.9074623998815	0.0	0	22.962247569608735	1304.9074623998895	1	0	1	3.3233868932510804
88200.0	3000.0	1104.9074623998877	0.0	0	371.868349438344	1304.9074623998895	1	0	1	3.3233868932510804
89200.0	3000.0	1104.907462399886	0.0	0	449.10321521552396	1304.9074623998895	1	0	1	3.3233868932510804
90200.0	3000.0	1104.907462399881	0.0	0	121.787289755448	1304.907462399875	1	0	1	3.3233868932510817
91200.0	3000.0	1104.9074623998856	0.0	0	374.8667917040293	1304.9074623998604	1	0	1	3.323386893251083
92200.0	3000.0	1104.9074623998886	0.0	0	201.62003595133137	1304.9074623998604	1	0	1	3.323386893251083
93305.65547707198	3000.0	999.2519853278895	0.0	0	0.0	1304.907462399875	1	0	1	3.3233868932510817
94431.6430889671	3000.0	873.2643734327796	0.0	0	0.0	1304.907462399875	1	0	1	3.3233868932510817
95200.0	2000.0	1104.9074623998872	0.0	0	59.59537689521676	1304.907462399875	1	0	1	2.30972412298067
96200.0	3000.0	1104.9074623999004	0.0	0	311.3186712935858	1304.907462399875	1	0	1	2.917921785142917
97200.0	3000.0	1104.9074623998936	0.0	0	164.20675525530532	1304.907462399875	1	0	1	3.3233868932510817
98200.0	3000.0	1104.9074623998847	0.0	0	362.87614887235395	1304.907462399875	1	0	1	3.3233868932510817
99200.0	3000.0	1104.9074623998692	0.0	0	575.2845724084182	1304.907462399875	1	0	1	3.3233868932510817
100200.0	3000.0	1104.9074623998702	0.0	0	681.4870154495875	1304.9074623998895	1	0	1	3.3233868932510804
101200.0	3000.0	1104.9074623998556	0.0	0	622.1762523704529	1304.9074623998895	1	0	1	3.3233868932510804
102317.65043673824	6000.0	987.2570256616013	0.0	0	0.0	1304.9074623998895	1	0	1	3.6699604835310526
103200.0	3000.0	1104.9074623998413	0.0	0	316.8436077745864	1304.907462399875	1	0	1	2.6302397126911368
104518.65969566694	6000.0	786.247766732912	0.0	0	0.0	1304.907462399875	1	0	1	3.6699604835310544
105322.56863196086	3000.0	982.3388304389855	0.0	0	0.0	1304.907462399875	1	0	1	2.6302397126911368
106200.0	3000.0	1104.907462399846	0.0	0	229.9331044099672	1304.907462399875	1	0	1	3.3233868932510817
107200.0	3000.0	1104.907462399853	0.0	0	112.05515480645408	1304.9074623998895	1	0	1	3.3233868932510804
108200.0	3000.0	1104.9074623998688	0.0	0	241.10092334228102	1304.9074623998895	1	0	1	3.3233868932510804
109200.0	3000.0	1104.9074623998729	0.0	0	391.7428472102183	1304.9074623998895	1	0	1	3.3233868932510804
110200.0	3000.0	1104.9074623998868	0.0	0	385.39247003773926	1304.9074623998895	1	0	1	3.3233868932510804
111200.0	3000.0	1104.907462399865	0.0	0	424.30092044037883	1304.9074623998895	1	0	1	3.3233868932510804
112200.0	3000.0	1104.9074623998463	0.0	0	273.9400101428473	1304.9074623998895	1	0	1	3.3233868932510804
113200.0	3000.0	1104.907462399855	0.0	0	104.50475279633247	1304.907462399904	1	0	1	3.3233868932510786
114200.0	3000.0	1104.907462399841	0.0	0	126.34398788282124	1304.9074623998895	1	0	1	3.3233868932510804
115200.0	3000.0	1104.9074623998358	0.0	0	32.20183590137458	1304.9074623998895	1	0	1	3.3233868932510804
116200.0	3000.0	1104.9074623998315	0.0	0	328.16809245299373	1304.9074623998895	1	0	1	3.3233868932510804
117200.0	3000.0	1104.9074623998292	0.0	0	216.47806098543515	1304.9074623998895	1	0	1	3.3233868932510804
118200.0	3000.0	1104.9074623998292	0.0	0	421.0990824613109	1304.9074623998895	1	0	1	3.3233868932510804
119200.0	3000.0	1104.9074623998383	0.0	0	399.4944634897838	1304.9074623998895	1	0	1	3.3233868932510804
120200.0	3000.0	1104.907462399825	0.0	0	264.4321827991662	1304.9074623998895	1	0	1	3.3233868932510804
121200.0	3000.0	1104.9074623998288	0.0	0	367.248601620071	1304.9074623998895	1	0	1	3.3233868932510804
122200.0	3000.0	1104.9074623998474	0.0	0	491.5541418403154	1304.9074623998895	1	0	1	3.3233868932510804
123216.094619239	3000.0	1088.8128431608568	0.0	0	247.3795549585193	1304.9074623998895	1	0	1	3.3233868932510804
124460.0100535186	3000.0	844.8974088812362	0.0	0	0.0	1304.907462399875	1	0	1	3.3233868932510817
125401.7539561799	3000.0	903.1535062199334	0.0	0	0.0	1304.907462399875	1	0	1	3.3233868932510817
126271.31770038349	3000.0	1033.5897620163487	0.0	0	0.0	1304.907462399875	1	0	1	3.3233868932510817
127200.0	3000.0	1104.9074623998304	0.0	0	394.9224117353733	1304.907462399875	1	0	1	3.3233868932510817
128200.0	3000.0	1104.9074623998474	0.0	0	400.0013339541765	1304.907462399875	1	0	1	3.3233868932510817
129200.0	3000.0	1104.9074623998358	0.0	0	343.52431289294327	1304.907462399875	1	0	1	3.3233868932510817
130200.0	3000.0	1104.9074623998356	0.0	0	469.5275014252693	1304.907462399875	1	0	1	3.3233868932510817
131200.0	3000.0	1104.907462399822	0.0	0	732.3063333309838	1304.907462399875	1	0	1	3.3233868932510817
132200.0	3000.0	1104.9074623998195	0.0	0	664.4129562124144	1304.907462399875	1	0	1	3.3233868932510817
133857.22687593516	6000.0	447.6805864646514	0.0	0	0.0	1304.9074623998895	1	0	1	3.669960483531053
134336.55304889835	2000.0	968.3544135014635	0.0	0	0.0	1304.9074623998895	1	0	1	1.6165769424207235
135200.0	3000.0	1104.9074623997853	0.0	0	155.3652471266396	1304.9074623998604	1	0	1	2.9179217851429184
136200.0	3000.0	1104.9074623997747	0.0	0	342.38283896344365	1304.9074623998895	1	0	1	3.3233868932510804
137200.0	3000.0	1104.9074623997599	0.0	0	166.15679787597037	1304.9074623999186	1	0	1	3.3233868932510773
138354.36032273198	3000.0	950.5471396677852	0.0	0	0.0	1304.9074623999186	1	0	1	3.3233868932510773
139350.1993017415	3000.0	954.7081606582578	0.0	0	0.0	1304.9074623999186	1	0	1	3.3233868932510773
140200.0	3000.0	1104.9074623997462	0.0	0	135.48255481373053	1304.9074623999186	1	0	1	3.3233868932510773
141200.0	3000.0	1104.9074623997599	0.0	0	188.41084404330468	1304.9074623999186	1	0	1	3.3233868932510773
142214.76710418527	3000.0	1090.1403582144872	0.0	0	0.0	1304.9074623999477	1	0	1	3.3233868932510755
143200.0	3000.0	1104.9074623997608	0.0	0	251.90081701480085	1304.9074623999477	1	0	1	3.3233868932510746
144200.0	3000.0	1104.9074623997726	0.0	0	369.00296964644804	1304.9074623999768	1	0	1	3.3233868932510715
145200.0	3000.0	1104.907462399787	0.0	0	389.6081413899665	1304.9074623999768	1	0	1	3.3233868932510715
146200.0	3000.0	1104.9074623997565	0.0	0	569.494988864084	1304.9074623999768	1	0	1	3.3233868932510715
147200.0	3000.0	1104.907462399744	0.0	0	218.72816740866983	1304.9074623999477	1	0	1	3.3233868932510746
148200.0	3000.0	1104.9074623997572	0.0	0	98.39480651853955	1304.9074623999477	1	0	1	3.3233868932510746
149200.0	3000.0	1104.9074623997524	0.0	0	175.11794407098205	1304.9074623999477	1	0	1	3.3233868932510746
150200.0	3000.0	1104.9074623997453	0.0	0	532.7436999880883	1304.9074623999768	1	0	1	3.3233868932510715
151200.0	3000.0	1104.9074623997262	0.0	0	458.96559763434925	1304.9074623999768	1	0	1	3.3233868932510715
152200.0	3000.0	1104.9074623997349	0.0	0	160.71966832928592	1304.9074623999477	1	0	1	3.3233868932510746
153200.0	3000.0	1104.907462399751	0.0	0	573.0394107493921	1304.9074623999477	1	0	1	3.3233868932510746
154200.0	3000.0	1104.907462399754	0.0	0	321.1017430961074	1304.9074623999477	1	0	1	3.3233868932510746
155200.0	3000.0	1104.9074623997496	0.0	0	402.5345941981359	1304.9074623999477	1	0	1	3.3233868932510746
156200.0	3000.0	1104.9074623997412	0.0	0	322.0517318576458	1304.9074623999477	1	0	1	3.3233868932510746
157200.0	3000.0	1104.9074623997426	0.0	0	21.17166146071395	1304.9074623999477	1	0	1	3.3233868932510746
158200.0	3000.0	1104.9074623997274	0.0	0	242.12483635751414	1304.9074623999477	1	0	1	3.3233868932510746
159200.0	3000.0	1104.9074623997074	0.0	0	21.855294948705705	1304.9074623999477	1	0	1	3.3233868932510746
160508.4062739971	3000.0	796.501188402604	0.0	0	0.0	1304.9074623999477	1	0	1	3.3233868932510746
161200.0	2000.0	1104.907462399713	0.0	0	107.46219895250397	1304.9074623999186	1	0	1	2.3097241229806658
162200.0	3000.0	1104.9074623997215	0.0	0	291.9360774595989	1304.9074623999186	1	0	1	2.9179217851429127
163200.0	3000.0	1104.9074623997017	0.0	0	157.8508303189883	1304.9074623999186	1	0	1	3.3233868932510773
164200.0	3000.0	1104.907462399729	0.0	0	168.82648125494597	1304.9074623998895	1	0	1	3.3233868932510804
165200.0	3000.0	1104.9074623997217	0.0	0	348.02000852141646	1304.9074623998604	1	0	1	3.323386893251083
166200.0	3000.0	1104.9074623997112	0.0	0	551.5664185029455	1304.9074623998313	1	0	1	3.323386893251086
167200.0	3000.0	1104.9074623996978	0.0	0	423.6442192955874	1304.9074623998313	1	0	1	3.323386893251086
168200.0	3000.0	1104.9074623997178	0.0	0	293.033166112029	1304.9074623998313	1	0	1	3.323386893251086
169200.0	3000.0	1104.9074623997265	0.0	0	354.03947272041114	1304.9074623998313	1	0	1	3.323386893251086
170200.0	3000.0	1104.9074623997278	0.0	0	292.04737792143715	1304.9074623998313	1	0	1	3.323386893251086
171200.0	3000.0	1104.907462399755	0.0	0	384.399259893049	1304.9074623998313	1	0	1	3.323386893251086
172200.0	3000.0	1104.907462399779	0.0	0	657.0359773566888	1304.9074623998313	1	0	1	3.323386893251086
173200.0	3000.0	1104.907462399805	0.0	0	229.2945542266243	1304.9074623998313	1	0	1	3.323386893251086
174200.0	3000.0	1104.9074623998222	0.0	0	141.24050468817586	1304.9074623998313	1	0	1	3.323386893251086
175200.0	3000.0	1104.9074623998215	0.0	0	387.29078469457454	1304.9074623998313	1	0	1	3.323386893251086
176200.0	3000.0	1104.9074623998195	0.0	0	478.50847421816434	1304.9074623998313	1	0	1	3.323386893251086
177200.0	3000.0	1104.907462399822	0.0	0	624.2469133533305	1304.9074623998313	1	0	1	3.323386893251086
178200.0	3000.0	1104.9074623997897	0.0	0	370.80917478969786	1304.9074623998022	1	0	1	3.3233868932510893
179200.0	3000.0	1104.9074623997942	0.0	0	361.7218577748572	1304.9074623998022	1	0	1	3.3233868932510893
180200.0	3000.0	1104.9074623997994	0.0	0	622.0194881744392	1304.9074623998022	1	0	1	3.3233868932510893
181200.0	3000.0	1104.9074623998256	0.0	0	410.4876217034471	1304.9074623998022	1	0	1	3.3233868932510893
182200.0	3000.0	1104.9074623998276	0.0	0	614.8570752789674	1304.9074623998022	1	0	1	3.3233868932510893
183200.0	3000.0	1104.9074623998051	0.0	0	221.74028731288854	1304.9074623998022	1	0	1	3.3233868932510893
184200.0	3000.0	1104.9074623998313	0.0	0	15.175523806683486	1304.9074623998022	1	0	1	3.3233868932510893
185200.0	3000.0	1104.9074623998247	0.0	0	316.8604146828875	1304.9074623998022	1	0	1	3.3233868932510893
186200.0	3000.0	1104.9074623998156	0.0	0	331.55316524906084	1304.9074623998022	1	0	1	3.3233868932510893
187200.0	3000.0	1104.9074623998044	0.0	0	33.39661370529211	1304.9074623998022	1	0	1	3.3233868932510893
189074.67598425192	3000.0	230.23147814787757	0.0	0	0.0	1304.9074623998313	1	0	1	3.3233868932510884
189272.64671172365	500.0	1032.260750676155	0.0	0	0.0	1304.9074623998313	1	0	1	-1.1560117798190521
190204.3020208827	2000.0	1100.6054415170552	0.0	0	0.0	1304.9074623998313	1	0	1	1.3288948699689487
191200.0	2000.0	1104.907462399733	0.0	0	424.84664725433686	1304.9074623998313	1	0	1	2.7151892310888393
192200.0	2000.0	1104.9074623997735	0.0	0	237.46182747764396	1304.9074623998313	1	0	1	2.7151892310888393
193200.0	2000.0	1104.9074623997462	0.0	0	303.4219342437864	1304.9074623998313	1	0	1	2.7151892310888393
194200.0	2000.0	1104.9074623997271	0.0	0	299.4478456770885	1304.9074623998313	1	0	1	2.7151892310888393
195200.0	3000.0	1104.9074623997606	0.0	0	235.28907655525836	1304.9074623998313	1	0	1	2.9179217851429216
196200.0	3000.0	1104.9074623997335	0.0	0	259.8448265916959	1304.9074623998313	1	0	1	3.323386893251086
197200.0	3000.0	1104.9074623997003	0.0	0	370.3601716612757	1304.9074623998313	1	0	1	3.323386893251086
198200.0	3000.0	1104.9074623996892	0.0	0	416.54450429955614	1304.9074623998313	1	0	1	3.323386893251086
199200.0	3000.0	1104.907462399682	0.0	0	328.8407062687038	1304.9074623998313	1	0	1	3.323386893251086
200200.0	3000.0	1104.907462399656	0.0	0	173.18697956338292	1304.9074623998313	1	0	1	3.323386893251086
201200.0	3000.0	1104.9074623996612	0.0	0	21.591930926864734	1304.9074623998604	1	0	1	3.3233868932510853
202200.0	3000.0	1104.9074623996864	0.0	0	156.38302650253172	1304.9074623998895	1	0	1	3.3233868932510804
203200.0	3000.0	1104.907462399701	0.0	0	561.557035059057	1304.9074623998895	1	0	1	3.3233868932510804
204200.0	3000.0	1104.9074623997	0.0	0	533.3944810999674	1304.9074623999186	1	0	1	3.3233868932510773
205200.0	3000.0	1104.9074623997258	0.0	0	417.28631588834105	1304.9074623999477	1	0	1	3.3233868932510746
206234.1447593385	3000.0	1070.7627030612387	0.0	0	0.0	1304.9074623999477	1	0	1	3.3233868932510746
207200.0	3000.0	1104.9074623997385	0.0	0	88.25017918812227	1304.9074623999477	1	0	1	3.3233868932510746
208200.0	3000.0	1104.9074623997146	0.0	0	278.5899276509008	1304.9074623999186	1	0	1	3.3233868932510773
209200.0	3000.0	1104.9074623996994	0.0	0	179.95314029959263	1304.9074623999186	1	0	1	3.3233868932510773
210200.0	3000.0	1104.9074623996821	0.0	0	289.3768239581841	1304.9074623999186	1	0	1	3.3233868932510773
211200.0	3000.0	1104.907462399693	0.0	0	81.89042121908278	1304.9074623999186	1	0	1	3.3233868932510773
212200.0	3000.0	1104.9074623996532	0.0	0	419.31879874662263	1304.9074623999477	1	0	1	3.3233868932510746
213200.0	3000.0	1104.9074623996646	0.0	0	168.24005162596586	1304.9074623999477	1	0	1	3.3233868932510746
214225.58401492794	3000.0	1079.3234474717397	0.0	0	0.0	1304.9074623999477	1	0	1	3.3233868932510746
215200.0	3000.0	1104.9074623997244	0.0	0	235.3123791675025	1304.9074623999768	1	0	1	3.3233868932510715
216305.2817700295	3000.0	999.6256923701874	0.0	0	0.0	1304.9074623999768	1	0	1	3.3233868932510715
217200.0	3000.0	1104.9074623997528	0.0	0	118.61356083443388	1304.9074623999768	1	0	1	3.3233868932510715
218200.0	3000.0	1104.907462399774	0.0	0	430.6298533054651	1304.9074623999477	1	0	1	3.3233868932510746
219200.0	3000.0	1104.9074623997938	0.0	0	488.8102439326176	1304.9074623999768	1	0	1	3.3233868932510715
220200.0	3000.0	1104.9074623998285	0.0	0	595.4573551805515	1304.9074623999768	1	0	1	3.3233868932510715
221200.0	3000.0	1104.907462399819	0.0	0	546.9392136919778	1304.9074623999768	1	0	1	3.3233868932510715
222200.0	3000.0	1104.9074623998267	0.0	0	212.9011127880076	1304.9074623999477	1	0	1	3.3233868932510746
223200.0	3000.0	1104.9074623998163	0.0	0	215.25165234558517	1304.9074623999477	1	0	1	3.3233868932510746
224200.0	3000.0	1104.9074623998133	0.0	0	443.75086631136946	1304.9074623999768	1	0	1	3.3233868932510715
225200.0	3000.0	1104.9074623998583	0.0	0	521.0555536941974	1304.9074623999768	1	0	1	3.3233868932510715
226200.0	3000.0	1104.907462399829	0.0	0	496.3780307022389	1304.9074623999768	1	0	1	3.3233868932510715
227200.0	3000.0	1104.9074623998304	0.0	0	357.9183637892711	1304.907462400006	1	0	1	3.3233868932510684
228410.4650159597	3000.0	894.4424464401418	0.0	0	0.0	1304.907462400006	1	0	1	3.3233868932510684
229200.0	3000.0	1104.9074623998492	0.0	0	111.28721277386649	1304.9074623999768	1	0	1	3.3233868932510697
230200.0	3000.0	1104.907462399833	0.0	0	30.215369290817762	1304.9074623999768	1	0	1	3.3233868932510715
231200.0	3000.0	1104.9074623998742	0.0	0	223.04499695659615	1304.907462400006	1	0	1	3.3233868932510684
232200.0	3000.0	1104.9074623998813	0.0	0	252.09940710986848	1304.907462400006	1	0	1	3.3233868932510684
233200.0	3000.0	1104.9074623998747	0.0	0	275.61818262570887	1304.907462400006	1	0	1	3.3233868932510684
234200.0	3000.0	1104.90746239984	0.0	0	347.3668549224676	1304.9074623999768	1	0	1	3.3233868932510715
235200.0	3000.0	1104.907462399845	0.0	0	337.30665612604935	1304.9074623999768	1	0	1	3.3233868932510715
236204.14254302403	3000.0	1100.7649193757884	0.0	0	0.0	1304.9074623999768	1	0	1	3.3233868932510715
237200.0	3000.0	1104.9074623998147	0.0	0	440.9048173786141	1304.9074623999768	1	0	1	3.3233868932510715
238200.0	3000.0	1104.9074623998517	0.0	0	304.6497976317769	1304.907462400006	1	0	1	3.3233868932510684
239304.31299154885	3000.0	1000.5944708509769	0.0	0	0.0	1304.907462400006	1	0	1	3.3233868932510684
240200.0	3000.0	1104.9074623998354	0.0	0	7.001717075821944	1304.907462400035	1	0	1	3.3233868932510675
241200.0	3000.0	1104.9074623998245	0.0	0	163.4154900587746	1304.907462400035	1	0	1	3.3233868932510657
242212.4461854209	3000.0	1092.4612769789055	0.0	0	0.0	1304.907462400006	1	0	1	3.3233868932510666
243210.02187438987	3000.0	1094.88558800995	0.0	0	0.0	1304.9074623999768	1	0	1	3.3233868932510706
244200.0	3000.0	1104.9074623997813	0.0	0	191.85485450344277	1304.9074623999477	1	0	1	3.3233868932510746
245200.0	3000.0	1104.9074623997644	0.0	0	166.258181741694	1304.9074623999477	1	0	1	3.3233868932510746
246200.0	3000.0	1104.9074623997408	0.0	0	156.95112495092326	1304.9074623999477	1	0	1	3.3233868932510746
247200.0	3000.0	1104.90746239973	0.0	0	364.63437741456437	1304.9074623999477	1	0	1	3.3233868932510746
248200.0	3000.0	1104.907462399718	0.0	0	628.9422647330211	1304.9074623999477	1	0	1	3.3233868932510746
249200.0	3000.0	1104.9074623997078	0.0	0	696.3803627809393	1304.9074623999477	1	0	1	3.3233868932510746
250200.0	3000.0	1104.9074623997083	0.0	0	638.781024145399	1304.9074623999477	1	0	1	3.3233868932510746
251340.16310096788	6000.0	964.744361431788	0.0	0	0.0	1304.9074623999477	1	0	1	3.6699604835310473
252200.0	3000.0	1104.9074623996967	0.0	0	278.0766297893133	1304.9074623999477	1	0	1	2.6302397126911297
253884.50524838126	6000.0	420.4022140184708	0.0	0	0.0	1304.9074623999477	1	0	1	3.6699604835310473
254415.08712339058	2000.0	889.8203390091705	0.0	0	0.0	1304.9074623999477	1	0	1	1.6165769424207181
255425.20687012814	3000.0	879.7005922716254	0.0	0	0.0	1304.9074623999768	1	0	1	2.917921785142907
256200.0	3000.0	1104.9074623997894	0.0	0	44.06835093602422	1304.907462400006	1	0	1	3.3233868932510693
257200.0	3000.0	1104.9074623998163	0.0	0	247.0838923449046	1304.907462400006	1	0	1	3.3233868932510684
258200.0	3000.0	1104.9074623998265	0.0	0	193.65845227392856	1304.907462400006	1	0	1	3.3233868932510684
259200.0	3000.0	1104.907462399821	0.0	0	469.64126829610905	1304.9074623999768	1	0	1	3.3233868932510715
260200.0	3000.0	1104.9074623998201	0.0	0	398.6651340016688	1304.9074623999768	1	0	1	3.3233868932510715
261200.0	3000.0	1104.90746239984	0.0	0	475.04265001468593	1304.9074623999768	1	0	1	3.3233868932510715
262200.0	3000.0	1104.9074623998458	0.0	0	206.20707630750258	1304.9074623999768	1	0	1	3.3233868932510715
263200.0	3000.0	1104.90746239989	0.0	0	93.4227409659652	1304.907462400006	1	0	1	3.3233868932510684
264200.0	3000.0	1104.9074623998883	0.0	0	309.97020643693395	1304.9074623999768	1	0	1	3.3233868932510715
265200.0	3000.0	1104.9074623998595	0.0	0	257.6355830723187	1304.9074623999768	1	0	1	3.3233868932510715
266200.0	3000.0	1104.9074623998886	0.0	0	534.4953637907747	1304.9074623999768	1	0	1	3.3233868932510715
267200.0	3000.0	1104.9074623998476	0.0	0	300.39451118011493	1304.9074623999768	1	0	1	3.3233868932510715
268200.0	3000.0	1104.90746239983	0.0	0	394.26320339838276	1304.9074623999768	1	0	1	3.3233868932510715
269200.0	3000.0	1104.907462399872	0.0	0	561.2531591854058	1304.9074623999186	1	0	1	3.3233868932510773
270200.0	3000.0	1104.907462399853	0.0	0	379.8191540737753	1304.9074623999186	1	0	1	3.3233868932510773
271200.0	3000.0	1104.907462399888	0.0	0	475.72586907079676	1304.9074623999186	1	0	1	3.3233868932510773
272200.0	3000.0	1104.9074623999502	0.0	0	483.67915992438793	1304.9074623999768	1	0	1	3.3233868932510715
273883.4510988575	3000.0	421.45636354247466	0.0	0	0.0	1304.9074623999768	1	0	1	3.3233868932510715
274217.70884063997	1000.0	1087.1986217599633	0.0	0	0.0	1304.9074623999768	1	0	1	0.5768561715807968
275368.06676840765	3000.0	936.8406939922289	0.0	0	0.0	1304.9074623999768	1	0	1	2.2247746045829615
276200.0	2000.0	1104.9074623998877	0.0	0	387.15530148579273	1304.9074623999186	1	0	1	2.3097241229806658
277200.0	3000.0	1104.907462399845	0.0	0	561.3509667387116	1304.9074623999186	1	0	1	2.9179217851429127
278200.0	3000.0	1104.9074623998345	0.0	0	357.56570666871266	1304.9074623999186	1	0	1	3.3233868932510773
279200.0	3000.0	1104.9074623998886	0.0	0	487.7063735080883	1304.9074623999768	1	0	1	3.3233868932510715
280200.0	3000.0	1104.9074623999331	0.0	0	709.2232144243317	1304.9074623999768	1	0	1	3.3233868932510715
281200.0	3000.0	1104.9074623999797	0.0	0	541.0055220017675	1304.9074623999768	1	0	1	3.3233868932510715
283132.31264815916	6000.0	228.806466582382	56.21165234159587	0	0.0	1361.1191147415666	1	0	1	3.3304421033878056
283408.81643837056	1000.0	952.3026763709158	0.0	0	0.0	1361.1191147415666	1	0	1	-0.12191217421330702
284200.0	3000.0	1161.119114741437	0.0	0	266.10740780015476	1361.1191147415666	1	0	1	2.219153439348803
285200.8803079092	3000.0	1160.2388068322507	0.0	0	195.37523870618315	1361.1191147415666	1	0	1	3.3177657280169126
286200.0	3000.0	1161.1191147414431	0.0	0	41.94109540520003	1361.1191147416248	1	0	1	3.31776572801691
287335.6881641978	3000.0	1025.4309505437284	0.0	0	0.0	1361.119114741683	1	0	1	3.3177657280169033
288295.8234668836	3000.0	1065.2956478578435	0.0	0	0.0	1361.119114741683	1	0	1	3.3177657280169024
289200.0	3000.0	1161.1191147414677	0.0	0	180.19456636183895	1361.119114741683	1	0	1	3.317765728016901
290200.0	3000.0	1161.1191147414559	0.0	0	98.02460268436698	1361.119114741683	1	0	1	3.317765728016901
291301.3454716097	3000.0	1059.7736431317976	0.0	0	0.0	1361.119114741683	1	0	1	3.317765728016901
292200.0	3000.0	1161.1191147415002	0.0	0	320.5464760735049	1361.119114741683	1	0	1	3.317765728016901
293200.0	3000.0	1161.1191147414652	0.0	0	69.16916091996245	1361.119114741683	1	0	1	3.317765728016901
294200.0	3000.0	1161.119114741435	0.0	0	355.0337256208295	1361.119114741683	1	0	1	3.317765728016901
295200.0	3000.0	1161.1191147413722	0.0	0	434.53669123118743	1361.119114741683	1	0	1	3.317765728016901
296200.0	3000.0	1161.1191147413508	0.0	0	326.4345678514801	1361.1191147416248	1	0	1	3.3177657280169064
297200.0	3000.0	1161.1191147414206	0.0	0	58.731609396694694	1361.1191147417412	1	0	1	3.3177657280168975
298200.0	3000.0	1161.1191147414029	0.0	0	120.79209797875956	1361.119114741683	1	0	1	3.3177657280168975
299200.0	3000.0	1161.1191147414604	0.0	0	558.0840453202254	1361.119114741683	1	0	1	3.317765728016901
300200.0	3000.0	1161.119114741498	0.0	0	320.82308564783307	1361.119114741683	1	0	1	3.317765728016901
301200.0	3000.0	1161.1191147414704	0.0	0	223.3745883704978	1361.119114741683	1	0	1	3.317765728016901
302200.0	3000.0	1161.1191147415313	0.0	0	440.2298242307734	1361.1191147417412	1	0	1	3.317765728016895
303200.0	3000.0	1161.1191147415382	0.0	0	577.0886575406184	1361.1191147417412	1	0	1	3.317765728016895
304200.0	3000.0	1161.1191147415013	0.0	0	364.22601525019854	1361.119114741683	1	0	1	3.317765728016901
305200.0	3000.0	1161.1191147415411	0.0	0	332.7623514686711	1361.119114741683	1	0	1	3.317765728016901
306200.0	3000.0	1161.1191147415782	0.0	0	276.4086240811157	1361.119114741683	1	0	1	3.317765728016901
307200.0	3000.0	1161.1191147416182	0.0	0	224.79234886611812	1361.119114741683	1	0	1	3.317765728016901
308200.0	3000.0	1161.119114741603	0.0	0	136.54958686983446	1361.1191147417412	1	0	1	3.317765728016895
309200.0	3000.0	1161.1191147415993	0.0	0	95.7156164071057	1361.1191147417412	1	0	1	3.317765728016895
310200.0	3000.0	1161.119114741555	0.0	0	235.3415849088924	1361.119114741683	1	0	1	3.317765728016901
311200.0	3000.0	1161.1191147415739	0.0	0	355.9908246556879	1361.119114741683	1	0	1	3.317765728016901
312200.0	3000.0	1161.119114741623	0.0	0	221.04946278501302	1361.1191147417412	1	0	1	3.317765728016895
313200.0	3000.0	1161.1191147415984	0.0	0	358.89020863588667	1361.1191147417412	1	0	1	3.317765728016895
314200.0	3000.0	1161.1191147415748	0.0	0	553.7581063871039	1361.1191147417412	1	0	1	3.317765728016895
315200.0	3000.0	1161.1191147415836	0.0	0	412.4227044743602	1361.1191147417412	1	0	1	3.317765728016895
316200.0	3000.0	1161.1191147416166	0.0	0	224.46176727407146	1361.1191147417412	1	0	1	3.317765728016895
317200.0	3000.0	1161.1191147416366	0.0	0	463.7102205713745	1361.1191147417412	1	0	1	3.317765728016895
318200.0	3000.0	1161.1191147416446	0.0	0	275.81631567678414	1361.1191147417412	1	0	1	3.317765728016895
3.57	5.71	8.21	4.76	4.62	6.09	6.37	8.32	5.03	5.71	7.48	6.14	7.21	3.58	3.65	3.34	3.59	4.44	2.92	1.38	2.28	3.43	3.34	3.87	3.61	4.47	3.71	4.9	3.99	3.42	4.41	4.16	3.64	6.04	6.41	5.28	3.7	4.25	4.81	4.51	3.46	2.25	3.92	5.29	3.45	4.18	3.32	4.3	5.83	7.98	8.03	7.66	4.15	4.34	4.33	4.97	6.01	4.46	2.95	3.36	4.19	3.23	4.83	5.75	5.62	4.18	3.85	4.97	6.39	3.25	3.93	3.82	3.94	2.58	3.38	4.07	4.12	6.45	8.86	8.07	8.04	5.21	5.43	5.75	4.12	4.34	3.23	3.92	4.38	5.09	6.56	4.51	3.44	3.47	4.21	4.34	4.78	5.87	4.55	5.46	5.76	7.21	6.5	2.39	2.31	2.86	4.47	6.55	5.24	6.73	9.23	10.5	4.69	3.19	5.24	5.87	2.92	2.97	3.41	4.03	3.95	3.26	3.97	3.61	5.06	7.41	6.33	2.46	3.66	5.75	4.22	4.66	6.52	5.51	6.59	6.16	3.76	4.6	3.06	2.21	4.17	3.68	4.19	4.69	6.3	6.37	4.6	4.73	4.63	5.04	3.57	5.71	8.21	4.76	4.62	6.09	6.37	8.32	5.03	5.71	7.48	6.14	7.21	3.58	3.65	3.34	3.59	4.44	2.92	1.38	2.28	3.43	3.34	3.87	3.61	4.47	3.71	4.9	3.99	3.42	4.41	4.16	3.64	6.04	6.41	5.28	3.7	4.25	4.81	4.51	3.46	2.25	3.92	5.29	3.45	4.18	3.32	4.3	5.83	7.98	8.03	7.66	4.15	4.34	4.33	4.97	6.01	4.46	2.95	3.36	4.19	3.23	4.83	5.75	5.62	4.18	3.85	4.97	6.39	3.25	3.93	3.82	3.94	2.58	3.38	4.07	4.12	6.45	8.86	8.07	8.04	5.21	5.43	5.75	4.12	4.34	3.23	3.92	4.38	5.09	6.56	4.51	3.44	3.47	4.21	4.34	4.78	5.87	4.55	5.46	5.76	7.21	6.5	2.39	2.31	2.86	4.47	6.55	5.24	6.73	9.23	10.5	4.69	3.19	5.24	5.87	2.92	2.97	3.41	4.03	3.95	3.26	3.97	3.61	5.06	7.41	6.33	2.46	3.66	5.75	4.22	4.66	6.52	5.51	6.59	6.16	3.76	4.6	3.06	2.21	4.17	3.68	4.19	4.69	6.3	6.37	4.6	4.73	4.63	5.04	3.57	5.71	8.21	4.76	4.62	6.09	6.37	8.32	5.03	5.71	7.48	6.14	7.21	3.58	3.65	3.34	3.59	4.44	2.92	1.38
1.0	2.0	3.0	4.0	5.0	6.0	7.0	8.0	9.0	10.0	11.0	12.0	13.0	14.0	15.0	16.0	17.0	18.0	19.0	20.0	21.0	22.0	23.0	24.0	25.0	26.0	27.0	28.0	29.0	30.0	31.0	32.0	33.0	34.0	35.0	36.0	37.0	38.0	39.0	40.0	41.0	42.0	43.0	44.0	45.0	46.0	47.0	48.0	49.0	50.0	51.0	52.0	53.0	54.0	55.0	56.0	57.0	58.0	59.0	60.0	61.0	62.0	63.0	64.0	65.0	66.0	67.0	68.0	69.0	70.0	71.0	72.0	73.0	74.0	75.0	76.0	77.0	78.0	79.0	80.0	81.0	82.0	83.0	84.0	85.0	86.0	87.0	88.0	89.0	90.0	91.0	92.0	93.0	94.0	95.0	96.0	97.0	98.0	99.0	100.0	101.0	102.0	103.0	104.0	105.0	106.0	107.0	108.0	109.0	110.0	111.0	112.0	113.0	114.0	115.0	116.0	117.0	118.0	119.0	120.0	121.0	122.0	123.0	124.0	125.0	126.0	127.0	128.0	129.0	130.0	131.0	132.0	133.0	134.0	135.0	136.0	137.0	138.0	139.0	140.0	141.0	142.0	143.0	144.0	145.0	146.0	147.0	148.0	149.0	149.0	150.0	151.0	152.0	153.0	154.0	155.0	156.0	157.0	158.0	159.0	160.0	161.0	162.0	163.0	164.0	165.0	166.0	167.0	168.0	169.0	170.0	171.0	172.0	173.0	174.0	175.0	176.0	177.0	178.0	179.0	180.0	181.0	182.0	183.0	184.0	185.0	186.0	187.0	188.0	189.0	190.0	191.0	192.0	193.0	194.0	195.0	196.0	197.0	198.0	199.0	200.0	201.0	202.0	203.0	204.0	205.0	206.0	207.0	208.0	209.0	210.0	211.0	212.0	213.0	214.0	215.0	216.0	217.0	218.0	219.0	220.0	221.0	222.0	223.0	224.0	225.0	226.0	227.0	228.0	229.0	230.0	231.0	232.0	233.0	234.0	235.0	236.0	237.0	238.0	239.0	240.0	241.0	242.0	243.0	244.0	245.0	246.0	247.0	248.0	249.0	250.0	251.0	252.0	253.0	254.0	255.0	256.0	257.0	258.0	259.0	260.0	261.0	262.0	263.0	264.0	265.0	266.0	267.0	268.0	269.0	270.0	271.0	272.0	273.0	274.0	275.0	276.0	277.0	278.0	279.0	280.0	281.0	282.0	283.0	284.0	285.0	286.0	287.0	288.0	289.0	290.0	291.0	292.0	293.0	294.0	295.0	296.0	297.0	298.0	298.0	299.0	300.0	301.0	302.0	303.0	304.0	305.0	306.0	307.0	308.0	309.0	310.0	311.0	312.0	313.0	314.0	315.0	316.0	317.0	318.0
2113.832401129437
