2603.4953661180593	300.0	2000.0	262.2544098938608	0	0.0	2603.4953661180593	1	0	1	-1.8276241847719943
5200.0	1000.0	520.6741531412583	197.43104831023467	0	69.21969068794624	720.674153141259	1	0	2	-1.057056455348885
6200.0	300.0	2620.674153141257	0.0	0	792.6714412848669	2820.674153141258	1	0	0	-1.8820402196400623
9548.674928328826	2000.0	235.04070144566077	89.00815406010278	0	0.0	783.7156297744878	1	0	2	-0.2673481477594306
10200.0	300.0	2648.848136941603	0.0	0	443.1769212160325	2848.848136941603	1	0	0	-2.5787110801118596
13231.60962537499	2000.0	514.0775490291132	0.0	0	0.0	745.6871744041036	1	0	2	0.27152209630585866
14200.0	500.0	2642.5262118666046	0.0	0	555.0028141369512	2842.5262118666014	1	0	0	-1.3003626762875575
17527.490085402307	2000.0	253.77181602041568	64.98608917849518	0	0.0	781.2619014227239	1	0	2	0.3879759604509203
18200.0	300.0	2648.5128928824934	0.0	0	446.81968661589053	2848.5128928824943	1	0	0	-2.578615558127647
21200.0	2000.0	548.5128928824905	0.0	0	164.28234656594577	748.5128928824888	1	0	2	0.27077500118382336
22200.0	500.0	2648.5128928824934	0.0	0	784.4776938521063	2848.512892882485	1	0	0	-1.3009072147591534
25200.0	2000.0	548.5128928824947	0.0	0	276.33711665263763	748.5128928824888	1	0	2	0.7807858507195957
26200.0	500.0	2648.512892882497	0.0	0	765.2100363152313	2848.512892882485	1	0	0	-1.3009072147591534
30290.7287192032	3000.0	200.0	773.8988165827466	0	0.0	1490.7287192031908	1	0	2	-3.716111584779871
30535.559735535953	300.0	955.1689836672487	0.0	0	0.0	1490.7287192031908	1	0	1	-2.6516579649143655
31200.0	1000.0	1290.7287192032027	0.0	0	143.55918033212947	1490.7287192031908	1	0	1	0.452913530242649
32200.0	1000.0	1290.728719203204	0.0	0	392.3561496025941	1490.7287192031908	1	0	1	1.6568863345685854
33200.0	1000.0	1290.7287192032102	0.0	0	316.61545158970694	1490.7287192031981	1	0	1	1.6568863345685851
34200.0	1000.0	1290.7287192032072	0.0	0	422.1994293955213	1490.7287192031945	1	0	1	1.6568863345685845
35548.75650507174	1000.0	941.9722141314802	0.0	0	0.0	1490.7287192032018	1	0	1	1.656886334568584
36513.55236498724	1000.0	977.1763542159783	0.0	0	0.0	1490.7287192032018	1	0	1	1.656886334568584
37389.06205546438	1000.0	1101.6666637388344	0.0	0	0.0	1490.728719203209	1	0	1	1.6568863345685834
38516.071329280756	1000.0	974.6573899224657	0.0	0	0.0	1490.728719203209	1	0	1	1.6568863345685834
39200.0	500.0	1290.7287192032302	0.0	0	242.08735606839764	1490.728719203209	1	0	1	-0.07598161683128007
40200.0	1000.0	1290.7287192032331	0.0	0	175.4094452725185	1490.728719203209	1	0	1	0.963739154008638
41240.49750327969	1000.0	1250.2312159235482	0.0	0	23.01649978954083	1490.728719203209	1	0	1	1.6568863345685834
42638.635727396635	1000.0	852.0929918065943	0.0	0	0.0	1490.728719203209	1	0	1	1.656886334568584
43200.0	500.0	1290.728719203236	0.0	0	289.98956623707636	1490.728719203209	1	0	1	-0.07598161683128007
44200.0	1000.0	1290.7287192032381	0.0	0	519.8551888999573	1490.728719203209	1	0	1	0.963739154008638
45200.0	1000.0	1290.7287192032393	0.0	0	295.7975766718082	1490.728719203209	1	0	1	1.6568863345685834
46200.0	1000.0	1290.7287192032425	0.0	0	220.67229616078112	1490.728719203209	1	0	1	1.6568863345685834
47341.743383034394	1000.0	1148.985336168846	0.0	0	0.0	1490.7287192032163	1	0	1	1.6568863345685827
48504.287698201304	1000.0	986.4410210019369	0.0	0	0.0	1490.7287192032163	1	0	1	1.6568863345685827
49541.07365018111	1000.0	949.6550690221245	0.0	0	0.0	1490.7287192032163	1	0	1	1.6568863345685827
50200.0	500.0	1290.7287192032377	0.0	0	332.90444510621455	1490.7287192032163	1	0	1	-0.07598161683128081
51200.0	1000.0	1290.7287192032372	0.0	0	413.66989409426606	1490.7287192032163	1	0	1	0.9637391540086373
52200.0	1000.0	1290.7287192032445	0.0	0	478.87040614286525	1490.7287192032236	1	0	1	1.6568863345685818
53200.0	1000.0	1290.7287192032406	0.0	0	611.9429741140484	1490.7287192032236	1	0	1	1.6568863345685818
54200.0	1000.0	1290.7287192032377	0.0	0	170.8290703340972	1490.7287192032236	1	0	1	1.6568863345685818
55200.0	1000.0	1290.7287192032366	0.0	0	325.4485422800208	1490.7287192032236	1	0	1	1.6568863345685818
56200.0	1000.0	1290.7287192032302	0.0	0	616.063100358544	1490.7287192032236	1	0	1	1.6568863345685818
57200.0	1000.0	1290.7287192032386	0.0	0	622.9554470740841	1490.7287192032236	1	0	1	1.6568863345685818
58200.0	1000.0	1290.728719203247	0.0	0	189.35029349727847	1490.7287192032236	1	0	1	1.6568863345685818
59200.0	1000.0	1290.7287192032484	0.0	0	58.14986008043343	1490.7287192032236	1	0	1	1.6568863345685818
60200.0	1000.0	1290.7287192032493	0.0	0	515.8697688243919	1490.7287192032236	1	0	1	1.6568863345685818
61200.0	1000.0	1290.7287192032509	0.0	0	578.8981364084757	1490.7287192032236	1	0	1	1.6568863345685818
62200.0	1000.0	1290.728719203258	0.0	0	601.1062572770825	1490.7287192032309	1	0	1	1.6568863345685814
63200.0	1000.0	1290.7287192032572	0.0	0	283.17109734506084	1490.7287192032381	1	0	1	1.6568863345685805
64200.0	1000.0	1290.7287192032595	0.0	0	381.18376699495275	1490.7287192032381	1	0	1	1.6568863345685805
65200.0	1000.0	1290.7287192032613	0.0	0	326.22496178055735	1490.7287192032454	1	0	1	1.6568863345685796
66200.0	1000.0	1290.7287192032652	0.0	0	86.17710413591703	1490.7287192032527	1	0	1	1.6568863345685794
67200.0	1000.0	1290.7287192032827	0.0	0	132.51252350951836	1490.7287192032672	1	0	1	1.6568863345685778
68200.0	1000.0	1290.728719203286	0.0	0	457.9405501662404	1490.7287192032672	1	0	1	1.6568863345685774
69200.0	1000.0	1290.7287192032975	0.0	0	341.1572564014932	1490.7287192032672	1	0	1	1.6568863345685774
70200.0	1000.0	1290.7287192033034	0.0	0	425.95672704100434	1490.7287192032672	1	0	1	1.6568863345685774
71200.0	1000.0	1290.7287192033045	0.0	0	542.6572671838512	1490.7287192032672	1	0	1	1.6568863345685774
72200.0	1000.0	1290.7287192033143	0.0	0	251.99008596682688	1490.7287192032672	1	0	1	1.6568863345685774
73200.0	1000.0	1290.7287192033064	0.0	0	313.754155904855	1490.7287192032818	1	0	1	1.6568863345685765
74655.36745123997	1000.0	835.36126796333	0.0	0	0.0	1490.7287192032818	1	0	1	1.656886334568576
75431.74155899127	500.0	1058.9871602120397	0.0	0	0.0	1490.7287192032818	1	0	1	-0.07598161683128746
76200.0	500.0	1290.7287192033045	0.0	0	368.62378080395865	1490.7287192032672	1	0	1	0.6171655637286595
77200.0	500.0	1290.7287192032875	0.0	0	509.75031394061807	1490.7287192032527	1	0	1	0.6171655637286609
78200.0	500.0	1290.728719203287	0.0	0	568.9031533419475	1490.7287192032381	1	0	1	0.6171655637286618
79200.0	500.0	1290.7287192032854	0.0	0	472.63110963293	1490.7287192032381	1	0	1	0.6171655637286624
80200.0	500.0	1290.7287192032843	0.0	0	469.099614765335	1490.7287192032381	1	0	1	0.6171655637286624
81200.0	1000.0	1290.7287192032852	0.0	0	326.90695174566645	1490.7287192032381	1	0	1	0.9637391540086351
82200.0	1000.0	1290.7287192032693	0.0	0	112.69494899171696	1490.7287192032381	1	0	1	1.6568863345685805
83200.0	1000.0	1290.7287192032593	0.0	0	74.58644745094352	1490.7287192032381	1	0	1	1.6568863345685805
84200.0	1000.0	1290.7287192032495	0.0	0	139.56621323050058	1490.7287192032381	1	0	1	1.6568863345685805
85200.0	1000.0	1290.7287192032547	0.0	0	126.4912817140139	1490.7287192032381	1	0	1	1.6568863345685805
86200.0	1000.0	1290.7287192032443	0.0	0	277.8286288611125	1490.7287192032381	1	0	1	1.6568863345685805
87200.0	1000.0	1290.728719203238	0.0	0	203.05893124513386	1490.7287192032381	1	0	1	1.6568863345685805
88331.19711377227	1000.0	1159.5316054309535	0.0	0	0.0	1490.7287192032381	1	0	1	1.6568863345685805
89200.0	1000.0	1290.7287192032225	0.0	0	344.9660000427393	1490.7287192032381	1	0	1	1.6568863345685805
90200.0	1000.0	1290.7287192032143	0.0	0	451.00364707761037	1490.7287192032381	1	0	1	1.6568863345685805
91200.0	1000.0	1290.7287192032124	0.0	0	427.1150540510862	1490.7287192032381	1	0	1	1.6568863345685805
92200.0	1000.0	1290.728719203209	0.0	0	101.46928133480833	1490.7287192032527	1	0	1	1.6568863345685791
93200.0	1000.0	1290.7287192031868	0.0	0	290.73252505883283	1490.7287192032527	1	0	1	1.6568863345685791
94488.76445558172	1000.0	1001.9642636214622	0.0	0	0.0	1490.7287192032527	1	0	1	1.6568863345685791
95468.06712384953	1000.0	1022.6615953536423	0.0	0	0.0	1490.7287192032381	1	0	1	1.6568863345685805
96738.48633841731	1000.0	752.2423807858665	0.0	0	0.0	1490.7287192032381	1	0	1	1.6568863345685805
97200.0	500.0	1290.7287192031497	0.0	0	118.24468810453254	1490.7287192032381	1	0	1	-0.07598161683128302
98200.0	1000.0	1290.728719203161	0.0	0	263.4132281290804	1490.7287192032527	1	0	1	0.9637391540086337
99200.0	1000.0	1290.7287192031667	0.0	0	361.39513878905564	1490.7287192032527	1	0	1	1.6568863345685791
100200.0	1000.0	1290.7287192031533	0.0	0	433.4238851807895	1490.7287192032672	1	0	1	1.6568863345685774
101200.0	1000.0	1290.7287192031372	0.0	0	575.9530368226988	1490.7287192032672	1	0	1	1.6568863345685774
102200.0	1000.0	1290.728719203149	0.0	0	237.64399098472495	1490.7287192032672	1	0	1	1.6568863345685774
103200.0	1000.0	1290.7287192031456	0.0	0	172.940718044003	1490.7287192032672	1	0	1	1.6568863345685774
104200.0	1000.0	1290.7287192031488	0.0	0	94.02177294864669	1490.7287192032672	1	0	1	1.6568863345685774
105200.0	1000.0	1290.7287192031652	0.0	0	129.5307426481886	1490.7287192032672	1	0	1	1.6568863345685774
106223.03258840258	1000.0	1267.6961308005841	0.0	0	0.0	1490.7287192032672	1	0	1	1.6568863345685774
107207.20272823995	1000.0	1283.525990963222	0.0	0	0.0	1490.7287192032672	1	0	1	1.6568863345685774
108200.0	1000.0	1290.7287192031688	0.0	0	214.6485287455871	1490.7287192032672	1	0	1	1.6568863345685774
109200.0	1000.0	1290.7287192031706	0.0	0	242.41581260455132	1490.7287192032672	1	0	1	1.6568863345685774
110200.0	1000.0	1290.7287192031752	0.0	0	369.9043812211603	1490.7287192032818	1	0	1	1.656886334568576
111200.0	1000.0	1290.7287192031813	0.0	0	26.06112022063462	1490.7287192032818	1	0	1	1.656886334568576
112212.2307401496	1000.0	1278.4979790535742	0.0	0	0.0	1490.7287192032818	1	0	1	1.656886334568576
113203.08169126694	1000.0	1287.6470279362304	0.0	0	0.0	1490.7287192032818	1	0	1	1.656886334568576
114200.0	1000.0	1290.728719203157	0.0	0	271.671028591154	1490.7287192032818	1	0	1	1.656886334568576
115200.0	1000.0	1290.7287192031822	0.0	0	367.4962932819326	1490.7287192032818	1	0	1	1.656886334568576
116200.0	1000.0	1290.7287192031986	0.0	0	219.5754174136382	1490.7287192032964	1	0	1	1.6568863345685747
117272.63337056423	1000.0	1218.0953486389803	0.0	0	0.0	1490.7287192032818	1	0	1	1.656886334568576
118200.0	1000.0	1290.7287192031947	0.0	0	227.4845700346341	1490.7287192032818	1	0	1	1.656886334568576
119200.0	1000.0	1290.7287192032034	0.0	0	154.0774787251139	1490.7287192032964	1	0	1	1.6568863345685747
120281.20906421758	1000.0	1209.5196549856175	0.0	0	0.0	1490.7287192032964	1	0	1	1.6568863345685747
121200.0	1000.0	1290.7287192032054	0.0	0	225.54495046728698	1490.728719203311	1	0	1	1.6568863345685734
122200.0	1000.0	1290.7287192032015	0.0	0	294.30335377759184	1490.728719203311	1	0	1	1.6568863345685734
123200.0	1000.0	1290.7287192032018	0.0	0	352.49652297723514	1490.7287192033255	1	0	1	1.6568863345685716
124842.62593114589	1000.0	648.1027880573154	0.0	0	0.0	1490.7287192033255	1	0	1	1.6568863345685716
125732.98415188871	500.0	757.7445673144997	0.0	0	0.0	1490.728719203311	1	0	1	-0.0759816168312904
126200.0	500.0	1290.7287192031927	0.0	0	161.77818733536697	1490.728719203311	1	0	1	0.617165563728655
127200.0	500.0	1290.7287192031959	0.0	0	619.6044037935935	1490.728719203311	1	0	1	0.617165563728655
128200.0	500.0	1290.7287192031965	0.0	0	375.1597865379008	1490.728719203311	1	0	1	0.617165563728655
129200.0	500.0	1290.728719203186	0.0	0	596.9459489714209	1490.728719203311	1	0	1	0.617165563728655
130277.07508183866	1000.0	1213.6536373645176	0.0	0	0.0	1490.728719203311	1	0	1	0.963739154008628
131200.0	500.0	1290.7287192031843	0.0	0	242.96385658177314	1490.728719203311	1	0	1	-0.0759816168312904
132200.0	500.0	1290.728719203168	0.0	0	250.07573007576866	1490.7287192032818	1	0	1	0.6171655637286566
133200.0	500.0	1290.7287192031563	0.0	0	472.5192987352784	1490.7287192032381	1	0	1	0.6171655637286613
134200.0	500.0	1290.728719203126	0.0	0	387.207761171303	1490.72871920318	1	0	1	0.6171655637286677
135200.0	500.0	1290.728719203079	0.0	0	491.5952292146394	1490.72871920318	1	0	1	0.6171655637286683
136200.0	500.0	1290.7287192030935	0.0	0	720.1235251202015	1490.72871920318	1	0	1	0.6171655637286683
137200.0	1000.0	1290.7287192031336	0.0	0	405.92631158899167	1490.728719203209	1	0	1	0.9637391540086391
138200.0	1000.0	1290.7287192031285	0.0	0	230.6027551369334	1490.72871920318	1	0	1	1.6568863345685862
139220.1475563064	1000.0	1270.5811628967163	0.0	0	0.0	1490.72871920318	1	0	1	1.6568863345685862
140200.0	1000.0	1290.728719203087	0.0	0	56.81722819173592	1490.72871920318	1	0	1	1.6568863345685862
141200.0	1000.0	1290.7287192030903	0.0	0	33.51218443666585	1490.72871920318	1	0	1	1.6568863345685862
142200.0	500.0	1290.7287192030974	0.0	0	361.17287607330945	1490.7287192031508	1	0	1	-0.07598161683127434
143200.0	500.0	1290.728719203101	0.0	0	519.0295055722236	1490.7287192031508	1	0	1	0.6171655637286712
144200.0	500.0	1290.7287192030788	0.0	0	403.5689438606787	1490.7287192031508	1	0	1	0.6171655637286712
145200.0	500.0	1290.7287192030626	0.0	0	616.1619705481571	1490.7287192031217	1	0	1	0.6171655637286728
146200.0	1000.0	1290.7287192030867	0.0	0	390.46748437857605	1490.7287192031508	1	0	1	0.963739154008645
147200.0	1000.0	1290.72871920308	0.0	0	185.33504039043328	1490.7287192031217	1	0	1	1.6568863345685922
148200.0	1000.0	1290.7287192030715	0.0	0	538.3999108681164	1490.7287192031217	1	0	1	1.6568863345685922
149200.0	1000.0	1290.728719203101	0.0	0	563.2549637829361	1490.7287192031217	1	0	1	1.6568863345685922
150200.0	1000.0	1290.7287192030842	0.0	0	145.45605448479182	1490.7287192030926	1	0	1	1.656886334568595
151200.0	1000.0	1290.7287192030892	0.0	0	262.51878760234104	1490.7287192030926	1	0	1	1.656886334568595
152260.0053600396	1000.0	1230.7233591635172	0.0	0	0.0	1490.7287192030926	1	0	1	1.656886334568595
153200.0	1000.0	1290.728719203085	0.0	0	38.40141987905372	1490.7287192030926	1	0	1	1.656886334568595
154200.0	1000.0	1290.7287192030858	0.0	0	363.59775465138955	1490.7287192030926	1	0	1	1.656886334568595
155200.0	1000.0	1290.7287192030744	0.0	0	429.3218155030918	1490.7287192030635	1	0	1	1.656886334568598
156200.0	1000.0	1290.7287192030988	0.0	0	75.33192265822436	1490.7287192030926	1	0	1	1.656886334568595
157200.0	1000.0	1290.7287192030926	0.0	0	235.19415109060355	1490.7287192030926	1	0	1	1.656886334568595
158200.0	1000.0	1290.728719203094	0.0	0	408.10543443923234	1490.7287192031217	1	0	1	1.6568863345685922
159200.0	1000.0	1290.7287192030863	0.0	0	54.40401350450702	1490.7287192031217	1	0	1	1.6568863345685922
160200.0	1000.0	1290.7287192031006	0.0	0	144.48902407012065	1490.7287192031217	1	0	1	1.6568863345685922
161200.0	1000.0	1290.7287192030747	0.0	0	104.31978907703888	1490.7287192031217	1	0	1	1.6568863345685922
162200.0	1000.0	1290.72871920307	0.0	0	21.474938447063323	1490.7287192031217	1	0	1	1.6568863345685922
163200.0	1000.0	1290.7287192030442	0.0	0	83.96825250066468	1490.7287192031217	1	0	1	1.6568863345685922
164200.0	1000.0	1290.7287192030335	0.0	0	236.89510455643176	1490.7287192031217	1	0	1	1.6568863345685922
165236.20351545783	1000.0	1254.5252037451842	0.0	0	0.0	1490.7287192031217	1	0	1	1.6568863345685922
166200.0	1000.0	1290.7287192030421	0.0	0	252.44526376729482	1490.7287192031217	1	0	1	1.6568863345685922
167200.0	1000.0	1290.7287192030137	0.0	0	370.7878824749496	1490.7287192031217	1	0	1	1.6568863345685922
168200.0	1000.0	1290.7287192029903	0.0	0	322.66618982559885	1490.7287192030926	1	0	1	1.656886334568595
169200.0	1000.0	1290.7287192029653	0.0	0	303.0471125335316	1490.7287192030926	1	0	1	1.656886334568595
170200.0	1000.0	1290.7287192029462	0.0	0	367.7048302501498	1490.7287192030635	1	0	1	1.6568863345685974
171200.0	1000.0	1290.7287192029573	0.0	0	522.4432718986645	1490.7287192030926	1	0	1	1.656886334568595
172200.0	1000.0	1290.7287192029364	0.0	0	343.6515523788694	1490.7287192030926	1	0	1	1.656886334568595
173200.0	1000.0	1290.7287192029273	0.0	0	104.6526445284835	1490.7287192030926	1	0	1	1.656886334568595
174200.0	1000.0	1290.7287192029232	0.0	0	381.82632647213177	1490.7287192030635	1	0	1	1.656886334568598
175200.0	1000.0	1290.728719202944	0.0	0	538.4045866320957	1490.7287192030344	1	0	1	1.656886334568601
176200.0	1000.0	1290.7287192029303	0.0	0	666.9038425391191	1490.7287192030635	1	0	1	1.656886334568598
177200.0	1000.0	1290.7287192029064	0.0	0	505.66343835857697	1490.7287192030635	1	0	1	1.656886334568598
178200.0	2000.0	1290.7287192029225	0.0	0	53.599867008510046	1490.7287192030635	1	0	1	2.0034599248485705
179494.52586241113	2000.0	996.202856791789	0.0	0	0.0	1490.7287192030635	1	0	1	2.6966071054085154
180200.0	1000.0	1290.7287192029223	0.0	0	153.6848657798837	1490.7287192030635	1	0	1	0.9637391540086528
181200.0	2000.0	1290.7287192029282	0.0	0	264.4626749693416	1490.7287192030926	1	0	1	2.003459924848568
182200.0	1000.0	1290.728719202907	0.0	0	313.904675118014	1490.7287192030635	1	0	1	0.9637391540086528
183200.0	1000.0	1290.7287192028987	0.0	0	182.83036259340588	1490.7287192030635	1	0	1	1.656886334568598
184200.0	1000.0	1290.7287192028862	0.0	0	273.1086448918795	1490.7287192030635	1	0	1	1.656886334568598
185479.90862308966	1000.0	1010.8200961132459	0.0	0	0.0	1490.7287192030635	1	0	1	1.656886334568598
186377.39840710568	1000.0	1113.3303120972657	0.0	0	0.0	1490.7287192030635	1	0	1	1.656886334568598
187260.41949300503	1000.0	1230.3092261978832	0.0	0	0.0	1490.7287192030635	1	0	1	1.656886334568598
188200.0	1000.0	1290.728719202909	0.0	0	224.0659367138869	1490.7287192030635	1	0	1	1.656886334568598
189200.0	1000.0	1290.7287192029264	0.0	0	221.29926115114358	1490.7287192030635	1	0	1	1.656886334568598
190506.5197129983	1000.0	984.2090062045852	0.0	0	0.0	1490.7287192030053	1	0	1	1.6568863345686031
191200.0	500.0	1290.728719202896	0.0	0	251.7423757406359	1490.7287192030053	1	0	1	-0.07598161683125972
192200.0	1000.0	1290.7287192028773	0.0	0	372.6927127929521	1490.7287192030053	1	0	1	0.9637391540086584
193200.0	1000.0	1290.7287192028853	0.0	0	580.4740232219337	1490.7287192030053	1	0	1	1.6568863345686038
194200.0	1000.0	1290.7287192028734	0.0	0	449.09163453409565	1490.7287192030053	1	0	1	1.6568863345686038
195229.6617618263	1000.0	1261.06695737655	0.0	0	0.0	1490.7287192029762	1	0	1	1.6568863345686067
196807.0376751625	1000.0	683.6910440403562	0.0	0	0.0	1490.7287192029762	1	0	1	1.6568863345686067
197232.49427936546	500.0	1258.234439837392	0.0	0	0.0	1490.7287192029762	1	0	1	-0.07598161683125691
198251.0474160957	1000.0	1239.6813031071213	0.0	0	0.0	1490.7287192029762	1	0	1	0.9637391540086613
199200.0	1000.0	1290.728719202827	0.0	0	307.44750491023296	1490.7287192029762	1	0	1	1.6568863345686067
200200.0	1000.0	1290.728719202869	0.0	0	302.5207282412157	1490.7287192029762	1	0	1	1.6568863345686067
201200.0	1000.0	1290.7287192028787	0.0	0	575.4578759889409	1490.7287192030053	1	0	1	1.656886334568605
202200.0	1000.0	1290.7287192028793	0.0	0	353.51173062535236	1490.7287192030053	1	0	1	1.6568863345686038
203200.0	1000.0	1290.7287192029048	0.0	0	12.029283553594723	1490.7287192029762	1	0	1	1.6568863345686067
204200.0	1000.0	1290.7287192029169	0.0	0	370.8195155527792	1490.7287192029762	1	0	1	1.6568863345686067
205200.0	1000.0	1290.7287192029246	0.0	0	502.1011037713324	1490.7287192029762	1	0	1	1.6568863345686067
206200.0	1000.0	1290.728719202917	0.0	0	464.520601646509	1490.7287192029762	1	0	1	1.6568863345686056
207200.0	1000.0	1290.7287192029094	0.0	0	479.7577630816668	1490.7287192029762	1	0	1	1.6568863345686067
208200.0	1000.0	1290.7287192028991	0.0	0	160.39702228477108	1490.7287192029762	1	0	1	1.6568863345686067
209200.0	1000.0	1290.728719202885	0.0	0	443.0418215779355	1490.7287192029762	1	0	1	1.6568863345686067
210200.0	1000.0	1290.7287192028841	0.0	0	680.165945304645	1490.728719202947	1	0	1	1.6568863345686098
211200.0	1000.0	1290.7287192028869	0.0	0	595.0118756377778	1490.728719202918	1	0	1	1.6568863345686113
212200.0	1000.0	1290.7287192028896	0.0	0	351.7125181462616	1490.728719202918	1	0	1	1.6568863345686138
213200.0	1000.0	1290.728719202872	0.0	0	339.72584174835356	1490.728719202918	1	0	1	1.6568863345686125
214496.3683102543	1000.0	994.3604089485833	0.0	0	0.0	1490.7287192029762	1	0	1	1.6568863345686073
215336.63323466812	1000.0	1154.0954845347421	0.0	0	0.0	1490.728719202947	1	0	1	1.6568863345686098
216200.0	1000.0	1290.7287192028698	0.0	0	178.55044862814248	1490.728719202947	1	0	1	1.6568863345686098
217200.0	1000.0	1290.72871920286	0.0	0	465.3282876839803	1490.728719202947	1	0	1	1.6568863345686098
218200.0	1000.0	1290.7287192028678	0.0	0	343.76457966069574	1490.728719202918	1	0	1	1.6568863345686125
219200.0	1000.0	1290.728719202881	0.0	0	552.5742587959976	1490.728719202918	1	0	1	1.6568863345686125
220200.0	1000.0	1290.7287192028364	0.0	0	328.5103012021573	1490.728719202918	1	0	1	1.6568863345686125
221200.0	1000.0	1290.72871920284	0.0	0	288.943837946048	1490.728719202918	1	0	1	1.6568863345686125
222200.0	1000.0	1290.7287192028261	0.0	0	263.9978754441254	1490.728719202918	1	0	1	1.6568863345686125
223324.0399634443	1000.0	1166.6887557585385	0.0	0	0.0	1490.728719202889	1	0	1	1.6568863345686151
224727.7389785988	1000.0	762.9897406040335	0.0	0	0.0	1490.728719202918	1	0	1	1.6568863345686125
225200.0	500.0	1290.7287192028166	0.0	0	80.3324682219245	1490.728719202918	1	0	1	-0.07598161683125103
226247.38956652323	1000.0	1243.3391526796047	0.0	0	0.0	1490.728719202918	1	0	1	0.963739154008667
227200.0	500.0	1290.7287192028464	0.0	0	492.9505552223709	1490.728719202947	1	0	1	-0.07598161683125394
228200.0	500.0	1290.7287192028518	0.0	0	479.53502428377396	1490.7287192029762	1	0	1	0.6171655637286886
229200.0	1000.0	1290.7287192028418	0.0	0	174.48390227128402	1490.7287192029762	1	0	1	0.9637391540086613
230200.0	1000.0	1290.728719202847	0.0	0	62.67805374370073	1490.728719202947	1	0	1	1.6568863345686098
231433.87641480094	1000.0	1056.852304401898	0.0	0	0.0	1490.728719202947	1	0	1	1.6568863345686098
232200.0	500.0	1290.728719202855	0.0	0	350.4836391855497	1490.728719202947	1	0	1	-0.07598161683125394
233200.0	1000.0	1290.7287192028764	0.0	0	329.15031063481	1490.728719202947	1	0	1	0.9637391540086643
234200.0	1000.0	1290.7287192028662	0.0	0	341.2979647027969	1490.7287192029762	1	0	1	1.6568863345686067
235200.0	1000.0	1290.7287192028498	0.0	0	49.97742976574227	1490.7287192029762	1	0	1	1.6568863345686067
236200.0	1000.0	1290.7287192028327	0.0	0	334.09993716698955	1490.728719202947	1	0	1	1.6568863345686085
237200.0	1000.0	1290.728719202791	0.0	0	52.24383164852043	1490.728719202947	1	0	1	1.6568863345686098
238200.0	1000.0	1290.7287192027839	0.0	0	344.409869575029	1490.728719202947	1	0	1	1.6568863345686098
239200.0	1000.0	1290.7287192027936	0.0	0	635.2148880993191	1490.7287192029762	1	0	1	1.6568863345686067
240200.0	1000.0	1290.7287192027836	0.0	0	511.5177674112492	1490.7287192029762	1	0	1	1.6568863345686067
241200.0	1000.0	1290.7287192027768	0.0	0	425.5815197271004	1490.7287192029762	1	0	1	1.6568863345686067
242200.0	1000.0	1290.7287192027723	0.0	0	256.7965468643233	1490.7287192029762	1	0	1	1.6568863345686067
243200.0	1000.0	1290.7287192027652	0.0	0	152.4200335588248	1490.7287192029762	1	0	1	1.6568863345686067
244254.7900056505	1000.0	1235.938713552284	0.0	0	0.0	1490.7287192030053	1	0	1	1.6568863345686038
245585.62249115985	1000.0	905.1062280429056	0.0	0	0.0	1490.7287192030053	1	0	1	1.6568863345686038
246200.0	500.0	1290.7287192027516	0.0	0	151.30896824854426	1490.7287192030053	1	0	1	-0.07598161683125972
247200.0	1000.0	1290.7287192027459	0.0	0	178.07861194742145	1490.7287192030344	1	0	1	0.9637391540086554
248200.0	1000.0	1290.7287192027366	0.0	0	291.79567610341473	1490.7287192030344	1	0	1	1.656886334568601
249200.0	1000.0	1290.7287192027227	0.0	0	257.0702601763769	1490.7287192030053	1	0	1	1.6568863345686031
250200.0	1000.0	1290.7287192027295	0.0	0	586.6106169208651	1490.7287192030053	1	0	1	1.6568863345686038
251200.0	1000.0	1290.728719202711	0.0	0	375.5319439919258	1490.7287192030053	1	0	1	1.6568863345686038
252200.0	1000.0	1290.7287192027427	0.0	0	190.9012795141025	1490.7287192030053	1	0	1	1.6568863345686038
253200.0	1000.0	1290.728719202754	0.0	0	313.22732431511395	1490.7287192030344	1	0	1	1.656886334568601
254290.37171504548	1000.0	1200.3570041572827	0.0	0	0.0	1490.7287192030344	1	0	1	1.656886334568601
255200.0	1000.0	1290.7287192027493	0.0	0	123.9430018934363	1490.7287192030344	1	0	1	1.656886334568601
256200.0	1000.0	1290.728719202806	0.0	0	348.24986465566326	1490.7287192030635	1	0	1	1.656886334568598
257200.0	1000.0	1290.7287192028084	0.0	0	225.79133805938181	1490.7287192030926	1	0	1	1.6568863345685954
258200.0	1000.0	1290.7287192027925	0.0	0	255.09918289273628	1490.7287192030926	1	0	1	1.6568863345685954
259200.0	1000.0	1290.7287192027752	0.0	0	311.3082885593176	1490.7287192030926	1	0	1	1.6568863345685954
260286.83579905145	1000.0	1203.8929201513379	0.0	0	0.0	1490.7287192030635	1	0	1	1.656886334568598
261200.0	1000.0	1290.7287192028002	0.0	0	128.65718390562688	1490.7287192030926	1	0	1	1.656886334568595
262200.0	1000.0	1290.7287192028105	0.0	0	279.41513652552385	1490.7287192031217	1	0	1	1.6568863345685922
263200.0	1000.0	1290.7287192028032	0.0	0	362.4896009330405	1490.7287192031217	1	0	1	1.6568863345685938
264200.0	1000.0	1290.7287192028411	0.0	0	278.26504032866796	1490.7287192031508	1	0	1	1.6568863345685891
265200.0	1000.0	1290.7287192028682	0.0	0	232.82563785475213	1490.728719203209	1	0	1	1.6568863345685858
266200.0	1000.0	1290.7287192028293	0.0	0	156.185505731788	1490.728719203209	1	0	1	1.6568863345685834
267200.0	1000.0	1290.7287192028402	0.0	0	264.26019748224644	1490.728719203209	1	0	1	1.6568863345685834
268313.3495904346	1000.0	1177.3791287682798	0.0	0	0.0	1490.728719203209	1	0	1	1.6568863345685834
269410.80807373114	1000.0	1079.9206454716696	0.0	0	0.0	1490.7287192031508	1	0	1	1.6568863345685891
270265.5522805865	1000.0	1225.1764386162595	0.0	0	0.0	1490.7287192031508	1	0	1	1.6568863345685891
271309.3209066203	1000.0	1181.4078125825527	0.0	0	0.0	1490.7287192031508	1	0	1	1.6568863345685891
272487.88510081696	1000.0	1002.8436183859003	0.0	0	0.0	1490.728719203209	1	0	1	1.6568863345685834
273966.07112110546	1000.0	524.6575980974255	0.0	0	0.0	1490.728719203209	1	0	1	1.6568863345685834
274411.6623705908	300.0	1079.0663486120402	0.0	0	0.0	1490.728719203209	1	0	1	-1.3530456762462566
275200.0	500.0	1290.7287192027986	0.0	0	346.2527736328193	1490.728719203209	1	0	1	0.10633993996267457
276200.0	500.0	1290.7287192028089	0.0	0	565.0448785212357	1490.7287192031508	1	0	1	0.6171655637286712
277200.0	500.0	1290.7287192028139	0.0	0	465.5577276640688	1490.728719203209	1	0	1	0.6171655637286654
278200.0	500.0	1290.7287192028118	0.0	0	413.62840163428336	1490.728719203209	1	0	1	0.6171655637286654
279200.0	500.0	1290.7287192028243	0.0	0	335.6343644768349	1490.7287192032672	1	0	1	0.6171655637286595
280399.88095404825	1000.0	1090.847765154551	0.0	0	0.0	1490.7287192032672	1	0	1	0.9637391540086321
281200.0	500.0	1290.728719202765	0.0	0	149.7814027800341	1490.7287192032672	1	0	1	-0.07598161683128596
282200.0	500.0	1290.7287192027186	0.0	0	321.6769381898921	1490.7287192032672	1	0	1	0.6171655637286595
283200.0	500.0	1290.728719202755	0.0	0	421.5541658384027	1490.7287192033255	1	0	1	0.617165563728656
284200.0	500.0	1290.7287192027925	0.0	0	552.3684080392122	1490.7287192033255	1	0	1	0.6171655637286537
285200.0	500.0	1290.728719202769	0.0	0	672.4745639281464	1490.7287192033255	1	0	1	0.6171655637286537
286200.0	1000.0	1290.7287192027889	0.0	0	124.49671006406425	1490.7287192033255	1	0	1	0.9637391540086262
287200.0	1000.0	1290.7287192028007	0.0	0	18.11771024292102	1490.7287192033255	1	0	1	1.6568863345685716
288572.36375684873	1000.0	918.364962354075	0.0	0	0.0	1490.7287192033255	1	0	1	1.6568863345685716
289282.0468218177	500.0	1208.681897385191	0.0	0	0.0	1490.7287192033255	1	0	1	-0.07598161683129173
290446.0840073312	1000.0	1044.6447118716937	0.0	0	0.0	1490.7287192032672	1	0	1	0.9637391540086321
291200.0	500.0	1290.7287192028973	0.0	0	349.81456051487476	1490.7287192033255	1	0	1	-0.07598161683129173
292200.0	500.0	1290.7287192028784	0.0	0	567.866553202155	1490.7287192032672	1	0	1	0.6171655637286595
293200.0	500.0	1290.728719202859	0.0	0	421.3204761519446	1490.7287192033255	1	0	1	0.617165563728656
294200.0	500.0	1290.728719202912	0.0	0	436.19415924180066	1490.7287192033255	1	0	1	0.6171655637286537
295200.0	1000.0	1290.728719202873	0.0	0	83.98272200318752	1490.7287192033255	1	0	1	0.9637391540086262
296200.0	1000.0	1290.7287192028684	0.0	0	251.61688581469934	1490.7287192033255	1	0	1	1.6568863345685716
297200.0	1000.0	1290.7287192028423	0.0	0	386.41688846371835	1490.7287192032672	1	0	1	1.6568863345685765
298200.0	1000.0	1290.7287192028198	0.0	0	522.0821272547473	1490.7287192032672	1	0	1	1.6568863345685774
299200.0	1000.0	1290.72871920281	0.0	0	488.3828632248333	1490.728719203209	1	0	1	1.6568863345685811
300200.0	1000.0	1290.7287192028014	0.0	0	188.04671437334036	1490.728719203209	1	0	1	1.6568863345685834
301331.6397657567	1000.0	1159.0889534460366	0.0	0	0.0	1490.7287192031508	1	0	1	1.656886334568588
302200.0	1000.0	1290.7287192026865	0.0	0	135.09675202029757	1490.7287192031508	1	0	1	1.6568863345685891
303200.0	1000.0	1290.7287192027698	0.0	0	314.80211842874996	1490.7287192031508	1	0	1	1.6568863345685891
304200.0	1000.0	1290.7287192027932	0.0	0	270.42153021285776	1490.7287192031508	1	0	1	1.6568863345685891
305371.45889418555	1000.0	1119.269825017292	0.0	0	0.0	1490.7287192031508	1	0	1	1.6568863345685891
306236.678918337	1000.0	1254.0498008659654	0.0	0	0.0	1490.7287192031508	1	0	1	1.6568863345685891
307200.0	1000.0	1290.728719202917	0.0	0	53.05260724492837	1490.7287192031508	1	0	1	1.6568863345685891
308200.0	1000.0	1290.7287192029462	0.0	0	220.641227682936	1490.7287192031508	1	0	1	1.6568863345685891
309200.0	1000.0	1290.7287192029871	0.0	0	384.18242002784973	1490.7287192031508	1	0	1	1.6568863345685891
310200.0	1000.0	1290.7287192029771	0.0	0	235.74561820412055	1490.7287192031508	1	0	1	1.6568863345685891
311200.0	1000.0	1290.7287192029426	0.0	0	212.58856325538363	1490.7287192031508	1	0	1	1.6568863345685891
312200.0	1000.0	1290.7287192030074	0.0	0	117.42986252176343	1490.7287192031508	1	0	1	1.6568863345685891
313200.0	1000.0	1290.7287192030446	0.0	0	68.69574573612772	1490.728719203209	1	0	1	1.6568863345685834
314200.0	1000.0	1290.7287192030153	0.0	0	331.9353748677531	1490.728719203209	1	0	1	1.6568863345685834
0.96	1.7	1.58	1.32	1.37	1.85	1.52	1.32	1.37	2.24	3.34	2.86	1.52	2.03	1.67	1.99	2.18	1.36	1.46	0.81	1.11	1.29	1.03	1.39	1.77	0.61	0.96	2.29	2.47	1.29	1.01	0.74	1.07	0.86	1.74	2.33	2.55	1.83	0.92	2.51	2.71	2.47	1.08	1.34	2.46	2.9	1.77	1.69	1.67	0.8	1.69	1.46	1.58	1.91	2.19	1.68	1.61	1.16	0.68	0.76	1.15	1.29	0.82	1.1	1.36	1.01	1.08	1.47	1.63	1.19	1.67	1.62	0.9	1.98	2.41	1.73	1.27	1.89	0.71	0.83	0.96	1.42	1.69	1.47	1.93	2.14	1.3	1.59	1.27	0.81	1.07	1.54	1.1	1.34	1.31	1.25	1.2	1.17	1.31	1.32	0.71	1.52	1.56	0.82	1.24	1.37	1.27	1.1	0.59	0.61	1.36	0.87	1.2	0.82	0.87	0.83	0.94	0.9	1.15	1.64	1.58	1.19	1.1	0.94	0.81	0.94	1.17	1.07	1.04	1.61	1.22	1.75	2.87	1.64	1.46	1.77	0.97	1.47	2.05	1.24	0.96	1.36	1.33	1.2	1.51	1.38	1.03	1.61	1.45	0.96	0.96	1.7	1.58	1.32	1.37	1.85	1.52	1.32	1.37	2.24	3.34	2.86	1.52	2.03	1.67	1.99	2.18	1.36	1.46	0.81	1.11	1.29	1.03	1.39	1.77	0.61	0.96	2.29	2.47	1.29	1.01	0.74	1.07	0.86	1.74	2.33	2.55	1.83	0.92	2.51	2.71	2.47	1.08	1.34	2.46	2.9	1.77	1.69	1.67	0.8	1.69	1.46	1.58	1.91	2.19	1.68	1.61	1.16	0.68	0.76	1.15	1.29	0.82	1.1	1.36	1.01	1.08	1.47	1.63	1.19	1.67	1.62	0.9	1.98	2.41	1.73	1.27	1.89	0.71	0.83	0.96	1.42	1.69	1.47	1.93	2.14	1.3	1.59	1.27	0.81	1.07	1.54	1.1	1.34	1.31	1.25	1.2	1.17	1.31	1.32	0.71	1.52	1.56	0.82	1.24	1.37	1.27	1.1	0.59	0.61	1.36	0.87	1.2	0.82	0.87	0.83	0.94	0.9	1.15	1.64	1.58	1.19	1.1	0.94	0.81	0.94	1.17	1.07	1.04	1.61	1.22	1.75	2.87	1.64	1.46	1.77	0.97	1.47	2.05	1.24	0.96	1.36	1.33	1.2	1.51	1.38	1.03	1.61	1.45	0.96	0.96	1.7	1.58	1.32	1.37	1.85	1.52	1.32	1.37	2.24	3.34	2.86	1.52	2.03	1.67	1.99
1.0	2.0	3.0	4.0	5.0	6.0	7.0	8.0	9.0	10.0	11.0	12.0	13.0	14.0	15.0	16.0	17.0	18.0	19.0	20.0	21.0	22.0	23.0	24.0	25.0	26.0	27.0	28.0	29.0	30.0	31.0	32.0	33.0	34.0	35.0	36.0	37.0	38.0	39.0	40.0	41.0	42.0	43.0	44.0	45.0	46.0	47.0	48.0	49.0	50.0	51.0	52.0	53.0	54.0	55.0	56.0	57.0	58.0	59.0	60.0	61.0	62.0	63.0	64.0	65.0	66.0	67.0	68.0	69.0	70.0	71.0	72.0	73.0	74.0	75.0	76.0	77.0	78.0	79.0	80.0	81.0	82.0	83.0	84.0	85.0	86.0	87.0	88.0	89.0	90.0	91.0	92.0	93.0	94.0	95.0	96.0	97.0	98.0	99.0	100.0	101.0	102.0	103.0	104.0	105.0	106.0	107.0	108.0	109.0	110.0	111.0	112.0	113.0	114.0	115.0	116.0	117.0	118.0	119.0	120.0	121.0	122.0	123.0	124.0	125.0	126.0	127.0	128.0	129.0	130.0	131.0	132.0	133.0	134.0	135.0	136.0	137.0	138.0	139.0	140.0	141.0	142.0	143.0	144.0	145.0	146.0	147.0	148.0	149.0	149.0	150.0	151.0	152.0	153.0	154.0	155.0	156.0	157.0	158.0	159.0	160.0	161.0	162.0	163.0	164.0	165.0	166.0	167.0	168.0	169.0	170.0	171.0	172.0	173.0	174.0	175.0	176.0	177.0	178.0	179.0	180.0	181.0	182.0	183.0	184.0	185.0	186.0	187.0	188.0	189.0	190.0	191.0	192.0	193.0	194.0	195.0	196.0	197.0	198.0	199.0	200.0	201.0	202.0	203.0	204.0	205.0	206.0	207.0	208.0	209.0	210.0	211.0	212.0	213.0	214.0	215.0	216.0	217.0	218.0	219.0	220.0	221.0	222.0	223.0	224.0	225.0	226.0	227.0	228.0	229.0	230.0	231.0	232.0	233.0	234.0	235.0	236.0	237.0	238.0	239.0	240.0	241.0	242.0	243.0	244.0	245.0	246.0	247.0	248.0	249.0	250.0	251.0	252.0	253.0	254.0	255.0	256.0	257.0	258.0	259.0	260.0	261.0	262.0	263.0	264.0	265.0	266.0	267.0	268.0	269.0	270.0	271.0	272.0	273.0	274.0	275.0	276.0	277.0	278.0	279.0	280.0	281.0	282.0	283.0	284.0	285.0	286.0	287.0	288.0	289.0	290.0	291.0	292.0	293.0	294.0	295.0	296.0	297.0	298.0	298.0	299.0	300.0	301.0	302.0	303.0	304.0	305.0	306.0	307.0	308.0	309.0	310.0	311.0	312.0	313.0	314.0
2008.6298547789947
