3234.2256018046805	300.0	2000.0	128.51053241249835	0	0.0	3234.2256018046805	1	0	1	-1.0918074017331767
6010.004654352464	3000.0	200.0	142.55010889791856	0	0.0	1210.004654352464	1	0	2	-0.21920607986091373
6223.951090375349	300.0	3007.4482075794035	0.0	0	0.0	3231.3992979547525	1	0	0	-3.0252693408076134
9787.681397280161	3000.0	284.99867057122555	0.0	0	0.0	1072.6800678513864	1	0	2	0.43995505511280575
10200.0	500.0	2913.9119281233707	0.0	0	110.9089591534048	3113.9119281233716	1	0	0	-1.7351722667043457
14284.085565917596	3000.0	200.0	525.9838130781714	0	0.0	1484.0855659175959	1	0	2	-2.2175149075143468
14571.077065850232	300.0	913.0085000673648	0.0	0	0.0	1484.0855659175959	1	0	1	-2.6509936495858053
15542.888601191245	1000.0	941.1969647263522	0.0	0	0.0	1484.0855659175959	1	0	1	0.4535778455712086
16200.0	1000.0	1284.0855659175973	0.0	0	80.04972523547076	1484.0855659175959	1	0	1	1.6575506498971448
17200.0	1000.0	1284.0855659175938	0.0	0	433.613136413318	1484.085565917594	1	0	1	1.6575506498971448
18200.0	1000.0	1284.0855659175918	0.0	0	561.9531629980447	1484.0855659175904	1	0	1	1.6575506498971455
19200.0	1000.0	1284.0855659175936	0.0	0	301.73661513157276	1484.085565917594	1	0	1	1.6575506498971448
20200.0	1000.0	1284.0855659175957	0.0	0	486.67680996133276	1484.0855659175977	1	0	1	1.6575506498971446
21200.0	1000.0	1284.0855659175975	0.0	0	289.67038032640266	1484.0855659176013	1	0	1	1.6575506498971442
22200.0	1000.0	1284.0855659175984	0.0	0	406.6235197497299	1484.085565917605	1	0	1	1.6575506498971437
23365.598086053888	1000.0	1118.4874798637118	0.0	0	0.0	1484.0855659176086	1	0	1	1.6575506498971435
24200.0	1000.0	1284.0855659176007	0.0	0	68.10567728168462	1484.0855659176086	1	0	1	1.6575506498971435
25200.0	1000.0	1284.0855659176004	0.0	0	470.9803004677415	1484.085565917605	1	0	1	1.6575506498971437
26200.0	1000.0	1284.0855659176034	0.0	0	567.6514526730534	1484.085565917605	1	0	1	1.6575506498971437
27200.0	1000.0	1284.0855659176013	0.0	0	366.0541916533839	1484.085565917605	1	0	1	1.6575506498971437
28200.0	1000.0	1284.0855659176048	0.0	0	641.429956700842	1484.0855659176013	1	0	1	1.6575506498971442
29200.0	2000.0	1284.0855659176032	0.0	0	428.56259676874106	1484.085565917605	1	0	1	2.0041242401771164
30200.0	2000.0	1284.0855659176038	0.0	0	290.92044870676546	1484.085565917605	1	0	1	2.697271420737062
31200.0	2000.0	1284.0855659176018	0.0	0	361.4070552729754	1484.0855659176013	1	0	1	2.697271420737062
33213.70316193952	3000.0	270.3824039780864	0.0	0	0.0	1484.085565917605	1	0	1	2.900003974791144
33517.061872345796	500.0	967.0236935718133	0.0	0	0.0	1484.0855659176086	1	0	1	-1.17392959017083
34261.404913837396	2000.0	1222.6806520802124	0.0	0	0.0	1484.0855659176086	1	0	1	1.3109770596171706
35200.0	2000.0	1284.085565917611	0.0	0	182.34146587365103	1484.0855659176086	1	0	1	2.6972714207370614
36798.61751448967	2000.0	685.4680514279424	0.0	0	0.0	1484.0855659176086	1	0	1	2.6972714207370614
37517.55961203692	1000.0	966.5259538806907	0.0	0	0.0	1484.0855659176086	1	0	1	0.9644034693371983
38200.0	1000.0	1284.0855659176163	0.0	0	45.09149587658612	1484.0855659176086	1	0	1	1.6575506498971435
39200.0	1000.0	1284.0855659176161	0.0	0	529.4374009584208	1484.0855659176086	1	0	1	1.6575506498971435
40200.0	1000.0	1284.085565917618	0.0	0	576.8936985656255	1484.0855659176086	1	0	1	1.6575506498971435
41200.0	1000.0	1284.0855659176198	0.0	0	566.7104329247377	1484.085565917616	1	0	1	1.6575506498971426
42227.41413657143	2000.0	1256.6714293461876	0.0	0	0.0	1484.0855659176232	1	0	1	2.0041242401771147
43200.0	2000.0	1284.0855659176166	0.0	0	25.05024228446564	1484.0855659176232	1	0	1	2.6972714207370596
44200.0	2000.0	1284.0855659176082	0.0	0	373.30269561296154	1484.0855659176232	1	0	1	2.6972714207370596
45200.0	2000.0	1284.085565917605	0.0	0	234.72460580094776	1484.0855659176232	1	0	1	2.6972714207370596
46200.0	2000.0	1284.0855659176007	0.0	0	376.2967628614351	1484.0855659176232	1	0	1	2.6972714207370596
47645.946134017824	3000.0	838.1394318997718	0.0	0	0.0	1484.0855659176232	1	0	1	2.900003974791142
48554.99812558064	2000.0	929.0874403369514	0.0	0	0.0	1484.0855659176232	1	0	1	2.291806312628895
49399.00065566237	2000.0	1085.0849102552222	0.0	0	0.0	1484.0855659176304	1	0	1	2.697271420737059
50403.23062809185	2000.0	1080.8549378257414	0.0	0	0.0	1484.0855659176304	1	0	1	2.697271420737059
51200.0	2000.0	1284.0855659175782	0.0	0	188.5826939063918	1484.0855659176304	1	0	1	2.697271420737059
52200.0	2000.0	1284.0855659175866	0.0	0	228.2158279764917	1484.0855659176377	1	0	1	2.6972714207370583
53200.0	3000.0	1284.0855659175877	0.0	0	186.00504074471974	1484.0855659176377	1	0	1	2.900003974791141
54200.0	2000.0	1284.0855659175882	0.0	0	132.1222650417476	1484.0855659176377	1	0	1	2.2918063126288937
55200.0	2000.0	1284.0855659175852	0.0	0	320.95741524345067	1484.0855659176304	1	0	1	2.697271420737059
56200.0	2000.0	1284.0855659175804	0.0	0	9.798319267487386	1484.0855659176304	1	0	1	2.697271420737059
57200.0	3000.0	1284.085565917579	0.0	0	95.10047317044518	1484.0855659176304	1	0	1	2.9000039747911415
58200.0	2000.0	1284.0855659175845	0.0	0	275.80679162588785	1484.0855659176304	1	0	1	2.2918063126288946
59200.0	2000.0	1284.0855659175859	0.0	0	372.02694948426506	1484.0855659176304	1	0	1	2.697271420737059
60200.0	2000.0	1284.0855659175907	0.0	0	593.5300713485121	1484.0855659176232	1	0	1	2.6972714207370596
61200.0	2000.0	1284.0855659175975	0.0	0	288.25516871998116	1484.0855659176232	1	0	1	2.6972714207370596
62200.0	3000.0	1284.0855659175954	0.0	0	201.20098380441777	1484.0855659176232	1	0	1	2.900003974791142
63457.151300202255	3000.0	1026.9342657153372	0.0	0	0.0	1484.0855659176232	1	0	1	3.3054690828993065
64645.55014620337	2000.0	838.5354197142178	0.0	0	0.0	1484.0855659176232	1	0	1	2.291806312628895
65487.50690230576	2000.0	996.5786636118281	0.0	0	0.0	1484.0855659176232	1	0	1	2.6972714207370596
66200.0	2000.0	1284.0855659175877	0.0	0	95.03318801231217	1484.0855659176232	1	0	1	2.69727142073706
67200.0	3000.0	1284.085565917584	0.0	0	288.8286864576803	1484.085565917616	1	0	1	2.900003974791143
68200.0	3000.0	1284.0855659175857	0.0	0	397.6803395079769	1484.0855659176304	1	0	1	3.305469082899306
69200.0	3000.0	1284.0855659175907	0.0	0	456.79595361923566	1484.0855659176304	1	0	1	3.305469082899306
70200.0	3000.0	1284.0855659176043	0.0	0	56.65663613974175	1484.085565917645	1	0	1	3.305469082899305
71484.67381745974	3000.0	999.4117484578701	0.0	0	0.0	1484.0855659176304	1	0	1	3.3054690828993056
74041.58186879859	3000.0	200.0	757.4963028809723	0	0.0	2241.5818687985884	1	0	1	-1.2709191220427118
75200.0	300.0	6.067951814913982	58.60722892264785	0	839.1981630883383	206.0679518149118	1	0	2	-3.0788352617114247
76200.0	500.0	2106.0679518149086	0.0	0	526.4116993367934	2306.0679518148972	1	0	0	-0.3712549943647521
79803.022654284	2000.0	315.9923401399774	884.7720982158887	0	0.0	1119.014994423982	1	0	2	-4.564237065632767
80200.0	300.0	2958.712728995578	0.0	0	190.02923123544315	3158.712728995597	1	0	0	-2.6110574252646277
83944.67952368577	3000.0	200.0	145.8497700534272	0	0.0	1144.6795236857724	1	0	2	-0.43203154530259913
84200.0	300.0	2970.211571317209	0.0	0	87.53658141830238	3170.211571317195	1	0	0	-3.0185885120448757
87529.9860493646	3000.0	507.22691701615736	0.0	0	0.0	1037.2129663807427	1	0	2	0.44416270052062246
88200.0	500.0	2904.214361444284	0.0	0	402.47925831822795	3104.2143614442903	1	0	0	-1.732675776784727
91255.04180174004	3000.0	743.6683795302467	0.0	0	0.0	998.710181270304	1	0	2	0.9598048348815786
92200.0	1000.0	2893.2060010962778	0.0	0	583.4560495461046	3093.2060010962887	1	0	0	0.0019363728197124286
95688.01665108546	3000.0	256.387684902269	0.0	0	0.0	944.4043359877396	1	0	2	1.6571239116596754
96200.0	500.0	2795.602670879194	0.0	0	301.0843422740145	2995.6026708792197	1	0	0	-1.7224779150748109
99563.84148732247	3000.0	297.51971722835106	1.9478930944441402	0	0.0	861.3612045508344	1	0	2	0.9611991508044443
100200.0	500.0	2724.977055818562	0.0	0	362.8103457578982	2924.97705581857	1	0	0	-1.714925387673652
104346.6743881906	3000.0	200.0	760.3316101737377	0	0.0	1546.6743881906004	1	0	2	-3.6492623037377014
104530.1145657738	300.0	1016.5598224168244	0.0	0	0.0	1546.6743881906004	1	0	1	-2.6572525318131066
105304.25150587878	2000.0	1242.4228823118428	0.0	0	0.0	1546.6743881906004	1	0	1	0.7938925536238808
106570.31847463072	2000.0	976.3559135598974	0.0	0	0.0	1546.6743881906004	1	0	1	2.6910125385097623
107201.22617135472	1000.0	1345.4482168358932	0.0	0	0.0	1546.6743881906004	1	0	1	0.9581445871098992
108200.0	2000.0	1346.6743881906054	0.0	0	191.29827304343053	1546.674388190615	1	0	1	1.9978653579498153
109200.0	2000.0	1346.6743881905825	0.0	0	244.62655109574553	1546.674388190615	1	0	1	2.6910125385097605
110624.30125087991	2000.0	922.3731373106674	0.0	0	0.0	1546.674388190615	1	0	1	2.6910125385097605
111245.74795185546	1000.0	1300.9264363351042	0.0	0	0.0	1546.674388190615	1	0	1	0.9581445871098975
112200.0	1000.0	1346.6743881905677	0.0	0	433.0202501661115	1546.6743881906295	1	0	1	1.6512917676698413
113200.0	1000.0	1346.6743881905625	0.0	0	328.37588904687436	1546.674388190644	1	0	1	1.65129176766984
114200.0	1000.0	1346.674388190562	0.0	0	338.4019431730849	1546.674388190644	1	0	1	1.65129176766984
115200.0	1000.0	1346.6743881905684	0.0	0	473.8210257954779	1546.6743881906586	1	0	1	1.6512917676698384
116200.0	1000.0	1346.6743881905675	0.0	0	130.73316195778898	1546.6743881906586	1	0	1	1.6512917676698384
117200.0	1000.0	1346.6743881905652	0.0	0	625.8364997427998	1546.6743881906586	1	0	1	1.6512917676698384
118200.0	1000.0	1346.6743881905627	0.0	0	674.7298291265615	1546.6743881906732	1	0	1	1.6512917676698369
119200.0	1000.0	1346.6743881905713	0.0	0	315.94336497689073	1546.6743881906732	1	0	1	1.6512917676698369
120200.0	2000.0	1346.6743881905647	0.0	0	332.31037817268225	1546.6743881906732	1	0	1	1.9978653579498098
121200.0	2000.0	1346.674388190551	0.0	0	59.33546976157231	1546.6743881906732	1	0	1	2.6910125385097547
122200.0	2000.0	1346.6743881905525	0.0	0	213.85921032635088	1546.6743881906586	1	0	1	2.691012538509756
123275.81313844027	2000.0	1270.8612497502947	0.0	0	0.0	1546.6743881906586	1	0	1	2.691012538509756
124444.22284808768	2000.0	1102.451540102878	0.0	0	0.0	1546.6743881906586	1	0	1	2.691012538509756
125236.34504544295	2000.0	1310.3293427475987	0.0	0	0.0	1546.6743881906586	1	0	1	2.691012538509756
126200.0	2000.0	1346.6743881905547	0.0	0	43.64390827999159	1546.6743881906586	1	0	1	2.691012538509756
127200.0	2000.0	1346.6743881905759	0.0	0	432.7982095145562	1546.6743881906732	1	0	1	2.6910125385097547
128200.0	3000.0	1346.6743881905702	0.0	0	202.36577710832353	1546.6743881906732	1	0	1	2.8937450925638375
129200.0	2000.0	1346.6743881905618	0.0	0	648.7512798526441	1546.6743881906586	1	0	1	2.2855474304015915
130335.72833893451	3000.0	1210.9460492560552	0.0	0	0.0	1546.6743881906586	1	0	1	2.8937450925638384
131200.0	3000.0	1346.674388190571	0.0	0	28.03747127915267	1546.6743881906586	1	0	1	3.299210200672003
132555.16831598268	3000.0	991.5060722078832	0.0	0	0.0	1546.6743881906586	1	0	1	3.2992102006720025
133433.84622533378	2000.0	1112.828162856793	0.0	0	0.0	1546.6743881906732	1	0	1	2.28554743040159
134252.88511723364	2000.0	1293.7892709569326	0.0	0	0.0	1546.6743881906732	1	0	1	2.691012538509754
135322.68694367865	2000.0	1223.9874445119192	0.0	0	0.0	1546.674388190644	1	0	1	2.691012538509758
136464.93941107453	2000.0	1081.7349771160368	0.0	0	0.0	1546.6743881906732	1	0	1	2.6910125385097565
137453.94697636142	2000.0	1092.7274118291266	0.0	0	0.0	1546.6743881906732	1	0	1	2.6910125385097547
138315.25572628173	2000.0	1231.4186619087764	0.0	0	0.0	1546.674388190644	1	0	1	2.691012538509758
139200.0	2000.0	1346.6743881905013	0.0	0	13.992087370133959	1546.674388190615	1	0	1	2.6910125385097587
140323.52632604237	3000.0	1223.1480621481246	0.0	0	0.0	1546.674388190586	1	0	1	2.8937450925638455
141200.0	2000.0	1346.674388190508	0.0	0	219.69453573707142	1546.674388190586	1	0	1	2.2855474304015986
143197.65670558566	2000.0	349.0176826048362	0.0	0	0.0	1546.6743881905568	1	0	1	2.6910125385097667
143506.15779411755	500.0	1040.5165940729805	0.0	0	0.0	1546.6743881905568	1	0	1	-0.77472336428996
144280.02318098908	1000.0	1266.6512072014564	0.0	0	0.0	1546.6743881905568	1	0	1	0.9581445871099031
145200.0	1000.0	1346.6743881905313	0.0	0	283.187593923707	1546.674388190586	1	0	1	1.6512917676698458
146200.0	1000.0	1346.6743881905131	0.0	0	171.1792328673764	1546.674388190586	1	0	1	1.6512917676698458
147200.0	1000.0	1346.6743881905143	0.0	0	444.7320710803033	1546.674388190615	1	0	1	1.6512917676698426
148200.0	1000.0	1346.6743881905063	0.0	0	564.086742697109	1546.674388190644	1	0	1	1.65129176766984
149200.0	1000.0	1346.6743881905238	0.0	0	454.3076314467762	1546.674388190644	1	0	1	1.65129176766984
150200.0	1000.0	1346.6743881905052	0.0	0	420.7260592984385	1546.674388190644	1	0	1	1.65129176766984
151213.5436030291	2000.0	1333.1307851614272	0.0	0	0.0	1546.674388190615	1	0	1	1.9978653579498153
152561.39609385296	2000.0	985.2782943375319	0.0	0	0.0	1546.674388190586	1	0	1	2.6910125385097623
153307.33838619577	2000.0	1239.336001994714	0.0	0	0.0	1546.674388190586	1	0	1	2.691012538509763
154200.0	2000.0	1346.674388190493	0.0	0	158.6874249978282	1546.674388190586	1	0	1	2.691012538509763
155200.0	2000.0	1346.6743881904838	0.0	0	498.73335142887663	1546.674388190586	1	0	1	2.691012538509763
156200.0	2000.0	1346.6743881904956	0.0	0	317.1908437310485	1546.674388190586	1	0	1	2.691012538509763
157734.93655364576	3000.0	811.7378345447403	0.0	0	0.0	1546.674388190586	1	0	1	2.8937450925638455
158572.51024205794	2000.0	974.1641461325701	0.0	0	0.0	1546.674388190586	1	0	1	2.2855474304015986
159695.55519513536	2000.0	851.1191930551523	0.0	0	0.0	1546.674388190586	1	0	1	2.691012538509763
160563.55383312528	2000.0	983.1205550652317	0.0	0	0.0	1546.674388190586	1	0	1	2.691012538509763
161564.59854537764	2000.0	982.0758428128798	0.0	0	0.0	1546.674388190586	1	0	1	2.691012538509763
162458.13923091616	2000.0	1088.5351572743664	0.0	0	0.0	1546.674388190586	1	0	1	2.691012538509763
163592.81448544055	2000.0	953.8599027499818	0.0	0	0.0	1546.674388190586	1	0	1	2.691012538509763
164200.0	1000.0	1346.674388190556	0.0	0	144.16583172685932	1546.674388190586	1	0	1	0.9581445871099006
165262.26756900692	2000.0	1284.4068191836627	0.0	0	0.0	1546.6743881905568	1	0	1	1.9978653579498213
166200.0	2000.0	1346.674388190591	0.0	0	125.48858510536957	1546.6743881905568	1	0	1	2.6910125385097667
167200.0	2000.0	1346.6743881905952	0.0	0	350.9172688109393	1546.6743881905568	1	0	1	2.6910125385097667
168200.0	2000.0	1346.6743881905795	0.0	0	166.49458842832246	1546.6743881905568	1	0	1	2.6910125385097667
169516.7599300663	2000.0	1029.914458124264	0.0	0	0.0	1546.674388190586	1	0	1	2.691012538509763
170514.21197561003	2000.0	1032.4624125805444	0.0	0	0.0	1546.674388190586	1	0	1	2.691012538509763
171313.8644356372	2000.0	1232.80995255339	0.0	0	0.0	1546.674388190586	1	0	1	2.691012538509763
172360.3374847387	2000.0	1186.3369034518926	0.0	0	0.0	1546.674388190586	1	0	1	2.691012538509763
173568.79744565237	2000.0	977.8769425382334	0.0	0	0.0	1546.674388190586	1	0	1	2.691012538509763
174488.861699487	2000.0	1057.8126887035912	0.0	0	0.0	1546.6743881905568	1	0	1	2.6910125385097667
175200.0	2000.0	1346.674388190597	0.0	0	110.93334403631161	1546.6743881905568	1	0	1	2.6910125385097667
176523.38695994785	2000.0	1023.2874282427649	0.0	0	0.0	1546.674388190586	1	0	1	2.691012538509765
177995.2830844179	2000.0	551.3913037726825	0.0	0	0.0	1546.674388190615	1	0	1	2.6910125385097605
178323.52527844004	500.0	1223.149109750574	0.0	0	0.0	1546.674388190615	1	0	1	-0.774723364289966
179200.0	1000.0	1346.6743881906034	0.0	0	189.45355845824815	1546.674388190615	1	0	1	0.9581445871098972
180200.0	1000.0	1346.674388190579	0.0	0	419.19192255067173	1546.674388190615	1	0	1	1.6512917676698426
181200.0	1000.0	1346.6743881905688	0.0	0	414.0347717884579	1546.674388190615	1	0	1	1.6512917676698426
182200.0	1000.0	1346.6743881905736	0.0	0	371.52454647174454	1546.674388190615	1	0	1	1.6512917676698426
183200.0	1000.0	1346.674388190615	0.0	0	416.94490619393764	1546.674388190644	1	0	1	1.65129176766984
184200.0	1000.0	1346.6743881906084	0.0	0	283.3390571179043	1546.674388190644	1	0	1	1.65129176766984
185200.0	1000.0	1346.6743881905961	0.0	0	468.0862081859086	1546.674388190644	1	0	1	1.65129176766984
186406.6734385391	1000.0	1140.000949651503	0.0	0	0.0	1546.6743881906732	1	0	1	1.6512917676698375
187200.0	1000.0	1346.6743881905902	0.0	0	307.5024057991395	1546.6743881906732	1	0	1	1.6512917676698369
188200.0	1000.0	1346.674388190581	0.0	0	401.2071847036714	1546.674388190644	1	0	1	1.6512917676698375
189200.0	1000.0	1346.6743881905613	0.0	0	517.5042032775236	1546.674388190644	1	0	1	1.65129176766984
190200.0	1000.0	1346.6743881905627	0.0	0	400.67263567235204	1546.6743881906732	1	0	1	1.6512917676698369
191200.0	1000.0	1346.6743881905218	0.0	0	416.917361761909	1546.6743881906732	1	0	1	1.6512917676698369
192200.0	2000.0	1346.6743881905106	0.0	0	308.1743459700665	1546.6743881906732	1	0	1	1.9978653579498098
193200.0	2000.0	1346.6743881905327	0.0	0	337.6628967646684	1546.674388190644	1	0	1	2.6910125385097556
194219.97039057437	3000.0	1326.703997616151	0.0	0	0.0	1546.674388190644	1	0	1	2.89374509256384
195353.25422131378	3000.0	1193.4201668767532	0.0	0	0.0	1546.6743881906732	1	0	1	3.299210200672004
196332.63738540164	2000.0	1214.0370027889157	0.0	0	0.0	1546.6743881906732	1	0	1	2.28554743040159
197381.6015973901	2000.0	1165.0727908004776	0.0	0	0.0	1546.6743881907023	1	0	1	2.6910125385097516
198702.20206163972	2000.0	844.4723265509031	0.0	0	0.0	1546.6743881907314	1	0	1	2.69101253850975
199232.9014141815	1000.0	1313.7729740090986	0.0	0	0.0	1546.6743881907023	1	0	1	0.9581445871098877
200200.0	1000.0	1346.674388190621	0.0	0	205.7641788154433	1546.6743881907023	1	0	1	1.651291767669834
201200.0	1000.0	1346.6743881906748	0.0	0	122.92076638599974	1546.6743881907605	1	0	1	1.6512917676698304
202200.0	1000.0	1346.6743881906898	0.0	0	578.9743468732922	1546.6743881907314	1	0	1	1.651291767669831
203200.0	1000.0	1346.6743881907046	0.0	0	659.0108770184452	1546.6743881907314	1	0	1	1.651291767669831
204200.0	1000.0	1346.6743881907057	0.0	0	616.176421954995	1546.6743881907314	1	0	1	1.651291767669831
205200.0	1000.0	1346.674388190728	0.0	0	416.52776886714855	1546.6743881907314	1	0	1	1.651291767669831
206200.0	2000.0	1346.6743881907412	0.0	0	271.4655944753613	1546.6743881907605	1	0	1	1.9978653579498031
207200.0	2000.0	1346.674388190733	0.0	0	390.9766753419535	1546.6743881907314	1	0	1	2.691012538509749
208293.28252077787	3000.0	1253.3918674128404	0.0	0	0.0	1546.6743881907023	1	0	1	2.893745092563832
209200.0	2000.0	1346.674388190684	0.0	0	366.7324921140098	1546.6743881906732	1	0	1	2.28554743040159
210200.0	2000.0	1346.67438819071	0.0	0	182.70467672581435	1546.6743881906732	1	0	1	2.6910125385097547
211527.67286018207	3000.0	1019.0015280086049	0.0	0	0.0	1546.674388190644	1	0	1	2.8937450925638393
212563.28610201713	2000.0	983.3882861735603	0.0	0	0.0	1546.674388190644	1	0	1	2.2855474304015932
213471.376139348	2000.0	1075.2982488426794	0.0	0	0.0	1546.674388190644	1	0	1	2.691012538509758
214377.04553513392	2000.0	1169.6288530567806	0.0	0	0.0	1546.674388190644	1	0	1	2.691012538509758
215200.0	2000.0	1346.6743881906787	0.0	0	100.52630885184044	1546.674388190644	1	0	1	2.691012538509758
216200.0	2000.0	1346.6743881906834	0.0	0	496.1503113741928	1546.674388190644	1	0	1	2.691012538509758
217200.0	2000.0	1346.6743881906855	0.0	0	370.6751075977809	1546.6743881906732	1	0	1	2.6910125385097574
218204.00683514358	3000.0	1342.6675530471011	0.0	0	0.0	1546.6743881906732	1	0	1	2.8937450925638375
219200.0	2000.0	1346.674388190674	0.0	0	291.3843614939251	1546.6743881906732	1	0	1	2.28554743040159
220624.8876615795	3000.0	921.7867266111355	0.0	0	0.0	1546.674388190644	1	0	1	2.8937450925638393
221438.41366639716	2000.0	1108.260721793497	0.0	0	0.0	1546.6743881906732	1	0	1	2.28554743040159
222200.0	2000.0	1346.674388190623	0.0	0	197.9897727087082	1546.6743881906732	1	0	1	2.6910125385097547
223200.0	2000.0	1346.6743881906248	0.0	0	581.7445835563994	1546.674388190644	1	0	1	2.691012538509758
224338.61095536762	3000.0	1208.0634328230058	0.0	0	0.0	1546.674388190644	1	0	1	2.89374509256384
225200.0	3000.0	1346.6743881905934	0.0	0	111.87723894024384	1546.674388190644	1	0	1	3.2992102006720048
226797.77538685538	3000.0	748.8990013351961	0.0	0	0.0	1546.674388190615	1	0	1	3.2992102006720065
227456.09354076604	2000.0	1090.5808474245548	0.0	0	0.0	1546.674388190615	1	0	1	2.285547430401596
228200.0	2000.0	1346.6743881905977	0.0	0	27.053361507161753	1546.674388190615	1	0	1	2.6910125385097605
229350.73739536185	3000.0	1195.9369928287574	0.0	0	0.0	1546.674388190644	1	0	1	2.89374509256384
230200.0	2000.0	1346.6743881906152	0.0	0	356.8680533869483	1546.674388190615	1	0	1	2.285547430401596
231200.0	3000.0	1346.6743881905863	0.0	0	64.85613474051934	1546.674388190615	1	0	1	2.893745092563843
232200.0	3000.0	1346.674388190577	0.0	0	516.6766100603563	1546.674388190586	1	0	1	3.29921020067201
233200.0	3000.0	1346.6743881905684	0.0	0	189.37785645469557	1546.6743881905568	1	0	1	3.299210200672011
234446.19421084342	3000.0	1100.4801773471104	0.0	0	0.0	1546.6743881905277	1	0	1	3.2992102006720163
236426.0522437886	3000.0	200.0	79.37785559807247	0	0.0	1626.0522437886102	1	0	1	2.821355509971618
237095.06429539074	500.0	689.0584936455244	158.07054524768	0	0.0	1784.1227890362788	1	0	1	-2.152356583968776
237648.0905432719	1000.0	1080.7296209762546	0.0	0	0.0	1728.8201642481436	1	0	2	0.5386422851576647
238339.33499804765	1000.0	1320.3607207229359	0.0	0	0.0	1659.695718770614	1	0	2	1.4376686242553223
239200.0	1000.0	1459.6957187705689	0.0	0	3.34447471430758	1659.695718770614	1	0	1	1.4399896346118426
240200.0	1000.0	1459.6957187705466	0.0	0	102.04994123318465	1659.695718770614	1	0	1	1.6399896346118406
241200.0	1000.0	1459.6957187705468	0.0	0	350.24203253083397	1659.695718770614	1	0	1	1.6399896346118452
242438.5299529181	2000.0	1221.1657658524505	0.0	0	0.0	1659.695718770614	1	0	1	1.9865632248918155
243200.0	1000.0	1459.6957187705536	0.0	0	317.0122431339696	1659.695718770614	1	0	1	0.9468424540518976
244373.36123777492	2000.0	1286.3344809956493	0.0	0	0.0	1659.695718770643	1	0	1	1.986563224891814
245200.0	1000.0	1459.695718770572	0.0	0	462.8442961644905	1659.695718770643	1	0	1	0.9468424540518949
246200.0	2000.0	1459.6957187705711	0.0	0	242.38424118212424	1659.695718770643	1	0	1	1.9865632248918126
247200.0	2000.0	1459.6957187705825	0.0	0	426.1345400020946	1659.695718770643	1	0	1	2.679710405451758
248240.15870263206	3000.0	1419.5370161385265	0.0	0	0.0	1659.695718770643	1	0	1	2.8824429595058403
249888.6647719194	3000.0	771.0309468512019	0.0	0	0.0	1659.695718770643	1	0	1	3.287908067614005
250385.9928485501	1000.0	1273.702870220505	0.0	0	0.0	1659.695718770643	1	0	1	0.5413773459437302
251660.6669904308	2000.0	999.0287283397853	0.0	0	0.0	1659.695718770643	1	0	1	1.9865632248918126
253101.43958173	2000.0	558.2561370405901	0.0	0	0.0	1659.695718770614	1	0	1	2.6797104054517606
253442.03333488764	1000.0	1217.6623838829548	0.0	0	0.0	1659.695718770643	1	0	1	0.9468424540518949
254637.00512342434	2000.0	1022.6905953462415	0.0	0	0.0	1659.695718770643	1	0	1	1.9865632248918126
255262.3326447846	1000.0	1397.3630739859686	0.0	0	0.0	1659.695718770643	1	0	1	0.9468424540518949
256200.0	1000.0	1459.6957187705673	0.0	0	344.4235716627154	1659.695718770672	1	0	1	1.6399896346118394
257200.0	2000.0	1459.6957187705725	0.0	0	225.65904943516944	1659.695718770672	1	0	1	1.98656322489181
258293.81662291437	2000.0	1365.8790958561945	0.0	0	0.0	1659.695718770672	1	0	1	2.679710405451755
259200.0	1000.0	1459.6957187705616	0.0	0	209.6540393460018	1659.695718770672	1	0	1	0.9468424540518918
260200.0	1000.0	1459.6957187705293	0.0	0	451.6718479376286	1659.695718770672	1	0	1	1.639989634611837
261200.0	1000.0	1459.6957187705493	0.0	0	289.11045952522545	1659.695718770672	1	0	1	1.639989634611837
262200.0	1000.0	1459.695718770535	0.0	0	243.72274564229883	1659.695718770672	1	0	1	1.639989634611837
263200.0	1000.0	1459.6957187705477	0.0	0	525.6733957957476	1659.6957187707012	1	0	1	1.6399896346118354
264200.0	1000.0	1459.6957187705716	0.0	0	395.86125851696124	1659.6957187707303	1	0	1	1.6399896346118326
265200.0	1000.0	1459.6957187705182	0.0	0	477.22188174462644	1659.6957187707303	1	0	1	1.6399896346118312
266200.0	2000.0	1459.6957187705311	0.0	0	76.57059484918136	1659.6957187707303	1	0	1	1.9865632248918037
267200.0	1000.0	1459.6957187705916	0.0	0	570.4699210796389	1659.6957187707303	1	0	1	0.946842454051886
268261.13562644017	2000.0	1398.5600923304364	0.0	0	0.0	1659.6957187707303	1	0	1	1.9865632248918037
269200.0	2000.0	1459.6957187705832	0.0	0	166.03271727263927	1659.695718770672	1	0	1	2.6797104054517504
270200.0	2000.0	1459.6957187705627	0.0	0	237.06812342075864	1659.695718770672	1	0	1	2.679710405451755
271751.58998646954	3000.0	908.1057323010432	0.0	0	0.0	1659.695718770672	1	0	1	2.8824429595058376
272200.0	1000.0	1459.6957187705793	0.0	0	51.00746139197145	1659.695718770672	1	0	1	0.5413773459437272
273200.0	2000.0	1459.6957187705984	0.0	0	310.82182761328295	1659.695718770672	1	0	1	1.98656322489181
274628.07188621775	3000.0	1031.6238325528602	0.0	0	0.0	1659.695718770672	1	0	1	2.8824429595058376
275482.6922053376	2000.0	1177.003513433045	0.0	0	0.0	1659.695718770672	1	0	1	2.2742452973435903
276200.0	2000.0	1459.6957187706025	0.0	0	249.26500957109965	1659.695718770672	1	0	1	2.679710405451755
277200.0	2000.0	1459.6957187706007	0.0	0	512.7961090364843	1659.695718770672	1	0	1	2.679710405451755
278200.0	3000.0	1459.695718770668	0.0	0	250.69802336359862	1659.695718770672	1	0	1	2.8824429595058376
279620.16135316546	3000.0	1039.534365605246	0.0	0	0.0	1659.6957187707303	1	0	1	3.2879080676139987
280830.23218827316	3000.0	829.4635304975608	0.0	0	0.0	1659.695718770672	1	0	1	3.2879080676140022
281777.330256152	2000.0	882.3654626187435	0.0	0	0.0	1659.695718770672	1	0	1	2.2742452973435903
283042.7490523748	2000.0	616.946666395997	0.0	0	0.0	1659.695718770672	1	0	1	2.679710405451755
283414.5075410184	1000.0	1245.1881777524036	0.0	0	0.0	1659.695718770672	1	0	1	0.9468424540518918
284200.0	2000.0	1459.695718770842	0.0	0	98.53248920588521	1659.695718770672	1	0	1	1.98656322489181
285200.0	2000.0	1459.6957187708408	0.0	0	364.0474741072976	1659.695718770614	1	0	1	2.6797104054517606
286363.4842586476	2000.0	1296.2114601232638	0.0	0	0.0	1659.695718770672	1	0	1	2.679710405451755
287200.0	2000.0	1459.6957187708492	0.0	0	65.24796819413314	1659.6957187707303	1	0	1	2.679710405451754
288228.3613847392	3000.0	1431.3343340316053	0.0	0	0.0	1659.6957187707885	1	0	1	2.882442959505826
289200.0	3000.0	1459.6957187708012	0.0	0	114.08007456496125	1659.6957187707885	1	0	1	3.2879080676139907
290200.0	2000.0	1459.6957187707706	0.0	0	454.3533534379676	1659.6957187707303	1	0	1	2.2742452973435845
292095.9354147322	2000.0	563.7603040386391	0.0	0	0.0	1659.6957187707303	1	0	1	2.679710405451749
292851.66191120644	1000.0	808.0338075644383	0.0	0	0.0	1659.6957187707303	1	0	1	0.946842454051886
293419.99506280693	1000.0	1239.7006559639044	0.0	0	0.0	1659.6957187707303	1	0	1	1.6399896346118312
294200.0	1000.0	1459.6957187708326	0.0	0	218.27845090947812	1659.6957187707303	1	0	1	1.6399896346118312
295200.0	1000.0	1459.6957187708394	0.0	0	501.33385822281707	1659.6957187707303	1	0	1	1.6399896346118312
296200.0	1000.0	1459.695718770843	0.0	0	581.8908704726491	1659.6957187707303	1	0	1	1.6399896346118312
297200.0	1000.0	1459.6957187708729	0.0	0	708.3719065008918	1659.6957187707303	1	0	1	1.6399896346118312
298200.0	1000.0	1459.6957187708306	0.0	0	652.8409066367312	1659.6957187707303	1	0	1	1.6399896346118312
299200.0	2000.0	1459.6957187708454	0.0	0	239.96240368724102	1659.695718770672	1	0	1	1.98656322489181
300200.0	2000.0	1459.695718770864	0.0	0	217.05815790756606	1659.6957187707303	1	0	1	2.679710405451749
301328.72714802297	2000.0	1330.9685707479498	0.0	0	0.0	1659.6957187707303	1	0	1	2.679710405451749
302200.0	2000.0	1459.6957187709577	0.0	0	141.03404012008104	1659.6957187707303	1	0	1	2.679710405451749
303200.0	2000.0	1459.6957187709488	0.0	0	497.723659609037	1659.695718770672	1	0	1	2.679710405451755
304200.0	3000.0	1459.6957187709884	0.0	0	257.97825722635025	1659.695718770614	1	0	1	2.8824429595058385
305200.0	3000.0	1459.6957187709897	0.0	0	283.6265225287061	1659.695718770614	1	0	1	3.2879080676140076
306200.0	2000.0	1459.6957187710345	0.0	0	9.293038696807344	1659.695718770614	1	0	1	2.274245297343596
307418.83199857955	3000.0	1240.863720191485	0.0	0	0.0	1659.695718770672	1	0	1	2.8824429595058376
308987.37511067826	3000.0	672.3206080927611	0.0	0	0.0	1659.695718770614	1	0	1	3.2879080676140076
309561.4885234464	1000.0	1098.2071953247164	0.0	0	0.0	1659.695718770614	1	0	1	0.541377345943733
310562.7690095756	2000.0	1096.926709195504	0.0	0	0.0	1659.695718770614	1	0	1	1.9865632248918144
311462.0817929692	2000.0	1197.6139258018143	0.0	0	0.0	1659.695718770614	1	0	1	2.6797104054517606
312536.97637238726	2000.0	1122.7193463837411	0.0	0	0.0	1659.695718770614	1	0	1	2.6797104054517606
313532.3378852257	2000.0	1127.3578335453183	0.0	0	0.0	1659.695718770614	1	0	1	2.6797104054517606
314350.9817476506	2000.0	1308.7139711204302	0.0	0	0.0	1659.695718770614	1	0	1	2.6797104054517606
315200.0	2000.0	1459.695718771085	0.0	0	148.75122314161854	1659.695718770614	1	0	1	2.6797104054517606
316538.1975578473	3000.0	1121.498160923807	0.0	0	0.0	1659.695718770672	1	0	1	2.8824429595058376
317200.0	2000.0	1459.6957187710739	0.0	0	76.98051683860831	1659.695718770672	1	0	1	2.2742452973435903
318921.0033811957	3000.0	738.6923375753739	0.0	0	0.0	1659.695718770672	1	0	1	2.8824429595058376
319358.6297245356	1000.0	1301.0659942354935	0.0	0	0.0	1659.695718770672	1	0	1	0.5413773459437272
320385.0822396625	2000.0	1274.6134791086797	0.0	0	0.0	1659.695718770614	1	0	1	1.9865632248918133
321200.0	2000.0	1459.6957187711307	0.0	0	43.37403189874021	1659.695718770614	1	0	1	2.6797104054517606
322950.8518995959	3000.0	708.843819175308	0.0	0	0.0	1659.695718770672	1	0	1	2.8824429595058376
2.79	1.88	2.24	2.77	2.11	1.37	1.34	1.4	2.25	2.3	1.96	1.7	1.78	1.88	0.79	1.73	1.75	2.5	2.21	2.18	3.26	4.03	2.91	2.46	1.68	1.98	2.25	1.46	1.49	1.29	2.21	3.48	2.26	2.39	2.95	2.69	2.72	3.36	1.9	2.63	3.13	2.09	3.04	2.72	3.3	3.37	2.28	2.33	2.36	2.98	3.52	4.27	3.02	3.1	2.84	2.02	2.4	2.97	3.38	4.17	5.17	3.94	2.73	2.54	1.6	0.86	2.46	1.19	1.22	2.11	2.24	1.92	2.21	2.33	2.99	3.59	2.54	2.5	1.85	2.58	1.45	1.69	2.61	1.55	1.77	2.36	2.29	1.63	1.7	1.49	1.78	1.75	1.78	1.48	2.68	2.84	2.0	2.47	2.94	2.07	2.26	2.41	1.99	2.63	3.81	5.25	5.54	2.4	2.63	3.01	2.11	2.04	2.41	2.73	1.46	2.75	3.19	3.06	3.17	1.6	0.9	1.39	1.56	1.59	2.0	2.77	2.28	2.33	2.61	1.52	2.41	3.12	4.25	3.65	2.2	2.94	2.92	1.73	2.19	2.31	2.75	2.07	2.36	2.54	2.48	3.01	1.53	2.56	2.71	1.82	2.79	1.88	2.24	2.77	2.11	1.37	1.34	1.4	2.25	2.3	1.96	1.7	1.78	1.88	0.79	1.73	1.75	2.5	2.21	2.18	3.26	4.03	2.91	2.46	1.68	1.98	2.25	1.46	1.49	1.29	2.21	3.48	2.26	2.39	2.95	2.69	2.72	3.36	1.9	2.63	3.13	2.09	3.04	2.72	3.3	3.37	2.28	2.33	2.36	2.98	3.52	4.27	3.02	3.1	2.84	2.02	2.4	2.97	3.38	4.17	5.17	3.94	2.73	2.54	1.6	0.86	2.46	1.19	1.22	2.11	2.24	1.92	2.21	2.33	2.99	3.59	2.54	2.5	1.85	2.58	1.45	1.69	2.61	1.55	1.77	2.36	2.29	1.63	1.7	1.49	1.78	1.75	1.78	1.48	2.68	2.84	2.0	2.47	2.94	2.07	2.26	2.41	1.99	2.63	3.81	5.25	5.54	2.4	2.63	3.01	2.11	2.04	2.41	2.73	1.46	2.75	3.19	3.06	3.17	1.6	0.9	1.39	1.56	1.59	2.0	2.77	2.28	2.33	2.61	1.52	2.41	3.12	4.25	3.65	2.2	2.94	2.92	1.73	2.19	2.31	2.75	2.07	2.36	2.54	2.48	3.01	1.53	2.56	2.71	1.82	2.79	1.88	2.24	2.77	2.11	1.37	1.34	1.4	2.25	2.3	1.96	1.7	1.78	1.88	0.79	1.73	1.75	2.5	2.21	2.18	3.26	4.03	2.91
1.0	2.0	3.0	4.0	5.0	6.0	7.0	8.0	9.0	10.0	11.0	12.0	13.0	14.0	15.0	16.0	17.0	18.0	19.0	20.0	21.0	22.0	23.0	24.0	25.0	26.0	27.0	28.0	29.0	30.0	31.0	32.0	33.0	34.0	35.0	36.0	37.0	38.0	39.0	40.0	41.0	42.0	43.0	44.0	45.0	46.0	47.0	48.0	49.0	50.0	51.0	52.0	53.0	54.0	55.0	56.0	57.0	58.0	59.0	60.0	61.0	62.0	63.0	64.0	65.0	66.0	67.0	68.0	69.0	70.0	71.0	72.0	73.0	74.0	75.0	76.0	77.0	78.0	79.0	80.0	81.0	82.0	83.0	84.0	85.0	86.0	87.0	88.0	89.0	90.0	91.0	92.0	93.0	94.0	95.0	96.0	97.0	98.0	99.0	100.0	101.0	102.0	103.0	104.0	105.0	106.0	107.0	108.0	109.0	110.0	111.0	112.0	113.0	114.0	115.0	116.0	117.0	118.0	119.0	120.0	121.0	122.0	123.0	124.0	125.0	126.0	127.0	128.0	129.0	130.0	131.0	132.0	133.0	134.0	135.0	136.0	137.0	138.0	139.0	140.0	141.0	142.0	143.0	144.0	145.0	146.0	147.0	148.0	149.0	149.0	150.0	151.0	152.0	153.0	154.0	155.0	156.0	157.0	158.0	159.0	160.0	161.0	162.0	163.0	164.0	165.0	166.0	167.0	168.0	169.0	170.0	171.0	172.0	173.0	174.0	175.0	176.0	177.0	178.0	179.0	180.0	181.0	182.0	183.0	184.0	185.0	186.0	187.0	188.0	189.0	190.0	191.0	192.0	193.0	194.0	195.0	196.0	197.0	198.0	199.0	200.0	201.0	202.0	203.0	204.0	205.0	206.0	207.0	208.0	209.0	210.0	211.0	212.0	213.0	214.0	215.0	216.0	217.0	218.0	219.0	220.0	221.0	222.0	223.0	224.0	225.0	226.0	227.0	228.0	229.0	230.0	231.0	232.0	233.0	234.0	235.0	236.0	237.0	238.0	239.0	240.0	241.0	242.0	243.0	244.0	245.0	246.0	247.0	248.0	249.0	250.0	251.0	252.0	253.0	254.0	255.0	256.0	257.0	258.0	259.0	260.0	261.0	262.0	263.0	264.0	265.0	266.0	267.0	268.0	269.0	270.0	271.0	272.0	273.0	274.0	275.0	276.0	277.0	278.0	279.0	280.0	281.0	282.0	283.0	284.0	285.0	286.0	287.0	288.0	289.0	290.0	291.0	292.0	293.0	294.0	295.0	296.0	297.0	298.0	298.0	299.0	300.0	301.0	302.0	303.0	304.0	305.0	306.0	307.0	308.0	309.0	310.0	311.0	312.0	313.0	314.0	315.0	316.0	317.0	318.0	319.0	320.0	321.0
2955.8918773273263
