2571.2904725743824	300.0	2000.0	122.58420155627859	0	0.0	2571.2904725743824	1	0	1	-0.9903705073641962
5200.0	2000.0	349.19753108624184	70.81593735112989	0	141.3457966127071	549.1975310862417	1	0	2	0.06548504146258316
6200.0	500.0	2449.197531086241	0.0	0	768.5696077482089	2649.197531086241	1	0	0	-1.2809756785795285
9200.0	3000.0	349.19753108624184	0.0	0	305.17823345125726	549.1975310862435	1	0	2	1.0034786050441395
10200.0	500.0	2449.1975310862417	0.0	0	792.1120082731704	2649.1975310862445	1	0	0	-1.6864407866876934
14887.616034147546	6000.0	200.0	1551.9819149782375	0	0.0	2087.616034147546	1	0	2	-8.088632545552048
15040.339516654765	500.0	1032.0041692420587	0.0	0	0.0	2072.3436858968234	1	0	2	-2.126222574755505
15570.409637475374	2000.0	1448.927036339389	0.0	0	0.0	2019.3366738147633	1	0	2	1.056068491560381
16857.45501608454	3000.0	1033.1771198693064	0.0	0	0.0	1890.6321359538488	1	0	2	2.6556992270552473
17601.642921622173	2000.0	1214.5704237779091	0.0	0	0.0	1816.213345400085	1	0	2	2.0565794577222256
18740.06759170455	3000.0	962.3032866872975	0.0	0	0.0	1702.3708783918482	1	0	2	2.675051447770776
19353.332046578445	2000.0	1349.0388318134014	0.0	0	0.0	1702.3708783918482	1	0	1	2.069977781381472
20415.10628551353	3000.0	1287.2645928783165	0.0	0	0.0	1702.3708783918482	1	0	1	2.8781754435437197
21578.445055663935	3000.0	1123.9258227279133	0.0	0	0.0	1702.3708783918519	1	0	1	3.2836405516518843
22738.254576292886	3000.0	964.1163020989685	0.0	0	0.0	1702.3708783918555	1	0	1	3.2836405516518834
23584.805517067176	2000.0	1117.5653613246755	0.0	0	0.0	1702.3708783918555	1	0	1	2.269977781381472
24277.134411005518	2000.0	1425.2364673863356	0.0	0	0.0	1702.3708783918592	1	0	1	2.6754428894896365
25358.493465557363	3000.0	1343.8774128344912	0.0	0	0.0	1702.3708783918555	1	0	1	2.878175443543719
26322.465004493286	3000.0	1379.9058738985668	0.0	0	0.0	1702.3708783918555	1	0	1	3.2836405516518834
27200.0	3000.0	1502.3708783918555	0.0	0	268.0773228571925	1702.3708783918555	1	0	1	3.2836405516518834
28200.0	3000.0	1502.370878391853	0.0	0	540.9739603137969	1702.3708783918592	1	0	1	3.283640551651883
29200.0	3000.0	1502.3708783918555	0.0	0	298.2275449658009	1702.3708783918592	1	0	1	3.283640551651883
30200.0	3000.0	1502.3708783918564	0.0	0	60.02779188531713	1702.3708783918592	1	0	1	3.283640551651883
31902.28357368207	6000.0	800.0873047097823	0.0	0	0.0	1702.3708783918592	1	0	1	3.630214141931856
32662.518122429177	3000.0	1039.8527559626789	0.0	0	0.0	1702.3708783918592	1	0	1	2.590493371091938
33200.0	3000.0	1502.3708783918564	0.0	0	84.4595425466614	1702.3708783918592	1	0	1	3.2836405516518834
34378.107852709945	6000.0	1324.263025681912	0.0	0	0.0	1702.3708783918592	1	0	1	3.630214141931856
35323.956260412175	3000.0	1378.414617979677	0.0	0	0.0	1702.3708783918482	1	0	1	2.590493371091939
36272.247433727855	3000.0	1430.1234446639976	0.0	0	0.0	1702.3708783918482	1	0	1	3.2836405516518843
37200.0	3000.0	1502.37087839186	0.0	0	204.47553170553147	1702.3708783918628	1	0	1	3.2836405516518834
38200.0	3000.0	1502.3708783918662	0.0	0	206.3382322935504	1702.3708783918628	1	0	1	3.283640551651883
39200.0	3000.0	1502.3708783918769	0.0	0	586.2819769006237	1702.37087839187	1	0	1	3.2836405516518825
40200.0	3000.0	1502.3708783918785	0.0	0	559.7137775726878	1702.37087839187	1	0	1	3.2836405516518825
41200.0	3000.0	1502.370878391882	0.0	0	282.8813002545721	1702.37087839187	1	0	1	3.2836405516518825
42245.190659678796	3000.0	1457.1802187130843	0.0	0	0.0	1702.3708783918628	1	0	1	3.283640551651883
43933.1967214554	6000.0	769.174156936477	0.0	0	0.0	1702.3708783918628	1	0	1	3.6302141419318557
45011.19542487741	3000.0	691.1754535144667	0.0	0	0.0	1702.3708783918628	1	0	1	2.590493371091938
45584.67439885866	2000.0	1117.6964795332278	0.0	0	0.0	1702.3708783918628	1	0	1	2.2699777813814714
46212.46761289736	3000.0	1489.903265494537	0.0	0	0.0	1702.37087839187	1	0	1	2.878175443543718
47200.0	3000.0	1502.3708783918926	0.0	0	504.32886830366624	1702.37087839187	1	0	1	3.2836405516518825
48200.0	3000.0	1502.3708783918887	0.0	0	466.1683945235345	1702.37087839187	1	0	1	3.2836405516518825
49200.0	3000.0	1502.3708783918855	0.0	0	523.348848027701	1702.3708783918628	1	0	1	3.283640551651883
50200.0	3000.0	1502.3708783918848	0.0	0	261.9099841440984	1702.3708783918628	1	0	1	3.283640551651883
51200.0	3000.0	1502.3708783918867	0.0	0	69.11850047326152	1702.3708783918628	1	0	1	3.283640551651883
52200.0	3000.0	1502.3708783918853	0.0	0	165.68279403801716	1702.3708783918628	1	0	1	3.283640551651883
53251.991896067986	3000.0	1450.3789823239013	0.0	0	0.0	1702.3708783918628	1	0	1	3.283640551651883
54336.2461659129	3000.0	1366.124712478985	0.0	0	0.0	1702.3708783918628	1	0	1	3.283640551651883
55835.35027518751	3000.0	867.0206032043668	0.0	0	0.0	1702.37087839187	1	0	1	3.2836405516518825
56513.641224370556	2000.0	1188.7296540213158	0.0	0	0.0	1702.3708783918628	1	0	1	2.2699777813814714
57200.0	2000.0	1502.3708783918669	0.0	0	35.25166773879755	1702.3708783918628	1	0	1	2.675442889489636
58200.0	2000.0	1502.3708783918694	0.0	0	401.8601798382224	1702.3708783918628	1	0	1	2.675442889489636
59200.0	2000.0	1502.370878391869	0.0	0	297.4419931951343	1702.3708783918628	1	0	1	2.675442889489636
60200.0	2000.0	1502.370878391866	0.0	0	526.7068468950602	1702.3708783918628	1	0	1	2.675442889489636
61200.0	3000.0	1502.370878391868	0.0	0	147.40025624155533	1702.37087839187	1	0	1	2.878175443543718
62200.0	3000.0	1502.3708783918755	0.0	0	328.57957286806777	1702.3708783918773	1	0	1	3.283640551651881
63200.0	3000.0	1502.3708783918723	0.0	0	166.01905088612693	1702.3708783918773	1	0	1	3.283640551651881
64200.0	3000.0	1502.370878391873	0.0	0	284.17771245730546	1702.3708783918773	1	0	1	3.283640551651881
65204.72607184279	3000.0	1497.6448065490808	0.0	0	0.0	1702.3708783918773	1	0	1	3.283640551651881
66252.37911885913	3000.0	1449.9917595327433	0.0	0	0.0	1702.3708783918846	1	0	1	3.283640551651881
67391.21699568437	3000.0	1311.1538827074842	0.0	0	0.0	1702.37087839187	1	0	1	3.2836405516518825
68449.10011151453	3000.0	1253.2707668773317	0.0	0	0.0	1702.37087839187	1	0	1	3.2836405516518825
69602.59183848814	3000.0	1099.7790399037376	0.0	0	0.0	1702.37087839187	1	0	1	3.2836405516518825
70266.2359707678	2000.0	1436.1349076240872	0.0	0	0.0	1702.37087839187	1	0	1	2.2699777813814705
71539.2354639243	3000.0	1163.135414467594	0.0	0	0.0	1702.37087839187	1	0	1	2.878175443543718
72477.723745465	2000.0	1224.6471329268823	0.0	0	0.0	1702.3708783918846	1	0	1	2.269977781381469
73200.0	2000.0	1502.3708783918717	0.0	0	121.40657595763332	1702.3708783918846	1	0	1	2.675442889489634
74200.0	3000.0	1502.3708783918844	0.0	0	3.3627718022617046	1702.3708783918846	1	0	1	2.878175443543716
75476.57454050017	3000.0	1225.7963378917232	0.0	0	0.0	1702.3708783918846	1	0	1	3.2836405516518807
76203.69151441239	2000.0	1498.67936397949	0.0	0	0.0	1702.3708783918846	1	0	1	2.269977781381469
77200.0	3000.0	1502.3708783918812	0.0	0	123.11520370660583	1702.3708783918846	1	0	1	2.878175443543716
78200.0	3000.0	1502.370878391879	0.0	0	203.18427202751627	1702.3708783918846	1	0	1	3.2836405516518807
79200.0	3000.0	1502.3708783918855	0.0	0	174.21737590580597	1702.3708783918846	1	0	1	3.2836405516518807
80200.0	3000.0	1502.3708783918983	0.0	0	208.6585471424478	1702.3708783918846	1	0	1	3.2836405516518807
81346.69606424321	3000.0	1355.6748141486735	0.0	0	0.0	1702.37087839187	1	0	1	3.2836405516518825
82612.74360366589	3000.0	1089.627274725982	0.0	0	0.0	1702.37087839187	1	0	1	3.2836405516518825
84340.4269490222	3000.0	361.9439293696804	0.0	0	0.0	1702.37087839187	1	0	1	3.2836405516518825
84593.08166458318	500.0	1109.2892138087018	0.0	0	0.0	1702.3708783918846	1	0	1	-1.1957581214182573
85496.22781023233	2000.0	1206.1430681595352	0.0	0	0.0	1702.3708783918846	1	0	1	1.289148528369743
86200.0	2000.0	1502.3708783918821	0.0	0	77.95349928985524	1702.3708783918992	1	0	1	2.675442889489633
87200.0	2000.0	1502.3708783918928	0.0	0	587.2520945254801	1702.3708783918992	1	0	1	2.675442889489632
88200.0	3000.0	1502.3708783918985	0.0	0	416.58512584498385	1702.3708783918992	1	0	1	2.8781754435437144
89200.0	3000.0	1502.3708783918896	0.0	0	473.56232646643184	1702.3708783918992	1	0	1	3.283640551651879
90222.40656900268	3000.0	1479.9643093891966	0.0	0	283.9837440679257	1702.3708783918992	1	0	1	3.283640551651879
91407.88025710586	3000.0	1294.4906212860153	0.0	0	0.0	1702.3708783918992	1	0	1	3.283640551651879
92332.29423872939	3000.0	1370.0766396624954	0.0	0	0.0	1702.3708783918846	1	0	1	3.2836405516518807
93641.08443966131	3000.0	1061.2864387305813	0.0	0	0.0	1702.3708783918846	1	0	1	3.2836405516518807
94540.88354403198	3000.0	1161.4873343599163	0.0	0	0.0	1702.3708783918846	1	0	1	3.2836405516518807
95386.80928757552	2000.0	1315.5615908163636	0.0	0	0.0	1702.3708783918846	1	0	1	2.269977781381469
96200.0	3000.0	1502.3708783918926	0.0	0	110.9825580202596	1702.3708783918846	1	0	1	2.878175443543716
97200.0	3000.0	1502.37087839188	0.0	0	55.80990628436848	1702.3708783918846	1	0	1	3.2836405516518807
98744.33988055201	3000.0	958.0309978398645	0.0	0	0.0	1702.37087839187	1	0	1	3.2836405516518825
99694.49833341615	2000.0	1007.8725449757366	0.0	0	0.0	1702.37087839187	1	0	1	2.2699777813814705
101110.2335597294	2000.0	592.1373186624792	0.0	0	0.0	1702.37087839187	1	0	1	2.675442889489635
101571.90481001801	1000.0	1130.4660683738823	0.0	0	0.0	1702.37087839187	1	0	1	0.9425749380897721
102224.59032165789	2000.0	1477.7805567339947	0.0	0	0.0	1702.37087839187	1	0	1	1.9822957089296902
103200.0	2000.0	1502.3708783918853	0.0	0	328.68115187481453	1702.3708783918555	1	0	1	2.6754428894896365
104200.0	3000.0	1502.3708783918867	0.0	0	267.4506575744599	1702.3708783918555	1	0	1	2.878175443543719
105200.0	2000.0	1502.3708783918935	0.0	0	265.9600135842338	1702.3708783918555	1	0	1	2.269977781381472
106553.05473070455	3000.0	1149.316147687336	0.0	0	0.0	1702.3708783918555	1	0	1	2.878175443543719
107504.07814065168	2000.0	1198.2927377402102	0.0	0	0.0	1702.3708783918555	1	0	1	2.269977781381472
108209.2941115486	2000.0	1493.0767668432807	0.0	0	0.0	1702.37087839187	1	0	1	2.675442889489635
109200.0	3000.0	1502.3708783918921	0.0	0	21.719022803765256	1702.37087839187	1	0	1	2.878175443543718
110200.0	3000.0	1502.370878391887	0.0	0	85.06785761851643	1702.37087839187	1	0	1	3.2836405516518825
111200.0	3000.0	1502.3708783918817	0.0	0	205.74073086076532	1702.3708783918846	1	0	1	3.2836405516518807
112200.0	3000.0	1502.3708783918862	0.0	0	363.7087489286787	1702.3708783918846	1	0	1	3.2836405516518807
113200.0	3000.0	1502.3708783918878	0.0	0	159.4618001706258	1702.3708783918846	1	0	1	3.2836405516518807
114201.47948224164	3000.0	1500.8913961502408	0.0	0	0.0	1702.3708783918992	1	0	1	3.283640551651879
115200.0	3000.0	1502.3708783918873	0.0	0	311.83966642874293	1702.3708783918992	1	0	1	3.283640551651879
116200.0	3000.0	1502.370878391887	0.0	0	383.72344846445776	1702.3708783918992	1	0	1	3.283640551651879
117200.0	3000.0	1502.3708783919008	0.0	0	180.01047050213674	1702.3708783918992	1	0	1	3.283640551651879
118331.78324126462	3000.0	1370.587637127284	0.0	0	0.0	1702.3708783918992	1	0	1	3.283640551651879
119200.0	3000.0	1502.3708783919037	0.0	0	214.98818438990565	1702.3708783918992	1	0	1	3.283640551651879
120200.0	3000.0	1502.370878391919	0.0	0	338.59607809837325	1702.3708783919137	1	0	1	3.283640551651878
121239.29190840536	3000.0	1463.078969986572	0.0	0	271.3997017853544	1702.3708783919137	1	0	1	3.283640551651878
123014.78029160287	3000.0	687.5905867890365	0.0	0	0.0	1702.3708783919137	1	0	1	3.283640551651878
123594.30109540033	1000.0	1108.0697829915998	0.0	0	0.0	1702.3708783919137	1	0	1	0.5371098299816031
124573.39835239918	2000.0	1128.9725259927482	0.0	0	0.0	1702.3708783919137	1	0	1	1.9822957089296858
125431.22994548894	2000.0	1271.140932902988	0.0	0	0.0	1702.3708783919137	1	0	1	2.6754428894896307
126200.0	2000.0	1502.3708783919383	0.0	0	25.23040991941525	1702.3708783919137	1	0	1	2.6754428894896307
127200.0	2000.0	1502.3708783919299	0.0	0	21.689610788438586	1702.3708783919137	1	0	1	2.6754428894896307
128492.26951250312	3000.0	1210.101365888815	0.0	0	0.0	1702.3708783919137	1	0	1	2.8781754435437135
129232.25033539793	2000.0	1470.1205429940062	0.0	0	0.0	1702.3708783919283	1	0	1	2.2699777813814648
130200.0	3000.0	1502.370878391932	0.0	0	131.99196689658856	1702.3708783919283	1	0	1	2.8781754435437117
131200.0	3000.0	1502.3708783919308	0.0	0	110.02973831014242	1702.3708783919283	1	0	1	3.2836405516518763
132503.46206773416	3000.0	1198.9088106577742	0.0	0	0.0	1702.3708783919137	1	0	1	3.283640551651877
133975.05983180116	2000.0	727.3110465907323	0.0	0	0.0	1702.3708783918992	1	0	1	2.2699777813814674
134491.32498060222	1000.0	1211.0458977896674	0.0	0	0.0	1702.37087839187	1	0	1	0.9425749380897721
135409.1268329364	2000.0	1293.2440454555176	0.0	0	0.0	1702.37087839187	1	0	1	1.9822957089296902
136200.0	2000.0	1502.3708783919128	0.0	0	164.01753547863336	1702.37087839187	1	0	1	2.675442889489635
137200.0	2000.0	1502.3708783919187	0.0	0	273.49968343114597	1702.37087839187	1	0	1	2.675442889489635
138200.0	3000.0	1502.370878391932	0.0	0	202.5969413764542	1702.3708783918992	1	0	1	2.8781754435437144
139200.0	3000.0	1502.3708783919403	0.0	0	468.6182238533511	1702.3708783918992	1	0	1	3.283640551651879
140200.0	3000.0	1502.3708783919176	0.0	0	514.6480826705229	1702.3708783918992	1	0	1	3.283640551651879
141200.0	3000.0	1502.370878391936	0.0	0	433.788164774538	1702.3708783918992	1	0	1	3.283640551651879
142200.0	3000.0	1502.370878391966	0.0	0	380.6593172546709	1702.3708783918992	1	0	1	3.283640551651879
144969.44594504227	6000.0	200.0	467.0750666503019	0	0.0	2169.445945042273	1	0	1	0.8138538710358346
145182.6810515072	500.0	965.4413828885622	0.0	0	0.0	2148.122434395802	1	0	2	-2.3339491943921384
145968.210729998	3000.0	1101.3587365486806	0.0	0	0.0	2069.5694665467017	1	0	2	1.2532960431081048
146706.46168846943	3000.0	1289.2826822301342	0.0	0	0.0	1995.7443706995982	1	0	2	3.0523385751549545
147525.11906914695	3000.0	1388.7595634848235	0.0	0	0.0	1913.8786326318514	1	0	2	3.060443598315319
148618.18409675272	3000.0	1186.3880331184876	0.0	0	0.0	1804.5721298712597	1	0	2	3.0700029398689073
149772.05536649202	3000.0	917.1296364052723	0.0	0	0.0	1689.1850028973422	1	0	2	3.0821233771119103
150633.22144342252	2000.0	1055.9635594748172	0.0	0	0.0	1689.1850028973422	1	0	1	2.0712963689309234
151565.10297199283	3000.0	1124.0820309044946	0.0	0	0.0	1689.1850028973422	1	0	1	2.8794940310931705
152405.347553798	3000.0	1283.8374490993285	0.0	0	0.0	1689.1850028973713	1	0	1	3.284959139201332
153218.268231417	3000.0	1470.916771480317	0.0	0	0.0	1689.1850028973422	1	0	1	3.284959139201335
154200.0	3000.0	1489.1850028973236	0.0	0	173.7652640317683	1689.1850028973422	1	0	1	3.284959139201335
155200.0	3000.0	1489.1850028973538	0.0	0	376.43539980999776	1689.1850028973422	1	0	1	3.284959139201335
156409.1528914937	3000.0	1280.0321114036637	0.0	0	244.24284258214175	1689.1850028973422	1	0	1	3.284959139201335
158026.48400258122	3000.0	662.7010003161331	0.0	0	0.0	1689.1850028973422	1	0	1	3.284959139201335
158561.75565061692	2000.0	1127.429352280446	0.0	0	0.0	1689.1850028973713	1	0	1	2.2712963689309205
159654.7629692114	3000.0	1034.4220336859607	0.0	0	0.0	1689.1850028973713	1	0	1	2.8794940310931674
160718.56375756563	3000.0	970.6212453317628	0.0	0	0.0	1689.1850028974004	1	0	1	3.284959139201329
161241.86006866914	2000.0	1447.324934228281	0.0	0	0.0	1689.1850028974004	1	0	1	2.2712963689309174
162492.4388660186	3000.0	1196.746136878774	0.0	0	0.0	1689.1850028973713	1	0	1	2.8794940310931674
163400.60118480356	3000.0	1288.5838180938094	0.0	0	0.0	1689.1850028973713	1	0	1	3.284959139201332
164223.37674795577	3000.0	1465.8082549415858	0.0	0	0.0	1689.1850028973713	1	0	1	3.284959139201332
165200.0	3000.0	1489.1850028973606	0.0	0	58.45186396539793	1689.1850028973713	1	0	1	3.284959139201332
166271.28022095823	3000.0	1417.9047819390858	0.0	0	0.0	1689.1850028973422	1	0	1	3.284959139201335
167269.8563676097	3000.0	1419.3286352876428	0.0	0	0.0	1689.1850028973422	1	0	1	3.284959139201335
168200.0	3000.0	1489.1850028973695	0.0	0	106.76351643848466	1689.1850028973713	1	0	1	3.2849591392013338
169254.34408737597	3000.0	1434.8409155213903	0.0	0	0.0	1689.1850028973422	1	0	1	3.284959139201334
170475.5878902676	3000.0	1213.5971126297477	0.0	0	0.0	1689.1850028973422	1	0	1	3.284959139201335
171461.29933018747	3000.0	1227.8856727099128	0.0	0	0.0	1689.185002897313	1	0	1	3.2849591392013378
172868.76651156056	3000.0	820.4184913368173	0.0	0	0.0	1689.185002897313	1	0	1	3.2849591392013378
173454.25806791367	2000.0	1234.9269349836788	0.0	0	0.0	1689.185002897313	1	0	1	2.2712963689309262
174200.0	2000.0	1489.1850028973568	0.0	0	185.12961716065183	1689.185002897313	1	0	1	2.6767614770390926
175200.0	3000.0	1489.1850028973302	0.0	0	211.9964281671564	1689.185002897284	1	0	1	2.879494031093174
176200.0	3000.0	1489.1850028973402	0.0	0	469.6866745518346	1689.185002897284	1	0	1	3.2849591392013404
177200.0	3000.0	1489.1850028973286	0.0	0	401.90102623650455	1689.185002897284	1	0	1	3.2849591392013404
178200.0	3000.0	1489.18500289733	0.0	0	462.4056602505443	1689.185002897284	1	0	1	3.2849591392013404
179200.0	3000.0	1489.18500289737	0.0	0	109.57008889946155	1689.185002897284	1	0	1	3.2849591392013404
180200.0	3000.0	1489.1850028973797	0.0	0	126.3113511725096	1689.185002897284	1	0	1	3.2849591392013404
181325.49259962954	6000.0	1363.6924032678476	0.0	0	0.0	1689.185002897284	1	0	1	3.631532729481313
182200.0	3000.0	1489.1850028973636	0.0	0	289.50714331745985	1689.185002897284	1	0	1	2.5918119586413955
183200.0	3000.0	1489.1850028973627	0.0	0	221.45544130372582	1689.185002897284	1	0	1	3.2849591392013404
184354.86087601533	3000.0	1334.3241268820282	0.0	0	0.0	1689.185002897284	1	0	1	3.2849591392013404
185307.977249561	3000.0	1381.207753336361	0.0	0	0.0	1689.185002897284	1	0	1	3.2849591392013404
186200.0	3000.0	1489.1850028973404	0.0	0	113.38573414625716	1689.185002897284	1	0	1	3.2849591392013404
187200.0	3000.0	1489.1850028973413	0.0	0	439.61189766737516	1689.185002897284	1	0	1	3.2849591392013404
188200.0	3000.0	1489.1850028973317	0.0	0	327.6470343376859	1689.185002897284	1	0	1	3.2849591392013404
189200.0	3000.0	1489.1850028973433	0.0	0	631.3365549477749	1689.185002897284	1	0	1	3.2849591392013404
190200.0	3000.0	1489.1850028973704	0.0	0	515.3684410396381	1689.185002897284	1	0	1	3.2849591392013404
191200.0	3000.0	1489.1850028973429	0.0	0	17.0419992627576	1689.185002897284	1	0	1	3.2849591392013404
192736.6281319207	6000.0	952.5568709765973	0.0	0	0.0	1689.185002897313	1	0	1	3.6315327294813105
193732.88820221205	3000.0	956.2968006852595	0.0	0	0.0	1689.185002897284	1	0	1	2.591811958641395
194534.99982991925	3000.0	1154.1851729780187	0.0	0	0.0	1689.185002897255	1	0	1	3.284959139201344
195261.3654108215	3000.0	1427.819592075767	0.0	0	0.0	1689.185002897255	1	0	1	3.284959139201344
196200.0	3000.0	1489.1850028972826	0.0	0	393.89086179382866	1689.185002897255	1	0	1	3.284959139201344
197200.0	3000.0	1489.1850028973086	0.0	0	142.49423528893385	1689.185002897284	1	0	1	3.284959139201342
198200.0	3000.0	1489.1850028973063	0.0	0	558.2827436640218	1689.185002897255	1	0	1	3.284959139201344
199200.0	3000.0	1489.185002897323	0.0	0	222.67879809104488	1689.185002897255	1	0	1	3.284959139201344
200442.14223100524	3000.0	1247.0427718921112	0.0	0	0.0	1689.185002897313	1	0	1	3.284959139201338
201595.1444091025	3000.0	1094.0405937948708	0.0	0	0.0	1689.185002897313	1	0	1	3.2849591392013378
202557.95466383258	3000.0	1131.230339064818	0.0	0	0.0	1689.185002897313	1	0	1	3.2849591392013378
203329.60441031976	3000.0	1359.5805925776324	0.0	0	0.0	1689.1850028973422	1	0	1	3.284959139201335
204202.16482852466	3000.0	1487.0201743726957	0.0	0	0.0	1689.1850028973422	1	0	1	3.284959139201335
205422.32689365445	3000.0	1266.8581092428908	0.0	0	0.0	1689.185002897313	1	0	1	3.2849591392013378
206445.459073189	3000.0	1243.7259297083294	0.0	0	0.0	1689.185002897313	1	0	1	3.2849591392013378
207200.0	2000.0	1489.185002897362	0.0	0	56.84887687355513	1689.185002897313	1	0	1	2.2712963689309262
208200.0	3000.0	1489.185002897354	0.0	0	20.74554654347594	1689.185002897313	1	0	1	2.879494031093173
209200.0	3000.0	1489.185002897356	0.0	0	220.65010594954947	1689.185002897313	1	0	1	3.2849591392013378
210200.0	3000.0	1489.1850028974238	0.0	0	390.31497151602525	1689.185002897313	1	0	1	3.2849591392013378
211200.0	3000.0	1489.185002897414	0.0	0	475.8730952406768	1689.185002897313	1	0	1	3.2849591392013378
212200.0	3000.0	1489.1850028974518	0.0	0	180.42952003437676	1689.185002897313	1	0	1	3.2849591392013378
213200.0	3000.0	1489.185002897452	0.0	0	162.50948360949405	1689.185002897313	1	0	1	3.2849591392013378
214200.0	3000.0	1489.1850028974586	0.0	0	33.98606238380307	1689.185002897313	1	0	1	3.2849591392013378
215200.0	3000.0	1489.1850028974409	0.0	0	12.646099904173752	1689.185002897313	1	0	1	3.2849591392013378
216200.0	3000.0	1489.1850028974227	0.0	0	126.70389200674254	1689.1850028973422	1	0	1	3.284959139201337
217449.71795684952	3000.0	1239.4670460479167	0.0	0	0.0	1689.1850028973713	1	0	1	3.284959139201333
218525.95410320358	3000.0	1163.230899693888	0.0	0	0.0	1689.1850028973713	1	0	1	3.284959139201332
219590.83576854286	3000.0	1098.349234354609	0.0	0	0.0	1689.1850028974004	1	0	1	3.284959139201329
220613.35375627375	2000.0	1075.8312466237376	0.0	0	0.0	1689.1850028973713	1	0	1	2.2712963689309205
221431.33086771757	2000.0	1257.8541351799377	0.0	0	0.0	1689.1850028973713	1	0	1	2.676761477039085
222200.0	2000.0	1489.1850028974989	0.0	0	36.2520081824332	1689.1850028973713	1	0	1	2.676761477039085
223200.0	3000.0	1489.1850028975075	0.0	0	278.15956984617515	1689.1850028973713	1	0	1	2.8794940310931674
224200.0	3000.0	1489.1850028974936	0.0	0	205.38737975500408	1689.1850028973713	1	0	1	3.284959139201332
225200.0	3000.0	1489.1850028974657	0.0	0	14.603582272218773	1689.1850028973713	1	0	1	3.284959139201332
226200.0	3000.0	1489.185002897482	0.0	0	94.34232717685518	1689.1850028973713	1	0	1	3.284959139201331
227200.0	3000.0	1489.185002897525	0.0	0	381.71840184315806	1689.1850028974004	1	0	1	3.284959139201329
228200.0	3000.0	1489.1850028975368	0.0	0	267.9055245431664	1689.1850028974004	1	0	1	3.284959139201329
229200.0	3000.0	1489.185002897507	0.0	0	21.29007209680276	1689.1850028973422	1	0	1	3.2849591392013333
230289.23026593644	3000.0	1399.9547369610864	0.0	0	0.0	1689.1850028973422	1	0	1	3.284959139201335
231200.0	3000.0	1489.1850028975048	0.0	0	114.55019176995847	1689.1850028974004	1	0	1	3.2849591392013306
232498.1309102723	3000.0	1191.0540926252268	0.0	0	0.0	1689.1850028974004	1	0	1	3.284959139201329
233311.74915384394	2000.0	1377.4358490535935	0.0	0	0.0	1689.1850028974004	1	0	1	2.2712963689309174
234694.0796956501	3000.0	995.1053072474174	0.0	0	0.0	1689.1850028974004	1	0	1	2.8794940310931643
235221.97408829117	2000.0	1467.2109146063694	0.0	0	0.0	1689.1850028974004	1	0	1	2.2712963689309174
236200.0	2000.0	1489.1850028975527	0.0	0	391.20319229288725	1689.1850028974004	1	0	1	2.676761477039082
237200.0	3000.0	1489.1850028975316	0.0	0	535.2644162501383	1689.1850028974004	1	0	1	2.8794940310931643
238200.0	3000.0	1489.1850028975148	0.0	0	495.0636229075608	1689.1850028974004	1	0	1	3.284959139201329
239218.67776032758	3000.0	1470.5072425699145	0.0	0	316.930140531651	1689.1850028974004	1	0	1	3.284959139201329
240425.24737829078	3000.0	1263.9376246067263	0.0	0	0.0	1689.1850028974004	1	0	1	3.284959139201329
241683.059285327	3000.0	1006.1257175705359	0.0	0	0.0	1689.1850028974295	1	0	1	3.284959139201326
242460.99612583834	3000.0	1228.1888770592188	0.0	0	0.0	1689.1850028974295	1	0	1	3.284959139201326
243324.15713036593	3000.0	1365.0278725316284	0.0	0	0.0	1689.1850028974295	1	0	1	3.284959139201326
244751.09054794372	3000.0	938.0944549538481	0.0	0	0.0	1689.1850028974295	1	0	1	3.284959139201326
245200.0	2000.0	1489.1850028975898	0.0	0	48.146521464397665	1689.1850028974295	1	0	1	2.2712963689309147
246200.0	3000.0	1489.185002897584	0.0	0	370.07380132054095	1689.1850028974004	1	0	1	2.8794940310931643
247471.71578421516	3000.0	1217.4692186824218	0.0	0	0.0	1689.1850028974004	1	0	1	3.284959139201329
248367.84525064324	2000.0	1321.3397522543657	0.0	0	0.0	1689.1850028974004	1	0	1	2.2712963689309174
249850.6677835139	2000.0	838.5172193836934	0.0	0	0.0	1689.1850028974004	1	0	1	2.676761477039082
250200.0	1000.0	1489.1850028975805	0.0	0	14.506929430848686	1689.1850028974004	1	0	1	0.9438935256392191
251200.0	2000.0	1489.1850028975553	0.0	0	158.69546755519696	1689.1850028973713	1	0	1	1.983614296479138
252200.0	2000.0	1489.1850028975753	0.0	0	210.3172846599191	1689.1850028973713	1	0	1	2.676761477039085
253200.0	2000.0	1489.1850028975703	0.0	0	526.7000005789159	1689.1850028973713	1	0	1	2.676761477039085
254200.0	3000.0	1489.1850028975484	0.0	0	239.37512214379967	1689.1850028973713	1	0	1	2.8794940310931674
255663.8175149742	3000.0	1025.367487923395	0.0	0	0.0	1689.1850028973713	1	0	1	3.284959139201332
256503.34438397438	2000.0	1185.8406189232173	0.0	0	0.0	1689.1850028974004	1	0	1	2.2712963689309174
257431.18828500446	2000.0	1257.9967178931697	0.0	0	0.0	1689.1850028974004	1	0	1	2.676761477039082
258200.0	2000.0	1489.1850028975987	0.0	0	152.91171484510414	1689.1850028973713	1	0	1	2.676761477039085
259200.0	3000.0	1489.1850028976116	0.0	0	122.74210787715856	1689.1850028973713	1	0	1	2.8794940310931674
260200.0	3000.0	1489.1850028976105	0.0	0	350.7562901614292	1689.1850028973713	1	0	1	3.284959139201332
261200.0	3000.0	1489.1850028976305	0.0	0	283.65548500826117	1689.1850028973713	1	0	1	3.284959139201332
262221.19364428974	3000.0	1467.9913586078603	0.0	0	0.0	1689.185002897313	1	0	1	3.284959139201337
263511.6489745673	3000.0	1177.5360283302234	0.0	0	0.0	1689.185002897255	1	0	1	3.2849591392013426
264430.57831885107	3000.0	1258.6066840464587	0.0	0	0.0	1689.1850028972258	1	0	1	3.2849591392013466
265401.65413630777	3000.0	1287.5308665897444	0.0	0	0.0	1689.1850028972258	1	0	1	3.2849591392013466
266484.1633456034	3000.0	1205.021657294112	0.0	0	0.0	1689.185002897284	1	0	1	3.2849591392013404
267569.7350344202	3000.0	1119.4499684773286	0.0	0	0.0	1689.1850028972258	1	0	1	3.2849591392013466
268200.0	3000.0	1489.185002897528	0.0	0	82.73109651368577	1689.1850028972258	1	0	1	3.2849591392013466
269200.0	3000.0	1489.1850028975348	0.0	0	481.52751185547095	1689.1850028972258	1	0	1	3.2849591392013466
270248.9133486549	3000.0	1440.2716542426335	0.0	0	285.61410173913464	1689.1850028971676	1	0	1	3.2849591392013524
272509.9749052653	3000.0	200.0	20.78990236778432	0	0.0	1709.9749052649713	1	0	1	3.15980392694729
272869.12250078085	500.0	840.8524044844917	0.0	0	0.0	1709.9749052649713	1	0	1	-1.1965185241055658
273408.68893569766	2000.0	1301.2859695676461	0.0	0	0.0	1709.9749052649713	1	0	1	1.2883881256824345
274200.0	2000.0	1509.974905265252	0.0	0	128.1214464744553	1709.974905264913	1	0	1	2.6746824868023276
275405.1276374874	3000.0	1304.8472677777852	0.0	0	0.0	1709.974905264855	1	0	1	2.877415040856417
276463.15543495765	2000.0	1246.8194703075985	0.0	0	0.0	1709.974905264855	1	0	1	2.2692173786941723
277200.0	2000.0	1509.9749052652207	0.0	0	25.380769185721874	1709.974905264855	1	0	1	2.674682486802337
278767.8374253775	3000.0	942.1374798876395	0.0	0	0.0	1709.974905264855	1	0	1	2.877415040856419
279273.17748498294	2000.0	1436.797420282181	0.0	0	0.0	1709.974905264855	1	0	1	2.2692173786941723
280716.13314740435	3000.0	993.8417578607476	0.0	0	0.0	1709.974905264913	1	0	1	2.877415040856413
281562.48348081316	2000.0	1147.4914244518795	0.0	0	0.0	1709.974905264913	1	0	1	2.269217378694166
282636.1379123768	2000.0	1073.8369928883021	0.0	0	0.0	1709.974905264855	1	0	1	2.674682486802337
283520.23825032	2000.0	1189.7366549450549	0.0	0	0.0	1709.974905264913	1	0	1	2.6746824868023307
284628.6727192566	2000.0	1081.302186008466	0.0	0	0.0	1709.974905264855	1	0	1	2.674682486802337
285200.0	1000.0	1509.9749052650948	0.0	0	122.97593527950812	1709.974905264913	1	0	1	0.941814535402469
286200.0	2000.0	1509.9749052651068	0.0	0	249.03892980207456	1709.974905264913	1	0	1	1.9815353062423857
287200.0	3000.0	1509.974905265157	0.0	0	476.9315692918608	1709.974905264913	1	0	1	2.877415040856413
288200.0	3000.0	1509.9749052651323	0.0	0	450.7819970843266	1709.974905264913	1	0	1	3.2828801489645776
289200.0	3000.0	1509.9749052651523	0.0	0	382.68604689405765	1709.974905264913	1	0	1	3.2828801489645776
290200.0	3000.0	1509.9749052650775	0.0	0	424.57938203105005	1709.974905264913	1	0	1	3.2828801489645776
291200.0	3000.0	1509.9749052650986	0.0	0	419.14131239202106	1709.974905264913	1	0	1	3.2828801489645776
292888.9470177849	6000.0	821.0278874801379	0.0	0	0.0	1709.974905264913	1	0	1	3.6294537392445503
293971.3147207322	2000.0	738.660184532837	0.0	0	0.0	1709.974905264855	1	0	1	1.5760701981342222
294449.17510787875	2000.0	1260.7997973862675	0.0	0	0.0	1709.974905264855	1	0	1	2.674682486802337
295383.15437877725	3000.0	1326.8205264878143	0.0	0	0.0	1709.974905264855	1	0	1	2.877415040856419
296200.0	3000.0	1509.9749052650682	0.0	0	203.04034948389744	1709.974905264855	1	0	1	3.282880148964584
297200.0	3000.0	1509.9749052650104	0.0	0	466.924147841637	1709.9749052647967	1	0	1	3.282880148964589
298466.50100302935	3000.0	1243.4739022356243	0.0	0	0.0	1709.9749052647967	1	0	1	3.282880148964589
299586.5538250236	3000.0	1123.421080241359	0.0	0	0.0	1709.974905264855	1	0	1	3.282880148964584
300336.39751769416	3000.0	1373.5773875708007	0.0	0	0.0	1709.9749052647967	1	0	1	3.282880148964589
301200.0	3000.0	1509.9749052650286	0.0	0	157.0697789536789	1709.9749052647967	1	0	1	3.282880148964589
302200.0	3000.0	1509.9749052650172	0.0	0	340.48815288202604	1709.9749052647385	1	0	1	3.2828801489645953
303250.90596793086	3000.0	1459.068937334112	0.0	0	0.0	1709.9749052646803	1	0	1	3.282880148964601
304200.0	3000.0	1509.9749052650254	0.0	0	236.71659762540367	1709.9749052646803	1	0	1	3.282880148964601
305406.98304612475	3000.0	1302.991859140293	0.0	0	242.34765678091208	1709.9749052646803	1	0	1	3.282880148964601
306895.21578978386	3000.0	814.7591154811751	0.0	0	0.0	1709.9749052646803	1	0	1	3.282880148964601
2.7	3.15	4.0	3.82	3.27	2.02	3.29	3.82	3.02	3.51	3.35	3.5	2.91	3.07	3.29	2.3	3.29	3.43	4.46	5.71	6.44	4.26	3.57	4.26	4.99	5.53	2.75	3.07	3.32	4.69	5.9	6.93	6.01	3.42	2.65	3.92	3.68	4.39	5.05	4.81	5.85	5.46	2.84	2.75	2.68	2.61	3.46	1.95	2.58	2.88	3.3	3.43	3.74	4.78	4.84	3.5	4.03	3.8	3.29	2.31	3.12	3.15	2.97	2.25	3.15	3.66	3.63	2.44	3.8	4.91	5.47	2.93	2.76	2.91	2.51	1.74	2.55	3.23	4.39	5.27	6.72	6.44	2.29	2.76	2.25	3.29	2.27	3.26	4.49	2.61	1.81	2.06	1.67	2.46	3.41	3.51	3.3	2.71	2.17	1.96	2.35	3.24	4.9	5.64	2.86	2.44	3.67	4.84	3.37	2.78	3.96	5.2	4.95	1.54	1.53	1.92	3.06	2.92	2.06	2.32	2.49	2.54	3.17	2.66	1.98	1.51	2.2	2.35	3.35	4.62	4.41	4.91	5.14	4.7	3.15	2.97	2.27	3.54	4.12	4.71	3.16	3.2	3.07	3.17	3.68	3.58	4.63	4.65	0.98	1.73	2.7	3.15	4.0	3.82	3.27	2.02	3.29	3.82	3.02	3.51	3.35	3.5	2.91	3.07	3.29	2.3	3.29	3.43	4.46	5.71	6.44	4.26	3.57	4.26	4.99	5.53	2.75	3.07	3.32	4.69	5.9	6.93	6.01	3.42	2.65	3.92	3.68	4.39	5.05	4.81	5.85	5.46	2.84	2.75	2.68	2.61	3.46	1.95	2.58	2.88	3.3	3.43	3.74	4.78	4.84	3.5	4.03	3.8	3.29	2.31	3.12	3.15	2.97	2.25	3.15	3.66	3.63	2.44	3.8	4.91	5.47	2.93	2.76	2.91	2.51	1.74	2.55	3.23	4.39	5.27	6.72	6.44	2.29	2.76	2.25	3.29	2.27	3.26	4.49	2.61	1.81	2.06	1.67	2.46	3.41	3.51	3.3	2.71	2.17	1.96	2.35	3.24	4.9	5.64	2.86	2.44	3.67	4.84	3.37	2.78	3.96	5.2	4.95	1.54	1.53	1.92	3.06	2.92	2.06	2.32	2.49	2.54	3.17	2.66	1.98	1.51	2.2	2.35	3.35	4.62	4.41	4.91	5.14	4.7	3.15	2.97	2.27	3.54	4.12	4.71	3.16	3.2	3.07	3.17	3.68	3.58	4.63	4.65	0.98	1.73	2.7	3.15	4.0	3.82	3.27	2.02	3.29	3.82
1.0	2.0	3.0	4.0	5.0	6.0	7.0	8.0	9.0	10.0	11.0	12.0	13.0	14.0	15.0	16.0	17.0	18.0	19.0	20.0	21.0	22.0	23.0	24.0	25.0	26.0	27.0	28.0	29.0	30.0	31.0	32.0	33.0	34.0	35.0	36.0	37.0	38.0	39.0	40.0	41.0	42.0	43.0	44.0	45.0	46.0	47.0	48.0	49.0	50.0	51.0	52.0	53.0	54.0	55.0	56.0	57.0	58.0	59.0	60.0	61.0	62.0	63.0	64.0	65.0	66.0	67.0	68.0	69.0	70.0	71.0	72.0	73.0	74.0	75.0	76.0	77.0	78.0	79.0	80.0	81.0	82.0	83.0	84.0	85.0	86.0	87.0	88.0	89.0	90.0	91.0	92.0	93.0	94.0	95.0	96.0	97.0	98.0	99.0	100.0	101.0	102.0	103.0	104.0	105.0	106.0	107.0	108.0	109.0	110.0	111.0	112.0	113.0	114.0	115.0	116.0	117.0	118.0	119.0	120.0	121.0	122.0	123.0	124.0	125.0	126.0	127.0	128.0	129.0	130.0	131.0	132.0	133.0	134.0	135.0	136.0	137.0	138.0	139.0	140.0	141.0	142.0	143.0	144.0	145.0	146.0	147.0	148.0	149.0	149.0	150.0	151.0	152.0	153.0	154.0	155.0	156.0	157.0	158.0	159.0	160.0	161.0	162.0	163.0	164.0	165.0	166.0	167.0	168.0	169.0	170.0	171.0	172.0	173.0	174.0	175.0	176.0	177.0	178.0	179.0	180.0	181.0	182.0	183.0	184.0	185.0	186.0	187.0	188.0	189.0	190.0	191.0	192.0	193.0	194.0	195.0	196.0	197.0	198.0	199.0	200.0	201.0	202.0	203.0	204.0	205.0	206.0	207.0	208.0	209.0	210.0	211.0	212.0	213.0	214.0	215.0	216.0	217.0	218.0	219.0	220.0	221.0	222.0	223.0	224.0	225.0	226.0	227.0	228.0	229.0	230.0	231.0	232.0	233.0	234.0	235.0	236.0	237.0	238.0	239.0	240.0	241.0	242.0	243.0	244.0	245.0	246.0	247.0	248.0	249.0	250.0	251.0	252.0	253.0	254.0	255.0	256.0	257.0	258.0	259.0	260.0	261.0	262.0	263.0	264.0	265.0	266.0	267.0	268.0	269.0	270.0	271.0	272.0	273.0	274.0	275.0	276.0	277.0	278.0	279.0	280.0	281.0	282.0	283.0	284.0	285.0	286.0	287.0	288.0	289.0	290.0	291.0	292.0	293.0	294.0	295.0	296.0	297.0	298.0	298.0	299.0	300.0	301.0	302.0	303.0	304.0	305.0	306.0
2276.5476293735187
