2737.402838844529	300.0	2000.0	199.13687451974525	0	0.0	2737.402838844529	1	0	1	-1.4636064107422173
5200.0	2000.0	437.40000000000094	0.0	0	117.45258023173847	637.4000000000005	1	0	2	0.4815964097379991
6200.0	500.0	2537.400000000001	0.0	0	622.2136648632577	2737.4000000000005	1	0	0	-1.289813436151604
9615.277392969147	3000.0	270.47312707915995	263.525690313836	0	0.0	885.7505200483065	1	0	2	-0.6109009800051663
10200.0	300.0	2744.2227807513923	0.0	0	440.4896385523789	2944.222780751392	1	0	0	-2.9938433167769487
13821.552529015058	3000.0	200.0	217.71363742288386	0	0.0	1021.5525290150563	1	0	2	-0.8503047282553567
14200.0	300.0	2859.397276113552	0.0	0	193.42213320160226	3059.39727611355	1	0	0	-3.0066403305323646
17790.301479200047	3000.0	200.0	81.75850091500382	0	0.0	990.3014792000431	1	0	2	-0.036410367637584706
18200.0	300.0	2831.2713312800424	0.0	0	175.8306164022688	3031.2713312800406	1	0	0	-3.003784267734289
21961.978392560006	3000.0	200.0	279.00445503269725	0	0.0	1161.978392560006	1	0	2	-1.2355430976585786
22200.0	300.0	2985.780553304003	0.0	0	78.14732914835986	3185.780553304001	1	0	0	-3.0201963661061035
26068.470319129552	3000.0	200.0	245.03345248955011	0	0.0	1268.470319129552	1	0	2	-1.036492384128756
26211.988152634192	300.0	3070.833949845824	0.0	0	0.0	3282.822102480015	1	0	0	-3.0305789965597083
30006.248013743632	3000.0	200.0	94.58078661106353	0	0.0	1206.2480137436323	1	0	2	-0.13540151500168718
30200.0	300.0	3025.6232123692685	0.0	0	35.63612511660904	3225.6232123692716	1	0	0	-3.024528161238457
33200.0	3000.0	925.6232123692705	0.0	0	11.6804460848507	1125.6232123692716	1	0	2	0.4366879320009006
34200.0	1000.0	3025.6232123692657	0.0	0	675.575215116638	3225.623212369257	1	0	0	-0.01121540341613192
37277.78575221236	3000.0	840.0588849356608	0.0	0	0.0	1117.844637148024	1	0	2	1.6410163877896289
38200.0	1000.0	3010.066061926791	0.0	0	679.4399505871406	3210.0660619267946	1	0	0	-0.009700160580645656
42274.55609615197	6000.0	200.0	429.04149440034115	0	0.0	1474.5560961519732	1	0	2	-0.5966137155087273
42442.69406089906	500.0	1031.862035252905	0.0	0	0.0	1474.5560961519805	1	0	1	-2.066123823754212
43200.0	2000.0	1274.556096151963	0.0	0	49.15232385735726	1474.5560961519805	1	0	1	1.3119300065937336
44200.0	2000.0	1274.556096151966	0.0	0	310.90818031888193	1474.5560961519805	1	0	1	2.698224367713624
45200.0	2000.0	1274.556096151967	0.0	0	399.61143221547536	1474.5560961519732	1	0	1	2.698224367713624
46200.0	2000.0	1274.5560961519684	0.0	0	282.020197391088	1474.5560961519732	1	0	1	2.6982243677136246
47200.0	2000.0	1274.556096151977	0.0	0	101.51532844729809	1474.5560961519805	1	0	1	2.698224367713624
48200.0	2000.0	1274.5560961519764	0.0	0	47.98618486770283	1474.5560961519805	1	0	1	2.698224367713624
49200.0	2000.0	1274.5560961519743	0.0	0	391.81637850397965	1474.5560961519805	1	0	1	2.698224367713624
50284.23468761148	2000.0	1190.321408540495	0.0	0	0.0	1474.5560961519805	1	0	1	2.698224367713624
51200.0	2000.0	1274.5560961519807	0.0	0	89.73892451186111	1474.5560961519805	1	0	1	2.698224367713624
52200.0	2000.0	1274.5560961519764	0.0	0	178.81436386040878	1474.5560961519805	1	0	1	2.698224367713624
53308.87107198625	2000.0	1165.6850241657194	0.0	0	0.0	1474.5560961519732	1	0	1	2.6982243677136246
54200.0	2000.0	1274.5560961519698	0.0	0	166.44544720100384	1474.556096151966	1	0	1	2.6982243677136255
55200.0	2000.0	1274.5560961519677	0.0	0	77.25886482634814	1474.5560961519732	1	0	1	2.6982243677136246
56258.956389148254	2000.0	1215.5997070037022	0.0	0	0.0	1474.5560961519732	1	0	1	2.6982243677136246
57388.18254071458	2000.0	1086.373555437378	0.0	0	0.0	1474.5560961519732	1	0	1	2.6982243677136246
58200.0	1000.0	1274.5560961519582	0.0	0	478.80528063819656	1474.5560961519732	1	0	1	0.9653564163137618
59200.0	2000.0	1274.5560961519636	0.0	0	375.4487461144381	1474.5560961519732	1	0	1	2.0050771871536797
60402.45510939476	2000.0	1072.1009867572016	0.0	0	0.0	1474.5560961519732	1	0	1	2.6982243677136246
61426.51338529811	2000.0	1048.0427108538493	0.0	0	0.0	1474.5560961519732	1	0	1	2.6982243677136246
62545.92829649487	2000.0	928.6277996570894	0.0	0	0.0	1474.5560961519732	1	0	1	2.6982243677136246
63200.0	1000.0	1274.5560961519657	0.0	0	113.15983931093069	1474.5560961519732	1	0	1	0.9653564163137618
64200.0	2000.0	1274.556096151956	0.0	0	15.134094741137233	1474.556096151966	1	0	1	2.00507718715368
65301.15319332826	2000.0	1173.4029028236964	0.0	0	0.0	1474.556096151966	1	0	1	2.6982243677136255
66200.0	2000.0	1274.5560961519584	0.0	0	340.48701243297546	1474.556096151966	1	0	1	2.6982243677136255
67200.0	2000.0	1274.5560961519457	0.0	0	446.12395508843474	1474.5560961519514	1	0	1	2.6982243677136264
68200.0	2000.0	1274.556096151945	0.0	0	120.70308079429378	1474.5560961519514	1	0	1	2.698224367713627
69200.0	2000.0	1274.5560961519411	0.0	0	303.1349718815909	1474.556096151966	1	0	1	2.6982243677136264
70200.0	2000.0	1274.5560961519634	0.0	0	366.1169380035426	1474.556096151966	1	0	1	2.6982243677136255
71200.0	3000.0	1274.5560961519627	0.0	0	78.22002488021099	1474.556096151966	1	0	1	2.900956921767708
72263.03423128236	3000.0	1211.5218648695966	0.0	0	0.0	1474.556096151966	1	0	1	3.3064220298758724
74187.89235110329	3000.0	286.6637450486908	0.0	0	0.0	1474.5560961519805	1	0	1	3.306422029875871
74435.46349303376	500.0	1039.0926031182266	0.0	0	0.0	1474.5560961519805	1	0	1	-1.1729766431942672
75279.67660282478	2000.0	1194.8794933272125	0.0	0	0.0	1474.556096151995	1	0	1	1.311930006593732
76200.0	2000.0	1274.5560961519916	0.0	0	445.2765131668566	1474.556096151995	1	0	1	2.6982243677136224
77359.99273022567	3000.0	1114.5633659263356	0.0	0	0.0	1474.556096151995	1	0	1	2.9009569217677047
78367.30128648732	2000.0	1107.2548096646901	0.0	0	0.0	1474.5560961520096	1	0	1	2.292759259605457
79200.0	2000.0	1274.5560961519934	0.0	0	44.35193310264731	1474.556096151995	1	0	1	2.6982243677136224
80200.0	2000.0	1274.556096151994	0.0	0	374.8714502350631	1474.556096151995	1	0	1	2.6982243677136224
81762.05152774531	3000.0	712.5045684066783	0.0	0	0.0	1474.5560961519805	1	0	1	2.9009569217677065
82213.29096079589	1000.0	1261.265135356097	0.0	0	0.0	1474.5560961519805	1	0	1	0.5598913082055965
83200.0	2000.0	1274.55609615199	0.0	0	111.90374296778464	1474.556096151995	1	0	1	2.0050771871536774
84200.0	2000.0	1274.5560961519966	0.0	0	354.6095382750791	1474.556096151995	1	0	1	2.6982243677136224
85200.0	2000.0	1274.5560961519761	0.0	0	316.15648906600836	1474.5560961519805	1	0	1	2.6982243677136233
86200.0	2000.0	1274.556096151978	0.0	0	31.370078418884077	1474.5560961519805	1	0	1	2.698224367713624
87781.313902097	2000.0	693.2421940549946	0.0	0	0.0	1474.5560961519805	1	0	1	2.698224367713624
88724.53844257403	1000.0	750.0176535779691	0.0	0	0.0	1474.5560961519805	1	0	1	0.9653564163137611
89218.39684376832	1000.0	1256.159252383694	0.0	0	0.0	1474.5560961519805	1	0	1	1.6585035968737063
90200.0	1000.0	1274.5560961520289	0.0	0	536.51707442326	1474.5560961519805	1	0	1	1.6585035968737063
91200.0	1000.0	1274.556096152036	0.0	0	537.1245488113927	1474.5560961519805	1	0	1	1.6585035968737063
92200.0	1000.0	1274.5560961520307	0.0	0	525.6786840936838	1474.5560961519805	1	0	1	1.6585035968737063
93200.0	1000.0	1274.5560961520216	0.0	0	609.7107655594737	1474.556096151966	1	0	1	1.6585035968737079
94400.31642597006	2000.0	1074.239670181973	0.0	0	0.0	1474.556096151966	1	0	1	2.00507718715368
95200.0	1000.0	1274.5560961520355	0.0	0	260.3902222601464	1474.5560961519805	1	0	1	0.9653564163137611
96200.0	2000.0	1274.5560961520434	0.0	0	140.4470956063451	1474.556096151995	1	0	1	2.0050771871536774
97200.0	2000.0	1274.5560961520541	0.0	0	278.3521873504942	1474.556096151995	1	0	1	2.6982243677136224
98200.0	2000.0	1274.5560961520537	0.0	0	85.07873809910961	1474.5560961519805	1	0	1	2.698224367713624
99200.0	2000.0	1274.556096152063	0.0	0	272.4231169350678	1474.5560961519805	1	0	1	2.698224367713624
100200.0	2000.0	1274.5560961520764	0.0	0	427.39541287187603	1474.5560961519805	1	0	1	2.698224367713624
101430.04205676603	2000.0	1044.5140393860313	0.0	0	0.0	1474.5560961519805	1	0	1	2.698224367713624
102653.49430302248	2000.0	821.0617931295711	0.0	0	0.0	1474.5560961519805	1	0	1	2.698224367713624
103200.0	1000.0	1274.556096152056	0.0	0	171.1927660141082	1474.5560961519805	1	0	1	0.9653564163137611
104402.96352471935	2000.0	1071.5925714327045	0.0	0	0.0	1474.5560961519805	1	0	1	2.005077187153679
105200.0	1000.0	1274.5560961520537	0.0	0	221.23420986483688	1474.556096151966	1	0	1	0.9653564163137626
106200.0	1000.0	1274.556096152052	0.0	0	526.2024154720566	1474.5560961519514	1	0	1	1.6585035968737092
107200.0	1000.0	1274.556096152055	0.0	0	599.6351382240537	1474.5560961519514	1	0	1	1.6585035968737092
108200.0	2000.0	1274.556096152063	0.0	0	234.2007946761878	1474.556096151966	1	0	1	2.00507718715368
109200.0	2000.0	1274.5560961520682	0.0	0	177.63519398332573	1474.556096151966	1	0	1	2.6982243677136255
110200.0	2000.0	1274.556096152077	0.0	0	38.59492144935939	1474.5560961519514	1	0	1	2.698224367713627
111200.0	2000.0	1274.5560961520866	0.0	0	189.96402973285876	1474.5560961519514	1	0	1	2.698224367713627
112200.0	2000.0	1274.5560961520828	0.0	0	193.36666493794473	1474.5560961519514	1	0	1	2.698224367713627
113200.0	2000.0	1274.556096152095	0.0	0	84.48000601855165	1474.5560961519514	1	0	1	2.698224367713627
114200.0	2000.0	1274.5560961520969	0.0	0	298.01815471165173	1474.5560961519514	1	0	1	2.698224367713627
115200.0	2000.0	1274.5560961520873	0.0	0	236.35942197832628	1474.5560961519514	1	0	1	2.698224367713627
116298.8642720774	2000.0	1175.6918240746943	0.0	0	0.0	1474.5560961519514	1	0	1	2.698224367713627
117200.0	2000.0	1274.5560961520846	0.0	0	211.8191557470709	1474.556096151966	1	0	1	2.6982243677136255
118200.0	2000.0	1274.5560961520687	0.0	0	301.0414987967961	1474.556096151966	1	0	1	2.6982243677136255
119200.0	2000.0	1274.5560961520614	0.0	0	356.2860167580802	1474.556096151966	1	0	1	2.6982243677136255
120200.0	2000.0	1274.5560961520714	0.0	0	302.17104484407173	1474.5560961519805	1	0	1	2.698224367713624
121200.0	3000.0	1274.5560961520703	0.0	0	333.4443304158631	1474.556096151995	1	0	1	2.9009569217677047
122200.0	3000.0	1274.5560961520794	0.0	0	287.1003731190576	1474.5560961520096	1	0	1	3.3064220298758684
123200.0	3000.0	1274.5560961520805	0.0	0	311.7028456906264	1474.5560961520096	1	0	1	3.3064220298758684
124200.0	3000.0	1274.5560961520591	0.0	0	16.982906668665237	1474.5560961520096	1	0	1	3.3064220298758684
125200.0	3000.0	1274.5560961520657	0.0	0	269.28119725546276	1474.556096152024	1	0	1	3.3064220298758666
126644.2449271212	3000.0	830.3111690308792	0.0	0	0.0	1474.556096152024	1	0	1	3.3064220298758666
127372.29806244558	2000.0	1102.2580337064978	0.0	0	0.0	1474.556096152024	1	0	1	2.292759259605455
128200.0	2000.0	1274.5560961520862	0.0	0	219.34835856212885	1474.5560961520096	1	0	1	2.6982243677136215
129200.0	2000.0	1274.556096152103	0.0	0	507.7243491426052	1474.5560961520096	1	0	1	2.6982243677136215
130200.0	3000.0	1274.5560961521064	0.0	0	199.97911746734462	1474.5560961520096	1	0	1	2.900956921767704
131200.0	3000.0	1274.556096152087	0.0	0	238.54198976689077	1474.556096151995	1	0	1	3.3064220298758684
132200.0	3000.0	1274.5560961521035	0.0	0	53.74883591919206	1474.5560961520096	1	0	1	3.306422029875869
133370.23378960055	3000.0	1104.3223065515485	0.0	0	0.0	1474.556096152024	1	0	1	3.3064220298758666
134891.03648018857	3000.0	583.5196159635284	0.0	0	0.0	1474.556096152024	1	0	1	3.3064220298758666
135444.75947347571	1000.0	1029.7966226763765	0.0	0	0.0	1474.556096152024	1	0	1	0.5598913082055921
136421.98912008622	2000.0	1052.5669760658939	0.0	0	0.0	1474.556096152024	1	0	1	2.005077187153675
137200.0	1000.0	1274.5560961520844	0.0	0	281.35952837736113	1474.556096152024	1	0	1	0.9653564163137567
138200.0	1000.0	1274.5560961520887	0.0	0	622.7186778939795	1474.5560961520532	1	0	1	1.6585035968737007
139200.0	2000.0	1274.5560961520728	0.0	0	536.5748268166208	1474.556096152024	1	0	1	2.005077187153673
140200.0	2000.0	1274.5560961520512	0.0	0	400.9263826663664	1474.5560961520532	1	0	1	2.698224367713619
141515.8857638878	2000.0	958.6703322642345	0.0	0	0.0	1474.556096152024	1	0	1	2.6982243677136193
142745.92652687395	2000.0	728.6295692780878	0.0	0	0.0	1474.556096152024	1	0	1	2.6982243677136197
143200.0	1000.0	1274.5560961520177	0.0	0	111.8926548754971	1474.556096152024	1	0	1	0.9653564163137567
144200.0	2000.0	1274.556096152051	0.0	0	220.43973894233932	1474.5560961520532	1	0	1	2.0050771871536717
145200.0	2000.0	1274.5560961520512	0.0	0	376.36190785694635	1474.5560961520532	1	0	1	2.698224367713617
146672.2485083832	3000.0	802.3075877688921	0.0	0	0.0	1474.5560961520823	1	0	1	2.900956921767696
147266.4784535696	2000.0	1208.0776425824588	0.0	0	0.0	1474.5560961520823	1	0	1	2.2927592596054494
148221.18016826897	3000.0	1253.375927883093	0.0	0	0.0	1474.5560961520823	1	0	1	2.900956921767696
149443.0313193725	2000.0	1031.5247767795693	0.0	0	0.0	1474.5560961520823	1	0	1	2.2927592596054494
150591.3799924837	2000.0	883.1761036683583	0.0	0	0.0	1474.5560961520532	1	0	1	2.698224367713617
151270.7776698221	1000.0	1203.7784263299334	0.0	0	0.0	1474.556096152024	1	0	1	0.9653564163137567
152334.5784281673	2000.0	1139.9776679847462	0.0	0	0.0	1474.5560961520532	1	0	1	2.0050771871536717
153200.0	1000.0	1274.5560961520146	0.0	0	324.5190371494391	1474.556096152024	1	0	1	0.9653564163137567
154282.9731610562	2000.0	1191.5829350958288	0.0	0	0.0	1474.556096152024	1	0	1	2.005077187153675
155612.31798167876	2000.0	862.2381144732765	0.0	0	0.0	1474.556096152024	1	0	1	2.6982243677136197
156200.0	1000.0	1274.5560961520196	0.0	0	90.65218969920534	1474.556096152024	1	0	1	0.9653564163137567
157667.25691320107	2000.0	807.299182950944	0.0	0	0.0	1474.556096152024	1	0	1	2.005077187153675
158219.92094216598	1000.0	1254.6351539860307	0.0	0	0.0	1474.556096152024	1	0	1	0.9653564163137567
159200.0	1000.0	1274.55609615202	0.0	0	587.9932279383065	1474.5560961520532	1	0	1	1.658503596873699
160200.0	2000.0	1274.5560961519968	0.0	0	586.5767470397695	1474.556096152024	1	0	1	2.005077187153675
161200.0	2000.0	1274.5560961519743	0.0	0	580.0591146815859	1474.556096152024	1	0	1	2.6982243677136197
162200.0	3000.0	1274.5560961519534	0.0	0	365.7453618115687	1474.556096152024	1	0	1	2.900956921767702
163664.88160611156	3000.0	809.6744900403979	0.0	0	0.0	1474.556096152024	1	0	1	3.3064220298758666
164514.48699097798	2000.0	960.0691051739516	0.0	0	0.0	1474.556096152024	1	0	1	2.292759259605455
165428.16229994327	2000.0	1046.3937962086993	0.0	0	0.0	1474.5560961520532	1	0	1	2.698224367713617
166200.0	2000.0	1274.5560961519761	0.0	0	231.36794340700726	1474.556096152024	1	0	1	2.6982243677136197
167200.0	2000.0	1274.5560961520025	0.0	0	258.62031615464366	1474.556096152024	1	0	1	2.6982243677136197
168200.0	2000.0	1274.556096151955	0.0	0	183.58538635325385	1474.556096152024	1	0	1	2.6982243677136197
169200.0	2000.0	1274.5560961519775	0.0	0	234.84113230119692	1474.556096152024	1	0	1	2.6982243677136197
170200.0	2000.0	1274.556096151976	0.0	0	429.5611564445717	1474.556096152024	1	0	1	2.6982243677136197
171200.0	2000.0	1274.556096151965	0.0	0	93.22698830146692	1474.556096152024	1	0	1	2.6982243677136197
172200.0	2000.0	1274.5560961519475	0.0	0	29.685552802751772	1474.556096152024	1	0	1	2.6982243677136197
173282.8627565154	2000.0	1191.693339636562	0.0	0	0.0	1474.5560961520532	1	0	1	2.698224367713617
174393.63766690376	2000.0	1080.9184292482037	0.0	0	0.0	1474.5560961520532	1	0	1	2.698224367713617
175200.0	1000.0	1274.5560961519852	0.0	0	399.15913713001646	1474.5560961520532	1	0	1	0.9653564163137537
176200.0	2000.0	1274.5560961519902	0.0	0	237.81213790530455	1474.556096152024	1	0	1	2.005077187153673
177200.0	2000.0	1274.556096151972	0.0	0	342.7197663637344	1474.556096152024	1	0	1	2.6982243677136197
178281.5832544609	2000.0	1192.9728416911003	0.0	0	0.0	1474.556096152024	1	0	1	2.6982243677136197
179200.0	2000.0	1274.5560961519832	0.0	0	82.92197722708806	1474.556096152024	1	0	1	2.6982243677136197
180522.75335944255	2000.0	951.8027367094638	0.0	0	0.0	1474.556096151995	1	0	1	2.6982243677136224
181200.0	1000.0	1274.5560961519934	0.0	0	85.79942117838073	1474.556096152024	1	0	1	0.9653564163137567
182200.0	2000.0	1274.5560961519852	0.0	0	169.19067669167998	1474.556096152024	1	0	1	2.005077187153675
183332.66653934622	2000.0	1141.8895568057499	0.0	0	0.0	1474.556096152024	1	0	1	2.6982243677136197
184200.0	1000.0	1274.5560961519354	0.0	0	426.30530538625317	1474.556096152024	1	0	1	0.9653564163137567
185230.6168285645	2000.0	1243.9392675874453	0.0	0	0.0	1474.5560961520532	1	0	1	2.0050771871536717
186200.0	2000.0	1274.5560961519518	0.0	0	95.36396006654832	1474.5560961520532	1	0	1	2.698224367713617
187200.0	2000.0	1274.5560961519327	0.0	0	411.17884646193124	1474.5560961520532	1	0	1	2.698224367713617
188200.0	2000.0	1274.5560961519366	0.0	0	378.79000437178183	1474.556096152024	1	0	1	2.6982243677136197
189200.0	2000.0	1274.5560961519225	0.0	0	504.4934184331796	1474.556096152024	1	0	1	2.6982243677136197
190200.0	2000.0	1274.5560961519125	0.0	0	585.2823398834735	1474.556096151995	1	0	1	2.6982243677136206
191200.0	3000.0	1274.556096151909	0.0	0	237.71386218967382	1474.556096151995	1	0	1	2.9009569217677047
192337.4491688266	3000.0	1137.1069273253086	0.0	0	0.0	1474.556096152024	1	0	1	3.3064220298758666
193336.3407727192	3000.0	1138.2153234326945	0.0	0	0.0	1474.5560961520532	1	0	1	3.306422029875864
194788.68475112095	3000.0	685.8713450309468	0.0	0	0.0	1474.5560961520823	1	0	1	3.3064220298758604
195205.766388485	1000.0	1268.7897076668824	0.0	0	0.0	1474.5560961520823	1	0	1	0.5598913082055863
196236.49192979163	2000.0	1238.0641663602487	0.0	0	0.0	1474.5560961520532	1	0	1	2.0050771871536717
197200.0	2000.0	1274.556096151899	0.0	0	26.858089493121952	1474.5560961520532	1	0	1	2.698224367713617
198200.0	2000.0	1274.5560961519016	0.0	0	190.29090794795775	1474.5560961520823	1	0	1	2.698224367713614
199200.0	2000.0	1274.5560961519284	0.0	0	29.643615978042362	1474.5560961520823	1	0	1	2.698224367713613
200251.09648312122	2000.0	1223.4596130306684	0.0	0	0.0	1474.5560961520532	1	0	1	2.6982243677136166
201302.10419817822	2000.0	1172.4518979736781	0.0	0	0.0	1474.5560961520532	1	0	1	2.698224367713617
202200.0	2000.0	1274.5560961519138	0.0	0	74.1915145937237	1474.556096152024	1	0	1	2.698224367713619
203305.2164074489	2000.0	1169.339688702988	0.0	0	0.0	1474.556096152024	1	0	1	2.6982243677136197
204252.03863163412	2000.0	1222.5174645178022	0.0	0	0.0	1474.556096152024	1	0	1	2.6982243677136206
205444.16243052302	2000.0	1030.3936656288965	0.0	0	0.0	1474.556096152024	1	0	1	2.6982243677136197
206200.0	1000.0	1274.55609615191	0.0	0	317.1547282958927	1474.5560961520532	1	0	1	0.9653564163137555
207200.0	2000.0	1274.5560961519482	0.0	0	170.2757408444013	1474.5560961520823	1	0	1	2.005077187153669
208200.0	2000.0	1274.5560961519532	0.0	0	11.361667835444678	1474.5560961521114	1	0	1	2.698224367713611
209462.5567145563	2000.0	1011.9993815956528	0.0	0	0.0	1474.5560961521114	1	0	1	2.698224367713611
210419.15008654434	2000.0	1055.406009607596	0.0	0	0.0	1474.5560961521114	1	0	1	2.698224367713611
211523.8284431663	2000.0	950.7276529856157	0.0	0	0.0	1474.5560961521114	1	0	1	2.698224367713611
212200.0	1000.0	1274.5560961518997	0.0	0	279.6264702034532	1474.5560961521114	1	0	1	0.9653564163137481
213561.74180360098	2000.0	912.8142925509046	0.0	0	0.0	1474.5560961521114	1	0	1	2.005077187153666
214200.0	1000.0	1274.556096151867	0.0	0	71.4375376572716	1474.5560961521114	1	0	1	0.9653564163137481
215200.0	2000.0	1274.5560961518702	0.0	0	456.24829717862303	1474.5560961520823	1	0	1	2.005077187153667
216200.0	2000.0	1274.5560961518854	0.0	0	420.757207165967	1474.5560961520823	1	0	1	2.698224367713614
217200.0	2000.0	1274.5560961518531	0.0	0	361.04195473721484	1474.5560961520823	1	0	1	2.698224367713614
218200.0	2000.0	1274.5560961518427	0.0	0	244.11517247723532	1474.5560961520823	1	0	1	2.698224367713614
219200.0	2000.0	1274.5560961518602	0.0	0	312.30985035342746	1474.5560961521405	1	0	1	2.69822436771361
220200.0	3000.0	1274.5560961518809	0.0	0	387.1631169907632	1474.5560961521405	1	0	1	2.9009569217676905
221433.66873222627	3000.0	1040.8873639256512	0.0	0	0.0	1474.5560961521696	1	0	1	3.3064220298758538
223093.84462538236	3000.0	380.7114707695573	0.0	0	0.0	1474.5560961521405	1	0	1	3.306422029875855
223537.7092955331	1000.0	936.8468006188231	0.0	0	0.0	1474.5560961521405	1	0	1	0.5598913082055804
224353.64591783477	2000.0	1120.9101783171236	0.0	0	0.0	1474.5560961521405	1	0	1	2.005077187153663
225200.0	2000.0	1274.5560961518884	0.0	0	195.9116822220676	1474.5560961521405	1	0	1	2.698224367713608
226534.6000626744	3000.0	939.9560334774899	0.0	0	0.0	1474.5560961521696	1	0	1	2.9009569217676883
227542.9876895167	2000.0	931.5684066352025	0.0	0	0.0	1474.5560961521405	1	0	1	2.2927592596054436
228319.77397967264	2000.0	1154.782116479268	0.0	0	0.0	1474.5560961521405	1	0	1	2.698224367713608
229411.79533907806	2000.0	1062.7607570738476	0.0	0	0.0	1474.5560961521405	1	0	1	2.698224367713608
230343.16801865544	2000.0	1131.388077496461	0.0	0	0.0	1474.5560961521114	1	0	1	2.698224367713611
231339.34534458688	2000.0	1135.2107515650064	0.0	0	0.0	1474.5560961520823	1	0	1	2.698224367713614
232200.0	2000.0	1274.5560961518345	0.0	0	17.414548493688926	1474.5560961520532	1	0	1	2.6982243677136166
233200.0	2000.0	1274.5560961518377	0.0	0	425.5075242089224	1474.556096152024	1	0	1	2.698224367713618
234200.0	2000.0	1274.5560961518186	0.0	0	43.53591614769539	1474.556096151995	1	0	1	2.6982243677136206
235484.03441436816	2000.0	990.5216817836351	0.0	0	0.0	1474.556096151995	1	0	1	2.6982243677136224
236768.74731008688	2000.0	705.8087860649307	0.0	0	0.0	1474.556096151995	1	0	1	2.6982243677136224
237444.20290227528	1000.0	1030.3531938765345	0.0	0	0.0	1474.556096151995	1	0	1	0.9653564163137596
238200.0	1000.0	1274.556096151842	0.0	0	51.491404442087514	1474.556096151995	1	0	1	1.6585035968737047
239200.0	1000.0	1274.556096151818	0.0	0	421.90404149805545	1474.556096151995	1	0	1	1.6585035968737047
240200.0	1000.0	1274.5560961518559	0.0	0	396.0935898577445	1474.556096151995	1	0	1	1.6585035968737047
241200.0	1000.0	1274.5560961518743	0.0	0	425.9392469910963	1474.556096151995	1	0	1	1.6585035968737047
242200.0	1000.0	1274.5560961518613	0.0	0	589.3508083593333	1474.556096152024	1	0	1	1.6585035968737019
243297.9711965249	2000.0	1176.5848996269829	0.0	0	0.0	1474.556096151995	1	0	1	2.0050771871536766
244225.46850126935	2000.0	1249.0875948825333	0.0	0	0.0	1474.556096151995	1	0	1	2.6982243677136224
245200.0	2000.0	1274.5560961518686	0.0	0	322.9563619871915	1474.556096151966	1	0	1	2.6982243677136237
246200.0	2000.0	1274.556096151857	0.0	0	181.19378133348073	1474.556096151966	1	0	1	2.6982243677136255
247200.0	2000.0	1274.5560961518734	0.0	0	92.41933412876097	1474.5560961519368	1	0	1	2.6982243677136286
248200.0	3000.0	1274.5560961519109	0.0	0	212.0735407405009	1474.556096151966	1	0	1	2.90095692176771
249200.0	2000.0	1274.5560961519254	0.0	0	480.8921332224272	1474.556096151995	1	0	1	2.2927592596054596
250268.61973093307	2000.0	1205.9363652188456	0.0	0	0.0	1474.556096151995	1	0	1	2.6982243677136224
251538.13054680434	2000.0	936.4255493475584	0.0	0	0.0	1474.556096151995	1	0	1	2.6982243677136224
252665.44462169564	2000.0	809.1114744562551	0.0	0	0.0	1474.556096151995	1	0	1	2.6982243677136224
253200.0	1000.0	1274.5560961518802	0.0	0	13.26286668816465	1474.556096151995	1	0	1	0.9653564163137596
254753.85256866872	2000.0	720.7035274831513	0.0	0	0.0	1474.556096151995	1	0	1	2.0050771871536774
255228.265605007	1000.0	1246.2904911448773	0.0	0	0.0	1474.556096152024	1	0	1	0.9653564163137567
256200.0	2000.0	1274.556096151866	0.0	0	260.3957917598891	1474.556096152024	1	0	1	2.005077187153675
257200.0	2000.0	1274.5560961518554	0.0	0	152.93367333195056	1474.556096152024	1	0	1	2.6982243677136197
258200.0	2000.0	1274.55609615184	0.0	0	55.004626086418284	1474.556096152024	1	0	1	2.6982243677136206
259350.7621575513	2000.0	1123.7939386005019	0.0	0	0.0	1474.556096151995	1	0	1	2.6982243677136215
260200.0	2000.0	1274.5560961517983	0.0	0	32.19168198041734	1474.556096151966	1	0	1	2.6982243677136255
261200.0	2000.0	1274.556096151805	0.0	0	413.2942926955293	1474.556096151966	1	0	1	2.6982243677136255
262200.0	2000.0	1274.556096151807	0.0	0	276.5829998720146	1474.556096151966	1	0	1	2.6982243677136255
263200.0	2000.0	1274.556096151889	0.0	0	280.83189269382274	1474.5560961520532	1	0	1	2.698224367713619
264200.0	2000.0	1274.556096151952	0.0	0	310.5145313931862	1474.5560961521114	1	0	1	2.698224367713612
265200.0	2000.0	1274.5560961519477	0.0	0	77.08092390769161	1474.5560961521114	1	0	1	2.698224367713611
266200.0	2000.0	1274.5560961519093	0.0	0	252.23469161550747	1474.5560961521114	1	0	1	2.698224367713611
267200.0	2000.0	1274.5560961518631	0.0	0	368.08744492731057	1474.5560961520532	1	0	1	2.698224367713617
268200.0	2000.0	1274.556096151913	0.0	0	203.9289882243611	1474.5560961520532	1	0	1	2.698224367713617
269200.0	2000.0	1274.5560961518652	0.0	0	567.8210179632297	1474.556096151995	1	0	1	2.6982243677136224
270200.0	3000.0	1274.556096151842	0.0	0	322.3153226915747	1474.556096151995	1	0	1	2.9009569217677047
271200.0	3000.0	1274.5560961517922	0.0	0	236.63247325835982	1474.5560961519368	1	0	1	3.306422029875872
272200.0	3000.0	1274.55609615177	0.0	0	525.1217918098555	1474.556096151995	1	0	1	3.306422029875873
273200.0	3000.0	1274.5560961518324	0.0	0	53.60654825833626	1474.556096151995	1	0	1	3.3064220298758693
274200.0	3000.0	1274.5560961518654	0.0	0	156.42951825540513	1474.556096151995	1	0	1	3.3064220298758693
275805.5461920051	3000.0	669.0099041467553	0.0	0	0.0	1474.5560961519368	1	0	1	3.306422029875874
276498.34452506766	2000.0	976.2115710841717	0.0	0	0.0	1474.5560961519368	1	0	1	2.292759259605464
277208.6558572982	2000.0	1265.9002388537037	0.0	0	0.0	1474.5560961519368	1	0	1	2.6982243677136286
278200.0	2000.0	1274.5560961518688	0.0	0	214.44868677441264	1474.5560961519368	1	0	1	2.6982243677136286
279200.0	2000.0	1274.5560961518331	0.0	0	351.57664271228714	1474.5560961519368	1	0	1	2.6982243677136286
280200.0	2000.0	1274.5560961517986	0.0	0	493.5659241012181	1474.5560961519368	1	0	1	2.6982243677136286
281200.0	3000.0	1274.5560961518968	0.0	0	304.7212827434996	1474.556096151995	1	0	1	2.9009569217677047
282576.15646346303	3000.0	898.3996326888401	0.0	0	0.0	1474.556096151995	1	0	1	3.3064220298758684
283675.10281495383	2000.0	799.4532811980619	0.0	0	0.0	1474.556096151995	1	0	1	2.292759259605458
284328.70048508013	1000.0	1145.8556110718164	0.0	0	0.0	1474.556096151995	1	0	1	0.9653564163137596
285599.4191605068	2000.0	875.1369356450575	0.0	0	0.0	1474.5560961519368	1	0	1	2.0050771871536837
286200.0	1000.0	1274.5560961518956	0.0	0	66.23667869193014	1474.556096151995	1	0	1	0.9653564163137596
287200.0	1000.0	1274.5560961518765	0.0	0	614.6730667252559	1474.556096151995	1	0	1	1.6585035968737047
288200.0	2000.0	1274.5560961519366	0.0	0	243.2522581325611	1474.556096151995	1	0	1	2.005077187153674
289200.0	2000.0	1274.5560961519668	0.0	0	430.37000821181573	1474.556096151995	1	0	1	2.6982243677136224
290891.2822816744	3000.0	583.2738144775687	0.0	0	0.0	1474.556096151995	1	0	1	2.9009569217677047
291385.72321296483	1000.0	1088.8328831870638	0.0	0	0.0	1474.556096151995	1	0	1	0.5598913082055949
292200.0	2000.0	1274.5560961518759	0.0	0	204.4544681048137	1474.5560961519368	1	0	1	2.0050771871536823
293200.0	2000.0	1274.5560961519263	0.0	0	410.2599363999907	1474.5560961519368	1	0	1	2.6982243677136286
294200.0	2000.0	1274.5560961518972	0.0	0	371.2031701739761	1474.5560961519368	1	0	1	2.6982243677136286
295200.0	2000.0	1274.5560961519407	0.0	0	248.30543566815322	1474.5560961519368	1	0	1	2.6982243677136286
296344.8102474497	2000.0	1129.7458487022354	0.0	0	0.0	1474.5560961519368	1	0	1	2.6982243677136286
297200.0	2000.0	1274.5560961519395	0.0	0	134.11464638879988	1474.5560961518786	1	0	1	2.6982243677136344
299168.311862709	3000.0	306.2442334429044	0.0	0	0.0	1474.5560961518204	1	0	1	2.900956921767719
299379.5664499384	500.0	1094.98964621352	0.0	0	0.0	1474.5560961518204	1	0	1	-1.1729766431942508
300530.89050423284	2000.0	943.6655919190389	0.0	0	0.0	1474.5560961518204	1	0	1	1.3119300065937498
301200.0	1000.0	1274.5560961518445	0.0	0	103.68586979998508	1474.5560961518204	1	0	1	0.965356416313777
302200.0	2000.0	1274.5560961518315	0.0	0	344.0078996423399	1474.5560961517622	1	0	1	2.0050771871536974
303200.0	2000.0	1274.5560961518638	0.0	0	107.74197664723033	1474.5560961518204	1	0	1	2.69822436771364
304263.7132099791	2000.0	1210.8428861728275	0.0	0	0.0	1474.5560961518204	1	0	1	2.69822436771364
305200.0	2000.0	1274.5560961518893	0.0	0	5.315775920287706	1474.556096151704	1	0	1	2.6982243677136504
306405.7274162683	2000.0	1068.8286798835773	0.0	0	0.0	1474.556096151704	1	0	1	2.698224367713652
307200.0	1000.0	1274.5560961519245	0.0	0	155.68538500653813	1474.5560961516458	1	0	1	0.9653564163137944
308200.0	1000.0	1274.5560961518433	0.0	0	683.0772725063725	1474.5560961516458	1	0	1	1.6585035968737396
309200.0	2000.0	1274.5560961519213	0.0	0	494.69839687633794	1474.556096151704	1	0	1	2.0050771871537103
310200.0	2000.0	1274.5560961519445	0.0	0	642.0742702459102	1474.5560961517622	1	0	1	2.698224367713646
311275.6958256774	3000.0	1198.8602704745736	0.0	0	0.0	1474.5560961518204	1	0	1	2.9009569217677225
312203.06837330875	3000.0	1271.487722843256	0.0	0	0.0	1474.5560961518786	1	0	1	3.3064220298758813
313635.93794159486	3000.0	838.618154557129	0.0	0	0.0	1474.5560961518786	1	0	1	3.3064220298758813
314565.20562053815	2000.0	909.3504756137917	0.0	0	0.0	1474.5560961518204	1	0	1	2.2927592596054756
315200.0	2000.0	1274.5560961519725	0.0	0	125.32539320684737	1474.5560961518786	1	0	1	2.6982243677136344
316200.0	2000.0	1274.5560961519793	0.0	0	247.4634303053026	1474.5560961519368	1	0	1	2.698224367713632
317200.0	2000.0	1274.5560961519475	0.0	0	176.7158938012435	1474.556096151995	1	0	1	2.6982243677136224
318200.0	2000.0	1274.5560961519907	0.0	0	36.78364912385587	1474.556096151995	1	0	1	2.6982243677136224
319200.0	2000.0	1274.5560961519022	0.0	0	133.063023783674	1474.5560961519368	1	0	1	2.698224367713626
320200.0	2000.0	1274.5560961519868	0.0	0	326.1719424185576	1474.556096151995	1	0	1	2.6982243677136224
1.9	1.63	1.95	2.11	2.55	2.32	2.46	1.93	1.9	2.13	2.49	1.92	2.11	1.59	2.03	3.0	2.93	3.38	4.62	3.54	2.79	2.41	3.31	2.53	2.84	1.98	2.93	2.86	1.97	1.97	2.39	2.27	2.35	1.62	2.14	2.54	2.99	1.76	2.22	2.2	2.27	2.1	1.46	2.75	3.06	3.13	3.15	3.87	4.45	4.15	2.48	1.69	2.36	3.65	3.31	2.51	2.84	2.64	2.05	1.73	2.19	2.97	3.1	1.84	2.26	1.23	1.45	2.13	2.05	1.98	2.53	2.12	2.11	2.98	3.49	2.42	3.08	3.32	2.29	1.59	2.27	2.25	1.63	1.76	3.06	3.76	1.97	1.86	1.97	3.26	2.53	2.51	2.51	1.97	2.22	2.34	3.37	3.67	4.49	5.17	5.21	4.52	3.78	3.19	1.55	2.73	3.13	3.64	4.05	4.39	3.31	2.09	1.45	1.89	2.04	2.95	3.39	3.44	2.02	1.8	2.26	3.45	3.87	4.03	1.8	3.01	1.75	1.83	2.4	1.93	2.39	2.29	2.11	1.96	1.98	1.54	2.58	3.73	5.02	4.44	2.63	2.26	1.7	2.98	3.06	3.08	2.73	2.64	3.51	2.0	1.9	1.63	1.95	2.11	2.55	2.32	2.46	1.93	1.9	2.13	2.49	1.92	2.11	1.59	2.03	3.0	2.93	3.38	4.62	3.54	2.79	2.41	3.31	2.53	2.84	1.98	2.93	2.86	1.97	1.97	2.39	2.27	2.35	1.62	2.14	2.54	2.99	1.76	2.22	2.2	2.27	2.1	1.46	2.75	3.06	3.13	3.15	3.87	4.45	4.15	2.48	1.69	2.36	3.65	3.31	2.51	2.84	2.64	2.05	1.73	2.19	2.97	3.1	1.84	2.26	1.23	1.45	2.13	2.05	1.98	2.53	2.12	2.11	2.98	3.49	2.42	3.08	3.32	2.29	1.59	2.27	2.25	1.63	1.76	3.06	3.76	1.97	1.86	1.97	3.26	2.53	2.51	2.51	1.97	2.22	2.34	3.37	3.67	4.49	5.17	5.21	4.52	3.78	3.19	1.55	2.73	3.13	3.64	4.05	4.39	3.31	2.09	1.45	1.89	2.04	2.95	3.39	3.44	2.02	1.8	2.26	3.45	3.87	4.03	1.8	3.01	1.75	1.83	2.4	1.93	2.39	2.29	2.11	1.96	1.98	1.54	2.58	3.73	5.02	4.44	2.63	2.26	1.7	2.98	3.06	3.08	2.73	2.64	3.51	2.0	1.9	1.63	1.95	2.11	2.55	2.32	2.46	1.93	1.9	2.13	2.49	1.92	2.11	1.59	2.03	3.0	2.93	3.38	4.62	3.54	2.79	2.41
1.0	2.0	3.0	4.0	5.0	6.0	7.0	8.0	9.0	10.0	11.0	12.0	13.0	14.0	15.0	16.0	17.0	18.0	19.0	20.0	21.0	22.0	23.0	24.0	25.0	26.0	27.0	28.0	29.0	30.0	31.0	32.0	33.0	34.0	35.0	36.0	37.0	38.0	39.0	40.0	41.0	42.0	43.0	44.0	45.0	46.0	47.0	48.0	49.0	50.0	51.0	52.0	53.0	54.0	55.0	56.0	57.0	58.0	59.0	60.0	61.0	62.0	63.0	64.0	65.0	66.0	67.0	68.0	69.0	70.0	71.0	72.0	73.0	74.0	75.0	76.0	77.0	78.0	79.0	80.0	81.0	82.0	83.0	84.0	85.0	86.0	87.0	88.0	89.0	90.0	91.0	92.0	93.0	94.0	95.0	96.0	97.0	98.0	99.0	100.0	101.0	102.0	103.0	104.0	105.0	106.0	107.0	108.0	109.0	110.0	111.0	112.0	113.0	114.0	115.0	116.0	117.0	118.0	119.0	120.0	121.0	122.0	123.0	124.0	125.0	126.0	127.0	128.0	129.0	130.0	131.0	132.0	133.0	134.0	135.0	136.0	137.0	138.0	139.0	140.0	141.0	142.0	143.0	144.0	145.0	146.0	147.0	148.0	149.0	149.0	150.0	151.0	152.0	153.0	154.0	155.0	156.0	157.0	158.0	159.0	160.0	161.0	162.0	163.0	164.0	165.0	166.0	167.0	168.0	169.0	170.0	171.0	172.0	173.0	174.0	175.0	176.0	177.0	178.0	179.0	180.0	181.0	182.0	183.0	184.0	185.0	186.0	187.0	188.0	189.0	190.0	191.0	192.0	193.0	194.0	195.0	196.0	197.0	198.0	199.0	200.0	201.0	202.0	203.0	204.0	205.0	206.0	207.0	208.0	209.0	210.0	211.0	212.0	213.0	214.0	215.0	216.0	217.0	218.0	219.0	220.0	221.0	222.0	223.0	224.0	225.0	226.0	227.0	228.0	229.0	230.0	231.0	232.0	233.0	234.0	235.0	236.0	237.0	238.0	239.0	240.0	241.0	242.0	243.0	244.0	245.0	246.0	247.0	248.0	249.0	250.0	251.0	252.0	253.0	254.0	255.0	256.0	257.0	258.0	259.0	260.0	261.0	262.0	263.0	264.0	265.0	266.0	267.0	268.0	269.0	270.0	271.0	272.0	273.0	274.0	275.0	276.0	277.0	278.0	279.0	280.0	281.0	282.0	283.0	284.0	285.0	286.0	287.0	288.0	289.0	290.0	291.0	292.0	293.0	294.0	295.0	296.0	297.0	298.0	298.0	299.0	300.0	301.0	302.0	303.0	304.0	305.0	306.0	307.0	308.0	309.0	310.0	311.0	312.0	313.0	314.0	315.0	316.0	317.0	318.0	319.0	320.0
2364.19277773724
