2557.4277391533315	300.0	2000.0	155.74094379114825	0	0.0	2557.4277391533315	1	0	1	-1.187313257555606
5200.0	3000.0	382.5528779554652	113.77534359587656	0	71.94327386960049	582.5528779554652	1	0	2	0.007355114372793348
6200.0	1000.0	2482.5528779554643	0.0	0	561.6371011699048	2682.5528779554643	1	0	0	0.04304420750605514
9862.503387788878	3000.0	200.0	496.5462260111849	0	0.0	1062.5033877888782	1	0	2	-1.3279206733715516
10200.0	300.0	2896.2530490099907	0.0	0	166.3337669931807	3096.25304900999	1	0	0	-3.0105534828139855
13894.258506124317	6000.0	200.0	152.2102797515991	0	0.0	1094.2585061243153	1	0	2	-0.1239301311299702
14200.0	300.0	2924.8326555118856	0.0	0	200.8059278332621	3124.8326555118856	1	0	0	-3.7064563100708376
18048.838652170714	6000.0	200.0	280.8089653417288	0	0.0	1248.8386521707143	1	0	2	-0.8963302482011467
18200.0	300.0	3063.954786953643	0.0	0	3.6660591285435657	3263.9547869536436	1	0	0	-3.72177495008862
21960.6029248344	6000.0	200.0	66.09857305835482	0	0.0	1160.6029248343984	1	0	2	0.38504886509067926
22200.0	300.0	2984.5426323509587	0.0	0	99.58587043512307	3184.5426323509564	1	0	0	-3.713088821665736
25965.43392921823	6000.0	200.0	143.1224452628151	0	0.0	1165.4339292182303	1	0	2	-0.07255606342784693
26200.0	300.0	2988.8905362964065	0.0	0	133.51323086491902	3188.890536296407	1	0	0	-3.7133589273389354
30493.677330741994	6000.0	200.0	667.4132068361675	0	0.0	1693.6773307419899	1	0	2	-3.2512587507043356
30676.235833864695	500.0	1017.4414968772984	0.0	0	0.0	1693.6773307419935	1	0	1	-2.0880359472132124
31334.370928819284	2000.0	1359.3064019227097	0.0	0	0.0	1693.6773307419935	1	0	1	1.2900178831347322
32200.0	3000.0	1493.6773307419908	0.0	0	130.28180691979287	1693.6773307419935	1	0	1	2.8790447983087053
33200.0	3000.0	1493.677330741992	0.0	0	287.87566295927536	1693.6773307419935	1	0	1	3.28450990641687
34321.69771678235	3000.0	1371.9796139596383	0.0	0	0.0	1693.6773307419899	1	0	1	3.2845099064168704
35200.0	3000.0	1493.677330741982	0.0	0	220.81047989941726	1693.6773307419862	1	0	1	3.2845099064168704
36200.0	3000.0	1493.6773307419876	0.0	0	346.6289311477376	1693.6773307419935	1	0	1	3.2845099064168704
37200.0	3000.0	1493.6773307419844	0.0	0	540.4189317479395	1693.6773307419935	1	0	1	3.28450990641687
38200.0	3000.0	1493.6773307419771	0.0	0	262.0375727705614	1693.6773307419935	1	0	1	3.28450990641687
39761.364733558155	3000.0	932.3125971838238	0.0	0	0.0	1693.6773307419935	1	0	1	3.28450990641687
41188.55158234247	3000.0	505.12574839951037	0.0	0	0.0	1693.6773307419862	1	0	1	3.2845099064168704
41469.852357229276	1000.0	1223.8249735127047	0.0	0	0.0	1693.6773307419862	1	0	1	0.5379791847465959
42200.0	3000.0	1493.6773307419742	0.0	0	109.01573887222912	1693.6773307419862	1	0	1	2.1858976177487603
43200.0	3000.0	1493.6773307419785	0.0	0	235.5884415925757	1693.6773307419862	1	0	1	3.2845099064168704
44512.466820923175	3000.0	1181.210509818801	0.0	0	0.0	1693.677330741979	1	0	1	3.2845099064168712
45548.67197595297	3000.0	1145.005354788997	0.0	0	0.0	1693.677330741979	1	0	1	3.2845099064168712
46456.302989232274	3000.0	1237.3743415096994	0.0	0	0.0	1693.677330741979	1	0	1	3.2845099064168712
47200.0	3000.0	1493.6773307419712	0.0	0	6.334224735175667	1693.6773307419717	1	0	1	3.284509906416872
48793.883215020796	3000.0	899.7941157211731	0.0	0	0.0	1693.6773307419717	1	0	1	3.284509906416872
49840.73804374452	2000.0	852.9392869974523	0.0	0	0.0	1693.6773307419717	1	0	1	2.27084713614646
50985.476464969295	2000.0	708.2008657726776	0.0	0	0.0	1693.677330741979	1	0	1	2.6763122442546243
51299.90534355705	1000.0	1393.7719871849108	0.0	0	0.0	1693.677330741979	1	0	1	0.9434442928547612
52363.47156297303	3000.0	1330.2057677689336	0.0	0	0.0	1693.677330741979	1	0	1	2.1858976177487617
53358.462254454505	3000.0	1335.2150762874608	0.0	0	0.0	1693.677330741979	1	0	1	3.2845099064168712
54200.0	2000.0	1493.6773307419605	0.0	0	231.5097544108794	1693.677330741979	1	0	1	2.2708471361464597
55200.0	3000.0	1493.6773307419667	0.0	0	29.94458093019057	1693.677330741979	1	0	1	2.8790447983087066
56200.0	3000.0	1493.6773307419635	0.0	0	131.43299008198665	1693.677330741979	1	0	1	3.2845099064168712
57200.0	3000.0	1493.677330741959	0.0	0	372.2017325730412	1693.677330741979	1	0	1	3.2845099064168712
58340.677376329644	3000.0	1352.9999544123148	0.0	0	0.0	1693.677330741979	1	0	1	3.2845099064168712
59466.64436654941	3000.0	1227.0329641925537	0.0	0	0.0	1693.677330741979	1	0	1	3.2845099064168712
60298.956031414775	3000.0	1394.7212993271853	0.0	0	0.0	1693.677330741979	1	0	1	3.2845099064168712
61200.0	3000.0	1493.6773307419578	0.0	0	124.18079127393139	1693.677330741979	1	0	1	3.2845099064168712
62612.07296292352	3000.0	1081.6043678184433	0.0	0	0.0	1693.677330741979	1	0	1	3.2845099064168712
63425.67764110875	2000.0	1267.999689633211	0.0	0	0.0	1693.677330741979	1	0	1	2.2708471361464597
64200.0	3000.0	1493.6773307419571	0.0	0	30.089655569550814	1693.677330741979	1	0	1	2.8790447983087066
65200.0	3000.0	1493.6773307419576	0.0	0	305.5628932995387	1693.677330741979	1	0	1	3.2845099064168712
66200.0	3000.0	1493.6773307419485	0.0	0	255.94585914412164	1693.677330741979	1	0	1	3.2845099064168704
67652.5365411845	3000.0	1041.1407895574478	0.0	0	0.0	1693.6773307419644	1	0	1	3.284509906416872
68462.57343824068	3000.0	1231.1038925012685	0.0	0	0.0	1693.677330741979	1	0	1	3.2845099064168712
69397.8228620958	3000.0	1295.8544686461455	0.0	0	0.0	1693.677330741979	1	0	1	3.2845099064168712
70764.80612748204	3000.0	928.8712032599007	0.0	0	0.0	1693.677330741979	1	0	1	3.2845099064168712
71782.66051626185	2000.0	911.0168144800767	0.0	0	0.0	1693.6773307419644	1	0	1	2.270847136146461
72590.45581375212	2000.0	1103.2215169898075	0.0	0	0.0	1693.6773307419644	1	0	1	2.6763122442546257
73390.35623610772	2000.0	1303.3210946342024	0.0	0	0.0	1693.6773307419644	1	0	1	2.6763122442546257
74210.54288013233	2000.0	1483.1344506096027	0.0	0	0.0	1693.6773307419498	1	0	1	2.6763122442546265
75200.0	3000.0	1493.6773307419319	0.0	0	140.68999072133738	1693.6773307419498	1	0	1	2.8790447983087097
76200.0	3000.0	1493.6773307419544	0.0	0	51.218495500739664	1693.6773307419498	1	0	1	3.2845099064168743
77200.0	3000.0	1493.6773307419517	0.0	0	272.3770887955325	1693.6773307419644	1	0	1	3.2845099064168726
78200.0	3000.0	1493.677330741959	0.0	0	407.4398400679347	1693.677330741979	1	0	1	3.2845099064168712
79475.82767815396	3000.0	1217.8496525879902	0.0	0	0.0	1693.677330741979	1	0	1	3.2845099064168712
80777.02394799529	3000.0	916.653382746667	0.0	0	0.0	1693.677330741979	1	0	1	3.2845099064168712
81723.84500863672	2000.0	969.8323221052318	0.0	0	0.0	1693.677330741979	1	0	1	2.2708471361464597
82579.51764637086	2000.0	1114.159684371106	0.0	0	0.0	1693.677330741979	1	0	1	2.6763122442546243
83200.0	2000.0	1493.6773307419674	0.0	0	110.2455589256133	1693.677330741979	1	0	1	2.6763122442546243
84200.0	3000.0	1493.6773307419662	0.0	0	383.94901065035083	1693.677330741979	1	0	1	2.8790447983087066
85246.3435852258	3000.0	1447.3337455161607	0.0	0	0.0	1693.6773307419644	1	0	1	3.2845099064168726
86284.17542188543	3000.0	1409.501908856523	0.0	0	0.0	1693.6773307419644	1	0	1	3.2845099064168726
87200.0	3000.0	1493.6773307419517	0.0	0	114.07312198012369	1693.6773307419498	1	0	1	3.2845099064168743
88626.84738494035	3000.0	1066.8299458016163	0.0	0	0.0	1693.6773307419498	1	0	1	3.2845099064168743
89400.59785612811	2000.0	1293.0794746138586	0.0	0	0.0	1693.6773307419498	1	0	1	2.270847136146463
90313.93869827793	3000.0	1379.738632464026	0.0	0	0.0	1693.6773307419498	1	0	1	2.8790447983087097
91505.50651510144	3000.0	1188.1708156405284	0.0	0	0.0	1693.6773307419498	1	0	1	3.2845099064168743
92387.09831717185	2000.0	1306.5790135701225	0.0	0	0.0	1693.6773307419644	1	0	1	2.270847136146461
93200.0	2000.0	1493.677330741962	0.0	0	279.2018303044024	1693.6773307419644	1	0	1	2.6763122442546257
94200.0	3000.0	1493.6773307419637	0.0	0	68.6347626948409	1693.677330741979	1	0	1	2.8790447983087066
95422.56389391675	3000.0	1271.1134368252112	0.0	0	0.0	1693.677330741979	1	0	1	3.2845099064168712
96742.11794917237	3000.0	951.5593815695875	0.0	0	0.0	1693.677330741979	1	0	1	3.2845099064168712
97270.3746778259	2000.0	1423.3026529160538	0.0	0	0.0	1693.677330741979	1	0	1	2.2708471361464597
98200.0	3000.0	1493.6773307419373	0.0	0	171.74715358574758	1693.6773307419644	1	0	1	2.879044798308708
99200.0	3000.0	1493.6773307419548	0.0	0	367.54588495635835	1693.6773307419644	1	0	1	3.2845099064168726
100200.0	3000.0	1493.6773307419653	0.0	0	483.1996759423637	1693.6773307419644	1	0	1	3.2845099064168726
101200.0	3000.0	1493.6773307419598	0.0	0	252.26797832673765	1693.6773307419644	1	0	1	3.2845099064168726
102200.0	3000.0	1493.677330741949	0.0	0	431.05958914846997	1693.6773307419498	1	0	1	3.2845099064168743
104089.45324373961	6000.0	604.2240870023394	0.0	0	0.0	1693.6773307419498	1	0	1	3.6310834966968466
104679.57752333648	2000.0	1014.0998074054716	0.0	0	0.0	1693.6773307419498	1	0	1	1.5776999555865177
105300.51586031208	3000.0	1393.161470429887	0.0	0	0.0	1693.6773307419644	1	0	1	2.879044798308708
106320.20229321068	3000.0	1373.4750375312847	0.0	0	0.0	1693.6773307419644	1	0	1	3.2845099064168726
107200.0	3000.0	1493.6773307419596	0.0	0	111.44407064413826	1693.677330741979	1	0	1	3.2845099064168712
108200.0	3000.0	1493.6773307419558	0.0	0	332.1882692745712	1693.677330741979	1	0	1	3.2845099064168712
109200.0	3000.0	1493.6773307419655	0.0	0	90.77980226390355	1693.6773307419935	1	0	1	3.28450990641687
110324.97817028669	3000.0	1368.6991604552736	0.0	0	0.0	1693.6773307419935	1	0	1	3.28450990641687
111359.24596980771	3000.0	1334.431360934233	0.0	0	0.0	1693.6773307419935	1	0	1	3.28450990641687
112514.58835336524	3000.0	1179.0889773767199	0.0	0	0.0	1693.677330742008	1	0	1	3.284509906416868
113456.3866143728	3000.0	1237.2907163691702	0.0	0	0.0	1693.6773307420226	1	0	1	3.284509906416867
114325.59443452701	2000.0	1368.0828962149621	0.0	0	0.0	1693.6773307420226	1	0	1	2.2708471361464553
116191.08262157584	3000.0	502.5947091661306	0.0	0	0.0	1693.6773307420226	1	0	1	2.879044798308702
116627.99835094629	1000.0	1065.6789797956963	0.0	0	0.0	1693.6773307420226	1	0	1	0.5379791847465921
117508.65715968632	2000.0	1185.0201710556562	0.0	0	0.0	1693.6773307420226	1	0	1	1.983165063694675
118229.52745346796	2000.0	1464.149877274021	0.0	0	0.0	1693.6773307420226	1	0	1	2.67631224425462
119507.64090076252	3000.0	1186.0364299794733	0.0	0	0.0	1693.6773307420226	1	0	1	2.879044798308702
120200.0	2000.0	1493.6773307419787	0.0	0	100.12162994571554	1693.6773307420226	1	0	1	2.2708471361464553
121248.17276804347	3000.0	1445.5045626985075	0.0	0	0.0	1693.677330742008	1	0	1	2.8790447983087035
122200.0	3000.0	1493.677330741956	0.0	0	245.6096826004068	1693.677330742008	1	0	1	3.284509906416868
123200.0	3000.0	1493.6773307419446	0.0	0	65.96042999885685	1693.677330742008	1	0	1	3.284509906416868
124200.0	3000.0	1493.6773307419437	0.0	0	211.39273356943158	1693.6773307420226	1	0	1	3.284509906416867
125330.61406882257	3000.0	1363.063261919371	0.0	0	0.0	1693.6773307420226	1	0	1	3.284509906416867
126399.94895403436	3000.0	1293.7283767075728	0.0	0	0.0	1693.6773307420226	1	0	1	3.284509906416867
128264.15603380592	3000.0	429.52129693602	0.0	0	0.0	1693.6773307420226	1	0	1	3.284509906416867
128741.30716214208	1000.0	952.3701685998669	0.0	0	0.0	1693.6773307420226	1	0	1	0.5379791847465921
129200.0	1000.0	1493.6773307419444	0.0	0	69.24793148702884	1693.6773307420226	1	0	1	1.6365914734147018
130200.0	2000.0	1493.6773307419312	0.0	0	57.18390325050859	1693.6773307420226	1	0	1	1.983165063694675
131200.0	2000.0	1493.6773307419305	0.0	0	409.9024980883696	1693.6773307420226	1	0	1	2.67631224425462
132200.0	3000.0	1493.6773307419178	0.0	0	361.4498002442415	1693.6773307420226	1	0	1	2.8790447983087013
133340.01034902464	3000.0	1353.6669817172956	0.0	0	0.0	1693.6773307420372	1	0	1	3.2845099064168655
134200.0	3000.0	1493.6773307419223	0.0	0	134.0148374514538	1693.6773307420372	1	0	1	3.2845099064168655
135200.0	3000.0	1493.677330741942	0.0	0	417.021557336353	1693.6773307420372	1	0	1	3.2845099064168655
136200.0	3000.0	1493.6773307419478	0.0	0	473.9561619759188	1693.6773307420372	1	0	1	3.2845099064168655
137562.7855603254	3000.0	1130.8917704165788	0.0	0	0.0	1693.6773307420954	1	0	1	3.28450990641686
138372.6732683152	3000.0	1321.0040624267845	0.0	0	0.0	1693.6773307420954	1	0	1	3.2845099064168597
139200.0	3000.0	1493.6773307420206	0.0	0	76.97172356286319	1693.6773307420954	1	0	1	3.2845099064168597
140200.0	3000.0	1493.6773307420272	0.0	0	31.477130254672375	1693.6773307420663	1	0	1	3.2845099064168606
141200.0	3000.0	1493.6773307420165	0.0	0	154.26425182074308	1693.6773307420663	1	0	1	3.2845099064168624
142620.39123755	3000.0	1073.2860931920247	0.0	0	0.0	1693.6773307420663	1	0	1	3.2845099064168624
143819.87308162148	3000.0	873.8042491205194	0.0	0	0.0	1693.6773307420663	1	0	1	3.2845099064168624
144367.72848113658	2000.0	1325.9488496054219	0.0	0	0.0	1693.6773307420663	1	0	1	2.270847136146451
145849.27257563444	3000.0	844.404755107564	0.0	0	0.0	1693.6773307420663	1	0	1	2.8790447983086978
146513.71611567322	2000.0	1179.9612150687703	0.0	0	0.0	1693.6773307420663	1	0	1	2.270847136146451
147200.0	2000.0	1493.6773307419894	0.0	0	34.48354393764748	1693.6773307420372	1	0	1	2.6763122442546186
148296.8078389882	3000.0	1396.8694917537728	0.0	0	0.0	1693.6773307420372	1	0	1	2.879044798308701
149200.0	3000.0	1493.6773307419487	0.0	0	179.86237736718613	1693.6773307420372	1	0	1	3.2845099064168655
150200.0	3000.0	1493.6773307419628	0.0	0	407.0497155417397	1693.6773307420372	1	0	1	3.2845099064168655
151332.76119381867	3000.0	1360.9161369232613	0.0	0	0.0	1693.6773307420372	1	0	1	3.2845099064168655
152587.0374171725	3000.0	1106.6399135693948	0.0	0	0.0	1693.677330742008	1	0	1	3.284509906416868
153522.65558537736	3000.0	1171.0217453645796	0.0	0	0.0	1693.677330742008	1	0	1	3.284509906416868
154734.43876410194	3000.0	959.2385666399825	0.0	0	0.0	1693.677330742008	1	0	1	3.284509906416868
155454.31092221098	2000.0	1239.3664085309379	0.0	0	0.0	1693.6773307420372	1	0	1	2.270847136146454
156200.0	2000.0	1493.6773307419023	0.0	0	140.07302896349574	1693.6773307420372	1	0	1	2.6763122442546186
157200.0	2000.0	1493.6773307419198	0.0	0	242.788441070501	1693.677330742008	1	0	1	2.676312244254621
158200.0	2000.0	1493.6773307419298	0.0	0	507.07887909899	1693.677330742008	1	0	1	2.676312244254621
159211.91582296992	3000.0	1481.761507772012	0.0	0	0.0	1693.677330742008	1	0	1	2.8790447983087035
160200.0	3000.0	1493.6773307419246	0.0	0	78.72594559888239	1693.677330742008	1	0	1	3.284509906416868
161200.0	3000.0	1493.6773307419078	0.0	0	162.24790748371743	1693.6773307420372	1	0	1	3.2845099064168655
162200.0	3000.0	1493.677330741939	0.0	0	155.30473571605398	1693.6773307420372	1	0	1	3.2845099064168655
163200.0	3000.0	1493.6773307419553	0.0	0	354.83496058222954	1693.6773307420372	1	0	1	3.2845099064168655
164200.0	3000.0	1493.6773307419505	0.0	0	384.1780470110243	1693.6773307420372	1	0	1	3.2845099064168655
165200.0	3000.0	1493.6773307419394	0.0	0	71.23250612406991	1693.6773307420372	1	0	1	3.2845099064168655
166387.96011018343	3000.0	1305.7172205584957	0.0	0	0.0	1693.677330742008	1	0	1	3.284509906416868
167983.12589236544	3000.0	710.5514383764621	0.0	0	0.0	1693.677330741979	1	0	1	3.2845099064168686
168530.8351037727	1000.0	1162.8422269692003	0.0	0	0.0	1693.677330741979	1	0	1	0.5379791847465966
169307.0227256414	2000.0	1386.6546051004932	0.0	0	0.0	1693.6773307419498	1	0	1	1.983165063694682
170200.0	2000.0	1493.6773307419176	0.0	0	175.12845075433142	1693.6773307419498	1	0	1	2.6763122442546274
171200.0	3000.0	1493.6773307419442	0.0	0	217.62068134653964	1693.6773307419498	1	0	1	2.8790447983087097
172210.6703509735	3000.0	1483.0069797684484	0.0	0	187.27390658532386	1693.6773307419498	1	0	1	3.2845099064168743
173753.52385814235	3000.0	940.1534725996426	0.0	0	0.0	1693.6773307419498	1	0	1	3.2845099064168743
174459.2249969705	2000.0	1234.452333771477	0.0	0	0.0	1693.6773307419498	1	0	1	2.270847136146463
175244.04401722088	2000.0	1449.6333135211057	0.0	0	0.0	1693.677330741979	1	0	1	2.6763122442546243
176248.76162072862	3000.0	1444.9157100133925	0.0	0	0.0	1693.677330741979	1	0	1	2.8790447983087066
177230.37150596385	3000.0	1463.3058247781792	0.0	0	0.0	1693.677330741979	1	0	1	3.2845099064168712
178377.2391490744	3000.0	1316.4381816676184	0.0	0	0.0	1693.6773307419498	1	0	1	3.2845099064168743
179395.4440993864	3000.0	1298.2332313555971	0.0	0	0.0	1693.6773307419207	1	0	1	3.284509906416877
180200.0	3000.0	1493.6773307419523	0.0	0	1.589854532998288	1693.6773307419207	1	0	1	3.284509906416877
181200.0	3000.0	1493.6773307419135	0.0	0	386.53440516509	1693.6773307419207	1	0	1	3.284509906416877
182202.10885918234	3000.0	1491.5684715596308	0.0	0	75.85449310022523	1693.6773307419498	1	0	1	3.2845099064168743
183525.29700484834	3000.0	1168.3803258936214	0.0	0	0.0	1693.6773307419498	1	0	1	3.2845099064168743
184200.0	3000.0	1493.6773307420053	0.0	0	77.08438324034796	1693.6773307419498	1	0	1	3.2845099064168743
185200.0	3000.0	1493.677330742004	0.0	0	312.9716565005656	1693.6773307419498	1	0	1	3.2845099064168743
186200.0	3000.0	1493.6773307420067	0.0	0	522.1926037608937	1693.6773307419498	1	0	1	3.2845099064168743
187200.0	3000.0	1493.6773307419785	0.0	0	136.49121171975276	1693.6773307419498	1	0	1	3.2845099064168743
188903.0100963502	3000.0	790.6672343918004	0.0	0	0.0	1693.677330741979	1	0	1	3.2845099064168712
189615.47644744866	2000.0	1078.2008832933543	0.0	0	0.0	1693.677330741979	1	0	1	2.2708471361464597
190509.92529387452	3000.0	1183.7520368674764	0.0	0	0.0	1693.677330742008	1	0	1	2.8790447983087035
191293.28665491904	3000.0	1400.3906758229598	0.0	0	0.0	1693.677330742008	1	0	1	3.284509906416868
192200.0	3000.0	1493.6773307419994	0.0	0	321.3602362344682	1693.677330742008	1	0	1	3.284509906416868
193229.60045613523	3000.0	1464.0768746067931	0.0	0	0.0	1693.6773307420372	1	0	1	3.284509906416867
194404.38727398447	3000.0	1289.2900567575705	0.0	0	0.0	1693.6773307420663	1	0	1	3.2845099064168624
195260.09881947187	3000.0	1433.5785112701724	0.0	0	0.0	1693.6773307420954	1	0	1	3.2845099064168597
196200.0	3000.0	1493.677330742053	0.0	0	329.67562393069966	1693.6773307420954	1	0	1	3.2845099064168597
197249.327730266	3000.0	1444.3496004760336	0.0	0	130.87549629656132	1693.6773307420954	1	0	1	3.2845099064168597
198421.21249805804	3000.0	1272.4648326840113	0.0	0	0.0	1693.6773307421245	1	0	1	3.2845099064168566
199741.6183490036	3000.0	952.0589817384465	0.0	0	0.0	1693.6773307421245	1	0	1	3.2845099064168566
200667.66513098008	2000.0	1026.0121997619972	0.0	0	0.0	1693.6773307421245	1	0	1	2.270847136146445
201273.19352223098	2000.0	1420.483808511085	0.0	0	0.0	1693.6773307421245	1	0	1	2.6763122442546097
202200.0	2000.0	1493.6773307420567	0.0	0	333.41042055076105	1693.6773307421245	1	0	1	2.6763122442546097
203200.0	3000.0	1493.6773307420792	0.0	0	123.85875700358883	1693.6773307421536	1	0	1	2.8790447983086906
204200.0	3000.0	1493.6773307421042	0.0	0	38.88873288044124	1693.6773307421536	1	0	1	3.2845099064168535
205231.97610367552	3000.0	1461.7012270665812	0.0	0	0.0	1693.6773307421536	1	0	1	3.2845099064168535
206200.0	3000.0	1493.6773307420917	0.0	0	20.942856059467886	1693.6773307421536	1	0	1	3.2845099064168535
207319.83540809024	3000.0	1373.8419226518417	0.0	0	0.0	1693.6773307421245	1	0	1	3.2845099064168566
208628.1374774177	3000.0	1065.5398533243674	0.0	0	0.0	1693.6773307421245	1	0	1	3.2845099064168566
209511.46803644905	3000.0	1182.2092942930508	0.0	0	0.0	1693.6773307420954	1	0	1	3.2845099064168597
211134.8566281787	3000.0	558.8207025633978	0.0	0	0.0	1693.6773307420954	1	0	1	3.2845099064168597
211561.2876946624	1000.0	1132.3896360797344	0.0	0	0.0	1693.6773307420954	1	0	1	0.5379791847465849
212407.2958254853	2000.0	1286.3815052568514	0.0	0	0.0	1693.6773307420954	1	0	1	1.9831650636946676
213200.0	2000.0	1493.677330742143	0.0	0	150.07657137850765	1693.6773307420954	1	0	1	2.676312244254613
214200.0	3000.0	1493.6773307421363	0.0	0	215.82783273301902	1693.6773307420954	1	0	1	2.879044798308695
215200.0	3000.0	1493.6773307421372	0.0	0	162.49258176927106	1693.6773307420954	1	0	1	3.2845099064168597
216377.480468074	3000.0	1316.19686266814	0.0	0	0.0	1693.6773307420954	1	0	1	3.2845099064168597
217548.16943614886	3000.0	1145.5078945932723	0.0	0	0.0	1693.6773307420954	1	0	1	3.2845099064168597
218449.94219197004	3000.0	1243.7351387720676	0.0	0	0.0	1693.6773307420954	1	0	1	3.2845099064168597
219394.14548815278	3000.0	1299.5318425893342	0.0	0	0.0	1693.6773307420954	1	0	1	3.2845099064168597
220359.79591548012	3000.0	1333.8814152619852	0.0	0	0.0	1693.6773307421245	1	0	1	3.2845099064168566
221291.03380466733	2000.0	1402.643526074789	0.0	0	0.0	1693.6773307421536	1	0	1	2.270847136146442
222200.0	2000.0	1493.677330742108	0.0	0	38.67326950374991	1693.6773307421827	1	0	1	2.676312244254604
223200.0	2000.0	1493.677330742144	0.0	0	149.77507907070685	1693.6773307421827	1	0	1	2.676312244254604
224200.0	3000.0	1493.6773307421317	0.0	0	39.018465274508344	1693.6773307421827	1	0	1	2.879044798308686
225200.0	3000.0	1493.677330742136	0.0	0	37.99976529946434	1693.6773307421827	1	0	1	3.284509906416851
226200.0	3000.0	1493.6773307421263	0.0	0	442.367003410327	1693.6773307421827	1	0	1	3.284509906416851
227200.0	3000.0	1493.6773307420922	0.0	0	397.6521887423587	1693.6773307421827	1	0	1	3.284509906416851
228464.91059342338	3000.0	1228.7667373187405	0.0	0	0.0	1693.6773307421827	1	0	1	3.284509906416851
229907.4610370208	3000.0	786.2162937212915	0.0	0	0.0	1693.6773307421827	1	0	1	3.284509906416851
230949.86735991118	2000.0	743.809970830933	0.0	0	0.0	1693.6773307422118	1	0	1	2.2708471361464366
231690.4442760104	2000.0	1003.2330547316669	0.0	0	0.0	1693.6773307422118	1	0	1	2.6763122442546012
232247.7182237067	2000.0	1445.959107035359	0.0	0	0.0	1693.6773307421827	1	0	1	2.676312244254604
233293.8748949863	3000.0	1399.8024357557636	0.0	0	0.0	1693.6773307421827	1	0	1	2.879044798308686
234224.5969569408	3000.0	1469.0803738012885	0.0	0	0.0	1693.6773307422118	1	0	1	3.284509906416849
235200.0	3000.0	1493.6773307421056	0.0	0	215.1223776579136	1693.6773307422118	1	0	1	3.284509906416848
236200.0	3000.0	1493.6773307421172	0.0	0	236.32338402519235	1693.6773307422118	1	0	1	3.284509906416848
237936.41423266096	3000.0	757.2630980811689	0.0	0	0.0	1693.6773307422409	1	0	1	3.2845099064168473
238742.40102607306	2000.0	951.2763046690956	0.0	0	0.0	1693.67733074227	1	0	1	2.2708471361464304
239516.3766370541	2000.0	1177.3006936880386	0.0	0	0.0	1693.677330742299	1	0	1	2.6763122442545924
240642.6525894979	2000.0	1051.0247412442438	0.0	0	0.0	1693.677330742299	1	0	1	2.6763122442545924
241362.62432083933	2000.0	1331.0530099028406	0.0	0	0.0	1693.6773307423282	1	0	1	2.6763122442545892
242200.0	2000.0	1493.6773307421429	0.0	0	45.85940426131128	1693.677330742299	1	0	1	2.6763122442545906
243249.98682437575	3000.0	1443.6905063663655	0.0	0	0.0	1693.67733074227	1	0	1	2.879044798308676
244200.0	2000.0	1493.6773307421252	0.0	0	304.4845063845569	1693.6773307422409	1	0	1	2.270847136146433
245203.1985416094	2000.0	1490.47878913272	0.0	0	0.0	1693.6773307422409	1	0	1	2.6763122442545977
246200.0	3000.0	1493.6773307421392	0.0	0	17.194400860375026	1693.6773307422409	1	0	1	2.87904479830868
247200.0	3000.0	1493.677330742138	0.0	0	101.71937452253769	1693.6773307422118	1	0	1	3.284509906416847
248200.0	3000.0	1493.6773307421422	0.0	0	528.7177482438856	1693.6773307422118	1	0	1	3.284509906416848
249200.0	3000.0	1493.6773307421474	0.0	0	274.9294528015016	1693.6773307422118	1	0	1	3.284509906416848
250200.0	3000.0	1493.6773307421545	0.0	0	474.7557208999351	1693.6773307422409	1	0	1	3.2845099064168446
251200.0	3000.0	1493.6773307421724	0.0	0	94.94887253479101	1693.6773307422409	1	0	1	3.2845099064168446
252662.933439811	6000.0	1030.743890931203	0.0	0	0.0	1693.67733074227	1	0	1	3.6310834966968146
253504.6503946478	3000.0	1189.026936094398	0.0	0	0.0	1693.677330742299	1	0	1	2.5913627258568943
254200.0	3000.0	1493.6773307421759	0.0	0	163.74511833125143	1693.67733074227	1	0	1	3.28450990641684
255223.11860930317	3000.0	1470.5587214390073	0.0	0	0.0	1693.677330742299	1	0	1	3.284509906416841
256338.5464102543	3000.0	1355.1309204878605	0.0	0	0.0	1693.67733074227	1	0	1	3.284509906416841
257232.41742203193	3000.0	1461.2599087102026	0.0	0	0.0	1693.6773307422409	1	0	1	3.2845099064168446
258200.0	3000.0	1493.6773307421033	0.0	0	88.41131609093281	1693.6773307422409	1	0	1	3.2845099064168446
259200.0	3000.0	1493.6773307420879	0.0	0	360.8363259783073	1693.6773307422118	1	0	1	3.284509906416848
260414.99211400578	3000.0	1278.6852167362972	0.0	0	0.0	1693.6773307421536	1	0	1	3.2845099064168535
261698.8117042302	3000.0	994.865626511849	0.0	0	0.0	1693.6773307421536	1	0	1	3.2845099064168535
262810.43262986734	2000.0	883.2447008746879	0.0	0	0.0	1693.6773307421245	1	0	1	2.2708471361464455
264250.81414628477	2000.0	442.8631844572651	0.0	0	0.0	1693.6773307421827	1	0	1	2.6763122442546043
264837.31519435626	1000.0	856.3621363857096	0.0	0	0.0	1693.6773307421245	1	0	1	0.9434442928547467
265200.0	1000.0	1493.6773307419924	0.0	0	6.981074876210187	1693.6773307421827	1	0	1	1.636591473414686
266200.0	2000.0	1493.6773307419821	0.0	0	19.06653912155889	1693.6773307421827	1	0	1	1.9831650636946587
267200.0	2000.0	1493.6773307419867	0.0	0	422.34276123921154	1693.6773307421827	1	0	1	2.676312244254604
268331.86842302774	3000.0	1361.8089077142572	0.0	0	0.0	1693.6773307422409	1	0	1	2.87904479830868
269547.12700921757	3000.0	1146.550321524422	0.0	0	0.0	1693.6773307422409	1	0	1	3.2845099064168446
270213.0415211674	2000.0	1480.6358095746334	0.0	0	0.0	1693.6773307421245	1	0	1	2.2708471361464437
271200.0	3000.0	1493.6773307420826	0.0	0	181.5627811878221	1693.6773307421245	1	0	1	2.879044798308692
272200.0	3000.0	1493.677330742125	0.0	0	183.55865062010707	1693.6773307421827	1	0	1	3.284509906416851
273200.0	3000.0	1493.6773307421001	0.0	0	20.187177169311326	1693.6773307421827	1	0	1	3.284509906416851
274254.6554071184	3000.0	1439.0219236237701	0.0	0	0.0	1693.6773307421245	1	0	1	3.2845099064168566
275272.5808098052	3000.0	1421.0965209369788	0.0	0	0.0	1693.6773307421827	1	0	1	3.284509906416851
276551.8697050815	3000.0	1141.8076256606248	0.0	0	0.0	1693.6773307421827	1	0	1	3.284509906416851
277964.8927273448	2000.0	728.7846033972405	0.0	0	0.0	1693.6773307421827	1	0	1	2.2708471361464393
278528.59324591846	1000.0	1165.0840848235816	0.0	0	0.0	1693.6773307421827	1	0	1	0.9434442928547409
279349.25614409696	2000.0	1344.4211866451215	0.0	0	0.0	1693.6773307421827	1	0	1	1.9831650636946587
280200.0	2000.0	1493.6773307420297	0.0	0	217.29919056082144	1693.6773307421827	1	0	1	2.676312244254604
281200.0	3000.0	1493.6773307419837	0.0	0	380.5127912956523	1693.6773307421245	1	0	1	2.879044798308692
282205.91352650704	3000.0	1487.763804234956	0.0	0	0.0	1693.6773307420663	1	0	1	3.2845099064168624
283200.0	3000.0	1493.6773307420335	0.0	0	52.024301759607624	1693.6773307421245	1	0	1	3.2845099064168566
284200.0	3000.0	1493.6773307420426	0.0	0	322.88358486723155	1693.6773307421245	1	0	1	3.2845099064168566
285200.0	3000.0	1493.6773307420005	0.0	0	400.3538568635704	1693.6773307421245	1	0	1	3.2845099064168566
286200.0	3000.0	1493.6773307420156	0.0	0	114.15114283497678	1693.6773307421245	1	0	1	3.2845099064168566
287349.43375898007	3000.0	1344.243571761983	0.0	0	0.0	1693.6773307421245	1	0	1	3.2845099064168566
288200.0	3000.0	1493.6773307420033	0.0	0	6.428421857708599	1693.6773307420663	1	0	1	3.2845099064168624
289200.0	3000.0	1493.6773307420135	0.0	0	352.63277518138057	1693.6773307420663	1	0	1	3.2845099064168624
290200.0	3000.0	1493.6773307420685	0.0	0	183.59768151503522	1693.6773307420663	1	0	1	3.2845099064168624
291284.6180945976	3000.0	1409.059236144505	0.0	0	0.0	1693.6773307420663	1	0	1	3.2845099064168624
292394.56551366596	3000.0	1299.1118170760715	0.0	0	0.0	1693.6773307420663	1	0	1	3.2845099064168624
293243.70428974467	3000.0	1449.9730409973206	0.0	0	0.0	1693.6773307420663	1	0	1	3.2845099064168624
294317.1585276178	3000.0	1376.5188031241455	0.0	0	0.0	1693.6773307420663	1	0	1	3.2845099064168624
295308.66236243676	3000.0	1385.0149683051864	0.0	0	0.0	1693.6773307420663	1	0	1	3.2845099064168624
296200.0	3000.0	1493.6773307418912	0.0	0	26.639677036495414	1693.6773307420663	1	0	1	3.2845099064168624
297200.0	3000.0	1493.677330741887	0.0	0	8.67453184525948	1693.6773307421245	1	0	1	3.2845099064168566
298200.0	3000.0	1493.6773307418666	0.0	0	58.13566890603397	1693.6773307421245	1	0	1	3.2845099064168566
299200.0	3000.0	1493.6773307418273	0.0	0	187.61448558961274	1693.6773307421245	1	0	1	3.2845099064168566
300264.2543146238	3000.0	1429.423016118078	0.0	0	0.0	1693.6773307421245	1	0	1	3.2845099064168566
301200.0	3000.0	1493.677330741834	0.0	0	87.87526804639492	1693.6773307421245	1	0	1	3.2845099064168566
302267.4958425636	3000.0	1426.1814881781233	0.0	0	0.0	1693.6773307420663	1	0	1	3.284509906416859
304059.30505108484	3000.0	634.3722796569098	0.0	0	0.0	1693.6773307420663	1	0	1	3.2845099064168624
304461.33794522693	1000.0	1232.3393855148536	0.0	0	0.0	1693.6773307420663	1	0	1	0.5379791847465879
305243.41331618256	2000.0	1450.264014559218	0.0	0	0.0	1693.677330742008	1	0	1	1.983165063694675
306200.0	2000.0	1493.6773307417864	0.0	0	410.47601390164346	1693.677330742008	1	0	1	2.676312244254621
307200.0	2000.0	1493.6773307417313	0.0	0	363.4446324945893	1693.677330742008	1	0	1	2.676312244254621
308200.0	3000.0	1493.6773307417516	0.0	0	269.4497693084995	1693.6773307420663	1	0	1	2.8790447983086978
309296.85698720085	3000.0	1396.8203435409337	0.0	0	0.0	1693.6773307420663	1	0	1	3.2845099064168624
310555.060003331	3000.0	1138.6173274107994	0.0	0	0.0	1693.677330742008	1	0	1	3.284509906416868
311485.1419505648	3000.0	1208.5353801770132	0.0	0	0.0	1693.677330742008	1	0	1	3.284509906416868
312200.0	3000.0	1493.6773307418791	0.0	0	227.0957090795855	1693.6773307420663	1	0	1	3.2845099064168624
313264.7607881835	3000.0	1428.9165425583697	0.0	0	0.0	1693.6773307420663	1	0	1	3.284509906416859
314200.0	3000.0	1493.677330741918	0.0	0	54.175486688967794	1693.6773307421245	1	0	1	3.2845099064168592
3.22	3.07	1.89	2.03	2.94	3.83	4.36	1.8	2.12	3.1	3.51	3.73	3.66	2.63	3.36	4.66	4.16	2.35	3.58	4.97	6.16	4.21	2.66	2.11	2.57	3.86	4.92	3.07	2.93	4.22	3.88	3.27	1.37	2.64	2.42	2.7	3.56	2.93	2.78	3.41	3.78	4.56	2.09	3.13	3.76	1.85	2.44	3.7	4.39	3.26	2.48	2.72	3.78	3.04	2.85	2.56	2.29	2.57	2.66	3.85	4.97	5.33	3.92	2.11	2.44	2.65	3.03	4.45	2.97	3.51	4.32	1.91	2.15	3.27	3.08	1.95	2.97	3.22	3.02	2.61	2.7	3.87	5.1	4.92	5.71	4.95	2.95	3.83	4.85	4.4	2.7	4.01	3.79	3.73	3.24	3.56	2.75	2.19	1.84	2.29	2.35	3.22	3.26	2.8	3.26	4.11	4.18	4.23	2.84	2.59	2.03	2.21	1.91	2.53	3.67	4.74	3.37	4.04	5.33	4.95	2.63	3.02	2.94	3.97	4.04	2.19	3.56	3.22	3.49	2.33	2.9	3.04	3.85	5.02	3.13	2.71	3.24	2.17	2.26	2.99	2.9	3.17	3.63	3.45	2.9	3.52	4.89	3.93	2.42	2.61	3.22	3.07	1.89	2.03	2.94	3.83	4.36	1.8	2.12	3.1	3.51	3.73	3.66	2.63	3.36	4.66	4.16	2.35	3.58	4.97	6.16	4.21	2.66	2.11	2.57	3.86	4.92	3.07	2.93	4.22	3.88	3.27	1.37	2.64	2.42	2.7	3.56	2.93	2.78	3.41	3.78	4.56	2.09	3.13	3.76	1.85	2.44	3.7	4.39	3.26	2.48	2.72	3.78	3.04	2.85	2.56	2.29	2.57	2.66	3.85	4.97	5.33	3.92	2.11	2.44	2.65	3.03	4.45	2.97	3.51	4.32	1.91	2.15	3.27	3.08	1.95	2.97	3.22	3.02	2.61	2.7	3.87	5.1	4.92	5.71	4.95	2.95	3.83	4.85	4.4	2.7	4.01	3.79	3.73	3.24	3.56	2.75	2.19	1.84	2.29	2.35	3.22	3.26	2.8	3.26	4.11	4.18	4.23	2.84	2.59	2.03	2.21	1.91	2.53	3.67	4.74	3.37	4.04	5.33	4.95	2.63	3.02	2.94	3.97	4.04	2.19	3.56	3.22	3.49	2.33	2.9	3.04	3.85	5.02	3.13	2.71	3.24	2.17	2.26	2.99	2.9	3.17	3.63	3.45	2.9	3.52	4.89	3.93	2.42	2.61	3.22	3.07	1.89	2.03	2.94	3.83	4.36	1.8	2.12	3.1	3.51	3.73	3.66	2.63	3.36	4.66
1.0	2.0	3.0	4.0	5.0	6.0	7.0	8.0	9.0	10.0	11.0	12.0	13.0	14.0	15.0	16.0	17.0	18.0	19.0	20.0	21.0	22.0	23.0	24.0	25.0	26.0	27.0	28.0	29.0	30.0	31.0	32.0	33.0	34.0	35.0	36.0	37.0	38.0	39.0	40.0	41.0	42.0	43.0	44.0	45.0	46.0	47.0	48.0	49.0	50.0	51.0	52.0	53.0	54.0	55.0	56.0	57.0	58.0	59.0	60.0	61.0	62.0	63.0	64.0	65.0	66.0	67.0	68.0	69.0	70.0	71.0	72.0	73.0	74.0	75.0	76.0	77.0	78.0	79.0	80.0	81.0	82.0	83.0	84.0	85.0	86.0	87.0	88.0	89.0	90.0	91.0	92.0	93.0	94.0	95.0	96.0	97.0	98.0	99.0	100.0	101.0	102.0	103.0	104.0	105.0	106.0	107.0	108.0	109.0	110.0	111.0	112.0	113.0	114.0	115.0	116.0	117.0	118.0	119.0	120.0	121.0	122.0	123.0	124.0	125.0	126.0	127.0	128.0	129.0	130.0	131.0	132.0	133.0	134.0	135.0	136.0	137.0	138.0	139.0	140.0	141.0	142.0	143.0	144.0	145.0	146.0	147.0	148.0	149.0	149.0	150.0	151.0	152.0	153.0	154.0	155.0	156.0	157.0	158.0	159.0	160.0	161.0	162.0	163.0	164.0	165.0	166.0	167.0	168.0	169.0	170.0	171.0	172.0	173.0	174.0	175.0	176.0	177.0	178.0	179.0	180.0	181.0	182.0	183.0	184.0	185.0	186.0	187.0	188.0	189.0	190.0	191.0	192.0	193.0	194.0	195.0	196.0	197.0	198.0	199.0	200.0	201.0	202.0	203.0	204.0	205.0	206.0	207.0	208.0	209.0	210.0	211.0	212.0	213.0	214.0	215.0	216.0	217.0	218.0	219.0	220.0	221.0	222.0	223.0	224.0	225.0	226.0	227.0	228.0	229.0	230.0	231.0	232.0	233.0	234.0	235.0	236.0	237.0	238.0	239.0	240.0	241.0	242.0	243.0	244.0	245.0	246.0	247.0	248.0	249.0	250.0	251.0	252.0	253.0	254.0	255.0	256.0	257.0	258.0	259.0	260.0	261.0	262.0	263.0	264.0	265.0	266.0	267.0	268.0	269.0	270.0	271.0	272.0	273.0	274.0	275.0	276.0	277.0	278.0	279.0	280.0	281.0	282.0	283.0	284.0	285.0	286.0	287.0	288.0	289.0	290.0	291.0	292.0	293.0	294.0	295.0	296.0	297.0	298.0	298.0	299.0	300.0	301.0	302.0	303.0	304.0	305.0	306.0	307.0	308.0	309.0	310.0	311.0	312.0	313.0	314.0
2281.8957973691136
