2373.1938416339835	300.0	2000.0	93.64523519118778	0	0.0	2373.1938416339835	1	0	1	-0.7975730470533424
5596.3946973984	6000.0	200.0	511.6674246711267	0	0.0	796.3946973983993	1	0	2	-2.044174923246582
6200.0	500.0	2656.75522765856	0.0	0	400.2737135230618	2856.7552276585593	1	0	0	-2.401216677462734
10435.693476252347	6000.0	200.0	911.3705420172938	0	0.0	1635.693476252347	1	0	2	-4.202332056008877
10644.094377326008	500.0	991.5990989263369	0.0	0	0.0	1635.6934762523451	1	0	1	-2.0822375617642486
11217.324827066383	2000.0	1418.3686491859642	0.0	0	0.0	1635.6934762523451	1	0	1	1.295816268583697
12200.0	3000.0	1435.693476252346	0.0	0	79.23754227695099	1635.693476252347	1	0	1	2.8848431837576696
13200.0	3000.0	1435.6934762523447	0.0	0	69.71070699001575	1635.693476252347	1	0	1	3.290308291865834
14249.60842500313	3000.0	1386.0850512492138	0.0	0	0.0	1635.693476252347	1	0	1	3.290308291865834
15374.6895181128	3000.0	1261.003958139545	0.0	0	0.0	1635.693476252347	1	0	1	3.290308291865834
16663.88481623675	3000.0	971.8086600155981	0.0	0	0.0	1635.6934762523506	1	0	1	3.290308291865834
17200.0	2000.0	1435.6934762523515	0.0	0	40.72948176978389	1635.6934762523542	1	0	1	2.276645521595422
18200.0	3000.0	1435.6934762523538	0.0	0	314.72180864310576	1635.693476252356	1	0	1	2.8848431837576687
19816.911309151943	3000.0	818.7821671004102	0.0	0	0.0	1635.693476252356	1	0	1	3.2903082918658333
20382.15041566264	1000.0	1253.5430605897136	0.0	0	0.0	1635.693476252356	1	0	1	0.5437775701955588
21346.67570312302	2000.0	1289.0177731293331	0.0	0	0.0	1635.6934762523524	1	0	1	1.9889634491436416
22290.4717193869	2000.0	1345.2217568654526	0.0	0	0.0	1635.693476252356	1	0	1	2.6821106297035864
23200.0	2000.0	1435.6934762523538	0.0	0	145.22957289652186	1635.6934762523597	1	0	1	2.6821106297035864
24200.0	2000.0	1435.6934762523567	0.0	0	250.15050960176086	1635.6934762523633	1	0	1	2.682110629703586
25200.0	2000.0	1435.6934762523574	0.0	0	598.576027778101	1635.6934762523633	1	0	1	2.682110629703586
26200.0	3000.0	1435.6934762523567	0.0	0	446.1766387526004	1635.6934762523633	1	0	1	2.8848431837576682
27212.71277489736	3000.0	1422.9807013549964	0.0	0	113.94704678237031	1635.6934762523633	1	0	1	3.290308291865833
28589.169622934456	3000.0	1046.5238533179045	0.0	0	0.0	1635.6934762523633	1	0	1	3.290308291865833
30445.406659834705	3000.0	237.66385441796496	47.37703800031168	0	0.0	1683.0705142526785	1	0	1	3.0032034415839437
30717.140603152216	500.0	965.9299111004557	0.0	0	0.0	1683.0705142526785	1	0	1	-1.1938280850043366
31702.296770172787	2000.0	980.7737440798858	0.0	0	0.0	1683.0705142526785	1	0	1	1.291078564783664
32601.149445665727	2000.0	1081.921068586946	0.0	0	0.0	1683.0705142526785	1	0	1	2.6773729259035544
33577.21514622684	2000.0	1105.8553680258412	0.0	0	0.0	1683.0705142526858	1	0	1	2.677372925903554
34292.36950078524	2000.0	1390.7010134674447	0.0	0	0.0	1683.070514252693	1	0	1	2.677372925903554
35200.0	3000.0	1483.0705142526801	0.0	0	215.40225132852356	1683.070514252693	1	0	1	2.8801054799576353
36200.0	2000.0	1483.0705142526785	0.0	0	505.6099906994277	1683.070514252693	1	0	1	2.2719078177953884
37200.0	3000.0	1483.0705142526745	0.0	0	390.5156005115714	1683.070514252693	1	0	1	2.8801054799576353
38200.0	3000.0	1483.0705142526774	0.0	0	68.20434766531253	1683.0705142527004	1	0	1	3.2855705880657995
39200.0	3000.0	1483.0705142526763	0.0	0	91.87254735419992	1683.070514252693	1	0	1	3.2855705880658
40200.0	3000.0	1483.0705142526788	0.0	0	170.5913998745673	1683.070514252693	1	0	1	3.2855705880658
41200.0	3000.0	1483.0705142526717	0.0	0	67.93184556682536	1683.070514252693	1	0	1	3.2855705880658
42200.0	3000.0	1483.0705142526772	0.0	0	217.6737065195266	1683.070514252693	1	0	1	3.2855705880658
43332.94703867572	3000.0	1350.1234755769524	0.0	0	0.0	1683.070514252693	1	0	1	3.2855705880658
44514.09719520115	3000.0	1168.9733190515212	0.0	0	0.0	1683.070514252693	1	0	1	3.2855705880658
45663.313207645835	3000.0	1019.7573066068419	0.0	0	0.0	1683.070514252693	1	0	1	3.2855705880658
46306.83370259035	2000.0	1376.2368116623234	0.0	0	0.0	1683.0705142526858	1	0	1	2.271907817795389
48333.389730876894	3000.0	349.68078337577987	0.0	0	0.0	1683.070514252693	1	0	1	2.8801054799576353
48642.53296283338	500.0	1040.5375514192874	0.0	0	0.0	1683.070514252693	1	0	1	-1.1938280850043386
49752.42064752454	2000.0	930.6498667281334	0.0	0	0.0	1683.070514252693	1	0	1	1.2910785647836622
50200.0	1000.0	1483.0705142526742	0.0	0	16.64917946942296	1683.070514252693	1	0	1	0.9445049745036898
51200.0	3000.0	1483.0705142526713	0.0	0	106.61175468540023	1683.0705142526858	1	0	1	2.1869582993976904
52380.57078547342	3000.0	1302.499728779255	0.0	0	0.0	1683.070514252693	1	0	1	3.2855705880658
53200.0	2000.0	1483.0705142526758	0.0	0	301.46444611038896	1683.070514252693	1	0	1	2.2719078177953884
54200.0	3000.0	1483.0705142526733	0.0	0	363.7025987000743	1683.070514252693	1	0	1	2.8801054799576353
55200.0	3000.0	1483.070514252673	0.0	0	472.46682073975535	1683.070514252693	1	0	1	3.2855705880658
56690.341943632004	3000.0	992.7285706206656	0.0	0	0.0	1683.070514252693	1	0	1	3.2855705880658
57754.09505093865	2000.0	928.9754633140191	0.0	0	0.0	1683.070514252693	1	0	1	2.2719078177953884
58602.60816141531	2000.0	1080.462352837366	0.0	0	0.0	1683.0705142526858	1	0	1	2.6773729259035535
59532.28402491776	2000.0	1150.7864893349229	0.0	0	0.0	1683.0705142526858	1	0	1	2.6773729259035535
60624.07168074001	2000.0	1058.9988335126773	0.0	0	0.0	1683.0705142526858	1	0	1	2.6773729259035535
61200.0	1000.0	1483.0705142526897	0.0	0	57.98518806251377	1683.0705142526858	1	0	1	0.9445049745036906
62200.0	2000.0	1483.0705142526901	0.0	0	486.0679291776323	1683.0705142526858	1	0	1	1.984225745343608
64074.05369302417	3000.0	609.0168212285286	0.0	0	0.0	1683.0705142526858	1	0	1	2.8801054799576358
64669.06224067039	1000.0	1014.0082735823094	0.0	0	0.0	1683.0705142526785	1	0	1	0.5390398663955266
65276.69585191981	1000.0	1406.3746623328939	0.0	0	0.0	1683.0705142526858	1	0	1	1.6376521550636358
66200.0	1000.0	1483.0705142526836	0.0	0	352.5181521109189	1683.070514252664	1	0	1	1.6376521550636371
67200.0	1000.0	1483.070514252674	0.0	0	375.4122354263236	1683.0705142526494	1	0	1	1.6376521550636387
68200.0	2000.0	1483.0705142526692	0.0	0	71.28323839697987	1683.0705142526567	1	0	1	1.9842257453436112
69200.0	1000.0	1483.0705142526826	0.0	0	607.4211862560915	1683.0705142526567	1	0	1	0.9445049745036934
70200.0	2000.0	1483.070514252683	0.0	0	552.4217951033497	1683.0705142526422	1	0	1	1.9842257453436116
71200.0	2000.0	1483.070514252679	0.0	0	434.16674491018057	1683.0705142526422	1	0	1	2.677372925903558
72317.12280749189	3000.0	1365.9477067607868	0.0	0	0.0	1683.0705142526422	1	0	1	2.88010547995764
73223.79520564406	3000.0	1459.275308608631	0.0	0	0.0	1683.0705142526422	1	0	1	3.285570588065805
74200.0	3000.0	1483.0705142526874	0.0	0	112.82991510453576	1683.0705142526276	1	0	1	3.2855705880658066
75200.0	3000.0	1483.070514252687	0.0	0	161.88177550476394	1683.0705142526422	1	0	1	3.285570588065805
76200.0	3000.0	1483.0705142526804	0.0	0	66.29502843882074	1683.0705142526276	1	0	1	3.2855705880658066
77200.0	3000.0	1483.0705142526867	0.0	0	169.6822781543451	1683.0705142526422	1	0	1	3.285570588065805
78200.0	3000.0	1483.0705142526867	0.0	0	489.7189290489332	1683.0705142526567	1	0	1	3.285570588065804
79753.15141513481	3000.0	929.9190991178759	0.0	0	0.0	1683.0705142526713	1	0	1	3.285570588065802
80548.7784121652	2000.0	1134.2921020874774	0.0	0	0.0	1683.0705142526713	1	0	1	2.27190781779539
81473.24894178404	3000.0	1209.8215724686297	0.0	0	0.0	1683.0705142526713	1	0	1	2.8801054799576375
82452.78486395057	2000.0	1230.2856503021026	0.0	0	0.0	1683.0705142526567	1	0	1	2.271907817795392
83200.0	2000.0	1483.0705142526695	0.0	0	139.35653994927998	1683.0705142526567	1	0	1	2.6773729259035566
84200.0	3000.0	1483.0705142526622	0.0	0	210.96846826518595	1683.0705142526567	1	0	1	2.8801054799576393
85200.0	3000.0	1483.070514252654	0.0	0	591.508451288275	1683.0705142526567	1	0	1	3.285570588065804
86200.0	3000.0	1483.0705142526642	0.0	0	489.347965488967	1683.0705142526567	1	0	1	3.285570588065804
87200.0	3000.0	1483.0705142526713	0.0	0	578.2184950173396	1683.0705142526567	1	0	1	3.285570588065804
88200.0	3000.0	1483.07051425268	0.0	0	337.46399161737645	1683.0705142526713	1	0	1	3.285570588065802
89372.36231575173	6000.0	1310.7081985009615	0.0	0	0.0	1683.0705142526713	1	0	1	3.632144178345775
90305.62541478685	3000.0	1377.4450994658378	0.0	0	0.0	1683.0705142526713	1	0	1	2.592423407505857
91580.72471896565	3000.0	1102.3457952870292	0.0	0	0.0	1683.0705142526713	1	0	1	3.285570588065802
92433.37147597177	3000.0	1249.699038280922	0.0	0	0.0	1683.0705142526713	1	0	1	3.285570588065802
93346.3047395891	3000.0	1336.7657746635969	0.0	0	0.0	1683.0705142526858	1	0	1	3.2855705880658004
94360.78943505826	3000.0	1322.2810791944412	0.0	0	0.0	1683.0705142527004	1	0	1	3.2855705880657995
95418.08424641793	3000.0	1264.986267834773	0.0	0	0.0	1683.0705142527004	1	0	1	3.2855705880657995
96440.40638485708	3000.0	1242.6641293956275	0.0	0	0.0	1683.0705142527004	1	0	1	3.2855705880657995
97290.98225824728	3000.0	1392.08825600542	0.0	0	0.0	1683.0705142527004	1	0	1	3.2855705880657995
98200.0	3000.0	1483.0705142526842	0.0	0	212.8174342750135	1683.0705142526858	1	0	1	3.2855705880658004
99200.0	3000.0	1483.0705142527027	0.0	0	60.10031550747226	1683.0705142526858	1	0	1	3.2855705880658004
100200.0	3000.0	1483.0705142527138	0.0	0	226.05148599859967	1683.0705142526858	1	0	1	3.2855705880658004
101200.0	3000.0	1483.070514252723	0.0	0	254.5174423204444	1683.0705142526713	1	0	1	3.285570588065802
102200.0	3000.0	1483.070514252721	0.0	0	67.21193007497641	1683.0705142526713	1	0	1	3.285570588065802
103200.0	3000.0	1483.0705142527281	0.0	0	365.52920920585166	1683.0705142526713	1	0	1	3.285570588065802
104200.0	3000.0	1483.07051425273	0.0	0	276.0614731481037	1683.0705142526713	1	0	1	3.285570588065802
105200.0	3000.0	1483.0705142527245	0.0	0	407.4699913345394	1683.0705142526858	1	0	1	3.2855705880658004
106200.0	3000.0	1483.070514252736	0.0	0	84.80141594093584	1683.0705142527004	1	0	1	3.2855705880657995
107200.0	3000.0	1483.0705142527363	0.0	0	347.6233014943573	1683.0705142526858	1	0	1	3.2855705880658004
108200.0	3000.0	1483.0705142527363	0.0	0	327.1695921027567	1683.0705142526713	1	0	1	3.285570588065802
109201.89650713457	3000.0	1481.1740071181694	0.0	0	0.0	1683.0705142526713	1	0	1	3.285570588065802
110200.0	3000.0	1483.070514252753	0.0	0	191.46573834170704	1683.0705142526713	1	0	1	3.285570588065802
111200.0	3000.0	1483.0705142527502	0.0	0	326.76182125091145	1683.0705142526713	1	0	1	3.285570588065802
112327.55618769351	3000.0	1355.5143265592437	0.0	0	0.0	1683.0705142526713	1	0	1	3.285570588065802
113517.41608137068	3000.0	1165.6544328820582	0.0	0	0.0	1683.0705142526713	1	0	1	3.285570588065802
114381.4287903056	3000.0	1301.641723947153	0.0	0	0.0	1683.0705142526858	1	0	1	3.2855705880658004
115324.02936338275	3000.0	1359.0411508700067	0.0	0	0.0	1683.0705142526858	1	0	1	3.2855705880658004
116265.85499711017	3000.0	1417.2155171425861	0.0	0	0.0	1683.0705142526858	1	0	1	3.2855705880658004
117200.0	3000.0	1483.0705142527572	0.0	0	206.5663512191968	1683.0705142526858	1	0	1	3.2855705880658004
118381.05989314157	3000.0	1302.010621111178	0.0	0	0.0	1683.0705142526858	1	0	1	3.2855705880658004
119329.01827101568	3000.0	1354.0522432370915	0.0	0	0.0	1683.0705142527004	1	0	1	3.2855705880657995
120236.80997736692	3000.0	1446.2605368858424	0.0	0	0.0	1683.0705142527004	1	0	1	3.2855705880657995
121200.0	3000.0	1483.0705142527634	0.0	0	29.06581059684686	1683.070514252715	1	0	1	3.2855705880657977
122200.0	3000.0	1483.0705142527745	0.0	0	29.729523938309285	1683.0705142527295	1	0	1	3.285570588065796
123200.0	3000.0	1483.0705142527827	0.0	0	31.352362042554887	1683.0705142527295	1	0	1	3.285570588065796
124200.0	3000.0	1483.070514252777	0.0	0	126.33861450853874	1683.0705142527295	1	0	1	3.285570588065796
125200.0	3000.0	1483.0705142527702	0.0	0	288.51967806601897	1683.0705142527295	1	0	1	3.285570588065796
126224.9392997094	3000.0	1458.1312145433706	0.0	0	0.0	1683.0705142527295	1	0	1	3.285570588065796
127200.0	3000.0	1483.0705142527693	0.0	0	338.0078105254797	1683.0705142527295	1	0	1	3.285570588065796
128340.40983539163	3000.0	1342.6606788611339	0.0	0	0.0	1683.0705142527295	1	0	1	3.285570588065796
129756.97721659142	3000.0	926.0932976613354	0.0	0	0.0	1683.070514252715	1	0	1	3.2855705880657977
130416.73908579914	2000.0	1266.3314284536018	0.0	0	0.0	1683.070514252715	1	0	1	2.2719078177953858
131640.10686288768	3000.0	1042.9636513650607	0.0	0	0.0	1683.070514252715	1	0	1	2.8801054799576327
132277.09289732936	2000.0	1405.9776169233953	0.0	0	0.0	1683.0705142527295	1	0	1	2.2719078177953844
133200.0	3000.0	1483.0705142527531	0.0	0	212.27400370989926	1683.0705142527295	1	0	1	2.8801054799576313
134200.0	3000.0	1483.0705142527495	0.0	0	197.50400197290583	1683.0705142527295	1	0	1	3.285570588065796
135200.0	3000.0	1483.0705142527245	0.0	0	405.15172398727736	1683.0705142527295	1	0	1	3.285570588065796
136200.0	3000.0	1483.070514252712	0.0	0	494.24302785034524	1683.0705142527004	1	0	1	3.2855705880657995
137200.0	3000.0	1483.0705142526776	0.0	0	363.406150180992	1683.0705142526713	1	0	1	3.285570588065802
138200.0	3000.0	1483.0705142526683	0.0	0	347.79108347103465	1683.0705142526713	1	0	1	3.285570588065802
139382.65685094328	3000.0	1300.4136633093583	0.0	0	0.0	1683.0705142526422	1	0	1	3.285570588065805
140902.62457122307	3000.0	780.445943029556	0.0	0	0.0	1683.070514252613	1	0	1	3.2855705880658075
141859.22948432318	2000.0	823.8410299294625	0.0	0	0.0	1683.0705142526422	1	0	1	2.2719078177953933
142642.82158404827	2000.0	1040.2489302043678	0.0	0	0.0	1683.0705142526422	1	0	1	2.677372925903558
143392.90959316603	2000.0	1290.160921086591	0.0	0	0.0	1683.0705142526422	1	0	1	2.677372925903558
144322.05599346053	2000.0	1361.0145207920689	0.0	0	0.0	1683.0705142526422	1	0	1	2.677372925903558
145724.1289210451	3000.0	958.9415932074648	0.0	0	0.0	1683.0705142526422	1	0	1	2.88010547995764
146354.5972930585	2000.0	1328.473221194091	0.0	0	0.0	1683.070514252613	1	0	1	2.271907817795396
147200.0	2000.0	1483.0705142525862	0.0	0	157.98047966122977	1683.070514252584	1	0	1	2.6773729259035637
148200.0	3000.0	1483.0705142525724	0.0	0	123.19001661980292	1683.070514252613	1	0	1	2.880105479957643
149200.0	3000.0	1483.070514252585	0.0	0	232.11879576026695	1683.070514252613	1	0	1	3.2855705880658075
150200.0	3000.0	1483.0705142525958	0.0	0	564.6156594251515	1683.070514252613	1	0	1	3.2855705880658075
151200.0	3000.0	1483.0705142526112	0.0	0	117.2877214718319	1683.070514252613	1	0	1	3.2855705880658075
152655.5873458249	3000.0	1027.4831684277046	0.0	0	0.0	1683.070514252613	1	0	1	3.2855705880658075
153599.64948082535	3000.0	1083.4210334272575	0.0	0	0.0	1683.070514252613	1	0	1	3.2855705880658075
154472.93883219713	3000.0	1210.1316820554705	0.0	0	0.0	1683.070514252613	1	0	1	3.2855705880658075
155200.0	3000.0	1483.0705142525921	0.0	0	26.720251901715528	1683.070514252613	1	0	1	3.2855705880658075
156200.0	3000.0	1483.0705142525949	0.0	0	590.3983715849463	1683.070514252584	1	0	1	3.2855705880658084
157200.0	3000.0	1483.070514252598	0.0	0	18.69011695633526	1683.070514252613	1	0	1	3.2855705880658075
158217.8567126369	3000.0	1465.2138016156814	0.0	0	0.0	1683.070514252584	1	0	1	3.285570588065811
159412.67473509093	3000.0	1270.3957791616426	0.0	0	0.0	1683.0705142525549	1	0	1	3.2855705880658137
160451.57940620105	3000.0	1231.4911080514992	0.0	0	0.0	1683.0705142525549	1	0	1	3.2855705880658137
161204.05024689637	3000.0	1479.0202673561917	0.0	0	0.0	1683.070514252584	1	0	1	3.285570588065813
162200.0	3000.0	1483.070514252563	0.0	0	209.06868641782785	1683.070514252613	1	0	1	3.28557058806581
163644.5809243318	3000.0	1038.4895899207577	0.0	0	0.0	1683.070514252613	1	0	1	3.2855705880658075
164590.84649531238	2000.0	1092.2240189401718	0.0	0	0.0	1683.070514252613	1	0	1	2.271907817795396
165304.6736792704	2000.0	1378.3968349821291	0.0	0	0.0	1683.070514252613	1	0	1	2.6773729259035606
166200.0	3000.0	1483.070514252541	0.0	0	136.44774305733154	1683.0705142526422	1	0	1	2.88010547995764
167200.0	3000.0	1483.0705142525626	0.0	0	205.32119138285634	1683.0705142526422	1	0	1	3.285570588065805
169046.80264009605	3000.0	636.2678741565354	0.0	0	0.0	1683.0705142526422	1	0	1	3.285570588065805
169575.5658264907	1000.0	1107.5046877619197	0.0	0	0.0	1683.0705142526422	1	0	1	0.5390398663955304
170749.03805266158	2000.0	934.0324615910066	0.0	0	0.0	1683.070514252613	1	0	1	1.9842257453436154
171200.0	1000.0	1483.0705142525712	0.0	0	49.73220945635694	1683.070514252613	1	0	1	0.9445049745036979
172200.0	2000.0	1483.0705142526185	0.0	0	315.30545832851203	1683.070514252613	1	0	1	1.9842257453436154
173200.0	2000.0	1483.0705142526058	0.0	0	394.8725381225522	1683.070514252613	1	0	1	2.6773729259035606
174200.0	3000.0	1483.0705142525649	0.0	0	210.49971406030818	1683.070514252613	1	0	1	2.880105479957643
175200.0	3000.0	1483.0705142525617	0.0	0	243.715213775984	1683.0705142526422	1	0	1	3.285570588065805
176200.0	3000.0	1483.0705142525824	0.0	0	471.7868674326746	1683.0705142526713	1	0	1	3.285570588065802
177309.7547091485	3000.0	1373.3158051041028	0.0	0	0.0	1683.0705142526713	1	0	1	3.285570588065802
178873.48603912926	3000.0	809.584475123293	0.0	0	0.0	1683.0705142526713	1	0	1	3.285570588065802
179653.83593890083	2000.0	1029.2345753517204	0.0	0	0.0	1683.0705142526713	1	0	1	2.27190781779539
180496.6048219056	2000.0	1186.4656923469706	0.0	0	0.0	1683.0705142527004	1	0	1	2.677372925903552
181495.2971129685	2000.0	1187.773401284097	0.0	0	0.0	1683.0705142527004	1	0	1	2.677372925903552
182251.91803763702	2000.0	1431.1524766155608	0.0	0	0.0	1683.0705142527004	1	0	1	2.677372925903552
183200.0	2000.0	1483.0705142525549	0.0	0	218.76108970941277	1683.0705142527004	1	0	1	2.677372925903552
184200.0	3000.0	1483.0705142525771	0.0	0	310.14432405977277	1683.0705142527004	1	0	1	2.880105479957635
185200.0	2000.0	1483.0705142525899	0.0	0	588.7348671496147	1683.0705142527004	1	0	1	2.2719078177953875
186200.0	3000.0	1483.0705142526251	0.0	0	202.6011642156809	1683.0705142527295	1	0	1	2.8801054799576313
187215.6704231182	3000.0	1467.4000911344563	0.0	0	0.0	1683.0705142527586	1	0	1	3.285570588065795
188200.0	3000.0	1483.0705142526087	0.0	0	407.45590559227276	1683.0705142527295	1	0	1	3.2855705880657937
189200.0	3000.0	1483.0705142525928	0.0	0	103.54609956862987	1683.0705142527586	1	0	1	3.2855705880657955
190200.0	3000.0	1483.070514252611	0.0	0	425.7165820139635	1683.0705142527586	1	0	1	3.2855705880657933
191200.0	3000.0	1483.070514252612	0.0	0	422.5577284883184	1683.0705142527586	1	0	1	3.2855705880657933
192200.0	3000.0	1483.0705142526215	0.0	0	166.774627704639	1683.0705142527877	1	0	1	3.2855705880657906
193729.47033853907	3000.0	953.600175713548	0.0	0	0.0	1683.0705142527877	1	0	1	3.2855705880657906
194285.89741477283	2000.0	1397.1730994798015	0.0	0	0.0	1683.0705142527877	1	0	1	2.2719078177953786
195854.68303124863	3000.0	828.3874830040197	0.0	0	0.0	1683.0705142527877	1	0	1	2.880105479957626
196924.70675303662	2000.0	758.3637612160327	0.0	0	0.0	1683.0705142527586	1	0	1	2.2719078177953813
197295.7347150942	1000.0	1387.3357991584196	0.0	0	0.0	1683.0705142527295	1	0	1	0.9445049745036862
198200.0	2000.0	1483.0705142525926	0.0	0	152.19775403043604	1683.0705142527295	1	0	1	1.984225745343604
199547.18950140534	3000.0	1135.8810128472562	0.0	0	0.0	1683.0705142527004	1	0	1	2.880105479957635
200200.0	2000.0	1483.0705142525642	0.0	0	133.0577027075633	1683.0705142527004	1	0	1	2.2719078177953875
201279.71195531078	3000.0	1403.3585589417744	0.0	0	0.0	1683.0705142527004	1	0	1	2.880105479957635
202200.0	2000.0	1483.0705142525428	0.0	0	152.5282339284895	1683.0705142526713	1	0	1	2.27190781779539
203200.0	3000.0	1483.0705142525226	0.0	0	108.87020627965103	1683.0705142526713	1	0	1	2.8801054799576375
204200.0	3000.0	1483.070514252522	0.0	0	288.39188669461873	1683.070514252613	1	0	1	3.2855705880658053
205249.57085236494	3000.0	1433.4996618876016	0.0	0	0.0	1683.070514252613	1	0	1	3.2855705880658075
206946.8113781527	3000.0	736.259136099818	0.0	0	0.0	1683.070514252613	1	0	1	3.2855705880658075
207515.01812077095	1000.0	1168.0523934815465	0.0	0	0.0	1683.070514252613	1	0	1	0.5390398663955331
208263.76862302044	2000.0	1419.3018912320495	0.0	0	0.0	1683.0705142526422	1	0	1	1.9842257453436143
209837.20181063339	3000.0	845.8687036191022	0.0	0	0.0	1683.0705142526713	1	0	1	2.8801054799576375
210200.0	1000.0	1483.070514252481	0.0	0	48.24059428402688	1683.0705142526422	1	0	1	0.5390398663955304
211200.0	3000.0	1483.0705142524962	0.0	0	78.5258961195359	1683.0705142526422	1	0	1	2.186958299397695
213699.21995629856	3000.0	200.0	216.14944204606832	0	0.0	1899.219956298708	1	0	1	1.9829147195806174
213960.5384092194	300.0	912.5497017870773	0.0	0	0.0	1873.0881110066548	1	0	2	-2.8905087162457015
214691.12771054046	1000.0	1108.9014703339378	0.0	0	0.0	1800.0291808746115	1	0	2	0.22006525704265134
215219.60146772247	1000.0	1527.5803374337322	0.0	0	0.0	1747.1818051564333	1	0	2	1.4300032303159718
216200.0	1000.0	1449.1419519284973	0.0	0	328.6062212885299	1649.141951928701	1	0	2	1.4374133939048024
217200.0	1000.0	1449.1419519285062	0.0	0	565.9954444012255	1649.141951928672	1	0	1	1.441045011296037
218200.0	1000.0	1449.141951928515	0.0	0	686.8318758591777	1649.1419519286428	1	0	1	1.6410450112960402
219200.0	2000.0	1449.1419519285246	0.0	0	460.02957887758384	1649.141951928672	1	0	1	1.9876186015760098
220200.0	2000.0	1449.1419519285605	0.0	0	317.90780566690955	1649.1419519286428	1	0	1	2.680765782135955
221440.98450322435	3000.0	1208.15744870423	0.0	0	0.0	1649.141951928672	1	0	1	2.883498336190037
222200.0	2000.0	1449.1419519285682	0.0	0	196.6053063737054	1649.141951928701	1	0	1	2.2753006740277897
223200.0	3000.0	1449.141951928536	0.0	0	396.7612720976176	1649.141951928672	1	0	1	2.8834983361900353
224200.0	3000.0	1449.1419519285337	0.0	0	458.8423768256325	1649.141951928672	1	0	1	3.2889634442982016
225200.0	3000.0	1449.1419519285091	0.0	0	282.0895602822711	1649.141951928672	1	0	1	3.2889634442982016
226314.5185811475	3000.0	1334.6233707809988	0.0	0	0.0	1649.141951928672	1	0	1	3.2889634442982016
227200.0	3000.0	1449.1419519285516	0.0	0	184.3247916912078	1649.141951928701	1	0	1	3.288963444298201
228219.90344220324	3000.0	1429.2385097253057	0.0	0	10.575582487741485	1649.141951928701	1	0	1	3.288963444298199
229414.03573975767	3000.0	1235.1062121708646	0.0	0	0.0	1649.141951928701	1	0	1	3.288963444298199
230857.64836096586	3000.0	791.4935909626746	0.0	0	0.0	1649.141951928701	1	0	1	3.288963444298199
231432.126737727	2000.0	1217.0152142015454	0.0	0	0.0	1649.141951928701	1	0	1	2.2753006740277875
232200.0	3000.0	1449.1419519285516	0.0	0	82.45940376879298	1649.1419519287301	1	0	1	2.8834983361900335
233200.0	3000.0	1449.1419519285705	0.0	0	322.31796997235506	1649.1419519287592	1	0	1	3.2889634442981928
234200.0	3000.0	1449.1419519285787	0.0	0	318.0289594294154	1649.1419519287883	1	0	1	3.2889634442981923
235200.0	3000.0	1449.1419519285514	0.0	0	463.1019945690059	1649.1419519287883	1	0	1	3.288963444298188
236200.0	3000.0	1449.14195192857	0.0	0	615.7211913937645	1649.1419519288174	1	0	1	3.2889634442981874
237200.0	3000.0	1449.141951928578	0.0	0	557.8189959221636	1649.1419519288174	1	0	1	3.2889634442981874
239345.43551046622	6000.0	303.7064414623608	0.0	0	0.0	1649.1419519287883	1	0	1	3.635537034578163
239649.93631552023	1000.0	999.2056364083662	0.0	0	0.0	1649.1419519287883	1	0	1	-0.15071445793202953
240954.8782693746	3000.0	694.2636825539506	0.0	0	0.0	1649.1419519287592	1	0	1	2.190351155630083
241558.73390864045	2000.0	1090.4080432880992	0.0	0	0.0	1649.1419519287592	1	0	1	2.2753006740277812
242200.0	2000.0	1449.1419519285562	0.0	0	70.55409658787539	1649.1419519287883	1	0	1	2.680765782135943
243200.0	3000.0	1449.1419519285625	0.0	0	262.7647640776995	1649.1419519287883	1	0	1	2.8834983361900255
244200.0	3000.0	1449.1419519285687	0.0	0	234.6186703806452	1649.1419519287883	1	0	1	3.288963444298188
245627.20432158597	3000.0	1021.9376303426004	0.0	0	0.0	1649.1419519288174	1	0	1	3.288963444298188
246200.0	2000.0	1449.1419519285764	0.0	0	1.961387199058663	1649.1419519288174	1	0	1	2.275300674027776
247200.0	3000.0	1449.1419519285782	0.0	0	278.0173985339934	1649.1419519288174	1	0	1	2.883498336190023
248228.47862218236	3000.0	1420.6633297462365	0.0	0	0.0	1649.1419519288756	1	0	1	3.288963444298183
249200.0	3000.0	1449.1419519285964	0.0	0	174.62709268939216	1649.1419519288756	1	0	1	3.288963444298181
250200.0	3000.0	1449.1419519285887	0.0	0	338.90065574710025	1649.1419519288756	1	0	1	3.288963444298181
251200.0	3000.0	1449.1419519285744	0.0	0	265.54295874538366	1649.1419519288465	1	0	1	3.2889634442981848
252200.0	3000.0	1449.1419519285678	0.0	0	346.0833429498307	1649.1419519288465	1	0	1	3.2889634442981848
253200.0	3000.0	1449.1419519285596	0.0	0	468.9098296657903	1649.1419519288465	1	0	1	3.2889634442981848
254200.0	3000.0	1449.141951928569	0.0	0	264.94795140091446	1649.1419519288465	1	0	1	3.2889634442981848
255200.0	3000.0	1449.141951928562	0.0	0	274.1610211499501	1649.1419519288465	1	0	1	3.2889634442981848
256200.0	3000.0	1449.141951928549	0.0	0	64.9464083921921	1649.1419519288465	1	0	1	3.2889634442981848
257200.0	3000.0	1449.1419519285287	0.0	0	157.09110836332547	1649.1419519288465	1	0	1	3.2889634442981848
258200.0	3000.0	1449.1419519285218	0.0	0	387.6135362206842	1649.1419519288465	1	0	1	3.2889634442981848
259221.38009835687	3000.0	1427.7618535716242	0.0	0	0.0	1649.1419519288174	1	0	1	3.2889634442981857
260200.0	3000.0	1449.1419519285184	0.0	0	225.79420525665046	1649.1419519288465	1	0	1	3.2889634442981857
261200.0	3000.0	1449.141951928549	0.0	0	31.3298375934246	1649.1419519288756	1	0	1	3.288963444298181
262361.1719424383	3000.0	1287.9700094902755	0.0	0	0.0	1649.1419519289047	1	0	1	3.2889634442981808
263200.0	3000.0	1449.141951928611	0.0	0	83.10830345138675	1649.141951928963	1	0	1	3.288963444298176
264200.0	3000.0	1449.1419519285846	0.0	0	98.0281752786832	1649.141951928963	1	0	1	3.2889634442981732
265292.0300688647	3000.0	1357.111883063928	0.0	0	0.0	1649.1419519289047	1	0	1	3.2889634442981786
266200.0	3000.0	1449.1419519285737	0.0	0	115.60438181314385	1649.1419519289047	1	0	1	3.2889634442981786
267200.0	3000.0	1449.1419519285566	0.0	0	133.0805014531361	1649.1419519288465	1	0	1	3.28896344429818
268505.56752109167	3000.0	1143.57443083687	0.0	0	0.0	1649.1419519287883	1	0	1	3.28896344429819
269258.0576302404	3000.0	1391.0843216881822	0.0	0	0.0	1649.1419519288465	1	0	1	3.288963444298187
270200.0	3000.0	1449.141951928556	0.0	0	67.42773230746388	1649.1419519288465	1	0	1	3.2889634442981848
271253.84090112895	3000.0	1395.3010507995427	0.0	0	0.0	1649.1419519288465	1	0	1	3.2889634442981848
272200.0	3000.0	1449.1419519284384	0.0	0	5.084129788039718	1649.1419519288465	1	0	1	3.2889634442981848
273239.3579875708	3000.0	1409.7839643576292	0.0	0	0.0	1649.1419519289047	1	0	1	3.2889634442981786
274200.0	3000.0	1449.1419519284093	0.0	0	36.27939503476955	1649.1419519289047	1	0	1	3.2889634442981786
275200.0	3000.0	1449.1419519284166	0.0	0	128.69834863988217	1649.141951928963	1	0	1	3.2889634442981732
276200.0	3000.0	1449.1419519284198	0.0	0	396.85232202743646	1649.1419519290212	1	0	1	3.288963444298167
277200.0	3000.0	1449.141951928427	0.0	0	114.23889337043511	1649.1419519290212	1	0	1	3.2889634442981626
278200.0	3000.0	1449.1419519284452	0.0	0	2.2306936762761325	1649.1419519290212	1	0	1	3.288963444298167
279333.16336701013	3000.0	1315.9785849183286	0.0	0	0.0	1649.1419519290794	1	0	1	3.2889634442981612
280546.0757613819	3000.0	1103.0661905465927	0.0	0	0.0	1649.1419519290212	1	0	1	3.288963444298166
281200.0	2000.0	1449.1419519284577	0.0	0	139.4706204768736	1649.1419519290212	1	0	1	2.275300674027755
282317.8272282768	3000.0	1331.3147236516095	0.0	0	0.0	1649.1419519290794	1	0	1	2.883498336189999
283200.0	3000.0	1449.1419519284937	0.0	0	239.09816838701954	1649.1419519290794	1	0	1	3.2889634442981612
284200.0	3000.0	1449.1419519285187	0.0	0	457.0731224573683	1649.1419519291376	1	0	1	3.2889634442981555
285200.0	3000.0	1449.1419519285334	0.0	0	336.66394055384444	1649.1419519291376	1	0	1	3.2889634442981555
286200.0	3000.0	1449.1419519285178	0.0	0	473.7665106864297	1649.1419519291376	1	0	1	3.2889634442981555
287200.0	3000.0	1449.1419519286223	0.0	0	357.9961733244709	1649.1419519291376	1	0	1	3.2889634442981555
288233.22003503743	3000.0	1415.9219168911982	0.0	0	0.0	1649.1419519290794	1	0	1	3.2889634442981612
289540.41548877035	3000.0	1108.7264631582727	0.0	0	0.0	1649.1419519290794	1	0	1	3.2889634442981612
291028.9841396008	3000.0	620.1578123277704	0.0	0	0.0	1649.1419519290794	1	0	1	3.2889634442981612
291420.7995967623	1000.0	1228.3423551663043	0.0	0	0.0	1649.1419519290794	1	0	1	0.5424327226278867
292256.528830234	2000.0	1392.613121694559	0.0	0	0.0	1649.1419519290794	1	0	1	1.9876186015759691
293200.0	2000.0	1449.1419519285384	0.0	0	116.05894366191933	1649.1419519290794	1	0	1	2.6807657821359143
294200.0	2000.0	1449.141951928505	0.0	0	115.4368162486353	1649.1419519290794	1	0	1	2.6807657821359143
295200.0	2000.0	1449.1419519285184	0.0	0	69.25115935923532	1649.1419519291376	1	0	1	2.680765782135908
296200.0	2000.0	1449.141951928502	0.0	0	278.9878766924958	1649.1419519291376	1	0	1	2.680765782135908
297200.0	3000.0	1449.1419519285093	0.0	0	287.71390058938414	1649.1419519291376	1	0	1	2.883498336189991
298200.0	3000.0	1449.1419519285141	0.0	0	472.07314853870776	1649.1419519290794	1	0	1	3.2889634442981563
299200.0	3000.0	1449.1419519284768	0.0	0	411.465278700809	1649.1419519290212	1	0	1	3.2889634442981626
300200.0	3000.0	1449.1419519284716	0.0	0	422.94341159414034	1649.1419519290794	1	0	1	3.2889634442981657
301560.9750356848	3000.0	1088.1669162436474	0.0	0	0.0	1649.1419519290212	1	0	1	3.288963444298166
302695.6710040552	3000.0	953.4709478732891	0.0	0	0.0	1649.1419519290212	1	0	1	3.288963444298167
303383.7808029037	3000.0	1265.3611490247504	0.0	0	0.0	1649.1419519290794	1	0	1	3.2889634442981612
304200.0	3000.0	1449.1419519284639	0.0	0	270.0123133031302	1649.1419519290794	1	0	1	3.2889634442981612
6.17	2.32	2.86	2.87	3.01	3.8	4.29	3.07	2.39	2.81	3.37	3.43	2.46	1.84	1.47	2.59	2.87	3.22	4.03	5.35	5.39	2.03	2.28	1.41	2.58	2.48	2.99	2.21	3.23	4.43	4.9	4.05	4.27	3.13	4.11	5.07	3.0	1.92	2.98	3.6	1.8	1.89	2.26	2.57	3.54	3.75	3.03	4.29	5.5	2.54	1.32	2.31	2.44	1.58	2.61	3.32	2.02	1.03	1.36	1.76	1.92	1.75	2.7	3.95	4.22	3.01	3.46	4.4	4.87	3.45	3.35	4.47	3.37	1.54	3.49	2.25	3.41	4.46	5.76	6.9	8.38	5.28	4.87	2.98	3.37	2.51	3.0	3.49	3.94	2.5	3.09	4.33	3.5	3.87	3.86	3.17	4.33	5.5	5.61	3.88	4.66	3.24	3.71	3.9	4.03	3.48	2.49	3.08	4.17	3.28	3.86	3.56	2.5	3.32	4.12	3.7	3.1	3.23	3.52	3.78	4.41	3.7	2.37	2.72	2.98	3.29	3.43	4.12	5.14	4.95	4.62	4.3	2.8	2.86	2.14	2.4	3.06	3.15	2.42	2.43	3.72	4.66	4.45	5.83	4.36	2.63	2.73	3.53	4.83	6.21	6.17	2.32	2.86	2.87	3.01	3.8	4.29	3.07	2.39	2.81	3.37	3.43	2.46	1.84	1.47	2.59	2.87	3.22	4.03	5.35	5.39	2.03	2.28	1.41	2.58	2.48	2.99	2.21	3.23	4.43	4.9	4.05	4.27	3.13	4.11	5.07	3.0	1.92	2.98	3.6	1.8	1.89	2.26	2.57	3.54	3.75	3.03	4.29	5.5	2.54	1.32	2.31	2.44	1.58	2.61	3.32	2.02	1.03	1.36	1.76	1.92	1.75	2.7	3.95	4.22	3.01	3.46	4.4	4.87	3.45	3.35	4.47	3.37	1.54	3.49	2.25	3.41	4.46	5.76	6.9	8.38	5.28	4.87	2.98	3.37	2.51	3.0	3.49	3.94	2.5	3.09	4.33	3.5	3.87	3.86	3.17	4.33	5.5	5.61	3.88	4.66	3.24	3.71	3.9	4.03	3.48	2.49	3.08	4.17	3.28	3.86	3.56	2.5	3.32	4.12	3.7	3.1	3.23	3.52	3.78	4.41	3.7	2.37	2.72	2.98	3.29	3.43	4.12	5.14	4.95	4.62	4.3	2.8	2.86	2.14	2.4	3.06	3.15	2.42	2.43	3.72	4.66	4.45	5.83	4.36	2.63	2.73	3.53	4.83	6.21	6.17	2.32	2.86	2.87	3.01	3.8
1.0	2.0	3.0	4.0	5.0	6.0	7.0	8.0	9.0	10.0	11.0	12.0	13.0	14.0	15.0	16.0	17.0	18.0	19.0	20.0	21.0	22.0	23.0	24.0	25.0	26.0	27.0	28.0	29.0	30.0	31.0	32.0	33.0	34.0	35.0	36.0	37.0	38.0	39.0	40.0	41.0	42.0	43.0	44.0	45.0	46.0	47.0	48.0	49.0	50.0	51.0	52.0	53.0	54.0	55.0	56.0	57.0	58.0	59.0	60.0	61.0	62.0	63.0	64.0	65.0	66.0	67.0	68.0	69.0	70.0	71.0	72.0	73.0	74.0	75.0	76.0	77.0	78.0	79.0	80.0	81.0	82.0	83.0	84.0	85.0	86.0	87.0	88.0	89.0	90.0	91.0	92.0	93.0	94.0	95.0	96.0	97.0	98.0	99.0	100.0	101.0	102.0	103.0	104.0	105.0	106.0	107.0	108.0	109.0	110.0	111.0	112.0	113.0	114.0	115.0	116.0	117.0	118.0	119.0	120.0	121.0	122.0	123.0	124.0	125.0	126.0	127.0	128.0	129.0	130.0	131.0	132.0	133.0	134.0	135.0	136.0	137.0	138.0	139.0	140.0	141.0	142.0	143.0	144.0	145.0	146.0	147.0	148.0	149.0	149.0	150.0	151.0	152.0	153.0	154.0	155.0	156.0	157.0	158.0	159.0	160.0	161.0	162.0	163.0	164.0	165.0	166.0	167.0	168.0	169.0	170.0	171.0	172.0	173.0	174.0	175.0	176.0	177.0	178.0	179.0	180.0	181.0	182.0	183.0	184.0	185.0	186.0	187.0	188.0	189.0	190.0	191.0	192.0	193.0	194.0	195.0	196.0	197.0	198.0	199.0	200.0	201.0	202.0	203.0	204.0	205.0	206.0	207.0	208.0	209.0	210.0	211.0	212.0	213.0	214.0	215.0	216.0	217.0	218.0	219.0	220.0	221.0	222.0	223.0	224.0	225.0	226.0	227.0	228.0	229.0	230.0	231.0	232.0	233.0	234.0	235.0	236.0	237.0	238.0	239.0	240.0	241.0	242.0	243.0	244.0	245.0	246.0	247.0	248.0	249.0	250.0	251.0	252.0	253.0	254.0	255.0	256.0	257.0	258.0	259.0	260.0	261.0	262.0	263.0	264.0	265.0	266.0	267.0	268.0	269.0	270.0	271.0	272.0	273.0	274.0	275.0	276.0	277.0	278.0	279.0	280.0	281.0	282.0	283.0	284.0	285.0	286.0	287.0	288.0	289.0	290.0	291.0	292.0	293.0	294.0	295.0	296.0	297.0	298.0	298.0	299.0	300.0	301.0	302.0	303.0	304.0
2208.7934340511233
