3490.5384050997654	300.0	2000.0	303.9183999549135	0	0.0	3490.5384050997654	1	0	1	-2.165489606079435
5200.0	1000.0	1190.5000000000005	0.0	0	173.17654952509747	1390.5	1	0	2	0.05966772619482469
6200.0	500.0	1190.500000000001	0.0	0	553.487483456488	1390.5	1	0	1	-0.2659587449109594
7200.0	500.0	1190.5000000000011	0.0	0	449.18142423810514	1390.5	1	0	1	0.6271884356489863
8200.0	500.0	1190.5000000000002	0.0	0	547.4048139327933	1390.5	1	0	1	0.6271884356489863
9200.0	1000.0	1190.5000000000007	0.0	0	552.5547357989599	1390.5	1	0	1	0.973762025928959
10200.0	1000.0	1190.4999999999995	0.0	0	207.0584056705211	1390.5	1	0	1	1.6669092064889044
11200.0	1000.0	1190.4999999999993	0.0	0	453.6175688023013	1390.4999999999982	1	0	1	1.6669092064889046
12200.0	1000.0	1190.4999999999986	0.0	0	417.26418727426426	1390.4999999999982	1	0	1	1.6669092064889046
13200.0	1000.0	1190.5000000000002	0.0	0	273.3004316494571	1390.4999999999982	1	0	1	1.6669092064889046
14200.0	1000.0	1190.499999999999	0.0	0	32.716029944916954	1390.4999999999982	1	0	1	1.6669092064889046
15200.0	1000.0	1190.4999999999982	0.0	0	277.1097799280469	1390.4999999999982	1	0	1	1.6669092064889046
16343.828823169233	1000.0	1046.6711768307637	0.0	0	0.0	1390.4999999999982	1	0	1	1.6669092064889046
17551.497138487262	1000.0	839.0028615127324	0.0	0	0.0	1390.4999999999964	1	0	1	1.6669092064889046
18200.0	500.0	1190.4999999999961	0.0	0	85.23619840079482	1390.4999999999964	1	0	1	-0.06595874491095888
19200.0	500.0	1190.4999999999961	0.0	0	366.4587031530464	1390.5	1	0	1	0.6271884356489863
20200.0	500.0	1190.4999999999966	0.0	0	409.3054537919561	1390.5	1	0	1	0.6271884356489863
21200.0	500.0	1190.4999999999986	0.0	0	533.7608155757116	1390.5	1	0	1	0.6271884356489863
22200.0	500.0	1190.5000000000018	0.0	0	680.4791025889099	1390.5000000000036	1	0	1	0.6271884356489859
23200.0	500.0	1190.5000000000018	0.0	0	557.6612943470245	1390.5000000000036	1	0	1	0.6271884356489859
24200.0	1000.0	1190.4999999999952	0.0	0	377.15696248741733	1390.5	1	0	1	0.973762025928959
25200.0	1000.0	1190.499999999993	0.0	0	502.82588694317747	1390.4999999999964	1	0	1	1.6669092064889046
26200.0	1000.0	1190.4999999999932	0.0	0	520.5115866658962	1390.4999999999964	1	0	1	1.6669092064889046
27200.0	1000.0	1190.4999999999925	0.0	0	556.8100705069555	1390.4999999999927	1	0	1	1.666909206488905
28200.0	1000.0	1190.4999999999895	0.0	0	624.3800926467957	1390.4999999999927	1	0	1	1.666909206488905
29200.0	2000.0	1190.4999999999893	0.0	0	99.34273640104948	1390.499999999989	1	0	1	2.013482796768878
30245.877390758094	2000.0	1144.6226092418933	0.0	0	0.0	1390.499999999989	1	0	1	2.706629977328823
31462.205902210793	2000.0	928.2940977891933	0.0	0	0.0	1390.499999999989	1	0	1	2.706629977328823
32200.0	1000.0	1190.4999999999898	0.0	0	30.680444105615607	1390.4999999999927	1	0	1	0.9737620259289601
33200.0	1000.0	1190.4999999999843	0.0	0	227.6218646092093	1390.4999999999927	1	0	1	1.666909206488905
34200.0	1000.0	1190.4999999999834	0.0	0	263.4084032152823	1390.5	1	0	1	1.6669092064889046
35200.0	1000.0	1190.4999999999843	0.0	0	178.96868801968958	1390.5	1	0	1	1.6669092064889044
36200.0	1000.0	1190.499999999988	0.0	0	472.3332403541426	1390.5	1	0	1	1.6669092064889044
37200.0	1000.0	1190.4999999999811	0.0	0	465.9014669707976	1390.5	1	0	1	1.6669092064889044
38200.0	1000.0	1190.499999999977	0.0	0	464.7010249314844	1390.5	1	0	1	1.6669092064889044
39200.0	1000.0	1190.4999999999836	0.0	0	237.04313294275926	1390.5	1	0	1	1.6669092064889044
40200.0	1000.0	1190.4999999999843	0.0	0	250.9686192764566	1390.5	1	0	1	1.6669092064889044
41200.0	1000.0	1190.4999999999875	0.0	0	250.7579973488464	1390.5	1	0	1	1.6669092064889044
42200.0	1000.0	1190.4999999999914	0.0	0	281.5191246439281	1390.4999999999927	1	0	1	1.666909206488905
43200.0	1000.0	1190.499999999984	0.0	0	220.70816894715972	1390.4999999999927	1	0	1	1.666909206488905
44200.0	1000.0	1190.499999999987	0.0	0	164.33655214672763	1390.4999999999927	1	0	1	1.666909206488905
45291.34769045946	1000.0	1099.152309540531	0.0	0	0.0	1390.5	1	0	1	1.6669092064889044
46200.0	1000.0	1190.499999999998	0.0	0	364.8524895232549	1390.5	1	0	1	1.6669092064889044
47200.0	1000.0	1190.4999999999957	0.0	0	343.71005154614977	1390.5	1	0	1	1.6669092064889044
48200.0	1000.0	1190.4999999999939	0.0	0	295.98014193036215	1390.5	1	0	1	1.6669092064889044
49200.0	1000.0	1190.499999999994	0.0	0	228.18789662165364	1390.5	1	0	1	1.6669092064889044
50304.40316507994	1000.0	1086.0968349200652	0.0	0	0.0	1390.5000000000073	1	0	1	1.6669092064889035
51235.73934620678	1000.0	1154.7606537932331	0.0	0	0.0	1390.5000000000146	1	0	1	1.6669092064889028
52331.02921908932	1000.0	1059.4707809106837	0.0	0	0.0	1390.5000000000073	1	0	1	1.6669092064889035
53200.0	500.0	1190.5000000000139	0.0	0	369.0674683348989	1390.5000000000073	1	0	1	-0.06595874491095993
54200.0	500.0	1190.5000000000177	0.0	0	364.4568698802832	1390.5000000000073	1	0	1	0.6271884356489855
55200.0	500.0	1190.5000000000243	0.0	0	302.61755102350435	1390.5000000000073	1	0	1	0.6271884356489855
56200.0	500.0	1190.5000000000223	0.0	0	353.9130987097742	1390.5000000000146	1	0	1	0.6271884356489847
57200.0	500.0	1190.5000000000239	0.0	0	387.8522548809415	1390.5000000000146	1	0	1	0.6271884356489847
58200.0	500.0	1190.5000000000284	0.0	0	471.38694360832596	1390.5000000000146	1	0	1	0.6271884356489847
59200.0	500.0	1190.5000000000286	0.0	0	450.0202875116811	1390.5000000000218	1	0	1	0.6271884356489841
60200.0	500.0	1190.5000000000307	0.0	0	570.2948256761956	1390.500000000029	1	0	1	0.6271884356489833
61200.0	500.0	1190.5000000000332	0.0	0	633.4175668534372	1390.500000000029	1	0	1	0.6271884356489833
62200.0	500.0	1190.5000000000261	0.0	0	370.7329528849805	1390.500000000029	1	0	1	0.6271884356489833
63200.0	500.0	1190.5000000000239	0.0	0	679.0549163673859	1390.500000000029	1	0	1	0.6271884356489833
64226.06078233966	1000.0	1164.4392176603624	0.0	0	0.0	1390.500000000029	1	0	1	0.9737620259289559
65200.0	1000.0	1190.5000000000196	0.0	0	250.15629883443034	1390.500000000029	1	0	1	1.6669092064889013
66200.0	1000.0	1190.5000000000273	0.0	0	222.13062928651925	1390.5000000000364	1	0	1	1.666909206488901
67200.0	1000.0	1190.5000000000086	0.0	0	250.76796130595903	1390.500000000029	1	0	1	1.6669092064889015
68200.0	1000.0	1190.5000000000161	0.0	0	435.5816700993455	1390.500000000029	1	0	1	1.6669092064889013
69200.0	1000.0	1190.5000000000334	0.0	0	481.4617921085155	1390.5000000000437	1	0	1	1.6669092064889004
70260.9427165524	1000.0	1129.5572834476316	0.0	0	0.0	1390.5000000000582	1	0	1	1.6669092064888984
71200.0	1000.0	1190.5000000000284	0.0	0	174.8558400546899	1390.5000000000728	1	0	1	1.666909206488897
72200.0	1000.0	1190.5000000000239	0.0	0	219.5044085388654	1390.5000000000582	1	0	1	1.6669092064888984
73200.0	1000.0	1190.5000000000261	0.0	0	244.73844944889424	1390.5000000000582	1	0	1	1.6669092064888984
74200.0	1000.0	1190.5000000000327	0.0	0	218.57036711538967	1390.5000000000582	1	0	1	1.6669092064888984
75200.0	1000.0	1190.5000000000348	0.0	0	365.2639839537442	1390.5000000000437	1	0	1	1.6669092064889
76200.0	1000.0	1190.5000000000448	0.0	0	448.6759963578079	1390.5000000000437	1	0	1	1.6669092064889
77200.0	1000.0	1190.5000000000339	0.0	0	343.26260806879145	1390.5000000000437	1	0	1	1.6669092064889
78200.0	1000.0	1190.500000000022	0.0	0	261.72257013664057	1390.500000000029	1	0	1	1.6669092064889013
79200.0	1000.0	1190.500000000032	0.0	0	490.88329025686835	1390.500000000029	1	0	1	1.6669092064889013
80200.0	1000.0	1190.5000000000439	0.0	0	473.99690116207057	1390.500000000029	1	0	1	1.6669092064889013
81200.0	1000.0	1190.500000000043	0.0	0	523.0795887887798	1390.500000000029	1	0	1	1.6669092064889013
82200.0	1000.0	1190.5000000000296	0.0	0	493.8977638504293	1390.500000000029	1	0	1	1.6669092064889013
83200.0	1000.0	1190.5000000000384	0.0	0	316.5179286145867	1390.500000000029	1	0	1	1.6669092064889013
84200.0	1000.0	1190.5000000000307	0.0	0	201.27769540032023	1390.500000000029	1	0	1	1.6669092064889013
85200.0	1000.0	1190.5000000000402	0.0	0	217.19921387187787	1390.500000000029	1	0	1	1.6669092064889013
86200.0	1000.0	1190.5000000000261	0.0	0	292.32488085703517	1390.500000000029	1	0	1	1.6669092064889013
87312.62050393349	1000.0	1077.8794960665223	0.0	0	0.0	1390.500000000029	1	0	1	1.6669092064889013
88200.0	1000.0	1190.5000000000298	0.0	0	307.0379837920045	1390.500000000029	1	0	1	1.6669092064889013
89200.0	1000.0	1190.5000000000277	0.0	0	480.24872310519277	1390.500000000029	1	0	1	1.6669092064889013
90200.0	1000.0	1190.5000000000314	0.0	0	387.5373076713586	1390.500000000029	1	0	1	1.6669092064889013
91260.99987933504	1000.0	1129.5001206649808	0.0	0	0.0	1390.500000000029	1	0	1	1.6669092064889013
92371.57991261987	1000.0	1018.9200873801516	0.0	0	0.0	1390.500000000029	1	0	1	1.6669092064889013
93200.0	1000.0	1190.5000000000286	0.0	0	12.658507744592498	1390.5000000000146	1	0	1	1.6669092064889028
94200.0	1000.0	1190.5000000000343	0.0	0	282.1629309937998	1390.5000000000146	1	0	1	1.6669092064889028
95200.0	1000.0	1190.5000000000264	0.0	0	543.2119806200208	1390.5000000000146	1	0	1	1.6669092064889028
96200.0	1000.0	1190.500000000026	0.0	0	282.0815269518207	1390.500000000029	1	0	1	1.6669092064889013
97200.0	1000.0	1190.5000000000196	0.0	0	211.97295407723868	1390.5000000000146	1	0	1	1.6669092064889028
98810.07716486134	1000.0	580.4228351386932	0.0	0	0.0	1390.5000000000146	1	0	1	1.6669092064889028
99285.15157574136	500.0	1105.3484242586833	0.0	0	0.0	1390.5000000000146	1	0	1	-0.06595874491096071
100200.0	1000.0	1190.500000000044	0.0	0	389.9639058516477	1390.5000000000146	1	0	1	0.9737620259289576
101200.0	1000.0	1190.50000000004	0.0	0	497.1699695355928	1390.5000000000146	1	0	1	1.6669092064889028
102200.0	1000.0	1190.5000000000364	0.0	0	236.38203576674277	1390.5000000000146	1	0	1	1.6669092064889028
103200.0	1000.0	1190.5000000000339	0.0	0	259.13382701236696	1390.5000000000146	1	0	1	1.6669092064889028
104200.0	1000.0	1190.5000000000377	0.0	0	103.33939063258003	1390.500000000029	1	0	1	1.6669092064889013
105200.0	1000.0	1190.5000000000396	0.0	0	319.9758303939452	1390.500000000029	1	0	1	1.6669092064889013
106200.0	1000.0	1190.500000000045	0.0	0	356.5415248236677	1390.500000000029	1	0	1	1.6669092064889013
107200.0	1000.0	1190.5000000000455	0.0	0	486.0193709398154	1390.500000000029	1	0	1	1.6669092064889013
108200.0	1000.0	1190.5000000000482	0.0	0	289.98449839415844	1390.5000000000437	1	0	1	1.6669092064889
109200.0	1000.0	1190.5000000000523	0.0	0	114.46777822556032	1390.500000000029	1	0	1	1.6669092064889013
110200.0	1000.0	1190.5000000000398	0.0	0	268.24055612218217	1390.5000000000146	1	0	1	1.6669092064889028
111263.92471090889	1000.0	1126.5752890911567	0.0	0	0.0	1390.5000000000146	1	0	1	1.6669092064889028
112200.0	1000.0	1190.5000000000443	0.0	0	158.82715275719238	1390.5000000000146	1	0	1	1.6669092064889028
113200.0	1000.0	1190.5000000000364	0.0	0	274.27485944493674	1390.5	1	0	1	1.6669092064889044
114200.0	1000.0	1190.5000000000325	0.0	0	48.70442905364325	1390.5	1	0	1	1.6669092064889044
115714.546470825	1000.0	675.9535291750382	0.0	0	0.0	1390.5	1	0	1	1.6669092064889044
116200.0	500.0	1190.5000000000334	0.0	0	37.04478956027015	1390.5	1	0	1	-0.06595874491095921
117200.0	500.0	1190.5000000000377	0.0	0	532.7859139440989	1390.5	1	0	1	0.6271884356489863
118200.0	500.0	1190.50000000001	0.0	0	435.53186150417605	1390.5	1	0	1	0.6271884356489863
119200.0	500.0	1190.4999999999898	0.0	0	367.5220180270262	1390.5	1	0	1	0.6271884356489863
120200.0	500.0	1190.4999999999754	0.0	0	498.1710575621546	1390.5	1	0	1	0.6271884356489863
121200.0	500.0	1190.499999999975	0.0	0	658.0656722265849	1390.5	1	0	1	0.6271884356489863
122200.0	1000.0	1190.4999999999864	0.0	0	247.4578893075377	1390.5	1	0	1	0.973762025928959
123200.0	1000.0	1190.5000000000061	0.0	0	160.40438105013163	1390.5000000000146	1	0	1	1.6669092064889028
124200.0	1000.0	1190.5000000000043	0.0	0	70.61757869082794	1390.500000000029	1	0	1	1.6669092064889013
125361.46888119176	1000.0	1029.0311188082378	0.0	0	0.0	1390.500000000029	1	0	1	1.6669092064889013
126200.0	1000.0	1190.4999999999995	0.0	0	163.51570174688823	1390.500000000029	1	0	1	1.6669092064889013
127200.0	1000.0	1190.5000000000095	0.0	0	456.7591547011689	1390.5000000000146	1	0	1	1.6669092064889028
128532.92104283789	1000.0	857.5789571621207	0.0	0	0.0	1390.5	1	0	1	1.6669092064889044
129200.0	500.0	1190.5000000000014	0.0	0	112.00072756323789	1390.5	1	0	1	-0.06595874491095921
130200.0	1000.0	1190.5000000000032	0.0	0	501.65390470538114	1390.4999999999854	1	0	1	0.9737620259289603
131200.0	1000.0	1190.4999999999893	0.0	0	460.42699405418534	1390.4999999999563	1	0	1	1.6669092064889075
132200.0	1000.0	1190.4999999999704	0.0	0	425.32280307629844	1390.4999999999418	1	0	1	1.666909206488909
133200.0	1000.0	1190.4999999999754	0.0	0	409.9578485194652	1390.4999999999418	1	0	1	1.6669092064889102
134200.0	1000.0	1190.5000000000055	0.0	0	214.73335173662053	1390.4999999999127	1	0	1	1.666909206488913
135200.0	1000.0	1190.4999999999816	0.0	0	386.69142134365393	1390.4999999999127	1	0	1	1.666909206488913
136347.83331306043	1000.0	1042.666686939559	0.0	0	0.0	1390.4999999999418	1	0	1	1.6669092064889102
137477.44934286483	1000.0	913.050657135161	0.0	0	0.0	1390.4999999999418	1	0	1	1.6669092064889102
138200.0	1000.0	1190.499999999975	0.0	0	180.29497546266066	1390.4999999999418	1	0	1	1.6669092064889102
139200.0	1000.0	1190.4999999999893	0.0	0	422.1496441758936	1390.4999999999418	1	0	1	1.6669092064889102
140200.0	1000.0	1190.499999999993	0.0	0	363.2939502384979	1390.499999999971	1	0	1	1.666909206488907
141200.0	1000.0	1190.499999999965	0.0	0	378.37038017070154	1390.499999999971	1	0	1	1.666909206488907
142200.0	1000.0	1190.499999999977	0.0	0	251.11051190071157	1390.4999999999418	1	0	1	1.6669092064889102
143200.0	1000.0	1190.4999999999363	0.0	0	150.66879442543723	1390.4999999999418	1	0	1	1.6669092064889102
144200.0	1000.0	1190.4999999999104	0.0	0	596.4550432173419	1390.4999999999418	1	0	1	1.6669092064889102
145200.0	1000.0	1190.4999999998945	0.0	0	635.7986289631517	1390.4999999999418	1	0	1	1.6669092064889102
146200.0	1000.0	1190.4999999998963	0.0	0	122.12094552209601	1390.4999999999418	1	0	1	1.6669092064889102
147200.0	1000.0	1190.499999999892	0.0	0	132.86138872316224	1390.4999999999418	1	0	1	1.6669092064889102
148200.0	1000.0	1190.4999999998984	0.0	0	319.9530382254743	1390.499999999971	1	0	1	1.666909206488907
149200.0	1000.0	1190.4999999998988	0.0	0	544.9929934153915	1390.499999999971	1	0	1	1.666909206488907
150200.0	1000.0	1190.4999999998877	0.0	0	103.09541016977164	1390.499999999971	1	0	1	1.666909206488907
151271.45345217618	1000.0	1119.0465478237224	0.0	0	0.0	1390.499999999971	1	0	1	1.666909206488907
152200.0	1000.0	1190.499999999903	0.0	0	489.8553480299306	1390.499999999971	1	0	1	1.666909206488907
153208.83884465822	1000.0	1181.6611553416674	0.0	0	0.0	1390.499999999971	1	0	1	1.666909206488907
154466.57143524263	1000.0	923.928564757234	0.0	0	0.0	1390.499999999971	1	0	1	1.666909206488907
155832.5947232262	1000.0	557.9052767736763	0.0	0	0.0	1390.4999999999418	1	0	1	1.666909206488909
156200.0	500.0	1190.499999999908	0.0	0	1.65611003342201	1390.4999999999418	1	0	1	-0.06595874491095344
157200.0	1000.0	1190.4999999999052	0.0	0	256.3772278795368	1390.499999999971	1	0	1	0.9737620259289617
158200.0	1000.0	1190.4999999998863	0.0	0	361.7160883322067	1390.499999999971	1	0	1	1.666909206488907
159269.42385525294	1000.0	1121.0761447469695	0.0	0	0.0	1390.5	1	0	1	1.6669092064889044
160200.0	1000.0	1190.4999999999181	0.0	0	152.20778104267083	1390.5	1	0	1	1.6669092064889044
161200.0	1000.0	1190.4999999999375	0.0	0	237.38572707457934	1390.5	1	0	1	1.6669092064889044
162200.0	1000.0	1190.4999999999502	0.0	0	209.18330141337356	1390.5	1	0	1	1.6669092064889044
163200.0	1000.0	1190.4999999999175	0.0	0	148.81705195474206	1390.499999999971	1	0	1	1.666909206488907
164200.0	1000.0	1190.4999999999152	0.0	0	471.8952704981202	1390.4999999999418	1	0	1	1.6669092064889102
165200.0	1000.0	1190.4999999998915	0.0	0	82.52118983870605	1390.4999999999418	1	0	1	1.6669092064889102
166450.06182237246	1000.0	940.4381776274615	0.0	0	0.0	1390.499999999971	1	0	1	1.666909206488907
167200.0	500.0	1190.4999999999047	0.0	0	93.35980614600703	1390.499999999971	1	0	1	-0.06595874491095627
168200.0	500.0	1190.4999999999134	0.0	0	537.6806083553529	1390.499999999971	1	0	1	0.6271884356489892
169200.0	500.0	1190.4999999998993	0.0	0	345.1878527159861	1390.499999999971	1	0	1	0.6271884356489892
170200.0	500.0	1190.499999999896	0.0	0	368.54385194464703	1390.499999999971	1	0	1	0.6271884356489892
171200.0	500.0	1190.4999999998956	0.0	0	453.3927886565507	1390.499999999971	1	0	1	0.6271884356489892
172200.0	500.0	1190.4999999999063	0.0	0	525.7415712526126	1390.500000000029	1	0	1	0.6271884356489839
173200.0	1000.0	1190.4999999998831	0.0	0	519.6766024515964	1390.5	1	0	1	0.973762025928959
174200.0	1000.0	1190.499999999877	0.0	0	390.4105882771546	1390.500000000029	1	0	1	1.6669092064889013
175200.0	1000.0	1190.4999999998367	0.0	0	572.0657805757073	1390.5	1	0	1	1.6669092064889044
176200.0	1000.0	1190.4999999998427	0.0	0	486.8651893590577	1390.5	1	0	1	1.6669092064889044
177200.0	1000.0	1190.4999999998404	0.0	0	532.3293462545844	1390.5	1	0	1	1.6669092064889044
178200.0	2000.0	1190.499999999837	0.0	0	186.1230039295042	1390.5	1	0	1	2.013482796768877
179200.0	2000.0	1190.499999999858	0.0	0	103.83224359879387	1390.5	1	0	1	2.7066299773288223
180654.6219619743	2000.0	735.8780380255789	0.0	0	0.0	1390.5	1	0	1	2.7066299773288223
181527.88431812247	1000.0	862.6156818774347	0.0	0	0.0	1390.5	1	0	1	0.9737620259289592
182411.02363736447	1000.0	979.476362635423	0.0	0	0.0	1390.5	1	0	1	1.6669092064889044
183200.0	1000.0	1190.4999999998986	0.0	0	24.866323806607397	1390.5	1	0	1	1.6669092064889044
184200.0	1000.0	1190.4999999998774	0.0	0	479.3590986384952	1390.5	1	0	1	1.6669092064889044
185200.0	1000.0	1190.4999999999125	0.0	0	149.94951299534296	1390.500000000029	1	0	1	1.6669092064889013
186200.0	1000.0	1190.4999999999395	0.0	0	360.9153189576464	1390.5	1	0	1	1.6669092064889044
187200.0	1000.0	1190.499999999915	0.0	0	423.31986818058067	1390.5	1	0	1	1.6669092064889044
188200.0	1000.0	1190.4999999998977	0.0	0	395.18831868557027	1390.500000000029	1	0	1	1.6669092064889013
189200.0	1000.0	1190.4999999998468	0.0	0	170.3967647915124	1390.500000000029	1	0	1	1.6669092064889013
190200.0	1000.0	1190.4999999998354	0.0	0	315.90120920722256	1390.500000000029	1	0	1	1.6669092064889013
191200.0	1000.0	1190.4999999998327	0.0	0	136.27976497320924	1390.500000000029	1	0	1	1.6669092064889013
192200.0	1000.0	1190.499999999839	0.0	0	323.404738496989	1390.500000000029	1	0	1	1.6669092064889013
193200.0	1000.0	1190.4999999998286	0.0	0	348.8047988891776	1390.5000000000582	1	0	1	1.6669092064888984
194200.0	1000.0	1190.4999999998008	0.0	0	278.4530033240444	1390.5000000000582	1	0	1	1.6669092064888984
195200.0	1000.0	1190.4999999998022	0.0	0	294.0585456688714	1390.5000000000582	1	0	1	1.6669092064888984
196200.0	1000.0	1190.4999999998488	0.0	0	532.9331312958675	1390.5000000000873	1	0	1	1.6669092064888955
197285.733855612	1000.0	1104.7661443878499	0.0	0	0.0	1390.5000000000582	1	0	1	1.6669092064888984
198330.13759622924	1000.0	1060.3624037705852	0.0	0	0.0	1390.500000000029	1	0	1	1.6669092064889013
199413.8988379748	1000.0	976.6011620250447	0.0	0	0.0	1390.500000000029	1	0	1	1.6669092064889013
200375.10845376598	1000.0	1015.3915462338898	0.0	0	0.0	1390.500000000029	1	0	1	1.6669092064889013
201868.48499996815	1000.0	522.0150000317362	0.0	0	0.0	1390.500000000029	1	0	1	1.6669092064889013
202284.23201257116	300.0	1106.267987428697	0.0	0	0.0	1390.500000000029	1	0	1	-1.343022804325939
203200.0	500.0	1190.499999999815	0.0	0	270.848625397688	1390.500000000029	1	0	1	0.11636281188299255
204200.0	500.0	1190.4999999998274	0.0	0	361.63907189155	1390.500000000029	1	0	1	0.6271884356489833
205200.0	500.0	1190.4999999998265	0.0	0	416.86384096808615	1390.500000000029	1	0	1	0.6271884356489833
206200.0	500.0	1190.4999999998424	0.0	0	600.9495872578409	1390.500000000029	1	0	1	0.6271884356489833
207200.0	500.0	1190.49999999985	0.0	0	485.14827455053455	1390.5000000000582	1	0	1	0.6271884356489804
208200.0	500.0	1190.4999999998454	0.0	0	271.54595542128664	1390.5000000000582	1	0	1	0.6271884356489804
209200.0	500.0	1190.4999999998715	0.0	0	546.0930536754604	1390.5000000000582	1	0	1	0.6271884356489804
210200.0	500.0	1190.4999999998436	0.0	0	522.9315648273914	1390.5000000000582	1	0	1	0.6271884356489804
211200.0	500.0	1190.499999999799	0.0	0	379.48274083586875	1390.5000000000582	1	0	1	0.6271884356489804
212200.0	500.0	1190.4999999998145	0.0	0	612.5503808146168	1390.5000000000582	1	0	1	0.6271884356489804
213200.0	1000.0	1190.4999999997897	0.0	0	203.7304267285799	1390.5000000000582	1	0	1	0.9737620259289531
214215.3665162212	1000.0	1175.1334837786158	0.0	0	0.0	1390.5000000000582	1	0	1	1.6669092064888984
215200.0	1000.0	1190.4999999997867	0.0	0	251.79601365767303	1390.5000000000582	1	0	1	1.6669092064888984
216200.0	1000.0	1190.4999999998038	0.0	0	366.05403752432903	1390.5000000000873	1	0	1	1.6669092064888955
217200.0	1000.0	1190.4999999997913	0.0	0	493.7772235648008	1390.5000000000873	1	0	1	1.6669092064888955
218200.0	1000.0	1190.4999999997883	0.0	0	522.4071691427671	1390.5000000000582	1	0	1	1.6669092064888984
219200.0	1000.0	1190.4999999997783	0.0	0	110.89650900027482	1390.5000000000582	1	0	1	1.6669092064888984
220200.0	1000.0	1190.4999999998079	0.0	0	298.51948768706643	1390.5000000000582	1	0	1	1.6669092064888984
221200.0	1000.0	1190.4999999997976	0.0	0	450.2896855433355	1390.500000000029	1	0	1	1.6669092064889013
222200.0	1000.0	1190.4999999998329	0.0	0	546.5678986855783	1390.5000000000582	1	0	1	1.6669092064888988
223200.0	1000.0	1190.4999999998074	0.0	0	370.97076569581986	1390.5000000000873	1	0	1	1.6669092064888955
224200.0	1000.0	1190.4999999998065	0.0	0	381.89374897727976	1390.5000000000873	1	0	1	1.6669092064888955
225200.0	1000.0	1190.4999999997917	0.0	0	37.834982487082016	1390.5000000001164	1	0	1	1.6669092064888926
226200.0	1000.0	1190.4999999997676	0.0	0	125.05119895213284	1390.5000000001455	1	0	1	1.6669092064888895
227200.0	1000.0	1190.4999999997724	0.0	0	369.2065588829573	1390.5000000001455	1	0	1	1.6669092064888895
228200.0	1000.0	1190.4999999997542	0.0	0	536.0396690414054	1390.5000000001455	1	0	1	1.6669092064888895
229200.0	1000.0	1190.4999999997558	0.0	0	508.0113935827103	1390.5000000001746	1	0	1	1.6669092064888869
230200.0	1000.0	1190.499999999767	0.0	0	516.3028479073255	1390.5000000001746	1	0	1	1.6669092064888869
231200.0	1000.0	1190.4999999997683	0.0	0	365.9190908333985	1390.5000000001746	1	0	1	1.6669092064888869
232200.0	1000.0	1190.4999999997872	0.0	0	258.44731476632296	1390.5000000002037	1	0	1	1.6669092064888842
233200.0	1000.0	1190.4999999997813	0.0	0	227.67886017356068	1390.5000000002037	1	0	1	1.6669092064888842
234200.0	1000.0	1190.4999999998024	0.0	0	411.51891271970817	1390.5000000002037	1	0	1	1.6669092064888842
235200.0	1000.0	1190.4999999997874	0.0	0	90.32699433155358	1390.5000000001746	1	0	1	1.6669092064888869
236252.85590268893	1000.0	1137.64409731088	0.0	0	0.0	1390.5000000001746	1	0	1	1.6669092064888869
237200.0	1000.0	1190.4999999997808	0.0	0	204.39415373592055	1390.5000000002037	1	0	1	1.6669092064888842
238200.0	1000.0	1190.4999999997704	0.0	0	152.06335608745576	1390.5000000001746	1	0	1	1.6669092064888869
239200.0	1000.0	1190.499999999787	0.0	0	158.1969204909983	1390.5000000001455	1	0	1	1.6669092064888895
240200.0	1000.0	1190.499999999791	0.0	0	372.24486767692724	1390.5000000001164	1	0	1	1.6669092064888926
241200.0	1000.0	1190.4999999997726	0.0	0	240.24684708408313	1390.5000000000873	1	0	1	1.6669092064888955
242237.53388287284	1000.0	1152.9661171269097	0.0	0	0.0	1390.5000000000582	1	0	1	1.6669092064888984
243200.0	1000.0	1190.4999999997858	0.0	0	207.83018700941466	1390.5000000000873	1	0	1	1.6669092064888955
244200.0	1000.0	1190.4999999997451	0.0	0	334.32235363830114	1390.5000000000582	1	0	1	1.6669092064888984
245200.0	1000.0	1190.4999999997285	0.0	0	512.4960077689611	1390.5000000000582	1	0	1	1.6669092064888984
246200.0	1000.0	1190.4999999997353	0.0	0	54.601901412097504	1390.5000000000582	1	0	1	1.6669092064888984
247760.73764290792	1000.0	629.7623570918124	0.0	0	0.0	1390.5000000000582	1	0	1	1.6669092064888984
248239.28591835647	500.0	1151.2140816432636	0.0	0	0.0	1390.5000000000582	1	0	1	-0.0659587449109651
249200.0	1000.0	1190.4999999997387	0.0	0	301.0646943412721	1390.500000000029	1	0	1	0.9737620259289559
250200.0	1000.0	1190.499999999739	0.0	0	424.2172762590926	1390.5000000000582	1	0	1	1.6669092064888984
251200.0	1000.0	1190.499999999716	0.0	0	315.6132686920464	1390.500000000029	1	0	1	1.6669092064889006
252200.0	1000.0	1190.499999999675	0.0	0	480.5561966330861	1390.500000000029	1	0	1	1.6669092064889013
253200.0	1000.0	1190.499999999704	0.0	0	452.8182769645646	1390.5000000000582	1	0	1	1.6669092064888984
254200.0	1000.0	1190.4999999997096	0.0	0	154.75434480747208	1390.500000000029	1	0	1	1.6669092064889013
255200.0	1000.0	1190.4999999997053	0.0	0	362.9105158580642	1390.5	1	0	1	1.6669092064889044
256200.0	1000.0	1190.4999999996912	0.0	0	163.94506083946908	1390.5	1	0	1	1.6669092064889044
257200.0	1000.0	1190.499999999687	0.0	0	224.63851723566768	1390.499999999971	1	0	1	1.666909206488907
258200.0	1000.0	1190.4999999996924	0.0	0	106.22785594218294	1390.499999999971	1	0	1	1.666909206488907
259318.05204278574	1000.0	1072.4479572139844	0.0	0	0.0	1390.499999999971	1	0	1	1.666909206488907
260200.0	1000.0	1190.4999999997385	0.0	0	163.1420393040171	1390.499999999971	1	0	1	1.666909206488907
261200.0	1000.0	1190.499999999741	0.0	0	423.879648168775	1390.5	1	0	1	1.6669092064889044
262200.0	1000.0	1190.4999999997376	0.0	0	260.44894403612125	1390.5	1	0	1	1.6669092064889044
263339.61290526384	1000.0	1050.8870947358555	0.0	0	0.0	1390.4999999999418	1	0	1	1.6669092064889088
264312.6563103073	1000.0	1077.8436896922963	0.0	0	0.0	1390.4999999999418	1	0	1	1.6669092064889102
265200.0	500.0	1190.4999999996319	0.0	0	214.48110346496105	1390.4999999999418	1	0	1	-0.06595874491095344
266200.0	500.0	1190.4999999996244	0.0	0	517.2719305501669	1390.4999999999418	1	0	1	0.6271884356489921
267200.0	500.0	1190.4999999996865	0.0	0	373.07720303122187	1390.4999999999418	1	0	1	0.6271884356489921
268200.0	500.0	1190.4999999996642	0.0	0	422.27383561746683	1390.4999999999418	1	0	1	0.6271884356489921
269200.0	500.0	1190.4999999996837	0.0	0	476.59705534006935	1390.4999999998836	1	0	1	0.6271884356489978
270200.0	500.0	1190.4999999996849	0.0	0	625.3147101416835	1390.4999999999418	1	0	1	0.6271884356489921
271200.0	1000.0	1190.4999999996865	0.0	0	480.8846711428487	1390.4999999999418	1	0	1	0.9737620259289648
272200.0	1000.0	1190.499999999724	0.0	0	63.605432502168696	1390.4999999999418	1	0	1	1.6669092064889102
273200.0	1000.0	1190.4999999996987	0.0	0	54.952509176917374	1390.4999999999418	1	0	1	1.6669092064889102
274200.0	1000.0	1190.4999999997299	0.0	0	4.467186429130379	1390.4999999999418	1	0	1	1.6669092064889102
275200.0	1000.0	1190.4999999998074	0.0	0	227.15053894603625	1390.5	1	0	1	1.6669092064889044
276200.0	1000.0	1190.4999999998468	0.0	0	188.41534078476252	1390.5000000000582	1	0	1	1.6669092064888984
277536.0684998227	1000.0	854.4315001771304	0.0	0	0.0	1390.5000000001164	1	0	1	1.6669092064888973
278200.0	500.0	1190.4999999998258	0.0	0	121.81854697462404	1390.5000000001164	1	0	1	-0.06595874491097087
279200.0	1000.0	1190.4999999998124	0.0	0	238.74449468095554	1390.5000000001164	1	0	1	0.9737620259289472
280200.0	1000.0	1190.4999999997708	0.0	0	246.51567306224024	1390.5000000001164	1	0	1	1.6669092064888926
281200.0	1000.0	1190.4999999997997	0.0	0	478.0566665227525	1390.5000000001164	1	0	1	1.6669092064888926
282200.0	1000.0	1190.499999999795	0.0	0	224.9259530872805	1390.5000000001164	1	0	1	1.6669092064888926
283200.0	1000.0	1190.4999999997622	0.0	0	490.3731080929283	1390.5000000000582	1	0	1	1.6669092064888984
284200.0	1000.0	1190.4999999997592	0.0	0	45.83335730090039	1390.5	1	0	1	1.6669092064889044
285428.1091357598	1000.0	962.3908642400061	0.0	0	0.0	1390.5000000000582	1	0	1	1.6669092064888984
286200.0	1000.0	1190.4999999998586	0.0	0	81.50081678928109	1390.5000000001164	1	0	1	1.6669092064888926
287200.0	1000.0	1190.499999999813	0.0	0	293.39847151213326	1390.5000000001164	1	0	1	1.6669092064888926
288200.0	1000.0	1190.4999999998054	0.0	0	474.8826645427034	1390.5000000001164	1	0	1	1.6669092064888926
289200.0	1000.0	1190.4999999997842	0.0	0	499.7272360645584	1390.5000000001164	1	0	1	1.6669092064888926
290232.813672311	1000.0	1157.686327688788	0.0	0	0.0	1390.5000000000582	1	0	1	1.6669092064888984
291200.0	1000.0	1190.4999999998463	0.0	0	120.19626193877775	1390.5000000001164	1	0	1	1.6669092064888926
292200.0	1000.0	1190.4999999997933	0.0	0	241.5198774713208	1390.5000000001164	1	0	1	1.6669092064888926
293200.0	1000.0	1190.4999999997654	0.0	0	587.6901473076432	1390.5000000001746	1	0	1	1.6669092064888869
294200.0	1000.0	1190.4999999997683	0.0	0	541.0947617580532	1390.5000000001164	1	0	1	1.6669092064888926
295200.0	1000.0	1190.499999999768	0.0	0	258.95973187021445	1390.5000000001164	1	0	1	1.6669092064888926
296200.0	1000.0	1190.4999999997092	0.0	0	414.81314265797846	1390.5000000001164	1	0	1	1.6669092064888926
297200.0	1000.0	1190.499999999753	0.0	0	444.56919416144956	1390.5000000001746	1	0	1	1.6669092064888869
298200.0	1000.0	1190.499999999736	0.0	0	486.37421879090834	1390.5000000001746	1	0	1	1.6669092064888869
299200.0	1000.0	1190.4999999997149	0.0	0	470.07723925757455	1390.5000000001746	1	0	1	1.6669092064888869
300200.0	1000.0	1190.499999999676	0.0	0	155.0160199929378	1390.5000000001746	1	0	1	1.6669092064888869
301200.0	1000.0	1190.4999999997342	0.0	0	296.8100679446943	1390.5000000002328	1	0	1	1.666909206488881
302200.0	1000.0	1190.4999999997435	0.0	0	10.467605109442957	1390.5000000002328	1	0	1	1.666909206488881
0.88	1.09	0.73	1.22	1.99	2.12	1.04	1.95	0.88	1.55	1.33	2.05	0.87	0.7	0.8	1.01	0.65	1.42	1.22	1.49	2.14	2.31	2.15	2.19	2.91	1.82	2.18	1.77	1.25	1.46	1.83	1.55	1.66	1.87	1.49	1.29	1.24	1.37	1.53	1.17	1.22	1.3	2.15	1.46	1.1	1.17	1.03	1.42	0.8	0.88	0.67	0.67	1.23	1.02	0.85	0.98	1.25	0.85	1.23	1.36	1.08	1.27	1.63	1.98	2.15	1.88	1.14	1.62	1.81	1.62	1.54	1.64	1.42	1.1	1.33	2.34	2.2	2.05	1.69	1.15	1.7	1.6	1.29	1.07	1.69	1.3	1.55	1.11	1.16	1.37	1.69	2.19	1.71	1.03	0.52	1.0	1.8	2.51	1.32	1.93	1.38	1.32	2.2	1.19	1.18	1.1	1.12	1.36	1.47	0.93	1.04	0.75	1.0	1.14	0.81	0.93	1.58	1.85	1.38	1.05	1.25	1.1	1.44	1.34	0.94	1.26	1.95	1.62	1.53	1.81	1.47	1.22	1.08	1.16	1.81	2.24	1.67	1.09	1.19	1.63	2.55	2.44	1.26	1.44	2.04	1.76	1.17	1.26	2.22	0.95	0.88	1.09	0.73	1.22	1.99	2.12	1.04	1.95	0.88	1.55	1.33	2.05	0.87	0.7	0.8	1.01	0.65	1.42	1.22	1.49	2.14	2.31	2.15	2.19	2.91	1.82	2.18	1.77	1.25	1.46	1.83	1.55	1.66	1.87	1.49	1.29	1.24	1.37	1.53	1.17	1.22	1.3	2.15	1.46	1.1	1.17	1.03	1.42	0.8	0.88	0.67	0.67	1.23	1.02	0.85	0.98	1.25	0.85	1.23	1.36	1.08	1.27	1.63	1.98	2.15	1.88	1.14	1.62	1.81	1.62	1.54	1.64	1.42	1.1	1.33	2.34	2.2	2.05	1.69	1.15	1.7	1.6	1.29	1.07	1.69	1.3	1.55	1.11	1.16	1.37	1.69	2.19	1.71	1.03	0.52	1.0	1.8	2.51	1.32	1.93	1.38	1.32	2.2	1.19	1.18	1.1	1.12	1.36	1.47	0.93	1.04	0.75	1.0	1.14	0.81	0.93	1.58	1.85	1.38	1.05	1.25	1.1	1.44	1.34	0.94	1.26	1.95	1.62	1.53	1.81	1.47	1.22	1.08	1.16	1.81	2.24	1.67	1.09	1.19	1.63	2.55	2.44	1.26	1.44	2.04	1.76	1.17	1.26	2.22	0.95	0.88	1.09	0.73
1.0	2.0	3.0	4.0	5.0	6.0	7.0	8.0	9.0	10.0	11.0	12.0	13.0	14.0	15.0	16.0	17.0	18.0	19.0	20.0	21.0	22.0	23.0	24.0	25.0	26.0	27.0	28.0	29.0	30.0	31.0	32.0	33.0	34.0	35.0	36.0	37.0	38.0	39.0	40.0	41.0	42.0	43.0	44.0	45.0	46.0	47.0	48.0	49.0	50.0	51.0	52.0	53.0	54.0	55.0	56.0	57.0	58.0	59.0	60.0	61.0	62.0	63.0	64.0	65.0	66.0	67.0	68.0	69.0	70.0	71.0	72.0	73.0	74.0	75.0	76.0	77.0	78.0	79.0	80.0	81.0	82.0	83.0	84.0	85.0	86.0	87.0	88.0	89.0	90.0	91.0	92.0	93.0	94.0	95.0	96.0	97.0	98.0	99.0	100.0	101.0	102.0	103.0	104.0	105.0	106.0	107.0	108.0	109.0	110.0	111.0	112.0	113.0	114.0	115.0	116.0	117.0	118.0	119.0	120.0	121.0	122.0	123.0	124.0	125.0	126.0	127.0	128.0	129.0	130.0	131.0	132.0	133.0	134.0	135.0	136.0	137.0	138.0	139.0	140.0	141.0	142.0	143.0	144.0	145.0	146.0	147.0	148.0	149.0	149.0	150.0	151.0	152.0	153.0	154.0	155.0	156.0	157.0	158.0	159.0	160.0	161.0	162.0	163.0	164.0	165.0	166.0	167.0	168.0	169.0	170.0	171.0	172.0	173.0	174.0	175.0	176.0	177.0	178.0	179.0	180.0	181.0	182.0	183.0	184.0	185.0	186.0	187.0	188.0	189.0	190.0	191.0	192.0	193.0	194.0	195.0	196.0	197.0	198.0	199.0	200.0	201.0	202.0	203.0	204.0	205.0	206.0	207.0	208.0	209.0	210.0	211.0	212.0	213.0	214.0	215.0	216.0	217.0	218.0	219.0	220.0	221.0	222.0	223.0	224.0	225.0	226.0	227.0	228.0	229.0	230.0	231.0	232.0	233.0	234.0	235.0	236.0	237.0	238.0	239.0	240.0	241.0	242.0	243.0	244.0	245.0	246.0	247.0	248.0	249.0	250.0	251.0	252.0	253.0	254.0	255.0	256.0	257.0	258.0	259.0	260.0	261.0	262.0	263.0	264.0	265.0	266.0	267.0	268.0	269.0	270.0	271.0	272.0	273.0	274.0	275.0	276.0	277.0	278.0	279.0	280.0	281.0	282.0	283.0	284.0	285.0	286.0	287.0	288.0	289.0	290.0	291.0	292.0	293.0	294.0	295.0	296.0	297.0	298.0	298.0	299.0	300.0	301.0
2748.5277743628935
