2505.610133787996	300.0	2000.0	157.54335853588117	0	0.0	2505.610133787996	1	0	1	-1.192324039473489
5200.0	2000.0	411.88528965699453	187.53208150635783	0	30.438186206076352	611.8852896569942	1	0	2	-0.6407103507961577
6200.0	500.0	2511.8852896569942	0.0	0	617.7835911876482	2711.885289656994	1	0	0	-1.2872517376953232
9361.624337592868	3000.0	311.6169694316413	70.47131920618341	0	0.0	673.2413070245093	1	0	2	0.5687487868808168
10200.0	500.0	2557.0788732652245	0.0	0	610.6071888266215	2757.0788732652245	1	0	0	-1.6973966857447707
15039.60725575912	3000.0	200.0	1605.8991891543699	0	0.0	2239.6072557591197	1	0	2	-8.761373421593017
16200.0	300.0	2.052837560323468	56.775306873021755	0	844.3837621083076	202.0528375603244	1	0	2	-2.867442217988209
17200.0	300.0	2102.052837560324	0.0	0	746.6709736457942	2302.05283756033	1	0	0	-0.626205283756033
20588.727326262535	2000.0	272.01789851881824	634.1501089520744	0	0.0	860.7452247813635	1	0	2	-3.5455729710208708
21200.0	300.0	2721.8724921550975	0.0	0	286.9703637784405	2921.872492155111	1	0	0	-2.586485431568025
24557.13025817083	2000.0	294.75945269502944	59.75476775259027	0	0.0	851.8897108658712	1	0	2	-0.09827291717458675
25200.0	300.0	2716.1766850487757	0.0	0	464.9187485186776	2916.176685048791	1	0	0	-2.58541514883978
28456.005987416756	2000.0	334.5700988903472	0.0	0	0.0	790.5760863071228	1	0	2	0.26596377386242975
29200.0	300.0	2664.9754875654285	0.0	0	525.0597815523543	2864.975487565447	1	0	0	-2.579966961409143
32680.512853324388	3000.0	260.35328820637017	203.58358117979014	0	0.0	940.8661415307761	1	0	2	-0.7676054562898402
33200.0	300.0	2792.8148561983166	0.0	0	363.42939064014354	2992.8148561983326	1	0	0	-2.999006368370708
36200.0	3000.0	692.8148561983156	0.0	0	4.361660374954226	892.8148561983326	1	0	2	0.45946236474085145
37200.0	1000.0	2792.8148561983176	0.0	0	706.3173723303698	2992.8148561983326	1	0	0	0.01206543220096118
41594.3758898835	6000.0	200.0	946.3623842486688	0	0.0	1794.3758898835003	1	0	2	-3.713164479782273
41886.44380884598	500.0	878.7252891412795	0.0	0	0.0	1765.1690979872583	1	0	2	-2.0958158566428877
42919.784842854424	2000.0	742.0501517319908	0.0	0	0.0	1661.8349945864102	1	0	2	1.0903964368153107
43408.85050575524	1000.0	1252.9844888311793	0.0	0	0.0	1661.8349945864102	1	0	1	0.7466285264703179
44244.06584118916	2000.0	1417.7691533972543	0.0	0	0.0	1661.8349945864102	1	0	1	1.9863492973102361
45200.0	2000.0	1461.8349945864197	0.0	0	451.6921741389451	1661.834994586403	1	0	1	2.6794964778701815
46200.0	2000.0	1461.8349945864247	0.0	0	79.006402144827	1661.8349945864102	1	0	1	2.679496477870182
47200.0	2000.0	1461.834994586425	0.0	0	310.77465590911015	1661.8349945864102	1	0	1	2.679496477870181
48200.0	2000.0	1461.8349945864334	0.0	0	283.65580063761445	1661.8349945864175	1	0	1	2.67949647787018
50129.00525001796	3000.0	532.8297445684705	0.0	0	0.0	1661.8349945864175	1	0	1	2.8822290319242625
50722.18128266752	1000.0	939.6537119189089	0.0	0	0.0	1661.8349945864247	1	0	1	0.541163418362152
51338.55704139924	1000.0	1323.2779531871959	0.0	0	0.0	1661.8349945864247	1	0	1	1.6397757070302619
52374.290106218046	2000.0	1287.5448883683935	0.0	0	0.0	1661.8349945864247	1	0	1	1.9863492973102344
53200.0	2000.0	1461.8349945864372	0.0	0	43.86854620395752	1661.8349945864247	1	0	1	2.6794964778701797
54200.0	2000.0	1461.8349945864397	0.0	0	447.50385699518665	1661.8349945864247	1	0	1	2.6794964778701797
55200.0	2000.0	1461.8349945864427	0.0	0	414.85904728696914	1661.8349945864247	1	0	1	2.6794964778701797
56200.0	2000.0	1461.834994586437	0.0	0	176.53829894027876	1661.8349945864247	1	0	1	2.6794964778701797
57415.985126950996	3000.0	1245.8498676354363	0.0	0	0.0	1661.8349945864247	1	0	1	2.882229031924262
58720.68107511767	2000.0	941.1539194687643	0.0	0	0.0	1661.8349945864247	1	0	1	2.274031369762015
59412.82318941128	1000.0	1249.0118051751472	0.0	0	0.0	1661.8349945864247	1	0	1	0.9466285264703167
60200.0	1000.0	1461.8349945864295	0.0	0	238.29875388735672	1661.8349945864247	1	0	1	1.6397757070302619
61200.0	1000.0	1461.834994586423	0.0	0	676.5930636608973	1661.8349945864247	1	0	1	1.6397757070302619
62200.0	1000.0	1461.834994586424	0.0	0	603.5311504480051	1661.834994586432	1	0	1	1.639775707030261
63200.0	1000.0	1461.8349945864304	0.0	0	339.8856692571426	1661.834994586432	1	0	1	1.639775707030261
64200.0	2000.0	1461.8349945864222	0.0	0	291.4125318557926	1661.8349945864393	1	0	1	1.9863492973102328
65200.0	2000.0	1461.8349945864138	0.0	0	306.2693820783752	1661.8349945864393	1	0	1	2.679496477870178
66945.50396780873	3000.0	716.3310267776876	0.0	0	0.0	1661.8349945864466	1	0	1	2.88222903192426
67521.51253642535	1000.0	1140.3224581610639	0.0	0	0.0	1661.8349945864466	1	0	1	0.5411634183621498
68866.83267205454	2000.0	795.0023225318721	0.0	0	0.0	1661.834994586432	1	0	1	1.986349297310234
70024.67152494474	1000.0	637.1634696416745	0.0	0	0.0	1661.8349945864175	1	0	1	0.9466285264703175
70418.32593402443	500.0	1243.509060561979	0.0	0	0.0	1661.8349945864175	1	0	1	-0.09309224436960101
71200.0	1000.0	1461.834994586393	0.0	0	227.88482119998662	1661.8349945864175	1	0	1	0.9466285264703173
72200.0	1000.0	1461.8349945863872	0.0	0	507.6234937353147	1661.8349945864175	1	0	1	1.6397757070302625
73200.0	1000.0	1461.8349945863933	0.0	0	625.0384465564857	1661.8349945864175	1	0	1	1.6397757070302625
74200.0	2000.0	1461.8349945863993	0.0	0	141.96566771157086	1661.834994586432	1	0	1	1.986349297310234
75200.0	2000.0	1461.8349945863933	0.0	0	262.4320731927728	1661.8349945864175	1	0	1	2.6794964778701793
76200.0	2000.0	1461.8349945863797	0.0	0	369.08367999686743	1661.8349945864175	1	0	1	2.67949647787018
77857.42111612484	3000.0	804.4138784615366	0.0	0	0.0	1661.834994586432	1	0	1	2.8822290319242616
78384.23728276175	1000.0	1277.5977118246285	0.0	0	0.0	1661.834994586432	1	0	1	0.5411634183621512
79301.44188313065	2000.0	1360.3931114557179	0.0	0	0.0	1661.8349945864175	1	0	1	1.986349297310235
80200.0	2000.0	1461.8349945863713	0.0	0	235.4965308430983	1661.8349945864175	1	0	1	2.67949647787018
81529.10077097805	2000.0	1132.7342236083152	0.0	0	0.0	1661.8349945864175	1	0	1	2.67949647787018
83270.16397505172	2000.0	391.6710195346515	0.0	0	0.0	1661.8349945864175	1	0	1	2.67949647787018
83545.97889703812	500.0	1115.8560975482633	0.0	0	0.0	1661.8349945864175	1	0	1	-0.7862394249295463
84200.0	1000.0	1461.8349945863697	0.0	0	296.60350595304044	1661.8349945864175	1	0	1	0.9466285264703173
85200.0	2000.0	1461.8349945863747	0.0	0	380.8533495576703	1661.834994586432	1	0	1	1.9863492973102348
86378.12519464018	2000.0	1283.7097999461953	0.0	0	0.0	1661.834994586432	1	0	1	2.6794964778701793
87200.0	1000.0	1461.834994586378	0.0	0	96.49089316620666	1661.834994586432	1	0	1	0.9466285264703158
88200.0	2000.0	1461.8349945863852	0.0	0	129.02439672627952	1661.8349945864466	1	0	1	1.9863492973102321
89200.0	2000.0	1461.834994586383	0.0	0	124.64027472266753	1661.834994586461	1	0	1	2.6794964778701758
90200.0	2000.0	1461.8349945863806	0.0	0	320.7724877840228	1661.834994586461	1	0	1	2.6794964778701758
91347.3510141705	2000.0	1314.4839804158762	0.0	0	0.0	1661.8349945864757	1	0	1	2.679496477870175
92580.5688040076	2000.0	1081.2661905787634	0.0	0	0.0	1661.8349945864757	1	0	1	2.679496477870175
93468.4762414142	2000.0	1193.358753172185	0.0	0	0.0	1661.8349945864757	1	0	1	2.679496477870175
94479.52616471263	2000.0	1182.3088298737675	0.0	0	0.0	1661.8349945864757	1	0	1	2.679496477870175
95346.63177105198	2000.0	1315.2032235344248	0.0	0	0.0	1661.8349945864757	1	0	1	2.679496477870175
96200.0	2000.0	1461.8349945864131	0.0	0	105.4053520517773	1661.8349945864757	1	0	1	2.679496477870175
97200.0	2000.0	1461.8349945863965	0.0	0	177.3605481589766	1661.834994586461	1	0	1	2.6794964778701758
98235.3686148276	2000.0	1426.4663797587832	0.0	0	0.0	1661.834994586461	1	0	1	2.6794964778701758
99200.0	2000.0	1461.8349945863936	0.0	0	120.18435607604624	1661.8349945864757	1	0	1	2.679496477870175
100200.0	3000.0	1461.8349945863924	0.0	0	83.6028912946349	1661.8349945864757	1	0	1	2.882229031924257
101200.0	3000.0	1461.8349945863877	0.0	0	99.43121537708794	1661.8349945864757	1	0	1	3.2876941400324218
102655.25143603378	3000.0	1006.5835585525999	0.0	0	0.0	1661.8349945864902	1	0	1	3.28769414003242
104124.97023653577	2000.0	536.8647580506313	0.0	0	0.0	1661.8349945864902	1	0	1	2.2740313697620085
104571.38716826256	1000.0	1090.4478263238325	0.0	0	0.0	1661.8349945864902	1	0	1	0.9466285264703103
105358.80301510298	2000.0	1303.0319794834081	0.0	0	0.0	1661.8349945864902	1	0	1	1.9863492973102277
106494.8804243796	2000.0	1166.9545702067762	0.0	0	0.0	1661.8349945864757	1	0	1	2.679496477870175
107200.0	1000.0	1461.8349945863806	0.0	0	35.83379684203828	1661.8349945864757	1	0	1	0.9466285264703116
108231.44001225517	2000.0	1430.3949823312057	0.0	0	0.0	1661.8349945864902	1	0	1	1.9863492973102277
109295.75739312184	2000.0	1366.077601464562	0.0	0	0.0	1661.8349945864902	1	0	1	2.679496477870173
110615.2352969733	2000.0	1046.5996976130978	0.0	0	0.0	1661.8349945864757	1	0	1	2.679496477870175
111200.0	1000.0	1461.8349945863995	0.0	0	209.67198506301793	1661.8349945864757	1	0	1	0.9466285264703116
112200.0	2000.0	1461.834994586399	0.0	0	357.5175063669594	1661.8349945864757	1	0	1	1.9863492973102295
113200.0	3000.0	1461.8349945864088	0.0	0	25.734546154126292	1661.8349945864902	1	0	1	2.8822290319242554
114200.0	2000.0	1461.8349945863972	0.0	0	9.256716425923514	1661.8349945864902	1	0	1	2.2740313697620085
115200.0	3000.0	1461.8349945863931	0.0	0	102.03633607522352	1661.8349945864757	1	0	1	2.882229031924257
116200.0	3000.0	1461.8349945863906	0.0	0	132.14448539320438	1661.8349945864757	1	0	1	3.2876941400324218
117200.0	3000.0	1461.8349945863674	0.0	0	110.62226279184688	1661.8349945864757	1	0	1	3.2876941400324218
118786.66493798904	3000.0	875.170056597323	0.0	0	0.0	1661.834994586461	1	0	1	3.287694140032423
119339.05062121154	1000.0	1322.7843733748057	0.0	0	0.0	1661.8349945864466	1	0	1	0.5411634183621498
120450.34100125951	2000.0	1211.493993326862	0.0	0	0.0	1661.8349945864466	1	0	1	1.9863492973102321
121597.49334783058	2000.0	1064.3416467557954	0.0	0	0.0	1661.8349945864466	1	0	1	2.6794964778701775
122311.88217306972	1000.0	1349.9528215166504	0.0	0	0.0	1661.834994586461	1	0	1	0.946628526470313
123200.0	1000.0	1461.834994586359	0.0	0	329.6205605353316	1661.834994586461	1	0	1	1.639775707030258
124200.0	2000.0	1461.8349945863652	0.0	0	18.317154190139263	1661.8349945864466	1	0	1	1.9863492973102321
125200.0	2000.0	1461.834994586362	0.0	0	416.11386803344067	1661.834994586461	1	0	1	2.6794964778701758
126200.0	2000.0	1461.8349945863506	0.0	0	298.53012837095594	1661.834994586461	1	0	1	2.6794964778701758
127200.0	2000.0	1461.8349945863558	0.0	0	347.5586220846162	1661.8349945864757	1	0	1	2.679496477870175
128200.0	3000.0	1461.8349945863538	0.0	0	384.74619963535224	1661.8349945864757	1	0	1	2.882229031924257
129436.06058037463	3000.0	1225.774414211714	0.0	0	0.0	1661.834994586461	1	0	1	3.287694140032423
130577.99409760852	2000.0	1083.8408969778307	0.0	0	0.0	1661.834994586461	1	0	1	2.274031369762011
131528.83062948345	2000.0	1133.004365102905	0.0	0	0.0	1661.8349945864757	1	0	1	2.6794964778701758
132296.6718980735	2000.0	1365.1630965128786	0.0	0	0.0	1661.8349945865048	1	0	1	2.6794964778701713
133375.1199678488	2000.0	1286.7150267375578	0.0	0	0.0	1661.8349945865048	1	0	1	2.6794964778701718
134660.05901431906	2000.0	1001.775980267241	0.0	0	0.0	1661.8349945865048	1	0	1	2.6794964778701718
135200.0	1000.0	1461.8349945863329	0.0	0	50.499509588000365	1661.8349945865048	1	0	1	0.9466285264703086
136335.38175772456	2000.0	1326.4532368617972	0.0	0	0.0	1661.8349945865048	1	0	1	1.9863492973102264
137404.4335745282	2000.0	1257.4014200581814	0.0	0	0.0	1661.8349945865339	1	0	1	2.67949647787017
138371.08908378007	2000.0	1290.7459108063024	0.0	0	0.0	1661.8349945865339	1	0	1	2.6794964778701686
139200.0	2000.0	1461.8349945863706	0.0	0	271.35766339229303	1661.834994586563	1	0	1	2.679496477870166
140221.7263620821	3000.0	1440.1086325042897	0.0	0	0.0	1661.834994586592	1	0	1	2.882229031924245
141200.0	2000.0	1461.8349945863524	0.0	0	376.5543868296372	1661.834994586563	1	0	1	2.2740313697619996
142200.0	3000.0	1461.8349945863476	0.0	0	43.42660231565242	1661.834994586563	1	0	1	2.8822290319242505
143544.10231917896	3000.0	1117.7326754074068	0.0	0	0.0	1661.8349945865339	1	0	1	3.2876941400324156
144347.27776145388	2000.0	1314.5572331324704	0.0	0	0.0	1661.8349945865048	1	0	1	2.2740313697620063
145200.0	2000.0	1461.834994586359	0.0	0	2.458516592858359	1661.8349945865048	1	0	1	2.6794964778701718
146430.49586653628	3000.0	1231.3391280501075	0.0	0	0.0	1661.8349945864757	1	0	1	2.8822290319242554
147834.5557695352	2000.0	827.279225051228	0.0	0	0.0	1661.8349945865048	1	0	1	2.274031369762007
148320.92769154994	1000.0	1340.9073030364898	0.0	0	0.0	1661.8349945865048	1	0	1	0.9466285264703086
149200.0	2000.0	1461.8349945864247	0.0	0	111.88143861366552	1661.8349945865339	1	0	1	1.986349297310226
150200.0	2000.0	1461.8349945864484	0.0	0	134.7499907508609	1661.8349945865048	1	0	1	2.679496477870169
151209.6453418244	2000.0	1452.189652762049	0.0	0	0.0	1661.8349945865048	1	0	1	2.6794964778701718
152347.48386613018	2000.0	1314.3511284562826	0.0	0	0.0	1661.8349945865048	1	0	1	2.6794964778701718
153200.0	2000.0	1461.8349945864652	0.0	0	36.60287310619606	1661.8349945865048	1	0	1	2.6794964778701718
154200.0	2000.0	1461.8349945864609	0.0	0	413.1909485584765	1661.8349945864757	1	0	1	2.679496477870175
155432.78538719186	3000.0	1229.0496073945935	0.0	0	0.0	1661.8349945864757	1	0	1	2.882229031924257
156284.80130947725	2000.0	1377.033685109217	0.0	0	0.0	1661.8349945865048	1	0	1	2.274031369762007
157301.12661484483	2000.0	1360.7083797416055	0.0	0	0.0	1661.8349945865048	1	0	1	2.6794964778701718
158271.68724284653	2000.0	1390.147751739884	0.0	0	0.0	1661.8349945865048	1	0	1	2.6794964778701718
159222.87093839885	2000.0	1438.9640561875703	0.0	0	0.0	1661.8349945865048	1	0	1	2.6794964778701718
160335.5012631048	2000.0	1326.3337314816372	0.0	0	0.0	1661.8349945865048	1	0	1	2.6794964778701718
161252.19287719924	2000.0	1409.6421173871913	0.0	0	0.0	1661.8349945865048	1	0	1	2.6794964778701718
162200.0	2000.0	1461.8349945864084	0.0	0	79.47130186995491	1661.8349945865339	1	0	1	2.6794964778701686
163200.0	2000.0	1461.8349945864097	0.0	0	185.31422610307345	1661.8349945865339	1	0	1	2.6794964778701686
164200.0	2000.0	1461.834994586412	0.0	0	183.7008388787799	1661.834994586563	1	0	1	2.679496477870166
165200.0	2000.0	1461.8349945864265	0.0	0	47.54636294435477	1661.834994586563	1	0	1	2.679496477870166
166394.64944475866	2000.0	1267.1855498277562	0.0	0	0.0	1661.834994586563	1	0	1	2.679496477870166
167319.14463756772	2000.0	1342.6903570187085	0.0	0	0.0	1661.834994586563	1	0	1	2.679496477870166
168616.13484446637	2000.0	1045.7001501200607	0.0	0	0.0	1661.834994586592	1	0	1	2.679496477870163
169267.56637291782	1000.0	1394.2686216686163	0.0	0	0.0	1661.834994586592	1	0	1	0.9466285264703
170585.8382338887	2000.0	1075.9967606977114	0.0	0	0.0	1661.834994586563	1	0	1	1.9863492973102206
171209.644680335	1000.0	1452.1903142513847	0.0	0	0.0	1661.8349945865339	1	0	1	0.9466285264703052
172200.0	2000.0	1461.8349945863852	0.0	0	123.09336008652463	1661.8349945865048	1	0	1	1.9863492973102241
173200.0	2000.0	1461.8349945864045	0.0	0	70.45245790772606	1661.8349945865048	1	0	1	2.6794964778701718
174328.42403083446	2000.0	1333.4109637519587	0.0	0	0.0	1661.8349945865048	1	0	1	2.6794964778701718
175333.522844063	1000.0	1328.3121505234287	0.0	0	0.0	1661.8349945864757	1	0	1	0.9466285264703105
176200.0	1000.0	1461.8349945864236	0.0	0	87.50429275998613	1661.8349945864757	1	0	1	1.6397757070302583
177200.0	1000.0	1461.8349945864438	0.0	0	345.48325010284316	1661.8349945865048	1	0	1	1.6397757070302537
178200.0	1000.0	1461.8349945864268	0.0	0	529.9811149274756	1661.8349945865339	1	0	1	1.639775707030251
179334.6545242935	1000.0	1327.1804702929244	0.0	0	0.0	1661.8349945865339	1	0	1	1.639775707030251
180288.31005328268	1000.0	1373.524941303732	0.0	0	0.0	1661.8349945865048	1	0	1	1.6397757070302537
181200.0	1000.0	1461.834994586421	0.0	0	432.90724578674417	1661.8349945865339	1	0	1	1.6397757070302532
182200.0	1000.0	1461.8349945864143	0.0	0	510.255647379905	1661.8349945865048	1	0	1	1.6397757070302537
183613.14474072683	2000.0	1048.6902538596023	0.0	0	0.0	1661.8349945865339	1	0	1	1.9863492973102246
184200.0	1000.0	1461.834994586413	0.0	0	89.28119261129177	1661.8349945865339	1	0	1	0.9466285264703058
185200.0	1000.0	1461.834994586462	0.0	0	420.9947189827799	1661.834994586592	1	0	1	1.6397757070302474
186200.0	2000.0	1461.8349945864695	0.0	0	230.01339584574453	1661.8349945866212	1	0	1	1.986349297310215
187200.0	2000.0	1461.8349945864843	0.0	0	451.8892097878852	1661.8349945866212	1	0	1	2.6794964778701624
188200.0	3000.0	1461.8349945864718	0.0	0	353.42369908376713	1661.8349945866212	1	0	1	2.8822290319242425
189200.0	2000.0	1461.834994586461	0.0	0	504.91787723766174	1661.8349945866212	1	0	1	2.2740313697619956
190200.0	3000.0	1461.8349945864775	0.0	0	44.24724728698493	1661.8349945866212	1	0	1	2.8822290319242425
191662.6907193693	3000.0	999.1442752171438	0.0	0	0.0	1661.8349945866212	1	0	1	3.287694140032407
192387.2327651543	2000.0	1274.6022294321592	0.0	0	0.0	1661.8349945866212	1	0	1	2.2740313697619956
193253.88164841526	2000.0	1407.953346171171	0.0	0	0.0	1661.8349945866212	1	0	1	2.67949647787016
194471.31774948112	3000.0	1190.517245105347	0.0	0	0.0	1661.8349945866503	1	0	1	2.8822290319242407
195394.0880158289	2000.0	1267.7469787575492	0.0	0	0.0	1661.8349945866503	1	0	1	2.2740313697619925
196516.38528210757	2000.0	1145.4497124788763	0.0	0	0.0	1661.8349945866503	1	0	1	2.679496477870157
197902.89915252457	2000.0	758.9358420618435	0.0	0	0.0	1661.8349945866212	1	0	1	2.67949647787016
198494.54799654934	1000.0	1167.286998037045	0.0	0	0.0	1661.8349945866212	1	0	1	0.9466285264702969
199354.45798160363	2000.0	1307.377012982778	0.0	0	0.0	1661.8349945866503	1	0	1	1.986349297310213
200200.0	2000.0	1461.834994586408	0.0	0	28.42581318205339	1661.8349945866503	1	0	1	2.679496477870157
201200.0	2000.0	1461.834994586414	0.0	0	41.45564822247252	1661.8349945866794	1	0	1	2.679496477870154
202200.0	2000.0	1461.8349945864159	0.0	0	194.28466231620405	1661.8349945866794	1	0	1	2.679496477870154
203200.0	2000.0	1461.8349945864602	0.0	0	243.85037550335983	1661.8349945867085	1	0	1	2.6794964778701513
204200.0	2000.0	1461.83499458646	0.0	0	259.7510744819883	1661.8349945867085	1	0	1	2.6794964778701513
205200.0	2000.0	1461.8349945864654	0.0	0	300.80785564307007	1661.8349945867085	1	0	1	2.6794964778701513
206238.6656834172	2000.0	1423.1693111692655	0.0	0	0.0	1661.8349945867376	1	0	1	2.6794964778701504
207816.08139699054	2000.0	845.7535975959098	0.0	0	0.0	1661.8349945867376	1	0	1	2.6794964778701487
208448.31250463202	1000.0	1213.5224899544223	0.0	0	0.0	1661.8349945867376	1	0	1	0.9466285264702853
209200.0	1000.0	1461.8349945864695	0.0	0	200.31122361499	1661.8349945867667	1	0	1	1.6397757070302277
210200.0	1000.0	1461.8349945864682	0.0	0	601.4480802937469	1661.8349945867667	1	0	1	1.6397757070302277
211200.0	1000.0	1461.8349945864572	0.0	0	590.0469846696651	1661.834994586825	1	0	1	1.6397757070302241
212200.0	1000.0	1461.834994586471	0.0	0	364.27153395998175	1661.834994586854	1	0	1	1.6397757070302188
213200.0	2000.0	1461.8349945864968	0.0	0	203.26475447352277	1661.834994586854	1	0	1	1.9863492973101917
214200.0	2000.0	1461.8349945865175	0.0	0	202.10089081682963	1661.834994586883	1	0	1	2.6794964778701362
215374.56283995602	3000.0	1287.2721546305006	0.0	0	0.0	1661.834994586883	1	0	1	2.882229031924216
216656.8086389325	2000.0	1005.0263556540207	0.0	0	0.0	1661.834994586883	1	0	1	2.274031369761969
217805.234305119	2000.0	856.6006894675343	0.0	0	0.0	1661.834994586883	1	0	1	2.6794964778701336
218541.1707029708	1000.0	1120.6642916157439	0.0	0	0.0	1661.834994586883	1	0	1	0.9466285264702708
219400.55561304613	1000.0	1261.279381540385	0.0	0	0.0	1661.834994586883	1	0	1	1.639775707030216
220200.0	1000.0	1461.8349945865357	0.0	0	240.75410523510072	1661.834994586883	1	0	1	1.639775707030216
221200.0	1000.0	1461.834994586555	0.0	0	491.3178881171334	1661.834994586883	1	0	1	1.639775707030216
222200.0	1000.0	1461.834994586553	0.0	0	354.3306196523772	1661.834994586825	1	0	1	1.6397757070302195
223200.0	2000.0	1461.8349945865623	0.0	0	136.151087510254	1661.834994586854	1	0	1	1.9863492973101917
224200.0	2000.0	1461.8349945865561	0.0	0	466.64049853314646	1661.834994586854	1	0	1	2.6794964778701367
225200.0	2000.0	1461.8349945866025	0.0	0	382.1061249625636	1661.834994586883	1	0	1	2.6794964778701336
226819.75503146873	3000.0	842.0799631178851	0.0	0	0.0	1661.834994586883	1	0	1	2.882229031924216
227966.1032696415	2000.0	695.7317249451403	0.0	0	0.0	1661.834994586883	1	0	1	2.274031369761969
228283.43451160708	1000.0	1378.4004829795447	0.0	0	0.0	1661.834994586854	1	0	1	0.9466285264702736
229200.0	2000.0	1461.834994586597	0.0	0	293.9173303169664	1661.834994586854	1	0	1	1.9863492973101917
230210.48864775457	2000.0	1451.3463468320385	0.0	0	202.21702679537702	1661.8349945869122	1	0	1	2.679496477870133
232774.98136105324	3000.0	200.0	313.1463664666385	0	0.0	1974.9813610532437	1	0	1	0.9814110838574808
232916.65004523835	300.0	1044.1644473963795	0.0	0	0.0	1960.8144926347304	1	0	2	-2.898962999339525
233625.52840951993	2000.0	1264.3982466866578	0.0	0	0.0	1889.926656206604	1	0	2	0.5578460443172546
234311.194260052	2000.0	1510.1658111013521	0.0	0	0.0	1821.3600711533218	1	0	2	2.4612382895324902
235318.5032679582	2000.0	1402.1259024045655	0.0	0	0.0	1720.6291703627212	1	0	2	2.4709103555901706
236283.16082597608	2000.0	1341.002588584921	0.0	0	0.0	1624.163414560986	1	0	2	2.4810286114364644
237200.0	2000.0	1424.1634145610037	0.0	0	131.97871043210034	1624.1634145609569	1	0	1	2.483263635872726
238200.0	2000.0	1424.163414560972	0.0	0	317.5647028858366	1624.1634145609278	1	0	1	2.683263635872729
239200.0	2000.0	1424.1634145609569	0.0	0	64.71096954491804	1624.1634145608987	1	0	1	2.6832636358727324
240284.65299916576	2000.0	1339.5104153952138	0.0	0	0.0	1624.1634145608987	1	0	1	2.6832636358727324
241267.9493610089	2000.0	1356.2140535520882	0.0	0	0.0	1624.1634145608987	1	0	1	2.6832636358727324
242200.0	2000.0	1424.1634145609721	0.0	0	171.7552582040953	1624.1634145608987	1	0	1	2.6832636358727324
243207.49524093102	2000.0	1416.668173629951	0.0	0	0.0	1624.1634145609278	1	0	1	2.6832636358727306
244200.0	2000.0	1424.1634145609546	0.0	0	151.626096332795	1624.1634145608987	1	0	1	2.6832636358727298
245200.0	2000.0	1424.1634145609733	0.0	0	32.175845585908974	1624.1634145608987	1	0	1	2.6832636358727324
246200.0	2000.0	1424.1634145609871	0.0	0	110.24777238047682	1624.1634145608987	1	0	1	2.6832636358727324
247218.85129674742	2000.0	1405.312117813582	0.0	0	0.0	1624.1634145608987	1	0	1	2.6832636358727324
248267.2270919506	2000.0	1356.9363226103935	0.0	0	0.0	1624.1634145609278	1	0	1	2.683263635872729
249200.0	2000.0	1424.163414560987	0.0	0	299.7536810153397	1624.1634145609278	1	0	1	2.6832636358727315
250200.0	3000.0	1424.163414560984	0.0	0	72.83783688774565	1624.1634145608987	1	0	1	2.8859961899268147
251541.68450564233	3000.0	1082.4789089186716	0.0	0	0.0	1624.1634145608987	1	0	1	3.2914612980349793
252619.5084690329	2000.0	1004.6549455280873	0.0	0	0.0	1624.1634145608987	1	0	1	2.277798527764568
253258.38270381358	1000.0	1365.7807107474152	0.0	0	0.0	1624.1634145608696	1	0	1	0.9503956844728716
254366.3755717884	2000.0	1257.7878427725768	0.0	0	0.0	1624.1634145608696	1	0	1	1.9901164553127901
255524.98118438674	2000.0	1099.1822301742343	0.0	0	0.0	1624.1634145608405	1	0	1	2.683263635872737
256201.1248784081	1000.0	1423.0385361528936	0.0	0	0.0	1624.1634145608405	1	0	1	0.9503956844728738
257342.47144579937	2000.0	1281.691968761654	0.0	0	0.0	1624.1634145608696	1	0	1	1.9901164553127901
258426.37479206515	2000.0	1197.7886224958481	0.0	0	0.0	1624.1634145608405	1	0	1	2.6832636358727378
259567.61713405035	2000.0	1056.5462805106347	0.0	0	0.0	1624.1634145608696	1	0	1	2.683263635872735
260200.0	1000.0	1424.1634145609796	0.0	0	209.01145540628931	1624.1634145608987	1	0	1	0.9503956844728716
261200.0	2000.0	1424.1634145609821	0.0	0	455.22572903425316	1624.1634145608987	1	0	1	1.9901164553127872
262200.0	3000.0	1424.163414560995	0.0	0	415.90527416416444	1624.1634145609278	1	0	1	2.8859961899268116
263200.0	2000.0	1424.1634145609892	0.0	0	293.8967323033721	1624.1634145608696	1	0	1	2.277798527764567
264200.0	2000.0	1424.1634145610765	0.0	0	354.61022219376173	1624.1634145609569	1	0	1	2.683263635872728
265350.08995044214	3000.0	1274.0734641189085	0.0	0	0.0	1624.1634145609569	1	0	1	2.885996189926809
266897.54060842353	3000.0	726.6228061375232	0.0	0	0.0	1624.1634145609569	1	0	1	3.2914612980349736
267582.3857126162	1000.0	1041.777701944875	0.0	0	0.0	1624.1634145609569	1	0	1	0.5449305763646989
268461.9105994006	2000.0	1162.2528151605266	0.0	0	0.0	1624.1634145609569	1	0	1	1.9901164553127813
269468.7024347814	2000.0	1155.4609797797084	0.0	0	0.0	1624.163414561015	1	0	1	2.683263635872721
270745.14398425206	2000.0	879.019430309085	0.0	0	0.0	1624.163414561015	1	0	1	2.683263635872721
271490.21996133664	1000.0	1133.9434532244804	0.0	0	0.0	1624.163414561015	1	0	1	0.9503956844728575
272249.12346954714	1000.0	1375.039945013987	0.0	0	0.0	1624.163414561015	1	0	1	1.6435428650328028
273200.0	1000.0	1424.1634145611429	0.0	0	558.3126475181198	1624.163414561015	1	0	1	1.6435428650328028
274200.0	1000.0	1424.1634145611233	0.0	0	723.2682407048414	1624.1634145610733	1	0	1	1.643542865032797
275200.0	2000.0	1424.163414561108	0.0	0	72.54730484710308	1624.1634145610733	1	0	1	1.9901164553127695
276200.0	2000.0	1424.1634145611415	0.0	0	182.52992819872452	1624.1634145610733	1	0	1	2.6832636358727147
277292.85758011724	3000.0	1331.3058344439505	0.0	0	0.0	1624.1634145611315	1	0	1	2.885996189926795
278200.0	2000.0	1424.1634145611717	0.0	0	353.51744761742884	1624.1634145611315	1	0	1	2.2777985277645447
279541.8993327791	3000.0	1082.2640817820748	0.0	0	0.0	1624.1634145611897	1	0	1	2.885996189926788
280308.35139750806	2000.0	1315.812017053126	0.0	0	0.0	1624.163414561248	1	0	1	2.2777985277645336
281256.83912146586	2000.0	1367.3242930953772	0.0	0	0.0	1624.163414561248	1	0	1	2.6832636358726973
282332.06304618483	2000.0	1292.100368376447	0.0	0	0.0	1624.163414561248	1	0	1	2.6832636358726973
283262.9411686508	2000.0	1361.2222459104414	0.0	0	0.0	1624.163414561248	1	0	1	2.6832636358726973
284200.0	2000.0	1424.1634145612243	0.0	0	106.65438758826349	1624.163414561248	1	0	1	2.6832636358726973
285200.0	2000.0	1424.1634145612063	0.0	0	182.33435059455223	1624.163414561248	1	0	1	2.6832636358726973
286200.0	2000.0	1424.1634145611943	0.0	0	168.2690036565764	1624.1634145611897	1	0	1	2.683263635872703
287200.0	2000.0	1424.163414561225	0.0	0	46.839753095875494	1624.1634145611897	1	0	1	2.683263635872703
288200.0	2000.0	1424.163414561232	0.0	0	304.5300393857178	1624.163414561248	1	0	1	2.683263635872702
289200.0	2000.0	1424.1634145613316	0.0	0	602.5224504977814	1624.163414561248	1	0	1	2.6832636358726973
290311.8963479038	3000.0	1312.2670666574822	0.0	0	0.0	1624.163414561248	1	0	1	2.8859961899267796
291377.06078717817	2000.0	1247.102627383131	0.0	0	0.0	1624.1634145611897	1	0	1	2.2777985277645363
292286.24043583084	2000.0	1337.9229787304523	0.0	0	0.0	1624.1634145611897	1	0	1	2.6832636358727058
293221.56941580435	2000.0	1402.593998756909	0.0	0	0.0	1624.1634145611315	1	0	1	2.6832636358727058
294200.0	2000.0	1424.1634145612989	0.0	0	268.7754574773717	1624.1634145611315	1	0	1	2.6832636358727093
295200.0	2000.0	1424.163414561264	0.0	0	321.8079114971915	1624.1634145611315	1	0	1	2.6832636358727093
297271.64740417333	3000.0	352.5160103880015	0.0	0	0.0	1624.163414561248	1	0	1	2.885996189926783
297540.35799988883	500.0	1083.8054146725226	0.0	0	0.0	1624.163414561248	1	0	1	-1.1879373750351936
298513.7842855098	2000.0	1110.3791290515633	0.0	0	0.0	1624.163414561248	1	0	1	1.296969274752807
299576.69088423625	2000.0	1047.4725303250548	0.0	0	0.0	1624.163414561248	1	0	1	2.6832636358726973
300200.0	1000.0	1424.1634145613853	0.0	0	110.35478192276787	1624.1634145613061	1	0	1	0.9503956844728286
301200.0	2000.0	1424.1634145613893	0.0	0	5.1104917080374435	1624.1634145613061	1	0	1	1.99011645531275
302200.0	2000.0	1424.1634145613846	0.0	0	164.51820641662925	1624.1634145613061	1	0	1	2.6832636358726916
303200.0	2000.0	1424.163414561456	0.0	0	157.17164947622223	1624.1634145613643	1	0	1	2.6832636358726902
304200.0	2000.0	1424.163414561496	0.0	0	414.54926863417495	1624.1634145614225	1	0	1	2.6832636358726845
305303.1539184131	2000.0	1321.0094961484058	0.0	0	0.0	1624.1634145614225	1	0	1	2.6832636358726796
306200.0	2000.0	1424.163414561525	0.0	0	207.91579481150256	1624.1634145614225	1	0	1	2.6832636358726796
308142.3187769656	3000.0	481.8446375958597	0.0	0	0.0	1624.1634145613643	1	0	1	2.885996189926763
308629.69319394015	1000.0	994.4702206213179	0.0	0	0.0	1624.1634145613643	1	0	1	0.5449305763646581
309916.48264811723	2000.0	707.6807664442758	0.0	0	0.0	1624.1634145614225	1	0	1	1.9901164553127346
310429.0068034001	1000.0	1195.156611161437	0.0	0	0.0	1624.1634145613643	1	0	1	0.9503956844728227
311320.1200618744	2000.0	1304.043352687152	0.0	0	0.0	1624.1634145613643	1	0	1	1.9901164553127406
312200.0	2000.0	1424.163414561491	0.0	0	261.1275660665124	1624.1634145613643	1	0	1	2.683263635872686
313200.0	2000.0	1424.1634145614835	0.0	0	216.64106968638953	1624.1634145613643	1	0	1	2.683263635872681
314445.8779590369	2000.0	1178.2854555245285	0.0	0	0.0	1624.1634145613643	1	0	1	2.683263635872686
315817.11890052893	2000.0	807.044514032598	0.0	0	0.0	1624.1634145614225	1	0	1	2.6832636358726805
316368.796134547	1000.0	1255.3672800145189	0.0	0	0.0	1624.1634145614225	1	0	1	0.950395684472817
317641.78986078664	2000.0	982.3735537748554	0.0	0	0.0	1624.1634145614225	1	0	1	1.9901164553127346
318216.9126584205	1000.0	1407.2507561410102	0.0	0	0.0	1624.1634145614807	1	0	1	0.9503956844728134
319200.0	2000.0	1424.1634145615303	0.0	0	55.334799592907075	1624.1634145614807	1	0	1	1.9901164553127288
320242.7727121225	2000.0	1381.3907024390048	0.0	0	0.0	1624.163414561539	1	0	1	2.683263635872668
2.13	1.71	2.56	2.12	1.64	1.09	1.1	2.15	1.81	1.1	1.38	1.58	2.32	1.92	1.75	2.27	3.17	3.81	3.76	4.34	2.73	2.55	2.51	2.87	3.43	2.56	2.27	2.22	1.88	2.22	2.09	2.17	1.91	2.75	2.83	2.51	2.02	2.07	1.32	1.58	2.58	2.5	1.93	2.65	3.22	2.57	1.78	1.98	1.37	1.02	1.7	1.92	2.11	2.57	3.78	3.97	2.11	2.63	2.17	3.2	2.55	0.96	1.14	2.13	3.13	1.74	1.82	1.93	2.61	2.95	2.07	2.25	1.99	2.25	2.24	2.32	2.93	2.14	2.27	2.69	2.64	2.56	1.74	1.7	2.39	2.11	1.78	2.07	2.88	1.82	2.53	3.01	4.21	2.65	3.06	2.68	3.22	2.05	1.76	2.33	1.91	1.78	1.78	2.0	3.17	2.84	2.99	3.7	3.37	2.59	2.17	2.86	1.9	1.77	2.15	1.9	2.37	2.61	2.87	4.02	3.41	2.79	1.93	2.61	3.07	3.05	1.73	1.49	2.0	2.85	1.84	2.06	2.46	2.86	2.78	2.07	2.65	1.68	2.42	2.35	1.77	2.34	2.79	2.31	1.85	2.19	1.75	1.91	2.0	2.84	2.13	1.71	2.56	2.12	1.64	1.09	1.1	2.15	1.81	1.1	1.38	1.58	2.32	1.92	1.75	2.27	3.17	3.81	3.76	4.34	2.73	2.55	2.51	2.87	3.43	2.56	2.27	2.22	1.88	2.22	2.09	2.17	1.91	2.75	2.83	2.51	2.02	2.07	1.32	1.58	2.58	2.5	1.93	2.65	3.22	2.57	1.78	1.98	1.37	1.02	1.7	1.92	2.11	2.57	3.78	3.97	2.11	2.63	2.17	3.2	2.55	0.96	1.14	2.13	3.13	1.74	1.82	1.93	2.61	2.95	2.07	2.25	1.99	2.25	2.24	2.32	2.93	2.14	2.27	2.69	2.64	2.56	1.74	1.7	2.39	2.11	1.78	2.07	2.88	1.82	2.53	3.01	4.21	2.65	3.06	2.68	3.22	2.05	1.76	2.33	1.91	1.78	1.78	2.0	3.17	2.84	2.99	3.7	3.37	2.59	2.17	2.86	1.9	1.77	2.15	1.9	2.37	2.61	2.87	4.02	3.41	2.79	1.93	2.61	3.07	3.05	1.73	1.49	2.0	2.85	1.84	2.06	2.46	2.86	2.78	2.07	2.65	1.68	2.42	2.35	1.77	2.34	2.79	2.31	1.85	2.19	1.75	1.91	2.0	2.84	2.13	1.71	2.56	2.12	1.64	1.09	1.1	2.15	1.81	1.1	1.38	1.58	2.32	1.92	1.75	2.27	3.17	3.81	3.76	4.34	2.73	2.55
1.0	2.0	3.0	4.0	5.0	6.0	7.0	8.0	9.0	10.0	11.0	12.0	13.0	14.0	15.0	16.0	17.0	18.0	19.0	20.0	21.0	22.0	23.0	24.0	25.0	26.0	27.0	28.0	29.0	30.0	31.0	32.0	33.0	34.0	35.0	36.0	37.0	38.0	39.0	40.0	41.0	42.0	43.0	44.0	45.0	46.0	47.0	48.0	49.0	50.0	51.0	52.0	53.0	54.0	55.0	56.0	57.0	58.0	59.0	60.0	61.0	62.0	63.0	64.0	65.0	66.0	67.0	68.0	69.0	70.0	71.0	72.0	73.0	74.0	75.0	76.0	77.0	78.0	79.0	80.0	81.0	82.0	83.0	84.0	85.0	86.0	87.0	88.0	89.0	90.0	91.0	92.0	93.0	94.0	95.0	96.0	97.0	98.0	99.0	100.0	101.0	102.0	103.0	104.0	105.0	106.0	107.0	108.0	109.0	110.0	111.0	112.0	113.0	114.0	115.0	116.0	117.0	118.0	119.0	120.0	121.0	122.0	123.0	124.0	125.0	126.0	127.0	128.0	129.0	130.0	131.0	132.0	133.0	134.0	135.0	136.0	137.0	138.0	139.0	140.0	141.0	142.0	143.0	144.0	145.0	146.0	147.0	148.0	149.0	149.0	150.0	151.0	152.0	153.0	154.0	155.0	156.0	157.0	158.0	159.0	160.0	161.0	162.0	163.0	164.0	165.0	166.0	167.0	168.0	169.0	170.0	171.0	172.0	173.0	174.0	175.0	176.0	177.0	178.0	179.0	180.0	181.0	182.0	183.0	184.0	185.0	186.0	187.0	188.0	189.0	190.0	191.0	192.0	193.0	194.0	195.0	196.0	197.0	198.0	199.0	200.0	201.0	202.0	203.0	204.0	205.0	206.0	207.0	208.0	209.0	210.0	211.0	212.0	213.0	214.0	215.0	216.0	217.0	218.0	219.0	220.0	221.0	222.0	223.0	224.0	225.0	226.0	227.0	228.0	229.0	230.0	231.0	232.0	233.0	234.0	235.0	236.0	237.0	238.0	239.0	240.0	241.0	242.0	243.0	244.0	245.0	246.0	247.0	248.0	249.0	250.0	251.0	252.0	253.0	254.0	255.0	256.0	257.0	258.0	259.0	260.0	261.0	262.0	263.0	264.0	265.0	266.0	267.0	268.0	269.0	270.0	271.0	272.0	273.0	274.0	275.0	276.0	277.0	278.0	279.0	280.0	281.0	282.0	283.0	284.0	285.0	286.0	287.0	288.0	289.0	290.0	291.0	292.0	293.0	294.0	295.0	296.0	297.0	298.0	298.0	299.0	300.0	301.0	302.0	303.0	304.0	305.0	306.0	307.0	308.0	309.0	310.0	311.0	312.0	313.0	314.0	315.0	316.0	317.0	318.0	319.0	320.0
2167.563002293761
