2554.1333328173323	300.0	2000.0	184.0445507145588	0	0.0	2554.1333328173323	1	0	1	-1.3556126818492176
5312.097114588532	2000.0	301.8062024250931	155.46638952043497	0	0.0	613.9033170136263	1	0	2	-0.44890110097295366
6200.0	500.0	2502.6936055547712	0.0	0	586.0755812900334	2702.693605554772	1	0	0	-1.2864873542776893
9231.006614809901	3000.0	418.2430083795341	45.14243555968653	0	0.0	649.2496231894365	1	0	2	0.7236844638938206
10200.0	500.0	2546.1489617084444	0.0	0	676.8188036132997	2746.1489617084453	1	0	0	-1.6961359297499135
13934.362767368206	3000.0	200.0	510.5909839968944	0	0.0	1134.3627673682058	1	0	2	-2.1056522065067504
14200.0	300.0	2960.9264906313865	0.0	0	71.61059644471425	3160.9264906313874	1	0	0	-3.0177027725857686
17359.34324915535	3000.0	685.648916560503	0.0	0	0.0	1044.9921657158538	1	0	2	0.4438111992793128
18200.0	1000.0	2929.05784080032	0.0	0	412.16882159755187	3129.0578408003203	1	0	0	-0.001941568387434589
21271.409666242496	3000.0	750.5072079335738	0.0	0	0.0	1021.9168741760695	1	0	2	1.650791726881954
22200.0	1000.0	2914.775907551824	0.0	0	603.0982908546612	3114.775907551826	1	0	0	-0.00019574419413681543
26296.521319726566	3000.0	200.0	537.6341310430869	0	0.0	1496.5213197265693	1	0	2	-1.6097244940660698
26485.71787750683	300.0	1010.803442219731	0.0	0	0.0	1496.5213197265693	1	0	1	-2.6522372249667034
27200.0	1000.0	1296.5213197265607	0.0	0	291.1552854584843	1496.5213197265693	1	0	1	0.45233427019031114
28200.0	2000.0	1296.5213197265653	0.0	0	24.059753037567134	1496.5213197265693	1	0	1	2.00288066479622
29564.305653459243	2000.0	932.2156662673202	0.0	0	0.0	1496.5213197265693	1	0	1	2.6960278453561655
30200.0	1000.0	1296.5213197265614	0.0	0	63.676401981130766	1496.5213197265693	1	0	1	0.9631598939563021
31219.899622090532	2000.0	1276.6216976360274	0.0	0	0.0	1496.5213197265693	1	0	1	2.00288066479622
32205.054358285357	2000.0	1291.4669614412041	0.0	0	0.0	1496.5213197265693	1	0	1	2.6960278453561655
33200.0	2000.0	1296.5213197265575	0.0	0	306.4668662327422	1496.5213197265657	1	0	1	2.6960278453561655
34200.0	2000.0	1296.5213197265507	0.0	0	394.7738636790018	1496.5213197265548	1	0	1	2.696027845356166
35200.0	2000.0	1296.521319726545	0.0	0	274.55060377850896	1496.5213197265475	1	0	1	2.6960278453561672
36200.0	2000.0	1296.5213197265448	0.0	0	28.92987396045646	1496.5213197265475	1	0	1	2.6960278453561677
37208.27936090717	2000.0	1288.2419588193798	0.0	0	0.0	1496.5213197265475	1	0	1	2.6960278453561677
38200.0	2000.0	1296.5213197265407	0.0	0	84.86473451542406	1496.5213197265402	1	0	1	2.696027845356168
39200.0	2000.0	1296.5213197265443	0.0	0	132.81751461753447	1496.5213197265402	1	0	1	2.696027845356168
40200.0	2000.0	1296.5213197265466	0.0	0	456.626430083561	1496.521319726533	1	0	1	2.6960278453561686
41200.0	2000.0	1296.5213197265427	0.0	0	461.8458636374344	1496.5213197265257	1	0	1	2.696027845356169
42200.0	3000.0	1296.5213197265373	0.0	0	309.553131136061	1496.5213197265257	1	0	1	2.898760399410252
43781.34466519846	3000.0	715.176654528072	0.0	0	0.0	1496.5213197265257	1	0	1	3.304225507518417
44422.259093423054	1000.0	1074.2622263034737	0.0	0	0.0	1496.5213197265257	1	0	1	0.5576947858481419
45295.10839764639	2000.0	1201.412922080131	0.0	0	0.0	1496.5213197265257	1	0	1	2.0028806647962245
46200.0	2000.0	1296.5213197265211	0.0	0	286.1876518337958	1496.521319726533	1	0	1	2.6960278453561686
47289.91546283772	3000.0	1206.6058568887934	0.0	0	0.0	1496.521319726533	1	0	1	2.898760399410251
48230.34733858329	2000.0	1266.1739811432305	0.0	0	0.0	1496.521319726533	1	0	1	2.290562737248004
49259.74801077089	2000.0	1236.7733089556245	0.0	0	0.0	1496.521319726533	1	0	1	2.6960278453561686
50200.0	2000.0	1296.5213197265143	0.0	0	124.02066619019752	1496.521319726533	1	0	1	2.6960278453561686
51200.0	2000.0	1296.521319726512	0.0	0	25.89478832169698	1496.5213197265402	1	0	1	2.696027845356168
52466.27319511351	2000.0	1030.248124613004	0.0	0	0.0	1496.5213197265402	1	0	1	2.696027845356168
53200.0	2000.0	1296.5213197265095	0.0	0	65.97407336260949	1496.5213197265402	1	0	1	2.696027845356168
54200.0	2000.0	1296.5213197265111	0.0	0	390.49538074783777	1496.5213197265402	1	0	1	2.696027845356168
55200.0	2000.0	1296.5213197265093	0.0	0	467.54737020411994	1496.5213197265402	1	0	1	2.696027845356168
56200.0	2000.0	1296.5213197265016	0.0	0	192.320811411475	1496.521319726533	1	0	1	2.6960278453561686
57200.0	2000.0	1296.521319726498	0.0	0	283.57854572749784	1496.521319726533	1	0	1	2.6960278453561686
58200.0	2000.0	1296.5213197265027	0.0	0	22.611176439226256	1496.521319726533	1	0	1	2.6960278453561686
59200.0	2000.0	1296.5213197264952	0.0	0	170.61600771683152	1496.521319726533	1	0	1	2.6960278453561686
60200.0	2000.0	1296.5213197264936	0.0	0	349.548389172669	1496.521319726533	1	0	1	2.6960278453561686
61200.0	2000.0	1296.5213197265034	0.0	0	240.34573568867927	1496.5213197265402	1	0	1	2.6960278453561686
62200.0	2000.0	1296.5213197264993	0.0	0	299.720308969052	1496.5213197265402	1	0	1	2.696027845356168
63200.0	2000.0	1296.5213197265045	0.0	0	192.99387190398556	1496.5213197265402	1	0	1	2.696027845356168
64200.0	2000.0	1296.5213197264989	0.0	0	291.3020853896451	1496.5213197265402	1	0	1	2.696027845356168
65200.0	2000.0	1296.521319726504	0.0	0	408.4969616965973	1496.5213197265402	1	0	1	2.696027845356168
66200.0	2000.0	1296.5213197264993	0.0	0	332.3030933077098	1496.521319726533	1	0	1	2.696027845356168
67592.99994514389	3000.0	903.521374582597	0.0	0	0.0	1496.5213197265257	1	0	1	2.898760399410252
68200.0	1000.0	1296.5213197264816	0.0	0	204.27020159672247	1496.5213197265257	1	0	1	0.5576947858481419
69483.64012635489	2000.0	1012.8811933716049	0.0	0	0.0	1496.5213197265402	1	0	1	2.0028806647962227
70200.0	1000.0	1296.5213197265107	0.0	0	186.77924585263827	1496.5213197265402	1	0	1	0.9631598939563051
71200.0	1000.0	1296.5213197265184	0.0	0	200.13620816162438	1496.5213197265257	1	0	1	1.656307074516251
72200.0	1000.0	1296.5213197265427	0.0	0	232.4110683141189	1496.5213197265257	1	0	1	1.6563070745162518
73200.0	1000.0	1296.5213197265427	0.0	0	147.99302258284297	1496.5213197265111	1	0	1	1.6563070745162531
74200.0	1000.0	1296.5213197265437	0.0	0	314.8417326764029	1496.5213197265111	1	0	1	1.6563070745162531
75200.0	1000.0	1296.521319726546	0.0	0	496.9588071921171	1496.5213197265257	1	0	1	1.6563070745162518
76200.0	1000.0	1296.521319726552	0.0	0	125.48469555938209	1496.5213197265257	1	0	1	1.6563070745162518
77200.0	1000.0	1296.5213197265484	0.0	0	29.617794686433626	1496.5213197265257	1	0	1	1.6563070745162518
78200.0	1000.0	1296.5213197265414	0.0	0	541.1711349839607	1496.5213197264966	1	0	1	1.6563070745162536
79200.0	1000.0	1296.5213197265364	0.0	0	78.0255983867246	1496.5213197264966	1	0	1	1.6563070745162547
80200.0	1000.0	1296.5213197265496	0.0	0	487.79626295354683	1496.5213197264966	1	0	1	1.6563070745162547
81200.0	1000.0	1296.5213197265575	0.0	0	479.8861455275619	1496.521319726482	1	0	1	1.6563070745162563
82200.0	1000.0	1296.5213197265434	0.0	0	230.74891895124165	1496.521319726482	1	0	1	1.6563070745162563
83200.0	1000.0	1296.521319726544	0.0	0	302.93530518052285	1496.521319726482	1	0	1	1.6563070745162563
84200.0	1000.0	1296.5213197265512	0.0	0	437.9523039907217	1496.521319726482	1	0	1	1.6563070745162563
85200.0	1000.0	1296.5213197265598	0.0	0	461.95355026035395	1496.521319726482	1	0	1	1.6563070745162563
86200.0	1000.0	1296.5213197265523	0.0	0	285.79994179532514	1496.521319726482	1	0	1	1.6563070745162563
87200.0	1000.0	1296.5213197265582	0.0	0	264.2028413200169	1496.521319726482	1	0	1	1.6563070745162563
88200.0	1000.0	1296.5213197265523	0.0	0	584.9838427609357	1496.5213197264966	1	0	1	1.6563070745162547
89200.0	1000.0	1296.5213197265473	0.0	0	458.28636378720694	1496.5213197264966	1	0	1	1.6563070745162547
90200.0	1000.0	1296.5213197265314	0.0	0	397.09249528869987	1496.5213197264966	1	0	1	1.6563070745162547
91200.0	1000.0	1296.521319726548	0.0	0	318.76368792235735	1496.5213197265111	1	0	1	1.6563070745162543
92200.0	1000.0	1296.521319726541	0.0	0	381.6100517055602	1496.5213197265111	1	0	1	1.6563070745162531
93200.0	1000.0	1296.5213197265523	0.0	0	587.8658527255611	1496.5213197265111	1	0	1	1.6563070745162531
94200.0	1000.0	1296.5213197265564	0.0	0	553.552463031665	1496.5213197265111	1	0	1	1.6563070745162531
95200.0	1000.0	1296.521319726561	0.0	0	494.0363572176866	1496.5213197265111	1	0	1	1.6563070745162531
96200.0	1000.0	1296.5213197265664	0.0	0	571.4804176776961	1496.5213197265111	1	0	1	1.6563070745162531
97200.0	2000.0	1296.5213197265525	0.0	0	422.06297859048937	1496.5213197265111	1	0	1	2.002880664796226
98200.0	2000.0	1296.5213197265466	0.0	0	32.08386138593778	1496.5213197265111	1	0	1	2.696027845356171
99638.4904075605	2000.0	858.0309121660421	0.0	0	0.0	1496.5213197265111	1	0	1	2.696027845356171
100200.0	1000.0	1296.5213197265432	0.0	0	128.34765222037095	1496.5213197265111	1	0	1	0.963159893956308
101200.0	2000.0	1296.5213197265382	0.0	0	118.94281882357609	1496.5213197265111	1	0	1	2.002880664796226
102200.0	2000.0	1296.5213197265407	0.0	0	243.62930201351992	1496.5213197265111	1	0	1	2.696027845356171
103200.0	2000.0	1296.521319726535	0.0	0	457.13246898556827	1496.5213197264966	1	0	1	2.6960278453561726
104200.0	2000.0	1296.5213197265336	0.0	0	703.7304138816398	1496.5213197264966	1	0	1	2.6960278453561726
105200.0	3000.0	1296.5213197265452	0.0	0	315.74652140006947	1496.5213197264966	1	0	1	2.898760399410255
106200.0	3000.0	1296.5213197265512	0.0	0	190.65343663263775	1496.5213197264966	1	0	1	3.3042255075184195
107980.66988399654	3000.0	515.8514357300144	0.0	0	0.0	1496.5213197264966	1	0	1	3.3042255075184195
108446.178864233	1000.0	1050.3424554935357	0.0	0	0.0	1496.5213197264966	1	0	1	0.5576947858481449
109411.90150207371	2000.0	1084.6198176528274	0.0	0	0.0	1496.5213197264966	1	0	1	2.002880664796227
110200.0	2000.0	1296.5213197265489	0.0	0	128.87620884123317	1496.5213197264966	1	0	1	2.6960278453561726
111200.0	2000.0	1296.521319726541	0.0	0	445.4341097796423	1496.5213197264966	1	0	1	2.6960278453561726
112200.0	2000.0	1296.5213197265327	0.0	0	336.80366093094926	1496.5213197264966	1	0	1	2.6960278453561726
113439.53843180573	3000.0	1056.982887920793	0.0	0	0.0	1496.521319726482	1	0	1	2.898760399410256
114385.18927505799	2000.0	1111.332044668537	0.0	0	0.0	1496.521319726482	1	0	1	2.290562737248009
115601.19817796005	2000.0	895.3231417664833	0.0	0	0.0	1496.5213197264966	1	0	1	2.6960278453561726
116948.85524812432	2000.0	547.6660716021938	0.0	0	0.0	1496.5213197264966	1	0	1	2.6960278453561726
117331.82722627954	1000.0	1164.694093447008	0.0	0	0.0	1496.5213197264966	1	0	1	0.9631598939563095
118200.0	2000.0	1296.52131972652	0.0	0	300.8870120174397	1496.521319726482	1	0	1	2.0028806647962285
119200.0	2000.0	1296.5213197265327	0.0	0	350.89131065997935	1496.521319726482	1	0	1	2.6960278453561735
120200.0	2000.0	1296.5213197265302	0.0	0	558.4333039053745	1496.521319726482	1	0	1	2.6960278453561735
121200.0	3000.0	1296.5213197265332	0.0	0	126.40412879265205	1496.521319726482	1	0	1	2.898760399410256
122360.37593152767	3000.0	1136.145388198863	0.0	0	0.0	1496.521319726482	1	0	1	3.304225507518421
123973.26674130875	3000.0	523.2545784178019	0.0	0	0.0	1496.521319726482	1	0	1	3.304225507518421
124679.01892107699	1000.0	817.5023986495534	0.0	0	0.0	1496.521319726482	1	0	1	0.5576947858481462
125409.6643092605	2000.0	1086.8570104660432	0.0	0	0.0	1496.521319726482	1	0	1	2.0028806647962285
126200.0	2000.0	1296.521319726527	0.0	0	154.22927429496485	1496.521319726482	1	0	1	2.6960278453561735
127200.0	2000.0	1296.521319726545	0.0	0	26.568800327309873	1496.521319726482	1	0	1	2.6960278453561735
128200.0	2000.0	1296.521319726545	0.0	0	121.27971020620316	1496.521319726482	1	0	1	2.6960278453561735
129200.0	2000.0	1296.5213197265398	0.0	0	337.757648353916	1496.5213197264675	1	0	1	2.6960278453561752
130200.0	2000.0	1296.5213197265266	0.0	0	186.73720678887912	1496.5213197264675	1	0	1	2.6960278453561752
131200.0	2000.0	1296.5213197265132	0.0	0	293.2268259798875	1496.5213197264675	1	0	1	2.6960278453561752
132200.0	2000.0	1296.521319726507	0.0	0	309.44857304691686	1496.5213197264675	1	0	1	2.6960278453561752
133503.20442095626	3000.0	993.3168987702659	0.0	0	0.0	1496.521319726482	1	0	1	2.898760399410256
134200.0	2000.0	1296.5213197265198	0.0	0	29.423166475928156	1496.521319726482	1	0	1	2.290562737248009
135200.0	3000.0	1296.5213197265218	0.0	0	14.618606940901373	1496.5213197264238	1	0	1	2.8987603994102615
136406.70940609457	2000.0	1089.8119136319597	0.0	0	0.0	1496.5213197264238	1	0	1	2.290562737248015
137872.73562326995	2000.0	623.7856964565773	0.0	0	0.0	1496.5213197264238	1	0	1	2.6960278453561797
138712.17049802397	1000.0	784.3508217025417	0.0	0	0.0	1496.5213197264238	1	0	1	0.9631598939563168
139438.14071471395	1000.0	1058.3806050125927	0.0	0	0.0	1496.5213197264238	1	0	1	1.656307074516262
140249.01975528974	1000.0	1247.5015644367934	0.0	0	0.0	1496.5213197264238	1	0	1	1.656307074516262
141200.0	1000.0	1296.5213197265007	0.0	0	11.974943089851877	1496.521319726453	1	0	1	1.656307074516259
142200.0	1000.0	1296.5213197264916	0.0	0	584.5418369152176	1496.5213197264238	1	0	1	1.656307074516262
143200.0	1000.0	1296.5213197265	0.0	0	645.0629188265302	1496.5213197264238	1	0	1	1.656307074516262
144200.0	1000.0	1296.5213197264989	0.0	0	308.53699143169797	1496.5213197264238	1	0	1	1.656307074516262
145200.0	1000.0	1296.5213197264868	0.0	0	127.46509562668507	1496.5213197264238	1	0	1	1.656307074516262
146200.0	1000.0	1296.5213197264907	0.0	0	280.73281269922154	1496.521319726453	1	0	1	1.656307074516259
147200.0	1000.0	1296.521319726512	0.0	0	411.66322714686976	1496.521319726453	1	0	1	1.656307074516259
148200.0	1000.0	1296.52131972651	0.0	0	547.6706027258188	1496.521319726453	1	0	1	1.656307074516259
149200.0	1000.0	1296.5213197265389	0.0	0	671.2578293759143	1496.521319726482	1	0	1	1.6563070745162563
150200.0	1000.0	1296.5213197265662	0.0	0	482.9736029069463	1496.521319726482	1	0	1	1.6563070745162563
151200.0	1000.0	1296.5213197265557	0.0	0	277.53505224670516	1496.521319726482	1	0	1	1.6563070745162563
152200.0	1000.0	1296.5213197265375	0.0	0	360.25174247671384	1496.521319726453	1	0	1	1.656307074516259
153512.7243809127	2000.0	983.7969388138557	0.0	0	0.0	1496.521319726453	1	0	1	2.0028806647962316
154200.0	1000.0	1296.521319726527	0.0	0	61.131330613134196	1496.521319726453	1	0	1	0.9631598939563137
155200.0	1000.0	1296.5213197264986	0.0	0	571.0139696747356	1496.521319726453	1	0	1	1.656307074516259
156200.0	1000.0	1296.5213197265052	0.0	0	230.0560830726754	1496.521319726453	1	0	1	1.656307074516259
157200.0	1000.0	1296.5213197264986	0.0	0	184.69699978115386	1496.521319726453	1	0	1	1.656307074516259
158200.0	1000.0	1296.5213197265164	0.0	0	587.4881341798464	1496.521319726482	1	0	1	1.6563070745162563
159200.0	1000.0	1296.5213197265255	0.0	0	272.1824928102433	1496.521319726482	1	0	1	1.6563070745162563
160200.0	1000.0	1296.5213197265464	0.0	0	392.5623158060771	1496.521319726482	1	0	1	1.6563070745162563
161200.0	1000.0	1296.5213197265375	0.0	0	347.09639818264986	1496.521319726482	1	0	1	1.6563070745162563
162200.0	1000.0	1296.521319726537	0.0	0	653.1685148081451	1496.521319726482	1	0	1	1.6563070745162563
163200.0	1000.0	1296.5213197265239	0.0	0	304.45772560764453	1496.521319726482	1	0	1	1.6563070745162563
164200.0	1000.0	1296.5213197265327	0.0	0	528.3216799643706	1496.521319726482	1	0	1	1.6563070745162563
165200.0	1000.0	1296.5213197265243	0.0	0	492.61022017823416	1496.521319726482	1	0	1	1.6563070745162563
166200.0	1000.0	1296.521319726539	0.0	0	592.4414215635916	1496.521319726482	1	0	1	1.6563070745162545
167200.0	2000.0	1296.5213197265423	0.0	0	305.2342520576494	1496.5213197265111	1	0	1	2.002880664796226
168223.50553833332	2000.0	1273.0157813932265	0.0	0	0.0	1496.521319726482	1	0	1	2.6960278453561735
169418.56663916635	2000.0	1077.9546805601626	0.0	0	0.0	1496.521319726482	1	0	1	2.6960278453561735
170500.41009643898	2000.0	996.1112232875071	0.0	0	0.0	1496.521319726482	1	0	1	2.6960278453561735
171262.9762844333	2000.0	1233.5450352931607	0.0	0	0.0	1496.5213197265111	1	0	1	2.696027845356171
172402.15276012107	2000.0	1094.3685596053679	0.0	0	0.0	1496.5213197265402	1	0	1	2.696027845356168
173593.66011013807	2000.0	902.8612095883575	0.0	0	0.0	1496.5213197265402	1	0	1	2.696027845356168
174200.0	1000.0	1296.5213197264006	0.0	0	175.8978281909367	1496.5213197265111	1	0	1	0.963159893956308
175400.1722895809	2000.0	1096.3490301455138	0.0	0	0.0	1496.5213197265111	1	0	1	2.002880664796226
176200.0	1000.0	1296.5213197264343	0.0	0	253.50720591287245	1496.5213197265402	1	0	1	0.9631598939563062
177225.75535672583	2000.0	1270.7659630005796	0.0	0	0.0	1496.5213197265402	1	0	1	2.0028806647962227
178532.88749692764	2000.0	963.6338227987962	0.0	0	0.0	1496.5213197265693	1	0	1	2.6960278453561655
179200.0	1000.0	1296.521319726426	0.0	0	34.93680777400732	1496.5213197265693	1	0	1	0.9631598939563021
180200.0	2000.0	1296.521319726402	0.0	0	36.60269587664516	1496.5213197265402	1	0	1	2.0028806647962227
181384.96940598733	2000.0	1111.5519137390952	0.0	0	0.0	1496.5213197265111	1	0	1	2.696027845356171
182200.0	1000.0	1296.5213197263947	0.0	0	361.10540460867924	1496.5213197265111	1	0	1	0.963159893956308
183200.0	2000.0	1296.5213197263781	0.0	0	424.39291476173094	1496.5213197265111	1	0	1	2.002880664796227
184378.06640944854	2000.0	1118.454910277841	0.0	0	0.0	1496.521319726482	1	0	1	2.6960278453561735
185263.21209590742	2000.0	1233.3092238189695	0.0	0	0.0	1496.521319726482	1	0	1	2.6960278453561735
186211.45013068005	2000.0	1285.0711890463347	0.0	0	0.0	1496.521319726482	1	0	1	2.6960278453561735
187200.0	2000.0	1296.5213197263897	0.0	0	107.2943015670171	1496.521319726453	1	0	1	2.6960278453561757
188200.0	2000.0	1296.521319726401	0.0	0	430.7115212781355	1496.521319726453	1	0	1	2.696027845356177
189200.0	2000.0	1296.5213197264047	0.0	0	323.77857807741384	1496.521319726482	1	0	1	2.6960278453561752
190200.0	2000.0	1296.5213197264202	0.0	0	291.03426332667004	1496.521319726453	1	0	1	2.6960278453561752
191200.0	3000.0	1296.521319726414	0.0	0	292.44040432802285	1496.5213197264238	1	0	1	2.8987603994102624
192200.0	3000.0	1296.521319726377	0.0	0	20.166943775926484	1496.5213197264238	1	0	1	3.304225507518427
193511.2515449355	3000.0	985.2697747908618	0.0	0	0.0	1496.5213197264238	1	0	1	3.304225507518427
194501.94220790453	2000.0	994.5791118218507	0.0	0	0.0	1496.5213197264238	1	0	1	2.290562737248015
195200.0	2000.0	1296.5213197263927	0.0	0	68.19064983693534	1496.5213197264238	1	0	1	2.6960278453561797
196200.0	2000.0	1296.5213197264293	0.0	0	498.38010267718346	1496.521319726453	1	0	1	2.696027845356177
197200.0	2000.0	1296.5213197264566	0.0	0	346.19039506005356	1496.521319726482	1	0	1	2.6960278453561752
198200.0	2000.0	1296.5213197264527	0.0	0	111.3024782736029	1496.521319726482	1	0	1	2.6960278453561735
199218.49780836076	3000.0	1278.0235113656981	0.0	0	0.0	1496.521319726482	1	0	1	2.898760399410256
200640.90734345157	2000.0	855.6139762748762	0.0	0	0.0	1496.521319726482	1	0	1	2.290562737248009
201200.0	1000.0	1296.5213197264488	0.0	0	76.99554662356968	1496.521319726482	1	0	1	0.963159893956311
202200.0	2000.0	1296.5213197264268	0.0	0	362.91030522307847	1496.521319726482	1	0	1	2.0028806647962285
203200.0	2000.0	1296.5213197264325	0.0	0	381.7086884145974	1496.521319726482	1	0	1	2.6960278453561735
204200.0	2000.0	1296.5213197264582	0.0	0	315.1910441367945	1496.521319726453	1	0	1	2.696027845356177
205200.0	2000.0	1296.5213197264654	0.0	0	463.3310665260069	1496.521319726482	1	0	1	2.6960278453561735
206200.0	2000.0	1296.5213197264902	0.0	0	91.10513059789082	1496.521319726482	1	0	1	2.6960278453561735
207200.0	2000.0	1296.5213197264682	0.0	0	190.0055634281598	1496.521319726482	1	0	1	2.6960278453561735
208200.0	2000.0	1296.5213197264889	0.0	0	353.87636974526686	1496.521319726482	1	0	1	2.6960278453561735
209327.99583366633	3000.0	1168.5254860601567	0.0	0	0.0	1496.521319726482	1	0	1	2.898760399410256
210200.0	2000.0	1296.52131972644	0.0	0	357.5862597670348	1496.521319726453	1	0	1	2.2905627372480124
211200.0	2000.0	1296.5213197264143	0.0	0	284.77206965032383	1496.5213197264238	1	0	1	2.696027845356178
212200.0	2000.0	1296.521319726387	0.0	0	46.807409379049204	1496.5213197263947	1	0	1	2.6960278453561823
213200.0	2000.0	1296.5213197264045	0.0	0	113.18604448833503	1496.5213197264238	1	0	1	2.6960278453561806
214200.0	3000.0	1296.5213197263834	0.0	0	46.42141816642834	1496.5213197264238	1	0	1	2.8987603994102624
215200.0	2000.0	1296.521319726387	0.0	0	301.4894571977493	1496.5213197264238	1	0	1	2.290562737248015
216412.36994163468	2000.0	1084.1513780917417	0.0	0	0.0	1496.521319726453	1	0	1	2.6960278453561775
217679.27316471856	2000.0	817.2481550078599	0.0	0	0.0	1496.5213197264238	1	0	1	2.6960278453561797
218200.0	1000.0	1296.521319726456	0.0	0	70.08810379571514	1496.521319726453	1	0	1	0.9631598939563137
219200.0	2000.0	1296.521319726473	0.0	0	93.5817762472143	1496.521319726453	1	0	1	2.0028806647962316
220200.0	1000.0	1296.5213197264825	0.0	0	421.66732226728345	1496.521319726453	1	0	1	0.9631598939563137
221200.0	1000.0	1296.5213197264607	0.0	0	448.3609045227349	1496.5213197264238	1	0	1	1.6563070745162602
222200.0	1000.0	1296.5213197264723	0.0	0	340.1098098693765	1496.521319726453	1	0	1	1.6563070745162607
223200.0	1000.0	1296.5213197264898	0.0	0	356.62545961502474	1496.5213197264238	1	0	1	1.656307074516262
224200.0	1000.0	1296.5213197264775	0.0	0	385.8307067267597	1496.5213197264238	1	0	1	1.656307074516262
225200.0	1000.0	1296.5213197264704	0.0	0	133.88592685366166	1496.5213197264238	1	0	1	1.656307074516262
226200.0	1000.0	1296.5213197264918	0.0	0	103.30374290936743	1496.5213197263947	1	0	1	1.6563070745162647
227200.0	1000.0	1296.521319726494	0.0	0	501.62708339162054	1496.5213197263947	1	0	1	1.6563070745162647
228200.0	1000.0	1296.5213197264861	0.0	0	286.1355608320737	1496.5213197263947	1	0	1	1.6563070745162647
229200.0	1000.0	1296.5213197264698	0.0	0	464.31425398626016	1496.5213197263947	1	0	1	1.6563070745162647
230200.0	1000.0	1296.5213197264752	0.0	0	562.2171913638012	1496.5213197263947	1	0	1	1.6563070745162647
231200.0	1000.0	1296.521319726508	0.0	0	391.2075262753642	1496.5213197263947	1	0	1	1.6563070745162647
232200.0	1000.0	1296.521319726497	0.0	0	314.14027367631206	1496.5213197263947	1	0	1	1.6563070745162647
233200.0	1000.0	1296.5213197265414	0.0	0	554.9933068423707	1496.5213197263947	1	0	1	1.6563070745162647
234200.0	1000.0	1296.52131972657	0.0	0	251.37815374694765	1496.5213197264238	1	0	1	1.6563070745162638
235200.0	1000.0	1296.5213197265932	0.0	0	395.7258158379409	1496.521319726453	1	0	1	1.6563070745162607
236200.0	1000.0	1296.5213197265982	0.0	0	145.0551235851599	1496.521319726453	1	0	1	1.656307074516259
237200.0	1000.0	1296.5213197265973	0.0	0	605.9363325769373	1496.521319726482	1	0	1	1.6563070745162563
238200.0	1000.0	1296.5213197265787	0.0	0	527.1642714426271	1496.521319726482	1	0	1	1.6563070745162563
239200.0	1000.0	1296.5213197265816	0.0	0	436.76867338619195	1496.521319726482	1	0	1	1.6563070745162563
240200.0	1000.0	1296.5213197265323	0.0	0	346.67923616737244	1496.521319726453	1	0	1	1.6563070745162571
241200.0	1000.0	1296.521319726567	0.0	0	326.8954239380255	1496.521319726482	1	0	1	1.656307074516258
242200.0	1000.0	1296.5213197265819	0.0	0	540.2406200878904	1496.5213197265111	1	0	1	1.656307074516255
243200.0	1000.0	1296.5213197265962	0.0	0	364.01441040990176	1496.5213197265111	1	0	1	1.6563070745162531
244200.0	1000.0	1296.5213197265948	0.0	0	333.6036191768944	1496.5213197265402	1	0	1	1.6563070745162518
245200.0	1000.0	1296.5213197265962	0.0	0	564.2185155941406	1496.5213197265402	1	0	1	1.6563070745162503
246200.0	2000.0	1296.5213197265948	0.0	0	395.77093673739	1496.5213197265402	1	0	1	2.0028806647962227
247390.7285845326	2000.0	1105.7927351939866	0.0	0	0.0	1496.5213197265111	1	0	1	2.69602784535617
248276.59950881993	2000.0	1219.9218109066503	0.0	0	0.0	1496.5213197265111	1	0	1	2.696027845356171
249280.65126547558	2000.0	1215.8700542509887	0.0	0	0.0	1496.521319726482	1	0	1	2.6960278453561735
250200.0	2000.0	1296.521319726571	0.0	0	297.80547060322715	1496.521319726453	1	0	1	2.6960278453561752
251200.0	2000.0	1296.5213197265825	0.0	0	229.9579390269646	1496.521319726482	1	0	1	2.6960278453561752
252200.0	2000.0	1296.5213197265546	0.0	0	540.2902488363616	1496.5213197265111	1	0	1	2.6960278453561726
253200.0	3000.0	1296.5213197265382	0.0	0	452.2837335479853	1496.521319726482	1	0	1	2.8987603994102544
254200.0	3000.0	1296.5213197265523	0.0	0	376.88327168358956	1496.521319726482	1	0	1	3.304225507518421
255200.0	3000.0	1296.5213197265412	0.0	0	227.48387766617816	1496.521319726482	1	0	1	3.304225507518421
256804.28095992445	3000.0	692.240359802088	0.0	0	0.0	1496.521319726482	1	0	1	3.304225507518421
257604.34656052172	2000.0	892.1747592048107	0.0	0	0.0	1496.521319726453	1	0	1	2.2905627372480124
258425.9002246183	2000.0	1070.6210951082605	0.0	0	0.0	1496.5213197264238	1	0	1	2.6960278453561797
259200.0	2000.0	1296.5213197265473	0.0	0	170.07437220748398	1496.5213197264238	1	0	1	2.6960278453561797
260200.0	2000.0	1296.5213197265582	0.0	0	406.1938815545582	1496.5213197264238	1	0	1	2.6960278453561797
261200.0	2000.0	1296.5213197265732	0.0	0	413.00851668126415	1496.5213197264238	1	0	1	2.6960278453561797
262200.0	3000.0	1296.5213197265707	0.0	0	156.3289787680842	1496.5213197264238	1	0	1	2.8987603994102624
263200.0	2000.0	1296.5213197265596	0.0	0	111.60535626061028	1496.5213197263947	1	0	1	2.2905627372480173
264200.0	2000.0	1296.5213197265414	0.0	0	377.8825961408438	1496.5213197263074	1	0	1	2.696027845356187
265790.43148267217	2000.0	706.0898370543996	0.0	0	0.0	1496.5213197263656	1	0	1	2.6960278453561854
266225.34148294723	1000.0	1271.1798367793135	0.0	0	0.0	1496.5213197263074	1	0	1	0.9631598939563284
267200.0	2000.0	1296.5213197266155	0.0	0	366.39064143784344	1496.5213197263656	1	0	1	2.0028806647962405
268200.0	2000.0	1296.5213197266473	0.0	0	408.6474874553387	1496.5213197263656	1	0	1	2.6960278453561854
269200.0	2000.0	1296.5213197266867	0.0	0	454.0967957690009	1496.5213197263656	1	0	1	2.6960278453561854
270200.0	2000.0	1296.521319726686	0.0	0	447.2598663108656	1496.5213197263656	1	0	1	2.6960278453561854
271200.0	3000.0	1296.5213197267285	0.0	0	258.76487270224607	1496.5213197263074	1	0	1	2.8987603994102704
272391.22442978766	3000.0	1105.2968899390548	0.0	0	0.0	1496.5213197262492	1	0	1	3.3042255075184426
273780.56765038526	3000.0	715.9536693414664	0.0	0	0.0	1496.521319726191	1	0	1	3.30422550751845
274275.3037529131	1000.0	1221.217566813588	0.0	0	0.0	1496.5213197262492	1	0	1	0.5576947858481696
275207.8945386482	2000.0	1288.6267810784193	0.0	0	0.0	1496.521319726191	1	0	1	2.002880664796257
276200.0	2000.0	1296.521319726554	0.0	0	361.62656022259034	1496.5213197261328	1	0	1	2.696027845356205
277200.0	2000.0	1296.52131972653	0.0	0	298.2615726983058	1496.5213197261328	1	0	1	2.6960278453562085
278200.0	2000.0	1296.521319726474	0.0	0	75.08936413895572	1496.5213197261328	1	0	1	2.6960278453562085
279200.0	2000.0	1296.52131972643	0.0	0	367.7555487822974	1496.5213197261328	1	0	1	2.6960278453562085
280200.0	2000.0	1296.521319726424	0.0	0	293.38955162855564	1496.5213197260746	1	0	1	2.696027845356211
281200.0	2000.0	1296.5213197265089	0.0	0	485.6970268198056	1496.5213197261328	1	0	1	2.6960278453562085
282445.5050795513	3000.0	1051.0162401752273	0.0	0	0.0	1496.5213197261328	1	0	1	2.898760399410291
283307.4456013184	2000.0	1189.0757184081413	0.0	0	0.0	1496.5213197261328	1	0	1	2.290562737248044
285644.52092833864	3000.0	200.0	347.9996086121417	0	0.0	1844.5209283382283	1	0	1	0.8028362273790308
285980.0954388852	300.0	847.6359203889101	15.243529081935836	0	0.0	1827.7313592741266	1	0	2	-2.9775129111055607
286571.13560341287	1000.0	1197.4917394085146	0.0	0	0.0	1768.62734282139	1	0	2	0.2236576393082681
287373.4413375862	1000.0	1314.9554318179096	0.0	0	0.0	1688.396769404062	1	0	2	1.4350721676876046
288200.0	1000.0	1488.3967694041219	0.0	0	214.0175857602735	1688.3967694040039	1	0	1	1.4371195295485037
289200.0	1000.0	1488.396769404105	0.0	0	185.06496874056756	1688.3967694040039	1	0	1	1.637119529548504
290200.0	1000.0	1488.3967694040487	0.0	0	254.19107924413402	1688.3967694039457	1	0	1	1.6371195295485097
291200.0	1000.0	1488.396769404118	0.0	0	318.89020703930873	1688.3967694040039	1	0	1	1.6371195295485075
292200.0	2000.0	1488.3967694041428	0.0	0	392.0290585872135	1688.3967694040039	1	0	1	1.9836931198284766
293200.0	1000.0	1488.3967694041457	0.0	0	469.94025423179846	1688.3967694039457	1	0	1	0.9439723489885645
294200.0	1000.0	1488.3967694041978	0.0	0	342.91690532368375	1688.3967694040039	1	0	1	1.6371195295485075
295231.9303263111	1000.0	1456.4664430931937	0.0	0	0.0	1688.3967694040039	1	0	1	1.637119529548504
296200.0	1000.0	1488.3967694043101	0.0	0	247.01103948464151	1688.3967694040039	1	0	1	1.637119529548504
297200.0	1000.0	1488.3967694042524	0.0	0	387.8109799082158	1688.3967694039457	1	0	1	1.6371195295485097
298200.0	2000.0	1488.3967694041623	0.0	0	94.49154647247633	1688.3967694039457	1	0	1	1.9836931198284826
299200.0	1000.0	1488.3967694042421	0.0	0	669.2597223839257	1688.3967694039457	1	0	1	0.9439723489885645
300200.0	1000.0	1488.396769404186	0.0	0	466.2598477875581	1688.3967694038874	1	0	1	1.637119529548512
301210.61745347356	2000.0	1477.779315930681	0.0	0	0.0	1688.3967694038874	1	0	1	1.9836931198284882
302215.69782536046	2000.0	1472.6989440437974	0.0	0	0.0	1688.3967694038874	1	0	1	2.6768403003884336
303239.3326973779	2000.0	1449.0640720263739	0.0	0	0.0	1688.3967694038874	1	0	1	2.6768403003884336
304544.88093377446	2000.0	1143.5158356298605	0.0	0	0.0	1688.3967694038874	1	0	1	2.6768403003884336
305200.0	1000.0	1488.3967694042785	0.0	0	191.96827898430638	1688.3967694038292	1	0	1	0.9439723489885762
306200.0	1000.0	1488.3967694043035	0.0	0	447.39480805420317	1688.3967694038292	1	0	1	1.6371195295485212
307200.0	1000.0	1488.3967694043254	0.0	0	523.3211380147841	1688.3967694038292	1	0	1	1.6371195295485212
308200.0	1000.0	1488.3967694043524	0.0	0	253.62214997550473	1688.3967694038874	1	0	1	1.6371195295485155
309200.0	1000.0	1488.3967694043158	0.0	0	324.9705070134951	1688.3967694039457	1	0	1	1.6371195295485097
310200.0	1000.0	1488.3967694042824	0.0	0	408.93079541949555	1688.3967694038874	1	0	1	1.6371195295485155
311200.0	1000.0	1488.3967694043045	0.0	0	438.5716738323099	1688.3967694038874	1	0	1	1.6371195295485155
312200.0	1000.0	1488.3967694043033	0.0	0	359.95360386394896	1688.3967694038292	1	0	1	1.6371195295485177
2.18	1.88	2.43	2.37	2.86	1.97	2.18	2.28	1.84	2.57	1.81	1.87	1.99	2.88	2.05	1.89	2.06	1.97	2.59	2.95	2.19	2.33	2.49	2.8	2.71	3.23	4.03	3.95	2.62	2.5	2.14	2.93	3.97	3.31	2.65	2.36	2.25	1.59	2.44	3.15	3.13	3.01	2.99	2.15	2.86	2.63	3.65	3.17	2.24	2.94	3.21	3.0	1.66	1.78	2.19	1.82	1.77	1.64	1.68	1.39	1.9	0.89	0.87	1.91	1.27	1.93	2.17	1.81	1.8	2.28	1.7	1.49	1.47	2.09	2.63	1.93	1.83	1.66	1.98	2.1	1.78	2.84	3.61	2.0	1.89	1.85	2.57	3.16	4.45	5.66	6.78	3.79	1.78	2.39	2.32	2.36	3.31	3.27	2.92	2.44	3.3	1.34	1.68	2.88	3.89	5.03	3.75	3.44	3.08	2.17	1.96	2.63	2.43	2.64	2.46	2.7	3.82	4.19	2.92	2.82	2.75	1.83	0.97	1.47	1.58	1.92	1.16	1.78	2.58	2.05	1.61	1.0	1.52	1.64	2.33	2.69	1.88	1.99	2.05	1.46	2.03	1.89	1.59	2.18	1.73	1.27	1.56	2.51	1.84	2.19	2.18	1.88	2.43	2.37	2.86	1.97	2.18	2.28	1.84	2.57	1.81	1.87	1.99	2.88	2.05	1.89	2.06	1.97	2.59	2.95	2.19	2.33	2.49	2.8	2.71	3.23	4.03	3.95	2.62	2.5	2.14	2.93	3.97	3.31	2.65	2.36	2.25	1.59	2.44	3.15	3.13	3.01	2.99	2.15	2.86	2.63	3.65	3.17	2.24	2.94	3.21	3.0	1.66	1.78	2.19	1.82	1.77	1.64	1.68	1.39	1.9	0.89	0.87	1.91	1.27	1.93	2.17	1.81	1.8	2.28	1.7	1.49	1.47	2.09	2.63	1.93	1.83	1.66	1.98	2.1	1.78	2.84	3.61	2.0	1.89	1.85	2.57	3.16	4.45	5.66	6.78	3.79	1.78	2.39	2.32	2.36	3.31	3.27	2.92	2.44	3.3	1.34	1.68	2.88	3.89	5.03	3.75	3.44	3.08	2.17	1.96	2.63	2.43	2.64	2.46	2.7	3.82	4.19	2.92	2.82	2.75	1.83	0.97	1.47	1.58	1.92	1.16	1.78	2.58	2.05	1.61	1.0	1.52	1.64	2.33	2.69	1.88	1.99	2.05	1.46	2.03	1.89	1.59	2.18	1.73	1.27	1.56	2.51	1.84	2.19	2.18	1.88	2.43	2.37	2.86	1.97	2.18	2.28	1.84	2.57	1.81	1.87	1.99	2.88
1.0	2.0	3.0	4.0	5.0	6.0	7.0	8.0	9.0	10.0	11.0	12.0	13.0	14.0	15.0	16.0	17.0	18.0	19.0	20.0	21.0	22.0	23.0	24.0	25.0	26.0	27.0	28.0	29.0	30.0	31.0	32.0	33.0	34.0	35.0	36.0	37.0	38.0	39.0	40.0	41.0	42.0	43.0	44.0	45.0	46.0	47.0	48.0	49.0	50.0	51.0	52.0	53.0	54.0	55.0	56.0	57.0	58.0	59.0	60.0	61.0	62.0	63.0	64.0	65.0	66.0	67.0	68.0	69.0	70.0	71.0	72.0	73.0	74.0	75.0	76.0	77.0	78.0	79.0	80.0	81.0	82.0	83.0	84.0	85.0	86.0	87.0	88.0	89.0	90.0	91.0	92.0	93.0	94.0	95.0	96.0	97.0	98.0	99.0	100.0	101.0	102.0	103.0	104.0	105.0	106.0	107.0	108.0	109.0	110.0	111.0	112.0	113.0	114.0	115.0	116.0	117.0	118.0	119.0	120.0	121.0	122.0	123.0	124.0	125.0	126.0	127.0	128.0	129.0	130.0	131.0	132.0	133.0	134.0	135.0	136.0	137.0	138.0	139.0	140.0	141.0	142.0	143.0	144.0	145.0	146.0	147.0	148.0	149.0	149.0	150.0	151.0	152.0	153.0	154.0	155.0	156.0	157.0	158.0	159.0	160.0	161.0	162.0	163.0	164.0	165.0	166.0	167.0	168.0	169.0	170.0	171.0	172.0	173.0	174.0	175.0	176.0	177.0	178.0	179.0	180.0	181.0	182.0	183.0	184.0	185.0	186.0	187.0	188.0	189.0	190.0	191.0	192.0	193.0	194.0	195.0	196.0	197.0	198.0	199.0	200.0	201.0	202.0	203.0	204.0	205.0	206.0	207.0	208.0	209.0	210.0	211.0	212.0	213.0	214.0	215.0	216.0	217.0	218.0	219.0	220.0	221.0	222.0	223.0	224.0	225.0	226.0	227.0	228.0	229.0	230.0	231.0	232.0	233.0	234.0	235.0	236.0	237.0	238.0	239.0	240.0	241.0	242.0	243.0	244.0	245.0	246.0	247.0	248.0	249.0	250.0	251.0	252.0	253.0	254.0	255.0	256.0	257.0	258.0	259.0	260.0	261.0	262.0	263.0	264.0	265.0	266.0	267.0	268.0	269.0	270.0	271.0	272.0	273.0	274.0	275.0	276.0	277.0	278.0	279.0	280.0	281.0	282.0	283.0	284.0	285.0	286.0	287.0	288.0	289.0	290.0	291.0	292.0	293.0	294.0	295.0	296.0	297.0	298.0	298.0	299.0	300.0	301.0	302.0	303.0	304.0	305.0	306.0	307.0	308.0	309.0	310.0	311.0	312.0
2189.232280600354
