2707.1080141143666	300.0	2000.0	112.52457257250374	0	0.0	2707.1080141143666	1	0	1	-0.943696772456579
5200.0	3000.0	407.09999999999974	0.0	0	227.52702026857696	607.0999999999995	1	0	2	0.6869690546174866
6200.0	1000.0	2507.1000000000004	0.0	0	658.1392883621638	2707.1	1	0	0	0.040636917820794316
9273.623258321899	3000.0	326.1144158459096	0.0	0	0.0	599.737674167809	1	0	2	1.692058121089401
10200.0	500.0	2492.3753483356177	0.0	0	680.667134782896	2692.3753483356186	1	0	0	-1.690774507835036
13411.320132935933	3000.0	283.70854140194103	112.53212663259	0	0.0	695.0286743378747	1	0	2	0.31410769022382
14200.0	500.0	2573.89666104428	0.0	0	479.5281766659973	2773.896661044282	1	0	0	-1.6992730579061048
17567.488216861686	3000.0	219.06161298459313	135.81999135288174	0	0.0	786.5498298462808	1	0	2	0.16495654263876514
18200.0	300.0	2649.801008160112	0.0	0	467.8856473726337	2849.8010081601133	1	0	0	-2.9842443713326556
21332.665492080654	3000.0	403.8689668713921	0.0	0	0.0	736.53445895205	1	0	2	0.4745384792136623
22200.0	500.0	2623.26790974398	0.0	0	681.5319720914413	2823.267909743983	1	0	0	-1.7039118955372947
25494.19309212073	3000.0	210.2892187373503	9.667009387432586	0	0.0	704.4823108580895	1	0	2	0.9299853282292104
26200.0	300.0	2575.0630016460073	0.0	0	480.42322404885635	2775.0630016460163	1	0	0	-2.9766112710011114
30360.96323847796	3000.0	200.0	910.9059642543175	0	0.0	1560.9632384779616	1	0	2	-5.049247766502436
30574.72432519025	300.0	986.2389132877142	0.0	0	0.0	1560.9632384779616	1	0	1	-2.6586814168418424
31533.13389445347	1000.0	1027.8293440244956	0.0	0	0.0	1560.9632384779616	1	0	1	0.445890078315172
32200.0	1000.0	1360.963238477963	0.0	0	23.328703696432058	1560.9632384779616	1	0	1	1.6498628826411084
33200.0	1000.0	1360.9632384779613	0.0	0	256.65406247347346	1560.963238477958	1	0	1	1.6498628826411084
34200.0	1000.0	1360.9632384779622	0.0	0	474.136705505829	1560.963238477958	1	0	1	1.6498628826411088
35200.0	1000.0	1360.9632384779582	0.0	0	577.8504115282703	1560.9632384779543	1	0	1	1.6498628826411088
36200.0	1000.0	1360.963238477956	0.0	0	333.3567088730124	1560.963238477947	1	0	1	1.6498628826411097
37200.0	1000.0	1360.9632384779595	0.0	0	525.3761961997297	1560.963238477947	1	0	1	1.6498628826411097
38200.0	1000.0	1360.9632384779577	0.0	0	625.4878666497534	1560.963238477947	1	0	1	1.6498628826411097
39200.0	2000.0	1360.9632384779595	0.0	0	123.09039480990032	1560.963238477947	1	0	1	1.9964364729210824
40200.0	2000.0	1360.96323847796	0.0	0	329.42770084564836	1560.9632384779543	1	0	1	2.689583653481027
41200.0	2000.0	1360.9632384779616	0.0	0	392.2752797669018	1560.9632384779616	1	0	1	2.6895836534810256
42486.02186762514	3000.0	1074.9413708528214	0.0	0	0.0	1560.9632384779616	1	0	1	2.8923162075351083
43480.037553962145	2000.0	1080.9256845158134	0.0	0	0.0	1560.9632384779688	1	0	1	2.2841185453728605
44654.46733597178	2000.0	906.4959025061812	0.0	0	0.0	1560.9632384779688	1	0	1	2.689583653481025
45200.0	1000.0	1360.9632384779502	0.0	0	216.60192146382906	1560.9632384779688	1	0	1	0.9567157020811623
46241.97445011816	2000.0	1318.9887883597871	0.0	0	0.0	1560.9632384779761	1	0	1	1.9964364729210795
47460.86424340693	2000.0	1100.0989950710164	0.0	0	0.0	1560.9632384779688	1	0	1	2.6895836534810247
48200.0	1000.0	1360.9632384779507	0.0	0	123.1664119899142	1560.9632384779688	1	0	1	0.9567157020811623
49926.01988413886	2000.0	634.9433543390879	0.0	0	0.0	1560.9632384779688	1	0	1	1.9964364729210802
51103.34476238836	1000.0	457.61847608959124	0.0	0	0.0	1560.9632384779688	1	0	1	0.9567157020811623
51566.5994587255	500.0	994.363779752453	0.0	0	0.0	1560.9632384779688	1	0	1	-0.08300506875875613
52249.974072960955	1000.0	1310.9891655169963	0.0	0	0.0	1560.9632384779688	1	0	1	0.9567157020811621
53200.0	1000.0	1360.9632384779532	0.0	0	390.04975697107875	1560.9632384779688	1	0	1	1.6498628826411075
54200.0	1000.0	1360.9632384779507	0.0	0	649.7762982432178	1560.9632384779761	1	0	1	1.6498628826411066
55200.0	1000.0	1360.963238477954	0.0	0	613.1001478998223	1560.9632384779761	1	0	1	1.6498628826411066
56200.0	1000.0	1360.96323847795	0.0	0	381.32578917132923	1560.9632384779688	1	0	1	1.6498628826411075
57255.77891436003	2000.0	1305.184324117921	0.0	0	0.0	1560.9632384779688	1	0	1	1.9964364729210802
58200.0	2000.0	1360.9632384779472	0.0	0	1.719307304425456	1560.9632384779688	1	0	1	2.689583653481025
59200.0	2000.0	1360.963238477955	0.0	0	55.14953794491885	1560.9632384779688	1	0	1	2.689583653481025
60200.0	2000.0	1360.9632384779554	0.0	0	538.5909620748644	1560.9632384779761	1	0	1	2.6895836534810247
61200.0	3000.0	1360.9632384779566	0.0	0	130.245677589126	1560.9632384779761	1	0	1	2.892316207535107
62329.77527623944	2000.0	1231.1879622385122	0.0	0	0.0	1560.9632384779761	1	0	1	2.28411854537286
63496.31854858454	2000.0	1064.6446898934078	0.0	0	0.0	1560.9632384779761	1	0	1	2.6895836534810247
64453.967563487	2000.0	1106.9956749909409	0.0	0	0.0	1560.9632384779761	1	0	1	2.6895836534810247
65331.62430361492	2000.0	1229.338934863032	0.0	0	0.0	1560.9632384779761	1	0	1	2.6895836534810247
66416.93596491328	2000.0	1144.027273564682	0.0	0	0.0	1560.9632384779907	1	0	1	2.6895836534810234
67221.75390682789	2000.0	1339.2093316500839	0.0	0	0.0	1560.963238477998	1	0	1	2.689583653481023
68274.85668970502	2000.0	1286.1065487729447	0.0	0	0.0	1560.963238477998	1	0	1	2.6895836534810225
69200.0	2000.0	1360.9632384779463	0.0	0	92.45824210399587	1560.963238477998	1	0	1	2.6895836534810225
70200.0	2000.0	1360.9632384779457	0.0	0	251.72511856495112	1560.963238477998	1	0	1	2.6895836534810225
71200.0	2000.0	1360.9632384779497	0.0	0	372.61087952273374	1560.963238477998	1	0	1	2.6895836534810225
72368.6101029979	3000.0	1192.3531354800457	0.0	0	0.0	1560.963238477998	1	0	1	2.8923162075351048
73200.0	2000.0	1360.963238477936	0.0	0	40.61745105056616	1560.963238477998	1	0	1	2.284118545372858
75265.03688067055	3000.0	295.9263578073824	0.0	0	0.0	1560.9632384779834	1	0	1	2.8923162075351057
75565.56928478605	500.0	995.3939536919019	0.0	0	0.0	1560.9632384779834	1	0	1	-1.1816173574268678
76200.0	1000.0	1360.9632384779625	0.0	0	25.21868311484286	1560.9632384779834	1	0	1	0.9567157020811609
77200.0	2000.0	1360.9632384779495	0.0	0	163.24199052479526	1560.9632384779688	1	0	1	1.9964364729210802
78200.0	2000.0	1360.9632384779634	0.0	0	431.58099311256956	1560.9632384779688	1	0	1	2.689583653481025
79200.0	2000.0	1360.963238477976	0.0	0	366.59074347585556	1560.9632384779688	1	0	1	2.689583653481025
80217.20337348928	3000.0	1343.7598649887157	0.0	0	45.79912565909035	1560.9632384779688	1	0	1	2.8923162075351074
81311.6318428323	2000.0	1249.331395645699	0.0	0	0.0	1560.963238477998	1	0	1	2.2841185453728583
82259.54765152879	2000.0	1301.4155869492245	0.0	0	0.0	1560.9632384780125	1	0	1	2.6895836534810207
83200.0	2000.0	1360.9632384780336	0.0	0	66.25607317975664	1560.9632384780125	1	0	1	2.6895836534810207
84407.280677012	3000.0	1153.6825614660345	0.0	0	0.0	1560.9632384780125	1	0	1	2.892316207535103
85533.81397520065	2000.0	1027.1492632773893	0.0	0	0.0	1560.963238478027	1	0	1	2.284118545372855
86234.27723938381	2000.0	1326.6859990942273	0.0	0	0.0	1560.963238478027	1	0	1	2.68958365348102
87200.0	3000.0	1360.9632384780296	0.0	0	293.10076518321875	1560.963238478027	1	0	1	2.892316207535102
88200.0	2000.0	1360.963238478036	0.0	0	413.88420702086296	1560.9632384780125	1	0	1	2.284118545372856
89390.18221064207	3000.0	1170.7810278359757	0.0	0	0.0	1560.9632384780125	1	0	1	2.892316207535103
90736.69021661692	3000.0	824.2730218611496	0.0	0	0.0	1560.9632384780125	1	0	1	3.2977813156432676
91609.22984640532	2000.0	951.7333920727441	0.0	0	0.0	1560.9632384780125	1	0	1	2.284118545372856
92200.0	2000.0	1360.9632384780577	0.0	0	77.23351446446031	1560.9632384780125	1	0	1	2.6895836534810207
93200.0	3000.0	1360.9632384780593	0.0	0	107.08088209637208	1560.9632384780125	1	0	1	2.892316207535103
94612.51697341035	3000.0	948.4462650676984	0.0	0	0.0	1560.9632384780125	1	0	1	3.2977813156432676
95686.46548374058	2000.0	874.497754737486	0.0	0	0.0	1560.963238478027	1	0	1	2.284118545372855
96718.92508399588	2000.0	842.0381544821762	0.0	0	0.0	1560.963238478027	1	0	1	2.68958365348102
97401.82058212122	1000.0	1159.1426563568384	0.0	0	0.0	1560.963238478027	1	0	1	0.9567157020811564
98200.0	1000.0	1360.963238478056	0.0	0	68.9462745681958	1560.9632384780125	1	0	1	1.649862882641103
99200.0	1000.0	1360.9632384780448	0.0	0	84.55146715737646	1560.9632384780125	1	0	1	1.649862882641103
100200.0	1000.0	1360.9632384780457	0.0	0	445.0061611699348	1560.9632384780125	1	0	1	1.649862882641103
101206.43367532411	1000.0	1354.5295631539352	0.0	0	0.0	1560.9632384780125	1	0	1	1.649862882641103
102200.0	1000.0	1360.963238478026	0.0	0	477.52727751126804	1560.963238477998	1	0	1	1.6498628826411046
103200.0	1000.0	1360.963238478036	0.0	0	567.3341399119672	1560.963238477998	1	0	1	1.6498628826411046
104200.0	1000.0	1360.9632384780393	0.0	0	629.8854112897097	1560.963238477998	1	0	1	1.6498628826411046
105200.0	2000.0	1360.963238478047	0.0	0	6.357410481214174	1560.963238477998	1	0	1	1.9964364729210773
106200.0	2000.0	1360.9632384780355	0.0	0	196.7089383515122	1560.963238477998	1	0	1	2.6895836534810225
107213.8492044006	2000.0	1347.114034077439	0.0	0	0.0	1560.963238477998	1	0	1	2.6895836534810225
108200.0	2000.0	1360.9632384780252	0.0	0	330.6071950371843	1560.963238477998	1	0	1	2.6895836534810225
109200.0	3000.0	1360.9632384780145	0.0	0	232.37825422233436	1560.9632384779834	1	0	1	2.892316207535106
111069.34008830981	3000.0	491.6231501682013	0.0	0	0.0	1560.9632384779688	1	0	1	3.297781315643272
111605.89416965054	1000.0	955.0690688274758	0.0	0	0.0	1560.9632384779834	1	0	1	0.5512505939729961
112459.79228226093	2000.0	1101.1709562170863	0.0	0	0.0	1560.9632384779834	1	0	1	1.9964364729210784
113293.03914329906	2000.0	1267.9240951789739	0.0	0	0.0	1560.9632384779834	1	0	1	2.689583653481024
114200.0	2000.0	1360.9632384780273	0.0	0	280.93669650556694	1560.963238477998	1	0	1	2.6895836534810225
115200.0	2000.0	1360.9632384780143	0.0	0	263.13742874930904	1560.9632384779834	1	0	1	2.689583653481024
116257.27903756936	3000.0	1303.6842009086479	0.0	0	0.0	1560.9632384779834	1	0	1	2.892316207535106
117638.50359841267	2000.0	922.4596400653286	0.0	0	0.0	1560.9632384779834	1	0	1	2.284118545372859
118200.0	1000.0	1360.963238477987	0.0	0	37.23914005543338	1560.9632384779688	1	0	1	0.9567157020811623
119200.0	2000.0	1360.9632384779827	0.0	0	390.8884117424168	1560.9632384779688	1	0	1	1.9964364729210802
120365.82002442359	2000.0	1195.1432140544075	0.0	0	0.0	1560.9632384779834	1	0	1	2.689583653481024
121462.6182605874	2000.0	1098.3449778906083	0.0	0	0.0	1560.963238477998	1	0	1	2.6895836534810225
122234.3664448396	1000.0	1326.5967936383927	0.0	0	0.0	1560.963238477998	1	0	1	0.9567157020811594
123539.11755003991	2000.0	1021.8456884380769	0.0	0	0.0	1560.963238477998	1	0	1	1.9964364729210773
124200.0	1000.0	1360.9632384779998	0.0	0	227.62440874098684	1560.963238477998	1	0	1	0.9567157020811594
125200.0	2000.0	1360.9632384780025	0.0	0	441.2211035887449	1560.963238477998	1	0	1	1.9964364729210773
126309.7624654485	2000.0	1251.2007730295077	0.0	0	0.0	1560.9632384780125	1	0	1	2.6895836534810207
127398.73691752194	2000.0	1162.2263209560506	0.0	0	0.0	1560.9632384780125	1	0	1	2.6895836534810207
128358.273098672	2000.0	1202.6901398059858	0.0	0	0.0	1560.9632384780125	1	0	1	2.6895836534810207
129252.55143176035	2000.0	1308.4118067176248	0.0	0	0.0	1560.963238477998	1	0	1	2.6895836534810225
130200.0	2000.0	1360.9632384779775	0.0	0	130.44506299315253	1560.963238477998	1	0	1	2.6895836534810225
131559.43612172434	2000.0	1001.5271167536205	0.0	0	0.0	1560.9632384779834	1	0	1	2.689583653481023
132460.8380543754	2000.0	1100.125184102563	0.0	0	0.0	1560.9632384779688	1	0	1	2.6895836534810256
133273.1768058574	2000.0	1287.7864326205472	0.0	0	0.0	1560.9632384779688	1	0	1	2.689583653481025
134200.0	2000.0	1360.963238477932	0.0	0	101.08676553456462	1560.9632384779397	1	0	1	2.6895836534810282
135252.1730789631	2000.0	1308.7901595148367	0.0	0	0.0	1560.9632384779397	1	0	1	2.6895836534810282
136278.93236054957	2000.0	1282.0308779283873	0.0	0	0.0	1560.9632384779397	1	0	1	2.6895836534810282
137210.14484035736	2000.0	1350.8183981205684	0.0	0	0.0	1560.9632384779106	1	0	1	2.6895836534810313
138200.0	2000.0	1360.9632384779122	0.0	0	29.957023677998222	1560.9632384779106	1	0	1	2.6895836534810313
139200.0	2000.0	1360.963238477911	0.0	0	258.2685057145136	1560.9632384778815	1	0	1	2.689583653481034
140203.32034973684	2000.0	1357.6428887410852	0.0	0	51.04430778793176	1560.9632384778815	1	0	1	2.689583653481034
141984.87615123036	3000.0	576.0870872475301	0.0	0	0.0	1560.9632384778524	1	0	1	2.892316207535117
142601.04345259786	1000.0	959.9197858800634	0.0	0	0.0	1560.9632384778524	1	0	1	0.5512505939730092
143200.0	1000.0	1360.963238477901	0.0	0	31.22973902715603	1560.9632384778233	1	0	1	1.6498628826411215
144200.0	2000.0	1360.9632384779027	0.0	0	240.25379953553784	1560.9632384778233	1	0	1	1.9964364729210944
145200.0	2000.0	1360.963238477895	0.0	0	401.7940426672576	1560.9632384778233	1	0	1	2.68958365348104
146200.0	2000.0	1360.9632384779009	0.0	0	559.9303349041438	1560.9632384778233	1	0	1	2.68958365348104
147200.0	2000.0	1360.9632384778945	0.0	0	110.50082570142695	1560.9632384778524	1	0	1	2.689583653481037
148256.98122656564	3000.0	1303.9820119122685	0.0	0	0.0	1560.9632384778524	1	0	1	2.8923162075351194
149624.99612368728	3000.0	935.9671147906176	0.0	0	0.0	1560.9632384778524	1	0	1	3.297781315643284
150476.58587739308	2000.0	1084.377361084817	0.0	0	0.0	1560.9632384778233	1	0	1	2.284118545372875
151200.0	2000.0	1360.9632384779347	0.0	0	16.867003732855665	1560.9632384778233	1	0	1	2.68958365348104
152200.0	2000.0	1360.9632384779095	0.0	0	376.3470951380732	1560.9632384778233	1	0	1	2.68958365348104
153200.0	3000.0	1360.9632384779145	0.0	0	65.94399198275642	1560.9632384778233	1	0	1	2.892316207535122
154317.2335996861	3000.0	1243.7296387918602	0.0	0	0.0	1560.9632384778524	1	0	1	3.297781315643284
155443.44547495953	3000.0	1117.5177635184266	0.0	0	0.0	1560.9632384778233	1	0	1	3.2977813156432867
156458.87316621337	3000.0	1102.0900722646081	0.0	0	0.0	1560.9632384778233	1	0	1	3.2977813156432867
157525.67449099984	3000.0	1035.2887474781105	0.0	0	0.0	1560.9632384778233	1	0	1	3.2977813156432867
158281.0534198619	2000.0	1279.9098186160074	0.0	0	0.0	1560.9632384778233	1	0	1	2.284118545372875
159394.0820367797	2000.0	1166.8812016982242	0.0	0	0.0	1560.9632384778233	1	0	1	2.68958365348104
160200.0	2000.0	1360.9632384779516	0.0	0	50.1765843204048	1560.9632384778233	1	0	1	2.68958365348104
161372.56182555354	3000.0	1188.4014129244224	0.0	0	0.0	1560.9632384778233	1	0	1	2.892316207535122
162602.84625716702	2000.0	958.1169813109178	0.0	0	0.0	1560.9632384778233	1	0	1	2.284118545372875
163200.0	1000.0	1360.963238477924	0.0	0	95.70167608538759	1560.9632384777942	1	0	1	0.9567157020811797
164200.0	2000.0	1360.9632384779297	0.0	0	313.6850362174446	1560.9632384777651	1	0	1	1.9964364729211006
165200.0	2000.0	1360.9632384779263	0.0	0	459.44902522244956	1560.9632384777651	1	0	1	2.689583653481046
166200.0	2000.0	1360.963238477905	0.0	0	180.3225191916863	1560.9632384777651	1	0	1	2.689583653481046
167566.1937056728	3000.0	994.7695328051191	0.0	0	0.0	1560.9632384777651	1	0	1	2.8923162075351283
168885.51109036538	2000.0	675.4521481125126	0.0	0	0.0	1560.9632384777942	1	0	1	2.284118545372878
169249.24556638737	1000.0	1311.7176720905347	0.0	0	0.0	1560.9632384778233	1	0	1	0.9567157020811767
170200.0	2000.0	1360.9632384779063	0.0	0	81.40874983466347	1560.9632384778524	1	0	1	1.9964364729210933
171200.0	2000.0	1360.9632384779009	0.0	0	109.21252518854453	1560.9632384778524	1	0	1	2.689583653481037
172200.0	2000.0	1360.9632384779175	0.0	0	123.93400301516522	1560.9632384778524	1	0	1	2.689583653481037
173200.0	2000.0	1360.9632384779222	0.0	0	177.76837041927502	1560.9632384778524	1	0	1	2.689583653481037
174200.0	2000.0	1360.963238477943	0.0	0	244.7998729526298	1560.9632384778524	1	0	1	2.689583653481037
175334.13313734953	2000.0	1226.8301011283745	0.0	0	0.0	1560.9632384778233	1	0	1	2.689583653481038
176741.9357851972	2000.0	819.0274532807078	0.0	0	0.0	1560.9632384778233	1	0	1	2.68958365348104
177460.20634095065	1000.0	1100.756897527238	0.0	0	0.0	1560.9632384777942	1	0	1	0.9567157020811797
178200.0	1000.0	1360.9632384778602	0.0	0	44.055719113879604	1560.9632384777651	1	0	1	1.6498628826411266
179200.0	1000.0	1360.9632384778786	0.0	0	175.59602021891624	1560.9632384777651	1	0	1	1.6498628826411277
180200.0	1000.0	1360.9632384778881	0.0	0	435.3587377649674	1560.9632384777651	1	0	1	1.6498628826411277
181200.0	1000.0	1360.963238477877	0.0	0	72.67846535914578	1560.9632384777651	1	0	1	1.6498628826411277
182200.0	1000.0	1360.9632384778465	0.0	0	254.4556922694319	1560.963238477736	1	0	1	1.6498628826411308
183200.0	1000.0	1360.9632384778345	0.0	0	355.4623913092946	1560.963238477707	1	0	1	1.6498628826411335
184200.0	1000.0	1360.9632384778365	0.0	0	450.0748404097685	1560.963238477707	1	0	1	1.6498628826411335
185200.0	1000.0	1360.9632384778445	0.0	0	545.5371793112427	1560.963238477707	1	0	1	1.6498628826411335
186200.0	1000.0	1360.963238477844	0.0	0	356.2540645143599	1560.963238477707	1	0	1	1.6498628826411335
187200.0	1000.0	1360.9632384778292	0.0	0	653.2328990335227	1560.963238477707	1	0	1	1.6498628826411335
188200.0	2000.0	1360.9632384778313	0.0	0	119.28155401151162	1560.963238477707	1	0	1	1.9964364729211062
189200.0	2000.0	1360.9632384778274	0.0	0	189.87304315218353	1560.963238477707	1	0	1	2.6895836534810513
190200.0	2000.0	1360.9632384778206	0.0	0	191.8273724138271	1560.963238477707	1	0	1	2.6895836534810513
191870.8643820565	3000.0	690.0988564213083	0.0	0	0.0	1560.963238477707	1	0	1	2.8923162075351336
192361.59378311268	1000.0	1199.3694553651408	0.0	0	0.0	1560.9632384776778	1	0	1	0.5512505939730267
193200.0	2000.0	1360.963238477818	0.0	0	31.443110173480818	1560.9632384776487	1	0	1	1.9964364729211121
194200.0	2000.0	1360.9632384778326	0.0	0	285.34986063829274	1560.9632384776487	1	0	1	2.6895836534810575
195200.0	2000.0	1360.96323847783	0.0	0	269.1279213349335	1560.9632384776487	1	0	1	2.6895836534810575
196410.06676180594	2000.0	1150.8964766719014	0.0	0	0.0	1560.9632384776487	1	0	1	2.6895836534810575
197200.0	1000.0	1360.963238477874	0.0	0	305.16752408407046	1560.9632384776487	1	0	1	0.9567157020811942
198451.91843517823	2000.0	1109.044803299626	0.0	0	0.0	1560.9632384776196	1	0	1	1.996436472921115
199200.0	1000.0	1360.9632384778445	0.0	0	12.566843821114162	1560.9632384776196	1	0	1	0.9567157020811972
200200.0	1000.0	1360.9632384778374	0.0	0	4.344496861187508	1560.9632384776196	1	0	1	1.6498628826411423
201200.0	1000.0	1360.9632384778292	0.0	0	151.88669290047255	1560.9632384776196	1	0	1	1.6498628826411423
202200.0	1000.0	1360.9632384778383	0.0	0	491.4615353324625	1560.9632384776196	1	0	1	1.6498628826411423
203200.0	1000.0	1360.963238477873	0.0	0	523.3343356034602	1560.9632384776196	1	0	1	1.6498628826411423
204200.0	1000.0	1360.9632384778802	0.0	0	574.8354132497916	1560.9632384776196	1	0	1	1.6498628826411423
205200.0	1000.0	1360.9632384778552	0.0	0	526.9361525324639	1560.9632384776196	1	0	1	1.6498628826411423
206436.28516545388	2000.0	1124.6780730240039	0.0	0	0.0	1560.9632384776487	1	0	1	1.9964364729211121
207262.21502015833	2000.0	1298.7482183195677	0.0	0	0.0	1560.9632384776778	1	0	1	2.689583653481054
208200.0	2000.0	1360.9632384778795	0.0	0	46.03577550366754	1560.963238477707	1	0	1	2.6895836534810513
209200.0	2000.0	1360.963238477833	0.0	0	232.87617500885972	1560.963238477707	1	0	1	2.6895836534810513
210200.0	3000.0	1360.9632384778258	0.0	0	81.14332697977079	1560.963238477736	1	0	1	2.892316207535131
211200.0	2000.0	1360.9632384778388	0.0	0	162.9771554787294	1560.963238477736	1	0	1	2.284118545372884
212460.4065780101	2000.0	1100.5566604677465	0.0	0	0.0	1560.963238477736	1	0	1	2.6895836534810487
213200.0	2000.0	1360.9632384778436	0.0	0	36.81869540945627	1560.963238477736	1	0	1	2.6895836534810487
214200.0	2000.0	1360.9632384778558	0.0	0	182.15634682457312	1560.963238477707	1	0	1	2.6895836534810513
215200.0	2000.0	1360.963238477852	0.0	0	59.84035450164811	1560.9632384776778	1	0	1	2.689583653481052
216336.49143669134	2000.0	1224.47180178652	0.0	0	0.0	1560.9632384776778	1	0	1	2.689583653481054
217214.58833038266	2000.0	1346.374908095204	0.0	0	0.0	1560.963238477707	1	0	1	2.689583653481052
218200.0	2000.0	1360.9632384778351	0.0	0	143.92997650965117	1560.963238477707	1	0	1	2.6895836534810513
219202.32025454674	2000.0	1358.6429839311027	0.0	0	0.0	1560.963238477707	1	0	1	2.6895836534810513
220200.0	2000.0	1360.963238477827	0.0	0	284.0149350161664	1560.963238477707	1	0	1	2.6895836534810513
221200.0	3000.0	1360.9632384778236	0.0	0	27.29155820287997	1560.963238477736	1	0	1	2.892316207535131
222200.0	2000.0	1360.9632384778035	0.0	0	68.2314315395488	1560.963238477736	1	0	1	2.284118545372884
223773.1479463597	3000.0	787.8152921181039	0.0	0	0.0	1560.963238477736	1	0	1	2.892316207535131
224477.01897476384	1000.0	1083.9442637139277	0.0	0	0.0	1560.963238477707	1	0	1	0.5512505939730237
225200.0	1000.0	1360.9632384777353	0.0	0	243.4231016918784	1560.963238477707	1	0	1	1.6498628826411335
226200.0	2000.0	1360.9632384777456	0.0	0	214.07847853258136	1560.963238477707	1	0	1	1.9964364729211062
227200.0	2000.0	1360.963238477747	0.0	0	432.2692842124379	1560.963238477707	1	0	1	2.6895836534810513
228200.0	2000.0	1360.9632384777458	0.0	0	361.24248043910484	1560.963238477707	1	0	1	2.6895836534810513
229200.0	2000.0	1360.963238477759	0.0	0	275.9976525664388	1560.963238477736	1	0	1	2.6895836534810487
230319.47902164463	2000.0	1241.4842168331297	0.0	0	0.0	1560.963238477707	1	0	1	2.689583653481051
231200.0	2000.0	1360.963238477796	0.0	0	135.05002065666486	1560.963238477707	1	0	1	2.6895836534810513
232200.0	2000.0	1360.9632384777972	0.0	0	279.0516775487049	1560.963238477707	1	0	1	2.6895836534810513
233210.78269477037	3000.0	1350.1805437074534	0.0	0	0.0	1560.963238477736	1	0	1	2.892316207535131
234400.56738910693	3000.0	1160.3958493709129	0.0	0	0.0	1560.963238477736	1	0	1	3.2977813156432956
235200.0	2000.0	1360.9632384778404	0.0	0	57.24944482577848	1560.963238477707	1	0	1	2.2841185453728867
236200.0	3000.0	1360.9632384778201	0.0	0	187.66460019804072	1560.963238477707	1	0	1	2.8923162075351336
237200.0	2000.0	1360.9632384778095	0.0	0	393.8282506878895	1560.963238477707	1	0	1	2.2841185453728867
238200.0	3000.0	1360.9632384778392	0.0	0	81.45071341874427	1560.963238477707	1	0	1	2.8923162075351336
239567.09174193494	3000.0	993.8714965428637	0.0	0	0.0	1560.963238477707	1	0	1	3.2977813156432982
240363.88606822427	2000.0	1197.0771702535328	0.0	0	0.0	1560.9632384776487	1	0	1	2.2841185453728925
241249.49259803622	3000.0	1311.4706404415447	0.0	0	0.0	1560.9632384776196	1	0	1	2.892316207535141
242200.0	3000.0	1360.9632384778017	0.0	0	241.88242023735074	1560.9632384776196	1	0	1	3.297781315643307
243864.69400604727	3000.0	696.2692324305373	0.0	0	0.0	1560.9632384776487	1	0	1	3.297781315643305
244400.75626665752	1000.0	1160.2069718202758	0.0	0	0.0	1560.9632384776196	1	0	1	0.5512505939730326
245320.08650153677	2000.0	1240.8767369410305	0.0	0	0.0	1560.9632384776196	1	0	1	1.996436472921115
246241.2747795008	2000.0	1319.6884589769782	0.0	0	0.0	1560.9632384776196	1	0	1	2.68958365348106
248334.58002466385	2000.0	261.4637465483469	35.08053273443724	0	0.0	1596.043771212193	1	0	1	2.4769956251103635
248491.54974715543	300.0	1104.494024056769	0.0	0	0.0	1596.043771212193	1	0	1	-2.0567243620071007
249200.0	1000.0	1396.0437712121795	0.0	0	161.32585195446154	1596.043771212193	1	0	1	0.44238202504174884
250200.0	1000.0	1396.0437712121789	0.0	0	205.7773176066985	1596.043771212193	1	0	1	1.6463548293676848
251200.0	1000.0	1396.0437712121573	0.0	0	515.7894794713357	1596.043771212193	1	0	1	1.6463548293676848
252200.0	2000.0	1396.0437712121677	0.0	0	21.62595909886295	1596.043771212193	1	0	1	1.9929284196476575
253200.0	1000.0	1396.0437712121802	0.0	0	644.149955729983	1596.043771212193	1	0	1	0.9532076488077398
254200.0	2000.0	1396.0437712122018	0.0	0	119.19624534924515	1596.043771212193	1	0	1	1.9929284196476575
255549.33172225187	2000.0	1046.7120489603394	0.0	0	0.0	1596.043771212222	1	0	1	2.6860756002076007
256243.1866770342	2000.0	1352.8570941779947	0.0	0	0.0	1596.043771212222	1	0	1	2.6860756002076
257200.0	3000.0	1396.0437712121673	0.0	0	97.88105905198609	1596.043771212222	1	0	1	2.888808154261682
258200.0	2000.0	1396.0437712121445	0.0	0	330.9012194132665	1596.043771212193	1	0	1	2.2806104920994383
259439.2150564214	2000.0	1156.8287147907265	0.0	0	0.0	1596.043771212193	1	0	1	2.686075600207603
260508.10158887797	2000.0	1087.9421823341481	0.0	0	0.0	1596.043771212193	1	0	1	2.686075600207603
261610.22134916316	2000.0	985.8224220489346	0.0	0	0.0	1596.0437712121638	1	0	1	2.686075600207606
262283.3977726038	2000.0	1312.6459986083264	0.0	0	0.0	1596.043771212193	1	0	1	2.686075600207603
263200.0	2000.0	1396.0437712121375	0.0	0	287.19267245801166	1596.043771212222	1	0	1	2.686075600207601
264200.0	2000.0	1396.0437712121334	0.0	0	423.0357446128037	1596.043771212222	1	0	1	2.6860756002076
265326.0258315476	3000.0	1270.0179396645435	0.0	0	0.0	1596.0437712122803	1	0	1	2.8888081542616764
266719.455211162	2000.0	876.5885600502363	0.0	0	0.0	1596.0437712123385	1	0	1	2.2806104920994237
267332.85421640787	1000.0	1263.1895548043888	0.0	0	0.0	1596.0437712123385	1	0	1	0.9532076488077253
268328.20119587955	2000.0	1267.842575332685	0.0	0	0.0	1596.0437712123967	1	0	1	1.9929284196476373
269389.2080344024	2000.0	1206.8357368098555	0.0	0	0.0	1596.0437712123385	1	0	1	2.6860756002075883
270200.0	1000.0	1396.0437712122985	0.0	0	191.07151702512056	1596.0437712123385	1	0	1	0.9532076488077253
271326.4947567444	2000.0	1269.549014467885	0.0	0	0.0	1596.0437712123967	1	0	1	1.9929284196476373
272777.6285716242	2000.0	818.415199588091	0.0	0	0.0	1596.0437712123967	1	0	1	2.6860756002075825
273200.0	1000.0	1396.043771212313	0.0	0	18.212797913409304	1596.0437712123385	1	0	1	0.9532076488077253
274200.0	2000.0	1396.0437712122502	0.0	0	332.6601005665725	1596.0437712123385	1	0	1	1.992928419647643
275200.0	2000.0	1396.0437712122623	0.0	0	168.77341497549787	1596.0437712123385	1	0	1	2.6860756002075883
276200.0	2000.0	1396.0437712122464	0.0	0	108.07211699459003	1596.0437712123385	1	0	1	2.6860756002075883
277493.2907134064	2000.0	1102.753057805905	0.0	0	0.0	1596.0437712123967	1	0	1	2.6860756002075825
278200.0	2000.0	1396.0437712123478	0.0	0	160.8450805619359	1596.0437712124549	1	0	1	2.6860756002075763
279200.0	2000.0	1396.0437712123191	0.0	0	217.09952465101378	1596.0437712124549	1	0	1	2.6860756002075763
280200.0	2000.0	1396.0437712123812	0.0	0	153.55206135456683	1596.0437712124549	1	0	1	2.6860756002075763
281200.0	2000.0	1396.0437712124083	0.0	0	109.1950257132994	1596.043771212513	1	0	1	2.6860756002075745
282200.0	2000.0	1396.0437712123808	0.0	0	5.726427467830945	1596.0437712124549	1	0	1	2.6860756002075763
283200.0	2000.0	1396.0437712124087	0.0	0	228.53740129165817	1596.0437712124549	1	0	1	2.6860756002075763
284200.0	2000.0	1396.0437712124285	0.0	0	109.69148838630645	1596.043771212513	1	0	1	2.686075600207571
285264.12253291835	2000.0	1331.9212382941473	0.0	0	0.0	1596.0437712125713	1	0	1	2.6860756002075674
286200.0	2000.0	1396.0437712125533	0.0	0	59.86086056649219	1596.0437712125713	1	0	1	2.6860756002075648
287200.0	2000.0	1396.0437712125622	0.0	0	236.2744053628412	1596.0437712125713	1	0	1	2.6860756002075648
288200.0	2000.0	1396.0437712125677	0.0	0	160.8715626144549	1596.0437712125713	1	0	1	2.6860756002075648
289207.72538114	3000.0	1388.318390072614	0.0	0	70.76548175833886	1596.0437712126295	1	0	1	2.8888081542616417
290925.7931620508	3000.0	670.2506091618473	0.0	0	0.0	1596.0437712125713	1	0	1	3.2942732623698117
291543.490714503	1000.0	1052.553056709625	0.0	0	0.0	1596.0437712126295	1	0	1	0.5477425406995315
292502.0983050113	2000.0	1093.9454662013195	0.0	0	0.0	1596.0437712126295	1	0	1	1.992928419647614
293200.0	2000.0	1396.0437712125458	0.0	0	17.241133335395716	1596.0437712125713	1	0	1	2.6860756002075648
294200.0	2000.0	1396.043771212494	0.0	0	524.8950913826702	1596.0437712125713	1	0	1	2.6860756002075648
295200.0	3000.0	1396.0437712124867	0.0	0	359.49135579093127	1596.0437712125713	1	0	1	2.888808154261647
296296.11393363256	3000.0	1299.929837579959	0.0	0	0.0	1596.0437712125713	1	0	1	3.2942732623698117
297627.8184880522	3000.0	968.2252831603237	0.0	0	0.0	1596.0437712125713	1	0	1	3.2942732623698117
298200.0	2000.0	1396.0437712124565	0.0	0	51.96317051752703	1596.0437712124549	1	0	1	2.2806104920994095
299500.92841072445	3000.0	1095.1153604880365	0.0	0	0.0	1596.043771212513	1	0	1	2.888808154261654
300200.0	2000.0	1396.0437712124944	0.0	0	43.07251128437929	1596.043771212513	1	0	1	2.2806104920994064
301200.0	3000.0	1396.0437712124574	0.0	0	103.88305944972672	1596.0437712124549	1	0	1	2.8888081542616586
302200.0	3000.0	1396.0437712124265	0.0	0	78.68939598294673	1596.0437712124549	1	0	1	3.294273262369823
303200.0	3000.0	1396.0437712124292	0.0	0	16.849696122168098	1596.0437712124549	1	0	1	3.294273262369823
304200.0	3000.0	1396.0437712124203	0.0	0	8.655037218064535	1596.0437712124549	1	0	1	3.294273262369823
305228.7917854466	3000.0	1367.2519857658842	0.0	0	0.0	1596.0437712124549	1	0	1	3.294273262369823
306241.3535790528	3000.0	1354.690192159661	0.0	0	0.0	1596.0437712124549	1	0	1	3.294273262369823
307436.7940667397	3000.0	1159.2497044728054	0.0	0	0.0	1596.0437712124549	1	0	1	3.294273262369823
308200.0	2000.0	1396.043771212463	0.0	0	15.894979596312623	1596.0437712124549	1	0	1	2.2806104920994117
309292.42260178237	2000.0	1303.6211694300855	0.0	0	0.0	1596.0437712123967	1	0	1	2.686075600207579
310248.86906184774	2000.0	1347.17470936473	0.0	0	0.0	1596.0437712124549	1	0	1	2.6860756002075785
311200.0	2000.0	1396.043771212428	0.0	0	21.46298341965303	1596.043771212513	1	0	1	2.6860756002075745
312403.9285121328	2000.0	1192.1152590796203	0.0	0	0.0	1596.043771212513	1	0	1	2.686075600207571
313200.0	2000.0	1396.0437712123419	0.0	0	66.17414941370953	1596.043771212513	1	0	1	2.686075600207571
314200.0	2000.0	1396.0437712123523	0.0	0	438.62875867279945	1596.043771212513	1	0	1	2.686075600207571
3.2	2.61	2.47	1.85	2.68	2.43	2.35	2.28	2.59	2.56	2.04	1.7	1.66	1.64	1.44	1.29	1.75	1.62	2.12	1.95	1.95	2.65	2.53	2.64	3.54	2.28	2.11	1.66	2.44	2.4	1.87	1.77	1.61	1.48	1.07	1.46	2.17	2.47	2.05	2.28	1.51	2.54	2.78	3.64	3.35	2.44	1.63	2.29	2.2	2.21	2.25	2.47	2.36	2.42	3.35	3.23	2.35	1.24	1.56	2.03	2.7	3.23	2.76	3.57	1.77	2.68	2.51	2.77	2.27	2.7	3.52	4.53	3.26	1.84	2.84	3.0	3.78	2.7	2.19	2.04	1.77	1.31	1.01	2.12	1.27	1.6	2.62	3.94	2.71	1.9	2.04	2.94	4.23	2.17	1.62	2.15	2.33	2.94	3.56	2.27	2.19	1.34	2.77	1.96	1.92	2.14	1.32	2.28	3.2	1.93	2.26	1.59	2.92	3.21	1.95	1.99	2.47	2.58	2.34	1.96	2.64	2.58	3.01	2.88	1.49	1.98	1.92	2.66	3.79	5.03	3.2	2.7	3.2	2.35	2.77	3.92	3.98	2.68	3.2	3.57	2.64	2.72	2.42	2.59	2.15	2.25	1.9	2.94	3.51	2.33	3.2	2.61	2.47	1.85	2.68	2.43	2.35	2.28	2.59	2.56	2.04	1.7	1.66	1.64	1.44	1.29	1.75	1.62	2.12	1.95	1.95	2.65	2.53	2.64	3.54	2.28	2.11	1.66	2.44	2.4	1.87	1.77	1.61	1.48	1.07	1.46	2.17	2.47	2.05	2.28	1.51	2.54	2.78	3.64	3.35	2.44	1.63	2.29	2.2	2.21	2.25	2.47	2.36	2.42	3.35	3.23	2.35	1.24	1.56	2.03	2.7	3.23	2.76	3.57	1.77	2.68	2.51	2.77	2.27	2.7	3.52	4.53	3.26	1.84	2.84	3.0	3.78	2.7	2.19	2.04	1.77	1.31	1.01	2.12	1.27	1.6	2.62	3.94	2.71	1.9	2.04	2.94	4.23	2.17	1.62	2.15	2.33	2.94	3.56	2.27	2.19	1.34	2.77	1.96	1.92	2.14	1.32	2.28	3.2	1.93	2.26	1.59	2.92	3.21	1.95	1.99	2.47	2.58	2.34	1.96	2.64	2.58	3.01	2.88	1.49	1.98	1.92	2.66	3.79	5.03	3.2	2.7	3.2	2.35	2.77	3.92	3.98	2.68	3.2	3.57	2.64	2.72	2.42	2.59	2.15	2.25	1.9	2.94	3.51	2.33	3.2	2.61	2.47	1.85	2.68	2.43	2.35	2.28	2.59	2.56	2.04	1.7	1.66	1.64	1.44	1.29
1.0	2.0	3.0	4.0	5.0	6.0	7.0	8.0	9.0	10.0	11.0	12.0	13.0	14.0	15.0	16.0	17.0	18.0	19.0	20.0	21.0	22.0	23.0	24.0	25.0	26.0	27.0	28.0	29.0	30.0	31.0	32.0	33.0	34.0	35.0	36.0	37.0	38.0	39.0	40.0	41.0	42.0	43.0	44.0	45.0	46.0	47.0	48.0	49.0	50.0	51.0	52.0	53.0	54.0	55.0	56.0	57.0	58.0	59.0	60.0	61.0	62.0	63.0	64.0	65.0	66.0	67.0	68.0	69.0	70.0	71.0	72.0	73.0	74.0	75.0	76.0	77.0	78.0	79.0	80.0	81.0	82.0	83.0	84.0	85.0	86.0	87.0	88.0	89.0	90.0	91.0	92.0	93.0	94.0	95.0	96.0	97.0	98.0	99.0	100.0	101.0	102.0	103.0	104.0	105.0	106.0	107.0	108.0	109.0	110.0	111.0	112.0	113.0	114.0	115.0	116.0	117.0	118.0	119.0	120.0	121.0	122.0	123.0	124.0	125.0	126.0	127.0	128.0	129.0	130.0	131.0	132.0	133.0	134.0	135.0	136.0	137.0	138.0	139.0	140.0	141.0	142.0	143.0	144.0	145.0	146.0	147.0	148.0	149.0	149.0	150.0	151.0	152.0	153.0	154.0	155.0	156.0	157.0	158.0	159.0	160.0	161.0	162.0	163.0	164.0	165.0	166.0	167.0	168.0	169.0	170.0	171.0	172.0	173.0	174.0	175.0	176.0	177.0	178.0	179.0	180.0	181.0	182.0	183.0	184.0	185.0	186.0	187.0	188.0	189.0	190.0	191.0	192.0	193.0	194.0	195.0	196.0	197.0	198.0	199.0	200.0	201.0	202.0	203.0	204.0	205.0	206.0	207.0	208.0	209.0	210.0	211.0	212.0	213.0	214.0	215.0	216.0	217.0	218.0	219.0	220.0	221.0	222.0	223.0	224.0	225.0	226.0	227.0	228.0	229.0	230.0	231.0	232.0	233.0	234.0	235.0	236.0	237.0	238.0	239.0	240.0	241.0	242.0	243.0	244.0	245.0	246.0	247.0	248.0	249.0	250.0	251.0	252.0	253.0	254.0	255.0	256.0	257.0	258.0	259.0	260.0	261.0	262.0	263.0	264.0	265.0	266.0	267.0	268.0	269.0	270.0	271.0	272.0	273.0	274.0	275.0	276.0	277.0	278.0	279.0	280.0	281.0	282.0	283.0	284.0	285.0	286.0	287.0	288.0	289.0	290.0	291.0	292.0	293.0	294.0	295.0	296.0	297.0	298.0	298.0	299.0	300.0	301.0	302.0	303.0	304.0	305.0	306.0	307.0	308.0	309.0	310.0	311.0	312.0	313.0	314.0
2481.0245054953725
