2869.9518898446004	300.0	2000.0	241.57294502135545	0	0.0	2869.9518898446004	1	0	1	-1.7312382065459304
5200.0	1000.0	569.9999999999995	0.0	0	273.0685436356134	770.0	1	0	2	0.12157991327255929
6200.0	500.0	2669.999999999999	0.0	0	625.8297235732307	2869.9999999999995	1	0	0	-0.6099130478403423
9200.0	2000.0	569.9999999999991	0.0	0	53.48278389959523	770.0000000000018	1	0	2	0.7789236087853759
10200.0	500.0	2670.0	0.0	0	640.6901944855472	2870.000000000002	1	0	0	-1.3030559254709047
13200.0	2000.0	569.999999999999	0.0	0	35.92481285551548	770.0000000000018	1	0	2	0.7799140995057041
14200.0	500.0	2669.9999999999977	0.0	0	608.6850532086137	2870.0	1	0	0	-1.3030559254709047
17949.823937274865	2000.0	200.0	413.4603009112328	0	0.0	1149.8239372748649	1	0	2	-1.7319743100071852
18243.71490378688	500.0	906.1090334879865	0.0	0	0.0	1149.8239372748685	1	0	1	-0.9350383191983913
19287.246322639632	1000.0	2966.9307565205113	0.0	0	0.0	3254.1770791601466	1	0	0	0.5905022378620914
22730.23535149553	2000.0	370.8718698754275	0.0	0	0.0	1101.1072213709558	1	0	2	1.4385501344234857
23200.0	300.0	2948.0836862214055	0.0	0	216.44429928622048	3148.0836862214055	1	0	0	-2.609696521443709
26446.682963622352	2000.0	576.7324262368114	0.0	0	0.0	1023.4153898591649	1	0	2	0.2431291734793235
27200.0	500.0	2898.747093496927	0.0	0	480.40296840580413	3098.747093496928	1	0	0	-1.3263331718960525
31037.55830349559	2000.0	200.0	293.2427639529267	0	0.0	1237.558303495589	1	0	2	-1.0145360632452352
31525.099153763844	500.0	765.4671301230013	53.00798039125743	0	0.0	1290.5662838868448	1	0	1	-1.2671604362071334
32200.0	500.0	1090.566283886849	0.0	0	299.36589493734573	1290.5662838868484	1	0	1	0.6371818072603014
33200.0	1000.0	1090.5662838868443	0.0	0	104.9087744239514	1290.5662838868411	1	0	1	0.9837553975402744
34303.6793271458	1000.0	986.8869567410432	0.0	0	0.0	1290.5662838868448	1	0	1	1.6769025781002203
35200.0	500.0	1090.5662838868363	0.0	0	353.75519883739616	1290.5662838868375	1	0	1	-0.05596537329964302
36200.0	500.0	1090.5662838868263	0.0	0	393.6981879277737	1290.5662838868375	1	0	1	0.6371818072603025
37200.0	500.0	1090.566283886827	0.0	0	416.7000856191662	1290.5662838868375	1	0	1	0.6371818072603025
38200.0	500.0	1090.5662838868327	0.0	0	579.0139021319992	1290.5662838868375	1	0	1	0.6371818072603025
39200.0	1000.0	1090.5662838868302	0.0	0	98.44971566546883	1290.5662838868375	1	0	1	0.9837553975402752
40200.0	1000.0	1090.5662838868298	0.0	0	215.96781525271217	1290.5662838868448	1	0	1	1.6769025781002198
41200.0	1000.0	1090.5662838868245	0.0	0	397.3275220719297	1290.5662838868375	1	0	1	1.6769025781002207
42200.0	1000.0	1090.5662838868238	0.0	0	435.4468978633231	1290.5662838868302	1	0	1	1.6769025781002214
43200.0	1000.0	1090.5662838868254	0.0	0	268.62387755206146	1290.5662838868302	1	0	1	1.6769025781002214
44200.0	1000.0	1090.5662838868247	0.0	0	365.56963191700925	1290.5662838868302	1	0	1	1.6769025781002214
45200.0	1000.0	1090.566283886819	0.0	0	445.8126932835148	1290.566283886823	1	0	1	1.676902578100222
46200.0	1000.0	1090.5662838868252	0.0	0	450.7775030442717	1290.566283886823	1	0	1	1.676902578100222
47200.0	1000.0	1090.5662838868204	0.0	0	479.9431985582851	1290.566283886823	1	0	1	1.676902578100222
48200.0	1000.0	1090.5662838868216	0.0	0	208.9605434031182	1290.566283886823	1	0	1	1.676902578100222
49249.5445754233	1000.0	1041.0217084635244	0.0	0	0.0	1290.5662838868302	1	0	1	1.6769025781002214
50200.0	1000.0	1090.5662838868266	0.0	0	91.73025963010878	1290.5662838868302	1	0	1	1.6769025781002214
51200.0	1000.0	1090.5662838868298	0.0	0	151.20566549204523	1290.5662838868302	1	0	1	1.6769025781002214
52200.0	1000.0	1090.5662838868368	0.0	0	227.60971539485763	1290.5662838868375	1	0	1	1.6769025781002207
53200.0	1000.0	1090.566283886838	0.0	0	192.22327678944566	1290.5662838868375	1	0	1	1.6769025781002207
54200.0	1000.0	1090.5662838868348	0.0	0	293.6946567543491	1290.5662838868375	1	0	1	1.6769025781002207
55200.0	1000.0	1090.5662838868345	0.0	0	333.29300558625255	1290.5662838868375	1	0	1	1.6769025781002207
56200.0	1000.0	1090.566283886835	0.0	0	102.06325761136395	1290.5662838868375	1	0	1	1.6769025781002207
57200.0	1000.0	1090.566283886835	0.0	0	356.11942242839723	1290.5662838868375	1	0	1	1.6769025781002207
58200.0	1000.0	1090.5662838868316	0.0	0	202.5358527032222	1290.5662838868448	1	0	1	1.6769025781002198
59200.0	1000.0	1090.5662838868252	0.0	0	155.49479493037506	1290.5662838868375	1	0	1	1.6769025781002207
60200.0	1000.0	1090.566283886821	0.0	0	317.54029688815353	1290.5662838868375	1	0	1	1.6769025781002207
61200.0	1000.0	1090.5662838868298	0.0	0	162.59907910140464	1290.5662838868375	1	0	1	1.6769025781002207
62200.0	1000.0	1090.5662838868386	0.0	0	312.0362768682098	1290.5662838868375	1	0	1	1.6769025781002207
63200.0	1000.0	1090.5662838868345	0.0	0	334.8415531048522	1290.5662838868448	1	0	1	1.6769025781002198
64200.0	1000.0	1090.5662838868268	0.0	0	535.7142520158159	1290.5662838868448	1	0	1	1.6769025781002198
65200.0	1000.0	1090.5662838868284	0.0	0	524.9685199381202	1290.5662838868448	1	0	1	1.6769025781002198
66200.0	1000.0	1090.5662838868236	0.0	0	523.5974303290423	1290.5662838868375	1	0	1	1.6769025781002203
67200.0	1000.0	1090.5662838868152	0.0	0	499.932849741017	1290.5662838868302	1	0	1	1.6769025781002207
68200.0	1000.0	1090.5662838868238	0.0	0	246.96914613789704	1290.5662838868302	1	0	1	1.6769025781002214
69200.0	1000.0	1090.566283886812	0.0	0	379.8103525798797	1290.5662838868302	1	0	1	1.6769025781002214
70200.0	1000.0	1090.5662838868034	0.0	0	254.55293470234028	1290.5662838868302	1	0	1	1.6769025781002214
71200.0	1000.0	1090.5662838868102	0.0	0	267.7351732120442	1290.5662838868302	1	0	1	1.6769025781002214
72365.21422674798	1000.0	925.3520571388412	0.0	0	0.0	1290.5662838868302	1	0	1	1.6769025781002214
73231.65381604122	1000.0	1058.9124678456258	0.0	0	0.0	1290.5662838868157	1	0	1	1.676902578100223
74215.94775686254	1000.0	1074.61852702429	0.0	0	0.0	1290.5662838868157	1	0	1	1.676902578100223
75574.29436590889	1000.0	716.2719179779555	0.0	0	0.0	1290.5662838868157	1	0	1	1.676902578100223
76200.0	500.0	1090.566283886837	0.0	0	241.7995047197037	1290.5662838868157	1	0	1	-0.0559653732996408
77200.0	500.0	1090.5662838868323	0.0	0	685.659895973542	1290.5662838868157	1	0	1	0.6371818072603047
78200.0	1000.0	1090.5662838868157	0.0	0	139.06338479169062	1290.566283886801	1	0	1	0.9837553975402789
79200.0	1000.0	1090.5662838868157	0.0	0	401.02474502167024	1290.566283886801	1	0	1	1.6769025781002243
80200.0	1000.0	1090.5662838868184	0.0	0	157.10084050874866	1290.566283886801	1	0	1	1.6769025781002243
81200.0	1000.0	1090.566283886835	0.0	0	420.8099860192451	1290.566283886801	1	0	1	1.6769025781002243
82200.0	1000.0	1090.566283886828	0.0	0	295.6982869228523	1290.5662838867866	1	0	1	1.6769025781002256
83200.0	1000.0	1090.5662838868218	0.0	0	470.96207338418753	1290.5662838867866	1	0	1	1.6769025781002256
84200.0	1000.0	1090.5662838868373	0.0	0	557.9032087472733	1290.5662838867866	1	0	1	1.6769025781002256
85200.0	1000.0	1090.5662838868532	0.0	0	493.20748902935884	1290.5662838867866	1	0	1	1.6769025781002256
86200.0	1000.0	1090.5662838868368	0.0	0	428.29661907699483	1290.5662838867866	1	0	1	1.6769025781002256
87200.0	1000.0	1090.5662838868334	0.0	0	454.20909179012233	1290.5662838867866	1	0	1	1.6769025781002256
88200.0	1000.0	1090.5662838868298	0.0	0	106.7067311040737	1290.566283886772	1	0	1	1.6769025781002274
89200.0	1000.0	1090.566283886828	0.0	0	145.7018052632775	1290.566283886772	1	0	1	1.6769025781002274
90200.0	1000.0	1090.5662838868218	0.0	0	393.10678569754236	1290.566283886772	1	0	1	1.6769025781002274
91200.0	1000.0	1090.566283886818	0.0	0	74.51138105041173	1290.5662838867574	1	0	1	1.6769025781002287
92200.0	1000.0	1090.566283886817	0.0	0	251.71763850776188	1290.5662838867574	1	0	1	1.6769025781002287
93200.0	1000.0	1090.5662838868207	0.0	0	383.968600909051	1290.5662838867574	1	0	1	1.6769025781002287
94200.0	1000.0	1090.566283886821	0.0	0	343.22964169702027	1290.5662838867574	1	0	1	1.6769025781002287
95200.0	1000.0	1090.5662838868145	0.0	0	262.6454367316037	1290.5662838867574	1	0	1	1.6769025781002287
96200.0	1000.0	1090.566283886821	0.0	0	410.82207242610457	1290.566283886772	1	0	1	1.6769025781002274
97330.79250727329	1000.0	959.7737766135256	0.0	0	0.0	1290.5662838867574	1	0	1	1.6769025781002287
98314.13658441468	1000.0	976.429699472124	0.0	0	0.0	1290.5662838867574	1	0	1	1.6769025781002287
99236.3101615074	1000.0	1054.25612237939	0.0	0	0.0	1290.566283886743	1	0	1	1.67690257810023
100803.4512472025	1000.0	487.11503668428907	0.0	0	0.0	1290.566283886743	1	0	1	1.67690257810023
101200.0	300.0	1090.5662838867777	0.0	0	9.36086668354983	1290.5662838867283	1	0	1	-1.333029432714609
102200.0	500.0	1090.566283886776	0.0	0	249.83381656614074	1290.5662838867283	1	0	1	0.1263561834943226
103200.0	500.0	1090.5662838867745	0.0	0	497.4703781729331	1290.5662838867283	1	0	1	0.6371818072603133
104200.0	500.0	1090.5662838867831	0.0	0	553.3741683390544	1290.5662838867283	1	0	1	0.6371818072603133
105200.0	500.0	1090.566283886763	0.0	0	671.6032699377392	1290.5662838867138	1	0	1	0.6371818072603148
106200.0	1000.0	1090.566283886756	0.0	0	435.709380078275	1290.5662838866992	1	0	1	0.9837553975402891
107200.0	1000.0	1090.5662838867697	0.0	0	345.66591462498764	1290.5662838866992	1	0	1	1.6769025781002345
108200.0	1000.0	1090.566283886776	0.0	0	534.9776475974504	1290.5662838866992	1	0	1	1.6769025781002345
109200.0	1000.0	1090.5662838867916	0.0	0	190.75877602527908	1290.5662838866992	1	0	1	1.6769025781002345
110200.0	1000.0	1090.5662838867984	0.0	0	214.63207811114262	1290.5662838866992	1	0	1	1.6769025781002345
111200.0	1000.0	1090.566283886806	0.0	0	115.59840772741882	1290.5662838866992	1	0	1	1.6769025781002345
112200.0	1000.0	1090.5662838868116	0.0	0	124.90215573144087	1290.5662838866992	1	0	1	1.6769025781002345
113200.0	1000.0	1090.5662838867956	0.0	0	341.098783468944	1290.5662838866992	1	0	1	1.6769025781002345
114200.0	1000.0	1090.5662838868013	0.0	0	429.56952780712163	1290.5662838866992	1	0	1	1.6769025781002345
115200.0	1000.0	1090.5662838868088	0.0	0	467.31295758149645	1290.5662838866992	1	0	1	1.6769025781002345
116200.0	1000.0	1090.5662838868075	0.0	0	97.6576365615474	1290.5662838866992	1	0	1	1.6769025781002345
117200.0	1000.0	1090.5662838868109	0.0	0	387.8916139954963	1290.5662838866847	1	0	1	1.6769025781002358
118200.0	1000.0	1090.566283886809	0.0	0	324.69356001178676	1290.5662838866701	1	0	1	1.6769025781002371
119200.0	1000.0	1090.5662838868084	0.0	0	566.6638528173353	1290.5662838866847	1	0	1	1.6769025781002358
120200.0	1000.0	1090.5662838868147	0.0	0	559.7700509900315	1290.5662838866847	1	0	1	1.6769025781002358
121200.0	1000.0	1090.566283886826	0.0	0	313.4951470595115	1290.5662838866847	1	0	1	1.6769025781002358
122200.0	1000.0	1090.5662838868209	0.0	0	482.3986427569762	1290.5662838866992	1	0	1	1.6769025781002345
123200.0	1000.0	1090.5662838868163	0.0	0	40.49880551581737	1290.5662838867138	1	0	1	1.6769025781002327
124200.0	1000.0	1090.5662838868184	0.0	0	342.0709828315885	1290.5662838867138	1	0	1	1.6769025781002327
125200.0	1000.0	1090.5662838868243	0.0	0	248.19033925049007	1290.5662838867138	1	0	1	1.6769025781002327
126200.0	1000.0	1090.5662838868209	0.0	0	452.5251844405575	1290.5662838867138	1	0	1	1.6769025781002327
127200.0	1000.0	1090.566283886827	0.0	0	257.54799690117943	1290.5662838867138	1	0	1	1.6769025781002327
128200.0	1000.0	1090.5662838868102	0.0	0	552.5124339502654	1290.5662838867138	1	0	1	1.6769025781002327
129200.0	1000.0	1090.5662838868195	0.0	0	596.4638755214837	1290.5662838867138	1	0	1	1.6769025781002327
130200.0	1000.0	1090.5662838868193	0.0	0	391.586749822789	1290.5662838867138	1	0	1	1.6769025781002327
131200.0	1000.0	1090.5662838868318	0.0	0	500.7014755065029	1290.5662838867138	1	0	1	1.6769025781002327
132200.0	1000.0	1090.5662838868448	0.0	0	369.3056266219646	1290.5662838867283	1	0	1	1.676902578100232
133200.0	1000.0	1090.5662838868418	0.0	0	236.61947449474246	1290.5662838867574	1	0	1	1.6769025781002287
134200.0	1000.0	1090.5662838868536	0.0	0	233.14875399126322	1290.5662838867283	1	0	1	1.6769025781002314
135200.0	1000.0	1090.566283886867	0.0	0	234.58948931429768	1290.5662838867574	1	0	1	1.6769025781002287
136200.0	1000.0	1090.5662838868689	0.0	0	424.38329078504466	1290.5662838867574	1	0	1	1.6769025781002294
137200.0	1000.0	1090.5662838868504	0.0	0	453.9486425680225	1290.5662838867283	1	0	1	1.6769025781002314
138200.0	1000.0	1090.5662838868884	0.0	0	287.81755326647544	1290.5662838867283	1	0	1	1.6769025781002314
139200.0	1000.0	1090.5662838868784	0.0	0	332.48508471870446	1290.5662838867574	1	0	1	1.6769025781002287
140200.0	1000.0	1090.5662838869066	0.0	0	401.5477757958288	1290.5662838867574	1	0	1	1.6769025781002287
141200.0	1000.0	1090.5662838868827	0.0	0	463.5582251227461	1290.5662838867574	1	0	1	1.6769025781002287
142200.0	1000.0	1090.5662838868852	0.0	0	311.46080200129654	1290.5662838867574	1	0	1	1.6769025781002287
143200.0	1000.0	1090.566283886848	0.0	0	295.50778106355574	1290.5662838867574	1	0	1	1.6769025781002287
144200.0	1000.0	1090.566283886877	0.0	0	14.072919137572171	1290.5662838867574	1	0	1	1.6769025781002287
145200.0	1000.0	1090.5662838868705	0.0	0	310.2328022898582	1290.5662838867574	1	0	1	1.6769025781002287
146225.83901174515	1000.0	1064.7272721417016	0.0	0	0.0	1290.5662838867574	1	0	1	1.6769025781002287
147274.5190257329	1000.0	1016.0472581539199	0.0	0	0.0	1290.5662838867574	1	0	1	1.6769025781002287
148200.0	1000.0	1090.5662838868398	0.0	0	334.8780050937785	1290.5662838867574	1	0	1	1.6769025781002287
149200.0	1000.0	1090.566283886857	0.0	0	37.34013399190735	1290.5662838867574	1	0	1	1.6769025781002287
150200.0	1000.0	1090.5662838868966	0.0	0	37.20995672681602	1290.5662838867574	1	0	1	1.6769025781002287
151200.0	1000.0	1090.566283886882	0.0	0	416.0125084982719	1290.5662838867574	1	0	1	1.6769025781002287
152200.0	1000.0	1090.5662838868725	0.0	0	274.58818437723676	1290.5662838867866	1	0	1	1.6769025781002256
153286.3260696143	1000.0	1004.2402142726169	0.0	0	0.0	1290.5662838867866	1	0	1	1.6769025781002256
154200.0	1000.0	1090.5662838869205	0.0	0	383.6653914800263	1290.5662838867866	1	0	1	1.6769025781002256
155200.0	1000.0	1090.5662838869293	0.0	0	483.03679076605476	1290.5662838867866	1	0	1	1.6769025781002256
156200.0	1000.0	1090.5662838869443	0.0	0	296.92174085986335	1290.5662838867866	1	0	1	1.6769025781002256
157200.0	1000.0	1090.566283886932	0.0	0	49.15297593345167	1290.5662838868157	1	0	1	1.676902578100223
158219.89585374226	1000.0	1070.6704301446712	0.0	0	0.0	1290.5662838868157	1	0	1	1.676902578100223
159200.0	1000.0	1090.5662838869441	0.0	0	333.4901143426541	1290.5662838868157	1	0	1	1.676902578100223
160200.0	1000.0	1090.5662838869584	0.0	0	311.538825078489	1290.5662838868157	1	0	1	1.676902578100223
161200.0	1000.0	1090.5662838869619	0.0	0	547.0786145993916	1290.5662838868157	1	0	1	1.676902578100223
162200.0	1000.0	1090.5662838869525	0.0	0	380.69190027713194	1290.5662838868157	1	0	1	1.676902578100223
163200.0	1000.0	1090.5662838869262	0.0	0	364.62815582059557	1290.5662838868157	1	0	1	1.676902578100223
164200.0	1000.0	1090.566283886953	0.0	0	209.0484438376734	1290.5662838868157	1	0	1	1.676902578100223
165200.0	1000.0	1090.5662838869416	0.0	0	183.50623509954312	1290.5662838867866	1	0	1	1.6769025781002256
166200.0	1000.0	1090.5662838869516	0.0	0	302.03671473730356	1290.5662838868157	1	0	1	1.676902578100223
167200.0	1000.0	1090.5662838869625	0.0	0	338.8651316067844	1290.5662838868448	1	0	1	1.6769025781002198
168200.0	1000.0	1090.5662838869862	0.0	0	371.5700269265799	1290.5662838868448	1	0	1	1.6769025781002198
169200.0	1000.0	1090.5662838869948	0.0	0	317.9291566032334	1290.5662838868739	1	0	1	1.676902578100217
170200.0	1000.0	1090.5662838870135	0.0	0	369.10471696662717	1290.5662838868739	1	0	1	1.676902578100217
171200.0	1000.0	1090.5662838870207	0.0	0	464.89980971527984	1290.5662838868739	1	0	1	1.676902578100217
172200.0	1000.0	1090.566283887026	0.0	0	252.11093068495393	1290.5662838868739	1	0	1	1.676902578100217
173200.0	1000.0	1090.5662838870048	0.0	0	438.06306484813103	1290.5662838868448	1	0	1	1.6769025781002198
174200.0	1000.0	1090.5662838870062	0.0	0	247.03644780328614	1290.5662838868448	1	0	1	1.6769025781002198
175200.0	1000.0	1090.566283886994	0.0	0	229.40997147132293	1290.5662838868448	1	0	1	1.6769025781002198
176200.0	1000.0	1090.5662838869791	0.0	0	119.4730748316797	1290.5662838868448	1	0	1	1.6769025781002198
177200.0	1000.0	1090.5662838870187	0.0	0	374.9327005146479	1290.5662838868448	1	0	1	1.6769025781002198
178200.0	1000.0	1090.5662838870235	0.0	0	469.7166977854795	1290.5662838868448	1	0	1	1.6769025781002198
179200.0	1000.0	1090.5662838870196	0.0	0	377.18624905863544	1290.5662838868448	1	0	1	1.6769025781002198
180232.62562820027	1000.0	1057.9406556867552	0.0	0	0.0	1290.5662838868448	1	0	1	1.6769025781002198
181200.0	1000.0	1090.5662838869894	0.0	0	15.516338875080692	1290.5662838868448	1	0	1	1.6769025781002198
182200.0	1000.0	1090.5662838870185	0.0	0	177.18840184630244	1290.5662838868448	1	0	1	1.6769025781002198
183200.0	1000.0	1090.5662838870112	0.0	0	84.70765069479239	1290.5662838868448	1	0	1	1.6769025781002198
184200.0	1000.0	1090.5662838870128	0.0	0	108.11503911961336	1290.5662838868739	1	0	1	1.676902578100217
185200.0	500.0	1090.5662838870041	0.0	0	412.21515392084257	1290.5662838868739	1	0	1	-0.05596537329964657
186200.0	500.0	1090.5662838870048	0.0	0	529.5188661786087	1290.5662838868739	1	0	1	0.6371818072602988
187200.0	500.0	1090.566283887	0.0	0	660.3950826348155	1290.5662838868739	1	0	1	0.6371818072602988
188200.0	500.0	1090.566283887005	0.0	0	602.803766518191	1290.5662838868448	1	0	1	0.6371818072603018
189200.0	500.0	1090.5662838870562	0.0	0	481.7412486776302	1290.5662838868448	1	0	1	0.6371818072603018
190200.0	1000.0	1090.5662838870535	0.0	0	518.831036297488	1290.5662838868739	1	0	1	0.9837553975402715
191200.0	1000.0	1090.5662838870394	0.0	0	463.4435495827638	1290.5662838868739	1	0	1	1.676902578100217
192200.0	1000.0	1090.5662838870453	0.0	0	295.7433736316161	1290.5662838868739	1	0	1	1.676902578100217
193200.0	1000.0	1090.566283887062	0.0	0	579.4156098594249	1290.566283886903	1	0	1	1.676902578100214
194200.0	1000.0	1090.566283887069	0.0	0	257.62624182752916	1290.566283886903	1	0	1	1.676902578100214
195200.0	1000.0	1090.5662838870887	0.0	0	305.3875029584742	1290.566283886903	1	0	1	1.676902578100214
196200.0	1000.0	1090.5662838870849	0.0	0	433.1201656519843	1290.5662838868739	1	0	1	1.6769025781002163
197200.0	1000.0	1090.566283887099	0.0	0	351.57087065899395	1290.5662838868739	1	0	1	1.676902578100217
198200.0	1000.0	1090.5662838871308	0.0	0	193.7983771910658	1290.5662838868739	1	0	1	1.676902578100217
199200.0	1000.0	1090.5662838871233	0.0	0	53.85353071268764	1290.5662838868448	1	0	1	1.6769025781002198
200200.0	1000.0	1090.5662838871294	0.0	0	4.243229938787408	1290.5662838868448	1	0	1	1.6769025781002198
201200.0	1000.0	1090.5662838871267	0.0	0	295.68098526482936	1290.5662838868157	1	0	1	1.676902578100223
202200.0	1000.0	1090.5662838871665	0.0	0	433.90925667149713	1290.5662838868157	1	0	1	1.676902578100223
203200.0	1000.0	1090.5662838871835	0.0	0	311.7712465416116	1290.5662838867866	1	0	1	1.6769025781002256
204200.0	1000.0	1090.5662838871954	0.0	0	317.5196831841313	1290.5662838867866	1	0	1	1.6769025781002256
205200.0	1000.0	1090.566283887183	0.0	0	98.50781230060966	1290.5662838867866	1	0	1	1.6769025781002256
206200.0	1000.0	1090.5662838871879	0.0	0	115.23616267828038	1290.5662838867866	1	0	1	1.6769025781002256
207200.0	1000.0	1090.5662838871883	0.0	0	396.9645109119301	1290.5662838868157	1	0	1	1.676902578100223
208200.0	1000.0	1090.5662838871826	0.0	0	252.82042752334382	1290.5662838868157	1	0	1	1.676902578100223
209200.0	1000.0	1090.5662838871538	0.0	0	221.80965667418786	1290.5662838868157	1	0	1	1.676902578100223
210200.0	1000.0	1090.566283887181	0.0	0	290.11410134410835	1290.5662838868157	1	0	1	1.676902578100223
211200.0	1000.0	1090.5662838871997	0.0	0	404.6844935914269	1290.5662838868157	1	0	1	1.676902578100223
212200.0	1000.0	1090.5662838871947	0.0	0	358.8180159756448	1290.5662838868157	1	0	1	1.676902578100223
213200.0	1000.0	1090.5662838871924	0.0	0	232.06421914114617	1290.5662838868157	1	0	1	1.676902578100223
214200.0	1000.0	1090.5662838871904	0.0	0	519.2597855138592	1290.5662838868157	1	0	1	1.676902578100223
215200.0	1000.0	1090.5662838871847	0.0	0	498.3434220154013	1290.5662838867866	1	0	1	1.6769025781002256
216200.0	1000.0	1090.566283887198	0.0	0	384.316685019352	1290.5662838868157	1	0	1	1.6769025781002234
217200.0	1000.0	1090.566283887209	0.0	0	75.49106325497269	1290.5662838868157	1	0	1	1.676902578100223
218200.0	1000.0	1090.5662838872204	0.0	0	81.18493589831633	1290.5662838868157	1	0	1	1.676902578100223
219200.0	1000.0	1090.56628388722	0.0	0	228.3815011823608	1290.5662838868157	1	0	1	1.676902578100223
220595.74320327924	1000.0	694.8230806080074	0.0	0	0.0	1290.5662838868157	1	0	1	1.676902578100223
221200.0	500.0	1090.566283887214	0.0	0	94.43978489990695	1290.5662838868157	1	0	1	-0.0559653732996408
222200.0	1000.0	1090.566283887186	0.0	0	98.78160980081884	1290.5662838867866	1	0	1	0.9837553975402802
223216.64109487363	1000.0	1073.925189013575	0.0	0	0.0	1290.5662838867866	1	0	1	1.6769025781002256
224200.0	500.0	1090.5662838872229	0.0	0	557.3440963029279	1290.5662838867866	1	0	1	-0.05596537329963791
225200.0	500.0	1090.5662838872076	0.0	0	486.45075097185327	1290.5662838867866	1	0	1	0.6371818072603075
226200.0	500.0	1090.566283887195	0.0	0	607.0696555812028	1290.5662838867574	1	0	1	0.6371818072603106
227200.0	1000.0	1090.5662838872327	0.0	0	193.36309945501853	1290.5662838867866	1	0	1	0.9837553975402809
228200.0	1000.0	1090.566283887227	0.0	0	289.71114043006673	1290.5662838868157	1	0	1	1.676902578100223
229200.0	1000.0	1090.5662838872327	0.0	0	319.8667630813143	1290.5662838867866	1	0	1	1.6769025781002256
230200.0	1000.0	1090.5662838872486	0.0	0	303.6127215497836	1290.5662838868157	1	0	1	1.676902578100223
231200.0	1000.0	1090.5662838872447	0.0	0	466.4829444999632	1290.5662838868157	1	0	1	1.6769025781002225
232200.0	1000.0	1090.56628388722	0.0	0	284.64369529948453	1290.5662838867866	1	0	1	1.6769025781002256
233200.0	1000.0	1090.5662838872017	0.0	0	357.94093301682733	1290.5662838867866	1	0	1	1.6769025781002256
234200.0	1000.0	1090.5662838872113	0.0	0	479.77748975052964	1290.5662838867866	1	0	1	1.6769025781002256
235200.0	1000.0	1090.5662838872036	0.0	0	400.86042053773417	1290.5662838867866	1	0	1	1.6769025781002256
236200.0	1000.0	1090.5662838872067	0.0	0	194.79231621531653	1290.5662838867574	1	0	1	1.6769025781002287
237200.0	1000.0	1090.5662838871683	0.0	0	253.38610345244524	1290.5662838867574	1	0	1	1.6769025781002287
238200.0	1000.0	1090.5662838871913	0.0	0	417.6181417045591	1290.5662838867866	1	0	1	1.6769025781002262
239218.6114084719	1000.0	1071.9548754152736	0.0	0	0.0	1290.5662838867866	1	0	1	1.6769025781002256
240429.61499214364	1000.0	860.951291743535	0.0	0	0.0	1290.5662838868157	1	0	1	1.676902578100223
241200.0	500.0	1090.5662838871501	0.0	0	406.04021492926404	1290.5662838868157	1	0	1	-0.0559653732996408
242200.0	1000.0	1090.5662838871528	0.0	0	488.78128477718565	1290.5662838868157	1	0	1	0.9837553975402774
243200.0	1000.0	1090.5662838871633	0.0	0	518.9631711214897	1290.5662838868157	1	0	1	1.676902578100223
244200.0	1000.0	1090.5662838871767	0.0	0	384.5353805148043	1290.5662838867866	1	0	1	1.6769025781002256
245200.0	1000.0	1090.566283887183	0.0	0	404.0517737772898	1290.5662838867574	1	0	1	1.6769025781002287
246637.48673666918	1000.0	653.0795472179782	0.0	0	0.0	1290.5662838868157	1	0	1	1.6769025781002251
247200.0	500.0	1090.5662838871458	0.0	0	185.75110002982547	1290.5662838868157	1	0	1	-0.0559653732996408
248332.6354559516	1000.0	957.9308279355471	0.0	0	0.0	1290.5662838868157	1	0	1	0.9837553975402774
249572.0962998747	1000.0	718.4699840124167	0.0	0	0.0	1290.5662838868157	1	0	1	1.676902578100223
250211.79811580855	500.0	1078.7681680785677	0.0	0	0.0	1290.5662838868157	1	0	1	-0.0559653732996408
251200.0	500.0	1090.5662838871112	0.0	0	371.215787883295	1290.5662838868157	1	0	1	0.6371818072603047
252200.0	500.0	1090.5662838871476	0.0	0	494.91309740638826	1290.5662838868448	1	0	1	0.6371818072603018
253200.0	500.0	1090.5662838871608	0.0	0	456.11646749658394	1290.5662838868448	1	0	1	0.6371818072603018
254200.0	500.0	1090.5662838871547	0.0	0	630.7416501825501	1290.5662838868448	1	0	1	0.6371818072603018
255200.0	1000.0	1090.5662838871149	0.0	0	549.4673549499712	1290.5662838868448	1	0	1	0.9837553975402744
256200.0	1000.0	1090.5662838871192	0.0	0	523.7442746286688	1290.5662838868448	1	0	1	1.6769025781002198
257200.0	1000.0	1090.566283887118	0.0	0	457.1981097054377	1290.5662838868448	1	0	1	1.6769025781002198
258421.66723974067	1000.0	868.8990441464395	0.0	0	0.0	1290.5662838868448	1	0	1	1.6769025781002198
259231.57482444955	1000.0	1058.9914594375664	0.0	0	0.0	1290.5662838868739	1	0	1	1.676902578100217
260200.0	1000.0	1090.566283887109	0.0	0	109.01592665383941	1290.5662838868739	1	0	1	1.676902578100217
261200.0	1000.0	1090.5662838870899	0.0	0	344.3908937351662	1290.5662838868448	1	0	1	1.6769025781002198
262200.0	1000.0	1090.566283887086	0.0	0	160.1457085092552	1290.5662838868157	1	0	1	1.676902578100223
263200.0	1000.0	1090.566283887042	0.0	0	486.80396124575054	1290.5662838867866	1	0	1	1.6769025781002247
264200.0	1000.0	1090.5662838869584	0.0	0	426.0849603411043	1290.5662838867866	1	0	1	1.6769025781002256
265200.0	1000.0	1090.5662838870237	0.0	0	315.7226722080377	1290.5662838868448	1	0	1	1.6769025781002211
266200.0	1000.0	1090.5662838869998	0.0	0	124.81640112964669	1290.5662838868448	1	0	1	1.6769025781002198
267200.0	1000.0	1090.5662838869825	0.0	0	426.4129878319218	1290.566283886903	1	0	1	1.676902578100214
268200.0	1000.0	1090.566283886934	0.0	0	479.8504100658465	1290.566283886903	1	0	1	1.676902578100214
269200.0	1000.0	1090.566283886957	0.0	0	459.4347661769134	1290.566283886903	1	0	1	1.676902578100214
270200.0	1000.0	1090.5662838869514	0.0	0	191.08205676911166	1290.566283886903	1	0	1	1.676902578100214
271200.0	1000.0	1090.566283886912	0.0	0	500.49502639786806	1290.566283886903	1	0	1	1.676902578100214
272200.0	1000.0	1090.5662838868761	0.0	0	236.50320575514343	1290.5662838868448	1	0	1	1.6769025781002198
273200.0	1000.0	1090.5662838868961	0.0	0	159.4599564676755	1290.5662838868448	1	0	1	1.6769025781002198
274200.0	1000.0	1090.5662838869	0.0	0	287.492948256142	1290.5662838868448	1	0	1	1.6769025781002198
275200.0	1000.0	1090.5662838869616	0.0	0	356.9072983446531	1290.566283886903	1	0	1	1.676902578100214
276200.0	1000.0	1090.566283886996	0.0	0	432.5365768207703	1290.566283886903	1	0	1	1.676902578100214
277200.0	1000.0	1090.5662838869791	0.0	0	508.56155646266416	1290.566283886903	1	0	1	1.676902578100214
278200.0	1000.0	1090.566283887015	0.0	0	492.1767301716609	1290.566283886903	1	0	1	1.676902578100214
279200.0	1000.0	1090.566283886938	0.0	0	366.89859799767146	1290.566283886903	1	0	1	1.676902578100214
280200.0	1000.0	1090.566283886884	0.0	0	429.48560413409723	1290.5662838868448	1	0	1	1.6769025781002187
281200.0	1000.0	1090.5662838868705	0.0	0	221.6760476648924	1290.566283886903	1	0	1	1.676902578100214
282200.0	1000.0	1090.5662838869064	0.0	0	186.6009737958666	1290.5662838868448	1	0	1	1.6769025781002198
283200.0	1000.0	1090.5662838869068	0.0	0	390.73155317100463	1290.5662838868448	1	0	1	1.6769025781002198
284200.0	1000.0	1090.5662838869425	0.0	0	348.7605098815984	1290.566283886903	1	0	1	1.676902578100214
285200.0	1000.0	1090.5662838869628	0.0	0	49.718252196966205	1290.566283886903	1	0	1	1.676902578100214
286200.0	1000.0	1090.5662838869548	0.0	0	299.84366119035985	1290.566283886903	1	0	1	1.676902578100214
287200.0	1000.0	1090.5662838868898	0.0	0	236.4573787326226	1290.566283886903	1	0	1	1.676902578100214
288200.0	1000.0	1090.5662838868902	0.0	0	436.3822511038161	1290.566283886903	1	0	1	1.676902578100214
289200.0	1000.0	1090.5662838869137	0.0	0	440.77330047270516	1290.566283886903	1	0	1	1.676902578100214
290200.0	1000.0	1090.5662838868943	0.0	0	431.15639459341764	1290.566283886903	1	0	1	1.676902578100214
291200.0	1000.0	1090.5662838868973	0.0	0	476.34936680435203	1290.566283886903	1	0	1	1.676902578100214
292200.0	1000.0	1090.5662838869653	0.0	0	347.8063306794502	1290.5662838868448	1	0	1	1.6769025781002198
293200.0	1000.0	1090.566283886973	0.0	0	41.47950649575796	1290.5662838868448	1	0	1	1.6769025781002198
294303.63496344356	1000.0	986.9313204433746	0.0	0	0.0	1290.5662838867866	1	0	1	1.6769025781002256
295200.0	1000.0	1090.566283886867	0.0	0	117.31586069398327	1290.5662838867866	1	0	1	1.6769025781002256
296200.0	1000.0	1090.5662838868202	0.0	0	13.746242184366565	1290.5662838867866	1	0	1	1.6769025781002256
297200.0	1000.0	1090.5662838868288	0.0	0	224.76034145680023	1290.5662838867866	1	0	1	1.6769025781002256
298200.0	1000.0	1090.566283886758	0.0	0	218.74463308189297	1290.5662838867866	1	0	1	1.6769025781002256
299200.0	1000.0	1090.5662838867838	0.0	0	144.42616380535765	1290.5662838867866	1	0	1	1.6769025781002256
300200.0	1000.0	1090.5662838868138	0.0	0	506.6469505892601	1290.5662838868448	1	0	1	1.6769025781002211
301200.0	1000.0	1090.5662838868357	0.0	0	482.1769786872901	1290.5662838868448	1	0	1	1.6769025781002198
302321.21783736633	1000.0	969.3484465204594	0.0	0	0.0	1290.5662838868448	1	0	1	1.6769025781002198
303200.0	1000.0	1090.5662838867827	0.0	0	377.0854838999221	1290.5662838867866	1	0	1	1.6769025781002256
304200.0	1000.0	1090.566283886782	0.0	0	588.8170841207029	1290.5662838868448	1	0	1	1.6769025781002198
305200.0	1000.0	1090.5662838867754	0.0	0	190.0895828679786	1290.5662838868448	1	0	1	1.6769025781002198
306200.0	1000.0	1090.5662838867324	0.0	0	203.28337675827788	1290.566283886903	1	0	1	1.676902578100214
307200.0	1000.0	1090.566283886763	0.0	0	336.0198253634735	1290.5662838869612	1	0	1	1.6769025781002092
308200.0	1000.0	1090.566283886801	0.0	0	351.5458135881345	1290.5662838869612	1	0	1	1.676902578100208
309200.0	1000.0	1090.5662838867927	0.0	0	436.75628566986416	1290.5662838869612	1	0	1	1.676902578100208
310200.0	1000.0	1090.5662838868059	0.0	0	389.2332284520962	1290.566283886903	1	0	1	1.676902578100214
311200.0	1000.0	1090.5662838868345	0.0	0	602.8706394328037	1290.5662838869612	1	0	1	1.676902578100208
312200.0	1000.0	1090.5662838868286	0.0	0	397.11603304714663	1290.5662838869612	1	0	1	1.676902578100208
313285.09011877835	1000.0	1005.4761651084533	0.0	0	0.0	1290.5662838869612	1	0	1	1.676902578100208
314411.85962660256	1000.0	878.7066572842341	0.0	0	0.0	1290.5662838869612	1	0	1	1.676902578100208
1.17	1.67	2.38	1.33	1.44	1.91	1.25	1.36	1.45	1.11	1.4	1.59	2.28	1.81	0.9	1.15	1.08	1.33	1.25	0.76	0.96	1.45	1.51	1.25	1.51	2.33	1.17	2.18	1.87	1.78	1.47	1.41	1.39	1.29	1.17	1.31	1.44	1.61	2.04	1.22	1.61	1.33	1.4	1.62	1.2	1.44	2.21	1.91	1.65	2.26	2.09	1.25	1.55	1.15	2.22	0.61	1.04	0.94	1.04	0.96	1.41	1.93	1.15	1.44	1.1	1.59	1.91	1.85	1.91	2.55	1.8	1.39	1.61	1.3	1.26	0.75	1.47	1.61	1.68	1.78	1.53	0.73	1.27	1.12	0.66	0.93	0.86	1.24	1.45	1.87	1.76	2.32	1.61	0.8	1.03	1.19	1.38	1.58	1.67	1.59	1.11	1.66	2.1	2.12	1.77	1.52	1.74	1.18	1.54	1.59	1.54	2.15	2.2	1.73	2.1	1.73	1.45	1.71	1.59	1.69	1.31	2.06	1.48	2.09	2.32	2.03	1.11	1.39	1.19	1.12	1.0	1.38	1.54	1.14	1.32	2.27	1.44	0.93	1.99	2.04	1.45	1.27	1.07	1.67	1.68	2.06	2.26	1.51	1.18	1.66	1.17	1.67	2.38	1.33	1.44	1.91	1.25	1.36	1.45	1.11	1.4	1.59	2.28	1.81	0.9	1.15	1.08	1.33	1.25	0.76	0.96	1.45	1.51	1.25	1.51	2.33	1.17	2.18	1.87	1.78	1.47	1.41	1.39	1.29	1.17	1.31	1.44	1.61	2.04	1.22	1.61	1.33	1.4	1.62	1.2	1.44	2.21	1.91	1.65	2.26	2.09	1.25	1.55	1.15	2.22	0.61	1.04	0.94	1.04	0.96	1.41	1.93	1.15	1.44	1.1	1.59	1.91	1.85	1.91	2.55	1.8	1.39	1.61	1.3	1.26	0.75	1.47	1.61	1.68	1.78	1.53	0.73	1.27	1.12	0.66	0.93	0.86	1.24	1.45	1.87	1.76	2.32	1.61	0.8	1.03	1.19	1.38	1.58	1.67	1.59	1.11	1.66	2.1	2.12	1.77	1.52	1.74	1.18	1.54	1.59	1.54	2.15	2.2	1.73	2.1	1.73	1.45	1.71	1.59	1.69	1.31	2.06	1.48	2.09	2.32	2.03	1.11	1.39	1.19	1.12	1.0	1.38	1.54	1.14	1.32	2.27	1.44	0.93	1.99	2.04	1.45	1.27	1.07	1.67	1.68	2.06	2.26	1.51	1.18	1.66	1.17	1.67	2.38	1.33	1.44	1.91	1.25	1.36	1.45	1.11	1.4	1.59	2.28	1.81	0.9	1.15
1.0	2.0	3.0	4.0	5.0	6.0	7.0	8.0	9.0	10.0	11.0	12.0	13.0	14.0	15.0	16.0	17.0	18.0	19.0	20.0	21.0	22.0	23.0	24.0	25.0	26.0	27.0	28.0	29.0	30.0	31.0	32.0	33.0	34.0	35.0	36.0	37.0	38.0	39.0	40.0	41.0	42.0	43.0	44.0	45.0	46.0	47.0	48.0	49.0	50.0	51.0	52.0	53.0	54.0	55.0	56.0	57.0	58.0	59.0	60.0	61.0	62.0	63.0	64.0	65.0	66.0	67.0	68.0	69.0	70.0	71.0	72.0	73.0	74.0	75.0	76.0	77.0	78.0	79.0	80.0	81.0	82.0	83.0	84.0	85.0	86.0	87.0	88.0	89.0	90.0	91.0	92.0	93.0	94.0	95.0	96.0	97.0	98.0	99.0	100.0	101.0	102.0	103.0	104.0	105.0	106.0	107.0	108.0	109.0	110.0	111.0	112.0	113.0	114.0	115.0	116.0	117.0	118.0	119.0	120.0	121.0	122.0	123.0	124.0	125.0	126.0	127.0	128.0	129.0	130.0	131.0	132.0	133.0	134.0	135.0	136.0	137.0	138.0	139.0	140.0	141.0	142.0	143.0	144.0	145.0	146.0	147.0	148.0	149.0	149.0	150.0	151.0	152.0	153.0	154.0	155.0	156.0	157.0	158.0	159.0	160.0	161.0	162.0	163.0	164.0	165.0	166.0	167.0	168.0	169.0	170.0	171.0	172.0	173.0	174.0	175.0	176.0	177.0	178.0	179.0	180.0	181.0	182.0	183.0	184.0	185.0	186.0	187.0	188.0	189.0	190.0	191.0	192.0	193.0	194.0	195.0	196.0	197.0	198.0	199.0	200.0	201.0	202.0	203.0	204.0	205.0	206.0	207.0	208.0	209.0	210.0	211.0	212.0	213.0	214.0	215.0	216.0	217.0	218.0	219.0	220.0	221.0	222.0	223.0	224.0	225.0	226.0	227.0	228.0	229.0	230.0	231.0	232.0	233.0	234.0	235.0	236.0	237.0	238.0	239.0	240.0	241.0	242.0	243.0	244.0	245.0	246.0	247.0	248.0	249.0	250.0	251.0	252.0	253.0	254.0	255.0	256.0	257.0	258.0	259.0	260.0	261.0	262.0	263.0	264.0	265.0	266.0	267.0	268.0	269.0	270.0	271.0	272.0	273.0	274.0	275.0	276.0	277.0	278.0	279.0	280.0	281.0	282.0	283.0	284.0	285.0	286.0	287.0	288.0	289.0	290.0	291.0	292.0	293.0	294.0	295.0	296.0	297.0	298.0	298.0	299.0	300.0	301.0	302.0	303.0	304.0	305.0	306.0	307.0	308.0	309.0	310.0	311.0	312.0	313.0	314.0
2268.254048492408
