2308.595461024163	300.0	2000.0	124.86734385273009	0	0.0	2308.595461024163	1	0	1	-0.9777254688247116
5200.0	3000.0	329.5055425528742	291.73231141170453	0	167.94099457927132	529.5055425528735	1	0	2	-1.0554023695248949
6200.0	500.0	2429.5055425528753	0.0	0	841.4417952567283	2629.5055425528744	1	0	0	-1.6844715878343566
11373.239488149497	6000.0	200.0	2055.5071767377917	0	0.0	2573.2394881494965	1	0	2	-11.099421283938858
12200.0	500.0	290.5634369644461	0.0	0	542.802511501246	490.56343696444674	1	0	2	-1.9714781689009118
13200.0	500.0	2390.5634369644463	0.0	0	783.80398320311	2590.5634369644486	1	0	0	0.11118209195254135
16200.0	3000.0	341.5890888787527	46.386956285733106	0	224.67709349209508	541.5890888787544	1	0	2	0.7262400381684857
17200.0	500.0	2441.589088878751	0.0	0	853.4759791156084	2641.5890888787526	1	0	0	-1.6856799424669449
20200.0	3000.0	341.58908887874657	0.0	0	231.39168179018452	541.5890888787508	1	0	2	1.0044947123157115
21200.0	1000.0	2441.5890888787467	0.0	0	726.6134791236618	2641.5890888787508	1	0	0	0.047188008932919356
24312.746168452675	6000.0	288.4872970781279	64.47181227029722	0	0.0	601.2334655308077	1	0	2	1.6512170100753767
25200.0	1000.0	2489.9588486855337	0.0	0	548.4098626645136	2689.958848685532	1	0	0	-0.6509992379342804
28369.126259962417	6000.0	393.4144886031653	172.26775079663116	0	0.0	762.5407485655815	1	0	2	0.9892365803273372
29200.0	1000.0	2645.6281225693438	0.0	0	589.0927967571515	2845.6281225693456	1	0	0	-0.6665726371287981
33308.66105778196	6000.0	200.0	794.4536736280113	0	0.0	1508.6610577819592	1	0	2	-2.7923638807078492
33521.1879710512	500.0	987.47308673076	0.0	0	0.0	1508.6610577819629	1	0	1	-2.06953431991721
34229.543088644365	2000.0	1279.1179691375953	0.0	0	0.0	1508.6610577819592	1	0	1	1.3085195104307354
35200.0	3000.0	1308.6610577819586	0.0	0	112.15156157602905	1508.6610577819592	1	0	1	2.897546425604709
36200.0	3000.0	1308.6610577819536	0.0	0	380.0459067015763	1508.661057781952	1	0	1	3.303011533712874
37200.0	3000.0	1308.6610577819488	0.0	0	342.5803862121611	1508.661057781952	1	0	1	3.303011533712874
38200.0	3000.0	1308.6610577819476	0.0	0	377.28114748954977	1508.6610577819592	1	0	1	3.3030115337128736
39200.0	3000.0	1308.6610577819483	0.0	0	294.8096605803876	1508.6610577819592	1	0	1	3.3030115337128736
40418.59578770094	3000.0	1090.0652700810133	0.0	0	0.0	1508.6610577819592	1	0	1	3.3030115337128736
41400.4602715094	3000.0	1108.200786272558	0.0	0	0.0	1508.6610577819592	1	0	1	3.3030115337128736
42825.56545419143	3000.0	683.095603590533	0.0	0	0.0	1508.661057781952	1	0	1	3.303011533712874
43200.0	1000.0	1308.6610577819577	0.0	0	104.32475005484594	1508.661057781952	1	0	1	0.5564808120425994
44200.0	2000.0	1308.6610577819629	0.0	0	276.6940412999029	1508.6610577819592	1	0	1	2.0016666909906813
45200.0	2000.0	1308.6610577819574	0.0	0	373.0723358131654	1508.6610577819592	1	0	1	2.6948138715506262
46454.34915399401	3000.0	1054.3119037879394	0.0	0	0.0	1508.661057781952	1	0	1	2.8975464256047094
47329.93057402754	2000.0	1178.7304837544075	0.0	0	0.0	1508.661057781952	1	0	1	2.2893487634424625
48200.0	3000.0	1308.661057781943	0.0	0	66.97091851063306	1508.661057781952	1	0	1	2.8975464256047094
49200.0	3000.0	1308.6610577819426	0.0	0	68.1766106080322	1508.6610577819447	1	0	1	3.3030115337128745
50200.0	3000.0	1308.661057781946	0.0	0	129.57109324419434	1508.6610577819447	1	0	1	3.3030115337128745
51200.0	3000.0	1308.6610577819476	0.0	0	18.39685989705322	1508.6610577819447	1	0	1	3.3030115337128745
52375.03220052384	3000.0	1133.6288572581152	0.0	0	0.0	1508.6610577819447	1	0	1	3.3030115337128745
53642.62736415885	3000.0	866.0336936231063	0.0	0	0.0	1508.6610577819447	1	0	1	3.3030115337128745
54502.34673191092	2000.0	1006.3143258710362	0.0	0	0.0	1508.6610577819447	1	0	1	2.289348763442463
55219.912892605644	2000.0	1288.7481651763103	0.0	0	0.0	1508.661057781952	1	0	1	2.694813871550627
56200.0	2000.0	1308.661057781959	0.0	0	282.39266780095204	1508.661057781952	1	0	1	2.694813871550627
57200.0	2000.0	1308.6610577819547	0.0	0	323.80256440874655	1508.661057781952	1	0	1	2.694813871550627
58633.35465344966	3000.0	875.3064043322963	0.0	0	0.0	1508.661057781952	1	0	1	2.8975464256047094
59303.58135817905	2000.0	1205.0796996029144	0.0	0	0.0	1508.661057781952	1	0	1	2.2893487634424625
60200.0	2000.0	1308.6610577819556	0.0	0	330.57330831498257	1508.661057781952	1	0	1	2.694813871550627
61200.0	2000.0	1308.6610577819542	0.0	0	321.9171321510439	1508.661057781952	1	0	1	2.694813871550627
62200.0	2000.0	1308.6610577819526	0.0	0	224.53930074482923	1508.661057781952	1	0	1	2.694813871550627
63200.0	2000.0	1308.6610577819565	0.0	0	15.652251738669293	1508.661057781952	1	0	1	2.694813871550627
64200.0	2000.0	1308.661057781948	0.0	0	264.9107876810958	1508.6610577819447	1	0	1	2.6948138715506276
65200.0	2000.0	1308.66105778195	0.0	0	305.51232388833887	1508.661057781952	1	0	1	2.694813871550627
66200.0	3000.0	1308.6610577819667	0.0	0	105.5316927080421	1508.6610577819665	1	0	1	2.897546425604708
67200.0	2000.0	1308.6610577819497	0.0	0	498.9587243857095	1508.661057781952	1	0	1	2.2893487634424625
68200.0	2000.0	1308.6610577819445	0.0	0	499.73400469000626	1508.661057781952	1	0	1	2.694813871550627
69434.31004897883	3000.0	1074.3510088031148	0.0	0	0.0	1508.661057781952	1	0	1	2.8975464256047094
70200.0	2000.0	1308.6610577819413	0.0	0	202.145471721582	1508.6610577819665	1	0	1	2.2893487634424616
71200.0	3000.0	1308.6610577819301	0.0	0	142.93328983483661	1508.6610577819665	1	0	1	2.8975464256047077
72260.11099399652	3000.0	1248.5500637854034	0.0	0	0.0	1508.6610577819665	1	0	1	3.3030115337128723
73534.62233812579	3000.0	974.0387196561494	0.0	0	0.0	1508.6610577819665	1	0	1	3.3030115337128723
74449.41829611111	2000.0	1059.2427616708428	0.0	0	0.0	1508.6610577819665	1	0	1	2.2893487634424607
75200.0	2000.0	1308.661057781949	0.0	0	47.1620191992115	1508.6610577819665	1	0	1	2.6948138715506254
76200.0	2000.0	1308.6610577819456	0.0	0	248.02405591888237	1508.661057781981	1	0	1	2.6948138715506245
77200.0	2000.0	1308.6610577819358	0.0	0	360.5653637546784	1508.661057781981	1	0	1	2.6948138715506245
78200.0	2000.0	1308.6610577819276	0.0	0	378.956231693679	1508.661057781981	1	0	1	2.6948138715506245
79200.0	3000.0	1308.661057781915	0.0	0	185.87516534027236	1508.6610577819665	1	0	1	2.8975464256047077
80200.0	2000.0	1308.6610577819106	0.0	0	446.1289102124574	1508.661057781981	1	0	1	2.28934876344246
81701.51477313162	3000.0	807.1462846502955	0.0	0	0.0	1508.6610577819956	1	0	1	2.897546425604705
82308.230951799	2000.0	1200.4301059829088	0.0	0	0.0	1508.6610577819956	1	0	1	2.289348763442458
83200.0	2000.0	1308.661057781913	0.0	0	112.950546585329	1508.661057781981	1	0	1	2.6948138715506245
84200.0	2000.0	1308.6610577819092	0.0	0	179.24306917976355	1508.661057781981	1	0	1	2.6948138715506245
85200.0	2000.0	1308.6610577818958	0.0	0	224.4535199207894	1508.661057781981	1	0	1	2.6948138715506245
86200.0	3000.0	1308.6610577819067	0.0	0	209.16134113828593	1508.661057781981	1	0	1	2.8975464256047068
87200.0	2000.0	1308.6610577819094	0.0	0	219.77016509749228	1508.661057781981	1	0	1	2.28934876344246
88200.0	2000.0	1308.6610577819208	0.0	0	265.5615904474398	1508.6610577819665	1	0	1	2.6948138715506254
89200.0	2000.0	1308.6610577818997	0.0	0	75.71192010999948	1508.6610577819665	1	0	1	2.6948138715506254
90252.39728893907	3000.0	1256.2637688428408	0.0	0	0.0	1508.6610577819665	1	0	1	2.8975464256047077
91200.0	2000.0	1308.6610577819072	0.0	0	457.36369160217873	1508.6610577819665	1	0	1	2.2893487634424607
92200.0	2000.0	1308.6610577819222	0.0	0	598.8849040724162	1508.6610577819665	1	0	1	2.6948138715506254
93200.0	3000.0	1308.6610577819297	0.0	0	230.180784787226	1508.6610577819665	1	0	1	2.8975464256047077
94200.0	3000.0	1308.661057781935	0.0	0	95.54829756221443	1508.6610577819665	1	0	1	3.3030115337128723
95200.0	3000.0	1308.6610577819213	0.0	0	134.94249557168223	1508.6610577819665	1	0	1	3.3030115337128723
96200.0	3000.0	1308.6610577819254	0.0	0	155.60390000879124	1508.6610577819665	1	0	1	3.3030115337128723
97200.0	3000.0	1308.6610577819279	0.0	0	311.523669673712	1508.6610577819665	1	0	1	3.3030115337128723
98200.0	3000.0	1308.6610577819251	0.0	0	287.6997697677871	1508.6610577819665	1	0	1	3.3030115337128723
99200.0	3000.0	1308.661057781909	0.0	0	235.10900420314283	1508.6610577819665	1	0	1	3.3030115337128723
100529.75407285194	3000.0	978.9069849299676	0.0	0	0.0	1508.6610577819665	1	0	1	3.3030115337128723
101847.63584984817	3000.0	661.0252079337395	0.0	0	0.0	1508.661057781981	1	0	1	3.3030115337128714
102200.0	1000.0	1308.6610577819256	0.0	0	14.990697061715764	1508.6610577819665	1	0	1	0.5564808120425977
103200.0	3000.0	1308.6610577819229	0.0	0	190.951529713755	1508.6610577819665	1	0	1	2.2043992450447627
104224.55679443468	3000.0	1284.1042633472582	0.0	0	0.0	1508.661057781981	1	0	1	3.3030115337128714
105200.0	3000.0	1308.6610577819522	0.0	0	67.86325625394238	1508.661057781981	1	0	1	3.3030115337128714
106200.0	3000.0	1308.6610577819556	0.0	0	426.25436095423356	1508.661057781981	1	0	1	3.3030115337128714
107537.10266743162	3000.0	971.5583903503482	0.0	0	0.0	1508.6610577819956	1	0	1	3.3030115337128696
108247.24759635323	3000.0	1261.4134614287295	0.0	0	0.0	1508.661057781981	1	0	1	3.3030115337128714
109272.19223702705	3000.0	1236.4688207549138	0.0	0	0.0	1508.661057781981	1	0	1	3.3030115337128714
110280.46563110636	3000.0	1228.1954266756231	0.0	0	0.0	1508.6610577819956	1	0	1	3.3030115337128696
111614.4768442428	3000.0	894.1842135391789	0.0	0	0.0	1508.6610577819956	1	0	1	3.3030115337128696
112200.0	2000.0	1308.661057781983	0.0	0	75.07065615804459	1508.6610577819956	1	0	1	2.289348763442458
113200.0	3000.0	1308.6610577819802	0.0	0	463.64942715466896	1508.6610577820102	1	0	1	2.897546425604703
114200.0	3000.0	1308.6610577819824	0.0	0	404.7226175555843	1508.6610577820102	1	0	1	3.303011533712868
115200.0	3000.0	1308.6610577819954	0.0	0	380.5120751089853	1508.6610577820102	1	0	1	3.303011533712868
116200.0	3000.0	1308.6610577820043	0.0	0	386.8939829410665	1508.6610577820102	1	0	1	3.303011533712868
117200.0	3000.0	1308.661057782017	0.0	0	258.96129806629324	1508.6610577820102	1	0	1	3.303011533712868
118200.0	3000.0	1308.6610577820068	0.0	0	128.16672811310855	1508.6610577820102	1	0	1	3.303011533712868
119200.0	3000.0	1308.661057782012	0.0	0	346.58719068724895	1508.6610577820102	1	0	1	3.303011533712868
120200.0	3000.0	1308.6610577820102	0.0	0	301.83206880351645	1508.6610577820102	1	0	1	3.303011533712868
121200.0	3000.0	1308.6610577820181	0.0	0	442.9787459612562	1508.6610577820102	1	0	1	3.303011533712868
122220.85854066788	3000.0	1287.8025171141235	0.0	0	0.0	1508.6610577820102	1	0	1	3.303011533712868
123535.98764740233	3000.0	972.6734103796543	0.0	0	0.0	1508.6610577819956	1	0	1	3.3030115337128696
124252.2658832763	3000.0	1256.3951745056766	0.0	0	0.0	1508.6610577819956	1	0	1	3.3030115337128696
125212.40242226557	3000.0	1296.2586355163978	0.0	0	0.0	1508.6610577819956	1	0	1	3.3030115337128696
126339.22995135612	3000.0	1169.4311064258636	0.0	0	0.0	1508.6610577819956	1	0	1	3.3030115337128696
127200.0	3000.0	1308.6610577819997	0.0	0	59.038454703826574	1508.6610577820102	1	0	1	3.303011533712868
128200.0	3000.0	1308.6610577819922	0.0	0	261.31222409929615	1508.6610577819956	1	0	1	3.3030115337128696
129200.0	3000.0	1308.6610577819959	0.0	0	62.244623965612845	1508.6610577819956	1	0	1	3.3030115337128696
130622.02796567522	3000.0	886.6330921067748	0.0	0	0.0	1508.6610577819956	1	0	1	3.3030115337128696
131355.42787203175	2000.0	1153.2331857502513	0.0	0	0.0	1508.6610577819956	1	0	1	2.289348763442458
132200.0	2000.0	1308.6610577819908	0.0	0	229.65070648986148	1508.661057781981	1	0	1	2.6948138715506245
133200.0	2000.0	1308.6610577819736	0.0	0	270.64404153393116	1508.661057781981	1	0	1	2.6948138715506245
134200.0	2000.0	1308.661057781956	0.0	0	277.7402069986565	1508.661057781981	1	0	1	2.6948138715506245
135200.0	2000.0	1308.6610577819774	0.0	0	350.5517757854832	1508.661057781981	1	0	1	2.6948138715506245
136355.63722339907	3000.0	1153.0238343829042	0.0	0	0.0	1508.661057781952	1	0	1	2.8975464256047085
137211.31485012738	2000.0	1297.3462076546207	0.0	0	0.0	1508.661057781981	1	0	1	2.2893487634424603
138226.19561754353	3000.0	1282.465440238463	0.0	0	0.0	1508.661057781952	1	0	1	2.8975464256047094
139471.22105565816	2000.0	1037.4400021238453	0.0	0	0.0	1508.661057781981	1	0	1	2.28934876344246
140342.49902689035	2000.0	1166.1620308916888	0.0	0	0.0	1508.6610577820102	1	0	1	2.694813871550621
141331.05208882244	2000.0	1177.6089689596024	0.0	0	0.0	1508.6610577820102	1	0	1	2.694813871550621
142483.98090410855	2000.0	1024.6801536734777	0.0	0	0.0	1508.6610577820393	1	0	1	2.694813871550619
143200.0	1000.0	1308.6610577820475	0.0	0	102.09705322570517	1508.6610577820102	1	0	1	0.9619459201507582
144200.0	1000.0	1308.6610577820725	0.0	0	298.24845753615955	1508.6610577820393	1	0	1	1.6550931007107004
145200.0	1000.0	1308.6610577820388	0.0	0	377.30054919506074	1508.6610577820102	1	0	1	1.6550931007107033
146200.0	1000.0	1308.6610577820184	0.0	0	511.5373475983797	1508.6610577820393	1	0	1	1.6550931007107004
147200.0	1000.0	1308.6610577820045	0.0	0	540.7119063807186	1508.6610577820393	1	0	1	1.6550931007107004
148200.0	1000.0	1308.6610577820707	0.0	0	519.2456945797603	1508.6610577820393	1	0	1	1.6550931007107004
149200.0	1000.0	1308.6610577820713	0.0	0	454.89765865239315	1508.6610577820393	1	0	1	1.6550931007107004
150200.0	2000.0	1308.6610577820559	0.0	0	530.2663069568225	1508.6610577820102	1	0	1	2.0016666909906755
151200.0	2000.0	1308.6610577820759	0.0	0	634.7204920370714	1508.6610577820393	1	0	1	2.6948138715506182
152200.0	3000.0	1308.6610577820536	0.0	0	320.4338363405259	1508.6610577820393	1	0	1	2.8975464256047005
153202.05124431715	3000.0	1306.6098134649003	0.0	0	0.0	1508.6610577820393	1	0	1	3.303011533712865
154200.0	3000.0	1308.6610577820297	0.0	0	287.09921368403593	1508.6610577820393	1	0	1	3.303011533712865
155224.01068330603	3000.0	1284.6503744760028	0.0	0	0.0	1508.6610577820393	1	0	1	3.303011533712865
156220.66251383108	3000.0	1287.9985439509226	0.0	0	0.0	1508.6610577820102	1	0	1	3.303011533712868
157427.8600118484	3000.0	1080.8010459336244	0.0	0	0.0	1508.6610577820102	1	0	1	3.303011533712868
158200.0	2000.0	1308.6610577820304	0.0	0	2.564962863805704	1508.6610577820102	1	0	1	2.2893487634424563
159200.0	3000.0	1308.661057782035	0.0	0	31.438038548018085	1508.6610577820393	1	0	1	2.8975464256047005
160664.78574007942	3000.0	843.8753177026048	0.0	0	0.0	1508.6610577820393	1	0	1	3.303011533712865
161693.71741295294	2000.0	814.943644829058	0.0	0	0.0	1508.6610577820102	1	0	1	2.2893487634424554
162200.0	1000.0	1308.6610577819697	0.0	0	157.8566202908114	1508.661057781981	1	0	1	0.961945920150761
163200.0	3000.0	1308.661057781984	0.0	0	148.1954604849161	1508.661057781981	1	0	1	2.2043992450447614
164580.56526023522	3000.0	928.0957975467346	0.0	0	0.0	1508.661057781952	1	0	1	3.303011533712874
165205.20626851474	2000.0	1303.4547892672283	0.0	0	0.0	1508.661057781952	1	0	1	2.2893487634424625
166200.0	2000.0	1308.6610577819765	0.0	0	488.3742341803736	1508.661057781981	1	0	1	2.6948138715506245
167200.0	3000.0	1308.6610577819747	0.0	0	26.987171384767862	1508.661057781981	1	0	1	2.8975464256047068
168200.0	3000.0	1308.661057781984	0.0	0	319.18664640703355	1508.661057781981	1	0	1	3.3030115337128714
170336.8733823223	3000.0	200.0	28.212324540293565	0	0.0	1536.8733823222283	1	0	1	3.1331733399803072
170665.36745425	500.0	871.505928072306	0.0	0	0.0	1536.8733823222283	1	0	1	-1.1792083718112916
171625.3604475216	2000.0	911.5129348007055	0.0	0	0.0	1536.8733823222574	1	0	1	1.305698277976706
172309.63931684397	2000.0	1227.2340654783502	0.0	0	0.0	1536.8733823222574	1	0	1	2.6919926390965965
173200.0	2000.0	1336.8733823223379	0.0	0	414.9009589784546	1536.8733823222574	1	0	1	2.6919926390965965
174200.0	3000.0	1336.873382322359	0.0	0	369.83946980538894	1536.8733823222574	1	0	1	2.8947251931506788
175200.0	3000.0	1336.8733823223522	0.0	0	371.35002679922036	1536.8733823222574	1	0	1	3.3001903012588434
176200.0	3000.0	1336.8733823223733	0.0	0	546.931411324651	1536.8733823222574	1	0	1	3.3001903012588434
177200.0	3000.0	1336.8733823224113	0.0	0	314.62138185321237	1536.8733823222865	1	0	1	3.3001903012588407
178361.0571477184	3000.0	1175.8162346040085	0.0	0	0.0	1536.8733823222865	1	0	1	3.3001903012588407
179346.76644560735	3000.0	1190.1069367150626	0.0	0	0.0	1536.8733823223156	1	0	1	3.300190301258838
180200.0	3000.0	1336.8733823224218	0.0	0	272.0200859273027	1536.8733823223156	1	0	1	3.300190301258837
181200.0	3000.0	1336.87338232245	0.0	0	142.2010456965072	1536.8733823223156	1	0	1	3.300190301258837
182272.02526000142	3000.0	1264.8481223210356	0.0	0	0.0	1536.8733823223156	1	0	1	3.300190301258837
183292.39883881292	3000.0	1244.4745435095404	0.0	0	0.0	1536.8733823222574	1	0	1	3.3001903012588425
184258.39786742095	3000.0	1278.4755149015211	0.0	0	0.0	1536.8733823222865	1	0	1	3.3001903012588407
185200.0	3000.0	1336.8733823224748	0.0	0	438.70948184252484	1536.8733823222574	1	0	1	3.3001903012588434
186200.0	3000.0	1336.8733823224597	0.0	0	454.62659327470465	1536.8733823222865	1	0	1	3.3001903012588407
187200.0	3000.0	1336.873382322479	0.0	0	409.73038752988214	1536.8733823222865	1	0	1	3.3001903012588407
188200.0	3000.0	1336.8733823224813	0.0	0	200.99425751302624	1536.8733823223156	1	0	1	3.300190301258837
189242.79093290897	3000.0	1294.0824494134702	0.0	0	0.0	1536.8733823223156	1	0	1	3.300190301258837
190822.12863125873	3000.0	714.7447510637058	0.0	0	0.0	1536.8733823223156	1	0	1	3.300190301258837
191829.4464681736	2000.0	707.4269141488437	0.0	0	0.0	1536.8733823223156	1	0	1	2.2865275309884256
192200.0	1000.0	1336.8733823224718	0.0	0	119.50693405111087	1536.8733823223156	1	0	1	0.9591246876967277
193200.0	2000.0	1336.8733823224522	0.0	0	335.17507595938514	1536.8733823223156	1	0	1	1.9988454585366453
194200.0	2000.0	1336.8733823224275	0.0	0	280.19806951709324	1536.8733823223156	1	0	1	2.6919926390965903
195358.9273164119	3000.0	1177.946065910553	0.0	0	0.0	1536.8733823223156	1	0	1	2.8947251931506726
196620.4696618999	3000.0	916.4037204225476	0.0	0	0.0	1536.8733823223156	1	0	1	3.300190301258837
197314.43521484997	2000.0	1222.4381674724611	0.0	0	0.0	1536.8733823223156	1	0	1	2.2865275309884256
198200.0	3000.0	1336.8733823224281	0.0	0	55.98547121419688	1536.8733823223447	1	0	1	2.8947251931506717
199213.61820008533	3000.0	1323.2551822370804	0.0	0	0.0	1536.8733823223447	1	0	1	3.3001903012588354
200310.55665632218	3000.0	1226.3167260002551	0.0	0	0.0	1536.8733823223738	1	0	1	3.3001903012588327
201438.59737376287	3000.0	1098.276008559562	0.0	0	0.0	1536.873382322403	1	0	1	3.300190301258829
202778.1510534318	3000.0	758.7223288906241	0.0	0	0.0	1536.873382322403	1	0	1	3.300190301258829
203703.57424717053	2000.0	833.2991351518764	0.0	0	0.0	1536.873382322403	1	0	1	2.286527530988417
204305.23824264147	2000.0	1231.6351396809132	0.0	0	0.0	1536.873382322403	1	0	1	2.691992639096582
205200.0	2000.0	1336.8733823224109	0.0	0	305.82428753451677	1536.873382322403	1	0	1	2.691992639096582
206341.27676740478	2000.0	1195.5966149176134	0.0	0	0.0	1536.873382322403	1	0	1	2.691992639096582
207296.25448853936	2000.0	1240.6188937830664	0.0	0	0.0	1536.873382322432	1	0	1	2.6919926390965787
208200.0	2000.0	1336.873382322437	0.0	0	93.44979003554909	1536.873382322403	1	0	1	2.69199263909658
209294.0806221258	3000.0	1242.792760196647	0.0	0	0.0	1536.873382322403	1	0	1	2.894725193150664
210200.0	2000.0	1336.873382322459	0.0	0	189.02801385321072	1536.873382322403	1	0	1	2.286527530988417
211200.0	2000.0	1336.8733823224582	0.0	0	187.94521161273587	1536.873382322403	1	0	1	2.691992639096582
212223.84887293744	2000.0	1313.024509385007	0.0	0	0.0	1536.873382322403	1	0	1	2.691992639096582
213200.0	2000.0	1336.8733823224268	0.0	0	119.64611730896286	1536.8733823223738	1	0	1	2.691992639096585
214200.0	2000.0	1336.8733823224488	0.0	0	246.23353999247774	1536.8733823223738	1	0	1	2.691992639096585
215200.0	2000.0	1336.8733823224634	0.0	0	149.2751841887657	1536.8733823223738	1	0	1	2.691992639096585
216200.0	3000.0	1336.873382322502	0.0	0	21.539155588950962	1536.8733823223738	1	0	1	2.8947251931506672
217200.0	2000.0	1336.8733823225161	0.0	0	405.71734828921035	1536.8733823223738	1	0	1	2.2865275309884203
218200.0	3000.0	1336.8733823224995	0.0	0	36.41500662040198	1536.8733823223738	1	0	1	2.8947251931506672
219200.0	3000.0	1336.8733823224939	0.0	0	139.35429401238798	1536.8733823223447	1	0	1	3.3001903012588345
220200.0	3000.0	1336.8733823225086	0.0	0	423.89560710295336	1536.8733823223447	1	0	1	3.3001903012588345
221200.0	3000.0	1336.8733823225148	0.0	0	361.36416620670934	1536.8733823223738	1	0	1	3.300190301258832
222212.43009818182	3000.0	1324.443284140677	0.0	0	0.0	1536.8733823223447	1	0	1	3.3001903012588327
223439.60839309043	3000.0	1097.2649892320496	0.0	0	0.0	1536.8733823223447	1	0	1	3.3001903012588345
224542.2014509026	2000.0	994.6719314199056	0.0	0	0.0	1536.8733823223447	1	0	1	2.286527530988423
225552.42781967687	2000.0	984.4455626456407	0.0	0	0.0	1536.8733823223447	1	0	1	2.6919926390965876
226315.2414682827	2000.0	1221.6319140398055	0.0	0	0.0	1536.8733823223738	1	0	1	2.691992639096585
227200.0	2000.0	1336.8733823225373	0.0	0	302.2854921356775	1536.8733823223738	1	0	1	2.691992639096585
228200.0	2000.0	1336.8733823225234	0.0	0	469.76736578083364	1536.8733823223447	1	0	1	2.6919926390965876
229200.66153001293	3000.0	1336.2118523095864	0.0	0	160.43337452810374	1536.8733823223447	1	0	1	2.89472519315067
230935.80188090343	3000.0	601.0715014191028	0.0	0	0.0	1536.8733823223447	1	0	1	3.3001903012588345
231373.42104846006	1000.0	1163.4523338624654	0.0	0	0.0	1536.8733823223447	1	0	1	0.5536595795885599
232217.41873874032	2000.0	1319.4546435822135	0.0	0	0.0	1536.8733823223447	1	0	1	1.9988454585366424
233229.99251888256	2000.0	1306.880863439992	0.0	0	0.0	1536.8733823223738	1	0	1	2.6919926390965863
234349.62152218254	3000.0	1187.2518601399915	0.0	0	0.0	1536.8733823223738	1	0	1	2.8947251931506672
235200.0	2000.0	1336.8733823225346	0.0	0	397.0957829585532	1536.873382322403	1	0	1	2.286527530988417
236444.5351171	3000.0	1092.3382652225646	0.0	0	0.0	1536.873382322432	1	0	1	2.894725193150661
237200.0	2000.0	1336.8733823225493	0.0	0	24.647565968567505	1536.873382322432	1	0	1	2.286527530988414
238200.0	2000.0	1336.8733823225173	0.0	0	203.71553796704393	1536.873382322403	1	0	1	2.691992639096582
239200.0	2000.0	1336.873382322536	0.0	0	440.35608222475275	1536.873382322403	1	0	1	2.691992639096582
240200.0	2000.0	1336.8733823225368	0.0	0	629.0279115168087	1536.873382322432	1	0	1	2.6919926390965787
241200.0	2000.0	1336.8733823225498	0.0	0	535.4190314727894	1536.873382322432	1	0	1	2.6919926390965787
242200.0	3000.0	1336.8733823225677	0.0	0	271.45049753339845	1536.873382322432	1	0	1	2.894725193150661
243200.0	3000.0	1336.873382322553	0.0	0	303.517814381019	1536.873382322403	1	0	1	3.300190301258829
244200.0	3000.0	1336.873382322561	0.0	0	261.9789489149989	1536.8733823223738	1	0	1	3.300190301258832
245200.0	3000.0	1336.87338232256	0.0	0	202.0242345057195	1536.8733823223738	1	0	1	3.300190301258832
246200.0	3000.0	1336.8733823225632	0.0	0	99.30963764915941	1536.8733823223738	1	0	1	3.300190301258832
247200.0	3000.0	1336.8733823225548	0.0	0	53.75030800665263	1536.8733823223738	1	0	1	3.300190301258832
248200.0	3000.0	1336.873382322539	0.0	0	316.4177739407751	1536.8733823223738	1	0	1	3.300190301258832
249308.68715432304	3000.0	1228.186227999539	0.0	0	0.0	1536.873382322403	1	0	1	3.3001903012588305
250345.86901797436	3000.0	1191.0043643482495	0.0	0	0.0	1536.873382322403	1	0	1	3.300190301258829
251402.762736942	3000.0	1134.110645380557	0.0	0	0.0	1536.8733823223738	1	0	1	3.300190301258832
252297.93718723734	3000.0	1238.9361950852644	0.0	0	0.0	1536.873382322403	1	0	1	3.3001903012588305
253466.9193418805	3000.0	1069.9540404421273	0.0	0	0.0	1536.873382322403	1	0	1	3.300190301258829
254200.0	2000.0	1336.8733823226537	0.0	0	221.51975104829762	1536.873382322403	1	0	1	2.286527530988417
255200.0	3000.0	1336.873382322638	0.0	0	129.5435511022224	1536.873382322403	1	0	1	2.8947251931506646
256200.0	3000.0	1336.8733823226223	0.0	0	0.7532112405751832	1536.873382322403	1	0	1	3.300190301258829
257200.0	3000.0	1336.873382322623	0.0	0	277.33435628013103	1536.873382322432	1	0	1	3.3001903012588256
258200.0	3000.0	1336.8733823226369	0.0	0	307.5391443792905	1536.873382322432	1	0	1	3.3001903012588256
259200.0	3000.0	1336.8733823226498	0.0	0	137.35477932175854	1536.873382322432	1	0	1	3.3001903012588256
260268.09943458898	3000.0	1268.7739477337038	0.0	0	0.0	1536.8733823224902	1	0	1	3.3001903012588216
261200.0	3000.0	1336.873382322667	0.0	0	4.866629031836055	1536.8733823225193	1	0	1	3.3001903012588176
262200.0	3000.0	1336.8733823226937	0.0	0	491.8623167790356	1536.8733823225193	1	0	1	3.3001903012588176
263200.0	3000.0	1336.8733823226594	0.0	0	508.07820133306086	1536.8733823224902	1	0	1	3.30019030125882
264200.0	3000.0	1336.8733823226112	0.0	0	583.0883604564006	1536.8733823224902	1	0	1	3.30019030125882
265200.0	3000.0	1336.873382322623	0.0	0	353.04797518695705	1536.8733823225484	1	0	1	3.300190301258814
266200.0	3000.0	1336.8733823226437	0.0	0	118.49283682269743	1536.8733823225484	1	0	1	3.300190301258814
267200.0	3000.0	1336.87338232265	0.0	0	7.172914189926814	1536.8733823225484	1	0	1	3.300190301258814
268200.0	3000.0	1336.8733823226	0.0	0	324.30556737812003	1536.8733823225484	1	0	1	3.300190301258814
269200.0	3000.0	1336.8733823226623	0.0	0	57.809039908403065	1536.8733823226648	1	0	1	3.300190301258806
270200.0	3000.0	1336.8733823226707	0.0	0	252.37947521155002	1536.8733823226648	1	0	1	3.3001903012588025
271200.0	3000.0	1336.8733823226328	0.0	0	206.23451848072	1536.8733823226648	1	0	1	3.3001903012588025
272468.6737978984	3000.0	1068.1995844242138	0.0	0	0.0	1536.873382322723	1	0	1	3.3001903012587968
273200.0	3000.0	1336.873382322597	0.0	0	67.35087700816803	1536.873382322723	1	0	1	3.3001903012587968
274200.0	3000.0	1336.873382322599	0.0	0	353.2993577775778	1536.873382322723	1	0	1	3.3001903012587968
275200.0	3000.0	1336.8733823225325	0.0	0	199.5785052513238	1536.873382322723	1	0	1	3.3001903012587968
276200.0	3000.0	1336.8733823225225	0.0	0	395.7033567809849	1536.873382322723	1	0	1	3.3001903012587968
277200.0	3000.0	1336.8733823225157	0.0	0	43.170771064644214	1536.873382322723	1	0	1	3.3001903012587968
278200.0	3000.0	1336.8733823225407	0.0	0	143.6790734329261	1536.873382322723	1	0	1	3.3001903012587968
279272.15698069154	3000.0	1264.716401630912	0.0	0	0.0	1536.8733823226066	1	0	1	3.300190301258806
280202.92134119064	3000.0	1333.952041131852	0.0	0	0.0	1536.8733823226066	1	0	1	3.3001903012588087
281200.0	3000.0	1336.8733823224502	0.0	0	9.701761171920225	1536.8733823226066	1	0	1	3.3001903012588087
282200.0	2000.0	1336.8733823224932	0.0	0	266.4814882121864	1536.8733823226066	1	0	1	2.286527530988397
283200.0	2000.0	1336.873382322563	0.0	0	276.5760001949966	1536.8733823226066	1	0	1	2.6919926390965614
284200.0	2000.0	1336.8733823225953	0.0	0	482.91065919742687	1536.8733823226066	1	0	1	2.6919926390965614
285571.8389262772	3000.0	965.0344560453741	0.0	0	0.0	1536.8733823226066	1	0	1	2.894725193150644
286362.78099608305	2000.0	1174.092386239492	0.0	0	0.0	1536.8733823226648	1	0	1	2.2865275309883906
287200.0	2000.0	1336.8733823225143	0.0	0	176.21038696315372	1536.8733823226648	1	0	1	2.691992639096555
288803.78962308774	3000.0	733.0837592346884	0.0	0	0.0	1536.8733823226066	1	0	1	2.894725193150644
289200.0	1000.0	1336.8733823224402	0.0	0	7.733908798545599	1536.8733823226066	1	0	1	0.5536595795885338
290234.80257476395	2000.0	1302.070807558495	0.0	0	0.0	1536.8733823226066	1	0	1	1.9988454585366164
291303.5623410667	2000.0	1233.3110412557353	0.0	0	0.0	1536.873382322723	1	0	1	2.691992639096552
292330.96426123066	2000.0	1205.909121091822	0.0	0	0.0	1536.873382322723	1	0	1	2.69199263909655
293200.0	1000.0	1336.873382322498	0.0	0	341.9183389125974	1536.873382322723	1	0	1	0.9591246876966868
294200.0	1000.0	1336.873382322544	0.0	0	266.0186800142401	1536.873382322723	1	0	1	1.652271868256632
295200.0	1000.0	1336.8733823225507	0.0	0	420.49656667449744	1536.873382322723	1	0	1	1.652271868256632
296200.0	1000.0	1336.8733823226153	0.0	0	405.05067766370485	1536.8733823227813	1	0	1	1.6522718682566262
297200.0	1000.0	1336.8733823226512	0.0	0	643.959003547614	1536.8733823227813	1	0	1	1.6522718682566262
298200.0	1000.0	1336.8733823226587	0.0	0	559.838772360934	1536.8733823227813	1	0	1	1.6522718682566262
299200.0	2000.0	1336.873382322693	0.0	0	400.68840368598467	1536.873382322723	1	0	1	1.9988454585366047
300200.0	3000.0	1336.8733823227442	0.0	0	352.1288290428929	1536.873382322723	1	0	1	2.894725193150632
301200.0	3000.0	1336.8733823227851	0.0	0	61.98270083783427	1536.873382322723	1	0	1	3.3001903012587968
302200.0	3000.0	1336.873382322829	0.0	0	257.76303626567824	1536.873382322723	1	0	1	3.3001903012587968
303200.0	3000.0	1336.873382322794	0.0	0	65.69788288377458	1536.8733823226066	1	0	1	3.300190301258805
304341.02270366915	3000.0	1195.8506786536896	0.0	0	0.0	1536.8733823226066	1	0	1	3.3001903012588087
305459.03353355394	3000.0	1077.8398487688587	0.0	0	0.0	1536.8733823226066	1	0	1	3.3001903012588087
306200.0	2000.0	1336.8733823227403	0.0	0	99.41695204534335	1536.8733823225484	1	0	1	2.2865275309884026
307348.99841094826	3000.0	1187.8749713744792	0.0	0	0.0	1536.8733823225484	1	0	1	2.8947251931506495
308200.0	2000.0	1336.8733823227446	0.0	0	41.25849172618473	1536.8733823224902	1	0	1	2.2865275309884083
309776.4184546652	3000.0	760.454927657548	0.0	0	0.0	1536.8733823224902	1	0	1	2.8947251931506557
310200.0	1000.0	1336.8733823228117	0.0	0	5.794455956493039	1536.873382322432	1	0	1	0.5536595795885513
311233.61042984633	3000.0	1303.2629524764168	0.0	0	0.0	1536.873382322432	1	0	1	2.201578012590716
312467.12080384453	3000.0	1069.752578478231	0.0	0	0.0	1536.873382322432	1	0	1	3.3001903012588256
313427.82736198953	2000.0	1109.0460203332452	0.0	0	0.0	1536.873382322432	1	0	1	2.286527530988414
314227.99577757885	2000.0	1308.8776047439349	0.0	0	0.0	1536.8733823224902	1	0	1	2.6919926390965756
315200.0	2000.0	1336.8733823226978	0.0	0	326.11747853446286	1536.8733823224902	1	0	1	2.691992639096573
316200.0	3000.0	1336.8733823226726	0.0	0	155.6821502468665	1536.8733823224902	1	0	1	2.8947251931506557
2.97	3.96	4.54	2.27	1.41	2.22	2.68	3.93	4.48	5.26	5.55	6.0	2.93	3.72	4.15	3.2	2.81	2.4	3.68	4.97	5.83	4.26	4.63	2.66	2.65	2.31	2.58	3.86	3.67	2.83	3.02	3.06	3.96	3.32	3.12	3.28	2.87	2.31	2.97	3.22	2.56	1.59	2.56	3.31	4.27	2.34	1.88	2.68	3.44	2.63	3.15	3.59	2.69	2.94	4.11	4.01	3.14	2.27	2.33	2.2	2.8	4.05	4.12	3.31	1.45	2.58	3.01	2.06	3.13	4.17	2.36	2.15	2.5	3.38	4.63	5.88	5.4	3.44	4.17	4.99	3.6	4.33	3.71	3.34	2.66	3.19	3.65	2.9	4.15	4.82	2.49	3.09	3.74	3.93	2.13	3.3	4.51	5.78	6.75	7.23	3.42	4.04	4.33	4.12	4.46	3.75	2.37	3.58	3.74	2.97	3.89	3.83	3.36	2.4	2.62	2.61	3.28	3.39	4.56	2.63	1.92	3.08	2.2	1.89	2.56	1.81	1.69	1.62	1.27	2.06	2.28	3.04	2.33	3.7	4.67	4.65	3.16	3.34	3.38	3.1	2.84	3.2	3.46	2.41	2.27	2.25	3.48	2.63	3.2	4.16	2.97	3.96	4.54	2.27	1.41	2.22	2.68	3.93	4.48	5.26	5.55	6.0	2.93	3.72	4.15	3.2	2.81	2.4	3.68	4.97	5.83	4.26	4.63	2.66	2.65	2.31	2.58	3.86	3.67	2.83	3.02	3.06	3.96	3.32	3.12	3.28	2.87	2.31	2.97	3.22	2.56	1.59	2.56	3.31	4.27	2.34	1.88	2.68	3.44	2.63	3.15	3.59	2.69	2.94	4.11	4.01	3.14	2.27	2.33	2.2	2.8	4.05	4.12	3.31	1.45	2.58	3.01	2.06	3.13	4.17	2.36	2.15	2.5	3.38	4.63	5.88	5.4	3.44	4.17	4.99	3.6	4.33	3.71	3.34	2.66	3.19	3.65	2.9	4.15	4.82	2.49	3.09	3.74	3.93	2.13	3.3	4.51	5.78	6.75	7.23	3.42	4.04	4.33	4.12	4.46	3.75	2.37	3.58	3.74	2.97	3.89	3.83	3.36	2.4	2.62	2.61	3.28	3.39	4.56	2.63	1.92	3.08	2.2	1.89	2.56	1.81	1.69	1.62	1.27	2.06	2.28	3.04	2.33	3.7	4.67	4.65	3.16	3.34	3.38	3.1	2.84	3.2	3.46	2.41	2.27	2.25	3.48	2.63	3.2	4.16	2.97	3.96	4.54	2.27	1.41	2.22	2.68	3.93	4.48	5.26	5.55	6.0	2.93	3.72	4.15	3.2	2.81	2.4
1.0	2.0	3.0	4.0	5.0	6.0	7.0	8.0	9.0	10.0	11.0	12.0	13.0	14.0	15.0	16.0	17.0	18.0	19.0	20.0	21.0	22.0	23.0	24.0	25.0	26.0	27.0	28.0	29.0	30.0	31.0	32.0	33.0	34.0	35.0	36.0	37.0	38.0	39.0	40.0	41.0	42.0	43.0	44.0	45.0	46.0	47.0	48.0	49.0	50.0	51.0	52.0	53.0	54.0	55.0	56.0	57.0	58.0	59.0	60.0	61.0	62.0	63.0	64.0	65.0	66.0	67.0	68.0	69.0	70.0	71.0	72.0	73.0	74.0	75.0	76.0	77.0	78.0	79.0	80.0	81.0	82.0	83.0	84.0	85.0	86.0	87.0	88.0	89.0	90.0	91.0	92.0	93.0	94.0	95.0	96.0	97.0	98.0	99.0	100.0	101.0	102.0	103.0	104.0	105.0	106.0	107.0	108.0	109.0	110.0	111.0	112.0	113.0	114.0	115.0	116.0	117.0	118.0	119.0	120.0	121.0	122.0	123.0	124.0	125.0	126.0	127.0	128.0	129.0	130.0	131.0	132.0	133.0	134.0	135.0	136.0	137.0	138.0	139.0	140.0	141.0	142.0	143.0	144.0	145.0	146.0	147.0	148.0	149.0	149.0	150.0	151.0	152.0	153.0	154.0	155.0	156.0	157.0	158.0	159.0	160.0	161.0	162.0	163.0	164.0	165.0	166.0	167.0	168.0	169.0	170.0	171.0	172.0	173.0	174.0	175.0	176.0	177.0	178.0	179.0	180.0	181.0	182.0	183.0	184.0	185.0	186.0	187.0	188.0	189.0	190.0	191.0	192.0	193.0	194.0	195.0	196.0	197.0	198.0	199.0	200.0	201.0	202.0	203.0	204.0	205.0	206.0	207.0	208.0	209.0	210.0	211.0	212.0	213.0	214.0	215.0	216.0	217.0	218.0	219.0	220.0	221.0	222.0	223.0	224.0	225.0	226.0	227.0	228.0	229.0	230.0	231.0	232.0	233.0	234.0	235.0	236.0	237.0	238.0	239.0	240.0	241.0	242.0	243.0	244.0	245.0	246.0	247.0	248.0	249.0	250.0	251.0	252.0	253.0	254.0	255.0	256.0	257.0	258.0	259.0	260.0	261.0	262.0	263.0	264.0	265.0	266.0	267.0	268.0	269.0	270.0	271.0	272.0	273.0	274.0	275.0	276.0	277.0	278.0	279.0	280.0	281.0	282.0	283.0	284.0	285.0	286.0	287.0	288.0	289.0	290.0	291.0	292.0	293.0	294.0	295.0	296.0	297.0	298.0	298.0	299.0	300.0	301.0	302.0	303.0	304.0	305.0	306.0	307.0	308.0	309.0	310.0	311.0	312.0	313.0	314.0	315.0	316.0
2052.058819785848
