3409.403567703388	300.0	2000.0	226.1049976087554	0	0.0	3409.403567703388	1	0	1	-1.6923318492719663
5612.387709139076	1000.0	655.773519947017	0.0	0	0.0	1268.161229086093	1	0	2	0.0703194282013736
6266.684539857186	500.0	3066.906372300717	0.0	0	0.0	3333.590912157903	1	0	0	-0.6586832753912618
9805.942615312411	2000.0	367.0694954570645	0.0	0	0.0	1173.0121107694777	1	0	2	0.738424237602642
10200.0	300.0	3012.4178492382357	0.0	0	100.1388513106358	3212.417849238238	1	0	0	-2.616855724358683
13531.673617398652	2000.0	547.5768700997166	0.0	0	0.0	1079.2504874983697	1	0	2	0.23706160978749824
14200.0	300.0	2946.083125758503	0.0	0	377.22412256754797	3146.0831257585032	1	0	0	-2.6085451524289827
18295.60513561132	2000.0	200.0	508.2568394672265	0	0.0	1495.6051356113203	1	0	2	-2.8384818392548943
18492.296210883	300.0	1003.3089247283182	0.0	0	0.0	1495.6051356113167	1	0	1	-2.246680498447013
19458.95999207732	1000.0	1036.645143533998	0.0	0	0.0	1495.6051356113167	1	0	1	0.45242588860183647
20200.0	1000.0	1295.6051356113164	0.0	0	117.40193113806527	1495.605135611313	1	0	1	1.656398692927773
21200.0	1000.0	1295.6051356113135	0.0	0	22.440018856694223	1495.605135611313	1	0	1	1.656398692927773
22200.0	1000.0	1295.6051356113148	0.0	0	301.01505391668616	1495.605135611313	1	0	1	1.656398692927773
23200.0	1000.0	1295.6051356113148	0.0	0	374.0562900551704	1495.6051356113094	1	0	1	1.6563986929277732
24200.0	1000.0	1295.6051356113173	0.0	0	440.2993959607011	1495.6051356113094	1	0	1	1.6563986929277732
25200.0	1000.0	1295.605135611318	0.0	0	248.69859164942318	1495.605135611313	1	0	1	1.656398692927773
26257.627523794443	1000.0	1237.9776118168766	0.0	0	0.0	1495.605135611313	1	0	1	1.656398692927773
27200.0	1000.0	1295.605135611317	0.0	0	367.43012151142466	1495.605135611313	1	0	1	1.656398692927773
28200.0	1000.0	1295.6051356113214	0.0	0	352.6629952186886	1495.605135611313	1	0	1	1.656398692927773
29200.0	1000.0	1295.6051356113214	0.0	0	620.776584961699	1495.6051356113094	1	0	1	1.6563986929277732
30200.0	1000.0	1295.6051356113226	0.0	0	633.5806493584205	1495.6051356113057	1	0	1	1.6563986929277739
31200.0	1000.0	1295.6051356113278	0.0	0	289.3821655042266	1495.6051356113094	1	0	1	1.6563986929277732
32200.0	2000.0	1295.6051356113278	0.0	0	101.2915124040519	1495.6051356113094	1	0	1	2.002972283207746
33915.58810553707	2000.0	580.0170300742554	0.0	0	0.0	1495.6051356113057	1	0	1	2.6961194637676917
34801.77025733483	1000.0	693.8348782765014	0.0	0	0.0	1495.605135611302	1	0	1	0.9632515123678285
35359.09040453417	1000.0	1136.514731077159	0.0	0	0.0	1495.605135611302	1	0	1	1.656398692927774
36200.0	1000.0	1295.6051356113248	0.0	0	356.13010821877833	1495.6051356113094	1	0	1	1.6563986929277732
37200.0	1000.0	1295.6051356113203	0.0	0	187.5444555002614	1495.6051356113094	1	0	1	1.6563986929277732
38200.0	1000.0	1295.6051356113223	0.0	0	533.2077960361348	1495.6051356113094	1	0	1	1.6563986929277732
39200.0	1000.0	1295.60513561132	0.0	0	578.9941103021847	1495.6051356113094	1	0	1	1.6563986929277732
40200.0	1000.0	1295.6051356113173	0.0	0	245.2065707870861	1495.6051356113094	1	0	1	1.6563986929277732
41748.29367276487	1000.0	747.3114628464405	0.0	0	0.0	1495.605135611302	1	0	1	1.656398692927774
42200.0	500.0	1295.605135611303	0.0	0	108.6564850667346	1495.605135611302	1	0	1	-0.07646925847208941
43200.0	1000.0	1295.605135611301	0.0	0	302.6198815549287	1495.605135611302	1	0	1	0.9632515123678287
44200.0	1000.0	1295.605135611298	0.0	0	179.8768818628305	1495.605135611302	1	0	1	1.656398692927774
45200.0	1000.0	1295.6051356112914	0.0	0	412.51035357127694	1495.605135611302	1	0	1	1.656398692927774
46200.0	1000.0	1295.605135611285	0.0	0	214.98082646795228	1495.605135611302	1	0	1	1.656398692927774
47200.0	1000.0	1295.6051356112857	0.0	0	57.95327512262156	1495.605135611302	1	0	1	1.656398692927774
48200.0	1000.0	1295.605135611294	0.0	0	92.63134515772254	1495.605135611302	1	0	1	1.656398692927774
49348.67523763414	1000.0	1146.929897977157	0.0	0	0.0	1495.6051356113094	1	0	1	1.6563986929277732
50346.990534012206	1000.0	1148.614601599089	0.0	0	0.0	1495.6051356113094	1	0	1	1.6563986929277732
51200.0	1000.0	1295.6051356112873	0.0	0	245.8883190094857	1495.6051356113094	1	0	1	1.6563986929277732
52200.0	1000.0	1295.6051356112878	0.0	0	13.872753135336097	1495.6051356113094	1	0	1	1.6563986929277732
53200.0	1000.0	1295.605135611293	0.0	0	77.59079004052182	1495.6051356113167	1	0	1	1.6563986929277728
54200.0	1000.0	1295.6051356112844	0.0	0	207.6755295411931	1495.605135611324	1	0	1	1.6563986929277719
55200.0	1000.0	1295.6051356112787	0.0	0	300.18163815690787	1495.605135611324	1	0	1	1.6563986929277719
56200.0	1000.0	1295.6051356112819	0.0	0	346.0402082788496	1495.605135611324	1	0	1	1.6563986929277719
57200.0	1000.0	1295.6051356112844	0.0	0	189.90978010137042	1495.6051356113312	1	0	1	1.6563986929277714
58200.0	1000.0	1295.6051356112835	0.0	0	16.835788848045922	1495.6051356113312	1	0	1	1.6563986929277714
59220.742713984284	1000.0	1274.862421626997	0.0	0	0.0	1495.6051356113312	1	0	1	1.6563986929277714
60200.0	1000.0	1295.6051356112873	0.0	0	86.54396517273562	1495.6051356113312	1	0	1	1.6563986929277714
61200.0	1000.0	1295.6051356112837	0.0	0	181.36078932193777	1495.605135611324	1	0	1	1.6563986929277719
62200.0	1000.0	1295.6051356112796	0.0	0	544.4706746822485	1495.605135611324	1	0	1	1.6563986929277719
63200.0	1000.0	1295.6051356112766	0.0	0	523.9915394932468	1495.605135611324	1	0	1	1.6563986929277719
64200.0	1000.0	1295.605135611271	0.0	0	383.28124010920874	1495.605135611324	1	0	1	1.6563986929277719
65200.0	1000.0	1295.605135611269	0.0	0	303.84850414776156	1495.605135611324	1	0	1	1.6563986929277719
66200.0	1000.0	1295.6051356112687	0.0	0	371.28617889441375	1495.605135611324	1	0	1	1.6563986929277723
67200.0	1000.0	1295.6051356112848	0.0	0	380.9090474927216	1495.6051356113312	1	0	1	1.656398692927771
68200.0	1000.0	1295.6051356113016	0.0	0	313.76236857569893	1495.6051356113312	1	0	1	1.6563986929277714
69482.53684471702	1000.0	1013.0682908942631	0.0	0	0.0	1495.6051356113167	1	0	1	1.6563986929277728
70923.02915825295	1000.0	572.5759773583286	0.0	0	0.0	1495.6051356113167	1	0	1	1.6563986929277723
71528.88077660199	500.0	966.7243590092938	0.0	0	0.0	1495.6051356113312	1	0	1	-0.07646925847209235
72235.16066218782	1000.0	1260.4444734234548	0.0	0	0.0	1495.6051356113312	1	0	1	0.9632515123678259
73200.0	1000.0	1295.6051356112685	0.0	0	113.49892537207052	1495.6051356113312	1	0	1	1.6563986929277714
74200.0	1000.0	1295.6051356112528	0.0	0	86.89030736566929	1495.6051356113167	1	0	1	1.6563986929277728
75200.0	1000.0	1295.6051356112398	0.0	0	137.3232417246909	1495.605135611302	1	0	1	1.656398692927774
76200.0	1000.0	1295.6051356112353	0.0	0	29.604262277367525	1495.6051356112876	1	0	1	1.6563986929277754
77200.0	1000.0	1295.6051356112664	0.0	0	270.68584599654423	1495.605135611302	1	0	1	1.656398692927774
78200.0	1000.0	1295.6051356112655	0.0	0	273.3106222690112	1495.605135611302	1	0	1	1.656398692927774
79200.0	1000.0	1295.605135611257	0.0	0	498.31952096664463	1495.6051356112876	1	0	1	1.6563986929277754
80200.0	1000.0	1295.6051356112484	0.0	0	581.8146916791884	1495.605135611273	1	0	1	1.6563986929277772
81200.0	1000.0	1295.6051356112637	0.0	0	590.6097109652765	1495.605135611273	1	0	1	1.6563986929277772
82200.0	1000.0	1295.605135611272	0.0	0	450.81332303059753	1495.605135611273	1	0	1	1.6563986929277772
83200.0	1000.0	1295.6051356112785	0.0	0	309.6360005268507	1495.605135611273	1	0	1	1.6563986929277772
84200.0	1000.0	1295.605135611278	0.0	0	552.682911735581	1495.605135611273	1	0	1	1.6563986929277772
85200.0	1000.0	1295.605135611287	0.0	0	496.97506135713775	1495.605135611273	1	0	1	1.6563986929277772
86200.0	1000.0	1295.605135611285	0.0	0	424.03774738770153	1495.6051356112876	1	0	1	1.6563986929277754
87200.0	1000.0	1295.6051356112787	0.0	0	383.6826527093217	1495.605135611273	1	0	1	1.6563986929277772
88200.0	1000.0	1295.6051356112732	0.0	0	304.2862203937693	1495.605135611273	1	0	1	1.6563986929277772
89200.0	1000.0	1295.6051356112673	0.0	0	292.87652077921666	1495.6051356112876	1	0	1	1.6563986929277754
90200.0	1000.0	1295.6051356112644	0.0	0	242.1474725545704	1495.605135611273	1	0	1	1.6563986929277772
91200.0	1000.0	1295.6051356112507	0.0	0	399.39231101034966	1495.6051356112584	1	0	1	1.6563986929277785
92200.0	1000.0	1295.6051356112548	0.0	0	327.10875125796883	1495.605135611273	1	0	1	1.6563986929277772
93200.0	1000.0	1295.6051356112594	0.0	0	438.00937332137255	1495.605135611273	1	0	1	1.6563986929277772
94200.0	1000.0	1295.6051356112678	0.0	0	438.7314954433241	1495.605135611273	1	0	1	1.6563986929277772
95200.0	1000.0	1295.6051356112828	0.0	0	504.03016621594725	1495.605135611273	1	0	1	1.6563986929277772
96200.0	1000.0	1295.605135611303	0.0	0	340.4919898660446	1495.6051356112876	1	0	1	1.6563986929277754
97200.0	1000.0	1295.6051356112855	0.0	0	283.0746930584137	1495.6051356112876	1	0	1	1.6563986929277754
98200.0	1000.0	1295.6051356112732	0.0	0	309.98268321740034	1495.6051356112876	1	0	1	1.6563986929277754
99200.0	1000.0	1295.6051356112682	0.0	0	239.7814211332734	1495.6051356112876	1	0	1	1.6563986929277754
100200.0	1000.0	1295.6051356112685	0.0	0	400.8126230639173	1495.6051356112876	1	0	1	1.6563986929277754
101392.60156884401	1000.0	1103.003566767268	0.0	0	0.0	1495.6051356112876	1	0	1	1.6563986929277754
102200.0	1000.0	1295.605135611279	0.0	0	244.14611553614668	1495.6051356112876	1	0	1	1.6563986929277754
103200.0	1000.0	1295.6051356112703	0.0	0	129.50751036249858	1495.6051356112876	1	0	1	1.6563986929277754
104200.0	1000.0	1295.605135611271	0.0	0	346.04414248935063	1495.6051356112876	1	0	1	1.6563986929277754
105200.0	1000.0	1295.6051356112512	0.0	0	208.90134151054372	1495.6051356112876	1	0	1	1.6563986929277754
106200.0	1000.0	1295.605135611244	0.0	0	244.5836188168032	1495.6051356112876	1	0	1	1.6563986929277754
107200.0	1000.0	1295.605135611249	0.0	0	152.68155555136036	1495.6051356112876	1	0	1	1.6563986929277754
108200.0	1000.0	1295.6051356112503	0.0	0	168.7455668895709	1495.6051356112876	1	0	1	1.6563986929277754
109221.48127714334	1000.0	1274.1238584679136	0.0	0	0.0	1495.6051356112876	1	0	1	1.6563986929277754
110200.0	1000.0	1295.605135611252	0.0	0	249.64102292488678	1495.605135611273	1	0	1	1.6563986929277772
111200.0	1000.0	1295.6051356112598	0.0	0	91.27923888123769	1495.605135611273	1	0	1	1.6563986929277772
112200.0	1000.0	1295.6051356112346	0.0	0	289.6865130622318	1495.605135611273	1	0	1	1.6563986929277772
113200.0	1000.0	1295.6051356112303	0.0	0	48.132398733185255	1495.605135611273	1	0	1	1.6563986929277772
114200.0	1000.0	1295.6051356112218	0.0	0	292.4165374149743	1495.605135611273	1	0	1	1.6563986929277772
115200.0	1000.0	1295.6051356112102	0.0	0	290.24763873308257	1495.605135611273	1	0	1	1.6563986929277772
116200.0	1000.0	1295.605135611215	0.0	0	405.59698455949547	1495.605135611273	1	0	1	1.6563986929277772
117200.0	1000.0	1295.6051356111989	0.0	0	398.4155026216031	1495.605135611273	1	0	1	1.6563986929277772
118200.0	1000.0	1295.6051356112093	0.0	0	383.31118225371756	1495.6051356112876	1	0	1	1.6563986929277754
119697.45133971116	1000.0	798.1537959000385	0.0	0	0.0	1495.6051356112876	1	0	1	1.6563986929277754
120659.55936699532	1000.0	836.0457686158787	0.0	0	0.0	1495.6051356112876	1	0	1	1.6563986929277754
121200.0	500.0	1295.605135611202	0.0	0	90.4300237630523	1495.6051356112876	1	0	1	-0.07646925847208806
122200.0	1000.0	1295.605135611199	0.0	0	128.31047108912026	1495.6051356112876	1	0	1	0.96325151236783
123200.0	1000.0	1295.6051356111773	0.0	0	240.05434329912532	1495.6051356112876	1	0	1	1.6563986929277754
124260.5133576844	1000.0	1235.0917779267857	0.0	0	0.0	1495.6051356112876	1	0	1	1.6563986929277754
125200.0	1000.0	1295.6051356111757	0.0	0	19.392766511780792	1495.605135611302	1	0	1	1.656398692927774
126200.0	1000.0	1295.605135611186	0.0	0	311.03262263484066	1495.6051356113167	1	0	1	1.6563986929277728
127200.0	1000.0	1295.6051356111898	0.0	0	34.864509078412084	1495.6051356113167	1	0	1	1.6563986929277728
128200.0	1000.0	1295.6051356111861	0.0	0	340.8901479886117	1495.6051356113167	1	0	1	1.6563986929277728
129200.0	1000.0	1295.6051356111793	0.0	0	485.0792872532329	1495.605135611302	1	0	1	1.656398692927774
130200.0	1000.0	1295.6051356111677	0.0	0	367.9678634121374	1495.6051356112876	1	0	1	1.6563986929277754
131259.03205036	1000.0	1236.573085251172	0.0	0	0.0	1495.6051356112876	1	0	1	1.6563986929277754
132334.371774252	1000.0	1161.2333613591586	0.0	0	0.0	1495.6051356112876	1	0	1	1.656398692927775
133200.0	1000.0	1295.6051356111514	0.0	0	198.86850551783573	1495.6051356113167	1	0	1	1.6563986929277728
134211.0437249138	1000.0	1284.561410697349	0.0	0	0.0	1495.6051356113167	1	0	1	1.6563986929277728
135200.0	1000.0	1295.6051356111325	0.0	0	196.12465723609785	1495.6051356113167	1	0	1	1.6563986929277728
136200.0	1000.0	1295.6051356111257	0.0	0	199.31825614493573	1495.6051356112876	1	0	1	1.6563986929277754
137200.0	1000.0	1295.6051356111618	0.0	0	397.34723264092463	1495.6051356113167	1	0	1	1.6563986929277739
138200.0	1000.0	1295.605135611173	0.0	0	414.6115102378826	1495.6051356113458	1	0	1	1.656398692927771
139200.0	1000.0	1295.6051356111755	0.0	0	425.038633711345	1495.6051356113458	1	0	1	1.6563986929277696
140200.0	1000.0	1295.6051356112002	0.0	0	226.368658903084	1495.6051356113458	1	0	1	1.6563986929277696
141200.0	1000.0	1295.6051356111857	0.0	0	547.4768902673095	1495.6051356113458	1	0	1	1.6563986929277696
142200.0	1000.0	1295.6051356111877	0.0	0	159.7114331186167	1495.6051356113167	1	0	1	1.6563986929277728
143200.0	1000.0	1295.605135611203	0.0	0	137.34894993843045	1495.6051356113167	1	0	1	1.6563986929277728
144200.0	1000.0	1295.6051356112027	0.0	0	375.65924024235574	1495.6051356113167	1	0	1	1.6563986929277728
145200.0	1000.0	1295.6051356112116	0.0	0	392.29138042830164	1495.6051356113167	1	0	1	1.6563986929277728
146281.5192065135	1000.0	1214.085929097734	0.0	0	0.0	1495.6051356113167	1	0	1	1.6563986929277728
147200.0	1000.0	1295.605135611271	0.0	0	265.3312828501512	1495.6051356113167	1	0	1	1.6563986929277728
148200.0	1000.0	1295.6051356112866	0.0	0	143.5987455016002	1495.6051356113167	1	0	1	1.6563986929277728
149200.0	1000.0	1295.6051356112573	0.0	0	292.42727065098006	1495.6051356113167	1	0	1	1.6563986929277728
150200.0	1000.0	1295.6051356112403	0.0	0	146.9764584134682	1495.6051356112876	1	0	1	1.6563986929277754
151200.0	1000.0	1295.6051356112112	0.0	0	90.80421182935243	1495.6051356112584	1	0	1	1.6563986929277785
152200.0	1000.0	1295.6051356112096	0.0	0	222.4928425499238	1495.6051356112293	1	0	1	1.6563986929277812
153200.0	1000.0	1295.605135611172	0.0	0	349.5118320317415	1495.6051356112002	1	0	1	1.6563986929277843
154200.0	1000.0	1295.6051356111764	0.0	0	293.5113106066128	1495.6051356111711	1	0	1	1.6563986929277872
155274.591405708	1000.0	1221.0137299031994	0.0	0	0.0	1495.6051356111711	1	0	1	1.6563986929277872
156200.0	1000.0	1295.6051356111868	0.0	0	321.6063101730251	1495.6051356111711	1	0	1	1.6563986929277872
157200.0	1000.0	1295.6051356112027	0.0	0	284.2419676941936	1495.6051356111711	1	0	1	1.6563986929277872
158200.0	1000.0	1295.605135611188	0.0	0	485.17326817836147	1495.6051356111711	1	0	1	1.6563986929277872
159200.0	1000.0	1295.6051356112064	0.0	0	464.805374074931	1495.6051356111711	1	0	1	1.6563986929277872
160200.0	1000.0	1295.6051356112273	0.0	0	20.89109141426161	1495.6051356111711	1	0	1	1.6563986929277872
161228.0470183841	1000.0	1267.5581172271363	0.0	0	0.0	1495.6051356111711	1	0	1	1.6563986929277872
162200.0	1000.0	1295.6051356112441	0.0	0	128.02347983329673	1495.6051356111711	1	0	1	1.6563986929277872
163200.0	1000.0	1295.6051356112675	0.0	0	42.52681494544959	1495.6051356111711	1	0	1	1.6563986929277872
164200.0	1000.0	1295.6051356112903	0.0	0	113.44612312037498	1495.6051356111711	1	0	1	1.6563986929277872
165212.57821078837	1000.0	1283.0269248229392	0.0	0	0.0	1495.6051356111711	1	0	1	1.6563986929277872
166200.0	1000.0	1295.6051356113303	0.0	0	9.45282806432806	1495.6051356111711	1	0	1	1.6563986929277872
167200.0	1000.0	1295.6051356113333	0.0	0	168.71292371678283	1495.605135611142	1	0	1	1.6563986929277896
168200.0	1000.0	1295.6051356113412	0.0	0	123.25752155040391	1495.605135611142	1	0	1	1.65639869292779
169200.0	1000.0	1295.6051356113367	0.0	0	422.7958464647818	1495.605135611113	1	0	1	1.656398692927793
170200.0	1000.0	1295.605135611297	0.0	0	251.50687296057004	1495.6051356110547	1	0	1	1.656398692927798
171200.0	1000.0	1295.6051356113128	0.0	0	54.47252627462149	1495.6051356110547	1	0	1	1.6563986929277987
172200.0	1000.0	1295.605135611317	0.0	0	329.9401154842926	1495.6051356110547	1	0	1	1.6563986929277987
173200.0	1000.0	1295.6051356112891	0.0	0	382.46861779273604	1495.6051356110256	1	0	1	1.6563986929278018
174253.23227793167	1000.0	1242.3728576795988	0.0	0	0.0	1495.6051356109965	1	0	1	1.6563986929278047
175200.0	1000.0	1295.6051356112616	0.0	0	65.0442248370382	1495.6051356109965	1	0	1	1.6563986929278047
176200.0	1000.0	1295.6051356112819	0.0	0	233.93814618120086	1495.6051356109965	1	0	1	1.6563986929278047
177200.0	1000.0	1295.6051356112664	0.0	0	385.57080124810454	1495.6051356109965	1	0	1	1.6563986929278047
178200.0	1000.0	1295.6051356112487	0.0	0	457.4536690535024	1495.6051356109965	1	0	1	1.6563986929278047
179200.0	1000.0	1295.6051356112075	0.0	0	681.9621842214838	1495.6051356109965	1	0	1	1.6563986929278047
180200.0	1000.0	1295.6051356111757	0.0	0	506.32626253017224	1495.6051356109674	1	0	1	1.6563986929278076
181290.52440707528	2000.0	1205.0807285358576	0.0	0	0.0	1495.6051356109383	1	0	1	2.002972283207783
182683.11992712246	2000.0	812.4852084886907	0.0	0	0.0	1495.6051356109092	1	0	1	2.6961194637677313
183307.11553083902	1000.0	1188.4896047721354	0.0	0	0.0	1495.6051356109092	1	0	1	0.9632515123678683
184200.0	1000.0	1295.605135611142	0.0	0	125.639126691618	1495.6051356109092	1	0	1	1.6563986929278136
185200.0	1000.0	1295.6051356111445	0.0	0	276.9044237312919	1495.6051356109092	1	0	1	1.6563986929278136
186200.0	1000.0	1295.605135611139	0.0	0	184.55943260865752	1495.60513561088	1	0	1	1.6563986929278163
187200.0	1000.0	1295.6051356111477	0.0	0	433.6934268400073	1495.60513561088	1	0	1	1.6563986929278163
188200.0	1000.0	1295.6051356111313	0.0	0	610.5264078722976	1495.605135610851	1	0	1	1.6563986929278183
189200.0	1000.0	1295.6051356111377	0.0	0	146.52776112983702	1495.605135610851	1	0	1	1.6563986929278194
190803.96941145376	1000.0	691.6357241574183	0.0	0	0.0	1495.60513561088	1	0	1	1.6563986929278163
191302.04715980333	500.0	1193.5579758078143	0.0	0	0.0	1495.60513561088	1	0	1	-0.07646925847204722
192200.0	1000.0	1295.6051356111382	0.0	0	58.23214902062318	1495.60513561088	1	0	1	0.9632515123678709
193200.0	1000.0	1295.6051356111175	0.0	0	290.14476246389677	1495.60513561088	1	0	1	1.6563986929278163
194200.0	1000.0	1295.6051356111273	0.0	0	292.80188785266364	1495.60513561088	1	0	1	1.6563986929278163
195200.0	1000.0	1295.6051356111188	0.0	0	482.7663587053248	1495.605135610851	1	0	1	1.6563986929278183
196200.0	1000.0	1295.6051356111223	0.0	0	100.98225605822518	1495.605135610822	1	0	1	1.6563986929278214
197268.80078967556	1000.0	1226.8043459355542	0.0	0	0.0	1495.6051356107928	1	0	1	1.6563986929278252
198200.0	1000.0	1295.6051356111163	0.0	0	30.93191139292321	1495.6051356107928	1	0	1	1.6563986929278252
199200.0	1000.0	1295.6051356111066	0.0	0	316.5573943077761	1495.605135610851	1	0	1	1.6563986929278205
200200.0	1000.0	1295.605135611074	0.0	0	91.6452369831677	1495.605135610851	1	0	1	1.6563986929278194
201232.8751187831	1000.0	1262.730016827949	0.0	0	0.0	1495.60513561088	1	0	1	1.6563986929278163
202200.0	1000.0	1295.6051356110472	0.0	0	84.29732702998444	1495.60513561088	1	0	1	1.6563986929278163
203200.0	1000.0	1295.605135611066	0.0	0	355.3410976876912	1495.605135610851	1	0	1	1.6563986929278194
204200.0	1000.0	1295.6051356110381	0.0	0	250.4890468683734	1495.605135610822	1	0	1	1.6563986929278214
205200.0	1000.0	1295.6051356110402	0.0	0	430.56955716287484	1495.605135610822	1	0	1	1.656398692927822
206204.02095624065	1000.0	1291.584179370368	0.0	0	0.0	1495.6051356107928	1	0	1	1.6563986929278252
207200.0	1000.0	1295.6051356110142	0.0	0	364.44698978360975	1495.6051356107637	1	0	1	1.6563986929278278
208200.0	1000.0	1295.6051356110424	0.0	0	94.26133232031134	1495.6051356107637	1	0	1	1.6563986929278278
209255.87365996087	1000.0	1239.731475650173	0.0	0	0.0	1495.6051356107637	1	0	1	1.6563986929278278
210200.0	1000.0	1295.6051356110502	0.0	0	99.45822814671556	1495.6051356107928	1	0	1	1.6563986929278252
211200.0	1000.0	1295.6051356110402	0.0	0	332.02879283734364	1495.6051356107928	1	0	1	1.6563986929278252
212200.0	1000.0	1295.6051356110315	0.0	0	623.5898645695997	1495.6051356107928	1	0	1	1.6563986929278252
213200.0	1000.0	1295.6051356110277	0.0	0	334.26186936805607	1495.6051356107928	1	0	1	1.6563986929278263
214200.0	1000.0	1295.6051356110338	0.0	0	384.1247879578441	1495.6051356107928	1	0	1	1.6563986929278252
215200.0	1000.0	1295.6051356110343	0.0	0	326.9141014687484	1495.6051356107928	1	0	1	1.6563986929278252
216200.0	1000.0	1295.6051356110393	0.0	0	524.2035443835193	1495.6051356107637	1	0	1	1.6563986929278278
217200.0	1000.0	1295.6051356110434	0.0	0	366.2492224352609	1495.6051356107928	1	0	1	1.6563986929278263
218217.89048337415	1000.0	1277.7146522369003	0.0	0	0.0	1495.6051356107928	1	0	1	1.6563986929278252
219788.85848697834	1000.0	706.7466486327006	0.0	0	0.0	1495.605135610822	1	0	1	1.656398692927822
220326.16259459808	500.0	1169.4425410129174	0.0	0	0.0	1495.605135610822	1	0	1	-0.07646925847204145
221200.0	1000.0	1295.6051356109879	0.0	0	18.38158147537615	1495.605135610851	1	0	1	0.963251512367874
222414.58929040172	1000.0	1081.015845209247	0.0	0	0.0	1495.605135610851	1	0	1	1.6563986929278194
223200.0	500.0	1295.6051356109733	0.0	0	453.208592846815	1495.605135610851	1	0	1	-0.07646925847204439
224200.0	1000.0	1295.6051356109697	0.0	0	265.6586555322283	1495.605135610822	1	0	1	0.9632515123678762
225200.0	1000.0	1295.605135610977	0.0	0	300.99184935196536	1495.605135610822	1	0	1	1.656398692927822
226200.0	1000.0	1295.6051356109579	0.0	0	418.8683947889076	1495.6051356107928	1	0	1	1.6563986929278252
227200.0	1000.0	1295.605135610925	0.0	0	368.28056809856207	1495.6051356107928	1	0	1	1.6563986929278252
228200.0	1000.0	1295.605135610896	0.0	0	247.7307186239923	1495.605135610822	1	0	1	1.656398692927822
229200.0	1000.0	1295.6051356108972	0.0	0	454.9065716137702	1495.605135610851	1	0	1	1.6563986929278194
230200.0	1000.0	1295.6051356108812	0.0	0	560.318256802042	1495.605135610851	1	0	1	1.6563986929278194
231200.0	1000.0	1295.6051356108687	0.0	0	535.4373583398701	1495.605135610851	1	0	1	1.6563986929278194
232200.0	1000.0	1295.6051356108724	0.0	0	220.11918235797202	1495.605135610851	1	0	1	1.6563986929278194
233200.0	1000.0	1295.605135610862	0.0	0	486.3506537094945	1495.605135610851	1	0	1	1.6563986929278194
234200.0	1000.0	1295.6051356108514	0.0	0	410.3460590301547	1495.60513561088	1	0	1	1.6563986929278163
235200.0	1000.0	1295.6051356108728	0.0	0	323.3907777238055	1495.6051356109092	1	0	1	1.6563986929278136
236200.0	1000.0	1295.605135610865	0.0	0	390.06394497162546	1495.6051356109383	1	0	1	1.6563986929278118
237200.0	1000.0	1295.6051356108853	0.0	0	481.36410585037083	1495.6051356109092	1	0	1	1.6563986929278123
238200.0	1000.0	1295.605135610876	0.0	0	245.83205369013012	1495.6051356109092	1	0	1	1.6563986929278136
239200.0	1000.0	1295.605135610888	0.0	0	187.2966968428227	1495.6051356109092	1	0	1	1.6563986929278136
240200.0	1000.0	1295.6051356108742	0.0	0	296.75445916634635	1495.6051356109092	1	0	1	1.6563986929278136
241268.74928558568	1000.0	1226.8558500252152	0.0	0	0.0	1495.6051356109092	1	0	1	1.6563986929278136
242200.0	1000.0	1295.6051356108972	0.0	0	299.1297819679603	1495.60513561088	1	0	1	1.6563986929278163
243200.0	1000.0	1295.6051356109206	0.0	0	427.18079300390673	1495.6051356109092	1	0	1	1.6563986929278136
244200.0	1000.0	1295.6051356109328	0.0	0	314.6435925530386	1495.6051356109092	1	0	1	1.6563986929278136
245200.0	1000.0	1295.6051356109137	0.0	0	272.9986747537623	1495.60513561088	1	0	1	1.6563986929278163
246200.0	1000.0	1295.6051356109217	0.0	0	457.15490391425556	1495.60513561088	1	0	1	1.6563986929278163
247200.0	1000.0	1295.605135610905	0.0	0	517.004695028736	1495.60513561088	1	0	1	1.6563986929278163
248200.0	1000.0	1295.6051356109106	0.0	0	486.26648353395285	1495.605135610851	1	0	1	1.6563986929278194
249200.0	1000.0	1295.6051356109197	0.0	0	367.39355864937534	1495.605135610851	1	0	1	1.6563986929278194
250398.99132130595	1000.0	1096.61381430498	0.0	0	0.0	1495.60513561088	1	0	1	1.6563986929278163
251200.0	1000.0	1295.6051356109313	0.0	0	10.285107407544274	1495.60513561088	1	0	1	1.6563986929278163
252200.0	1000.0	1295.6051356109397	0.0	0	394.6298906755692	1495.605135610851	1	0	1	1.6563986929278194
253200.0	1000.0	1295.6051356109456	0.0	0	66.77252419860451	1495.605135610851	1	0	1	1.6563986929278194
254200.0	1000.0	1295.6051356109363	0.0	0	235.39551968692103	1495.605135610822	1	0	1	1.6563986929278214
255200.0	1000.0	1295.6051356109676	0.0	0	196.73190699677798	1495.605135610822	1	0	1	1.656398692927822
256200.0	1000.0	1295.6051356109833	0.0	0	20.240814863704145	1495.605135610822	1	0	1	1.656398692927822
257200.0	1000.0	1295.6051356109233	0.0	0	121.8525790288113	1495.6051356107928	1	0	1	1.6563986929278252
258200.0	1000.0	1295.605135610931	0.0	0	119.9800384772534	1495.6051356107928	1	0	1	1.6563986929278252
259263.92427974544	1000.0	1231.680855865524	0.0	0	0.0	1495.605135610822	1	0	1	1.656398692927822
260200.0	1000.0	1295.6051356109829	0.0	0	316.3083069252316	1495.605135610822	1	0	1	1.656398692927822
261200.0	1000.0	1295.6051356109626	0.0	0	343.6146573184524	1495.6051356107928	1	0	1	1.6563986929278252
262200.0	1000.0	1295.6051356109388	0.0	0	423.966453577159	1495.605135610822	1	0	1	1.6563986929278232
263200.0	1000.0	1295.6051356109504	0.0	0	438.4917553414125	1495.605135610822	1	0	1	1.6563986929278227
264200.0	1000.0	1295.6051356109278	0.0	0	259.99614888295764	1495.6051356107928	1	0	1	1.6563986929278252
265200.0	1000.0	1295.6051356108972	0.0	0	623.5297056238633	1495.6051356107346	1	0	1	1.656398692927831
266200.0	1000.0	1295.605135610991	0.0	0	365.2518857710529	1495.6051356107928	1	0	1	1.6563986929278274
267200.0	1000.0	1295.605135611002	0.0	0	300.2685707237688	1495.6051356107928	1	0	1	1.6563986929278252
268670.02081182745	1000.0	825.5843237835691	0.0	0	0.0	1495.605135610851	1	0	1	1.656398692927824
269319.07581187785	1000.0	1176.5293237331366	0.0	0	0.0	1495.605135610851	1	0	1	1.6563986929278194
270200.0	1000.0	1295.6051356110015	0.0	0	98.40585553954588	1495.605135610851	1	0	1	1.6563986929278194
271200.0	1000.0	1295.6051356109563	0.0	0	436.8516144602909	1495.605135610851	1	0	1	1.6563986929278194
272215.1996828931	1000.0	1280.4054527178841	0.0	0	0.0	1495.6051356109674	1	0	1	1.6563986929278087
273200.0	1000.0	1295.605135610989	0.0	0	146.73126248281915	1495.6051356109674	1	0	1	1.6563986929278076
274200.0	1000.0	1295.6051356110313	0.0	0	136.6686013895669	1495.6051356109674	1	0	1	1.6563986929278076
275200.0	1000.0	1295.6051356111134	0.0	0	51.602346054511145	1495.6051356110256	1	0	1	1.6563986929278018
276200.0	1000.0	1295.6051356112057	0.0	0	71.06296204094542	1495.6051356110256	1	0	1	1.6563986929278018
277200.0	1000.0	1295.6051356111727	0.0	0	373.48336047603516	1495.6051356109674	1	0	1	1.6563986929278076
278200.0	1000.0	1295.6051356111632	0.0	0	343.8397005601437	1495.6051356109674	1	0	1	1.6563986929278076
279200.0	1000.0	1295.6051356111768	0.0	0	308.15891237783944	1495.6051356109674	1	0	1	1.6563986929278076
280200.0	1000.0	1295.6051356112123	0.0	0	428.65796516055707	1495.6051356109674	1	0	1	1.6563986929278076
281282.0768809796	1000.0	1213.5282546316512	0.0	0	0.0	1495.6051356109674	1	0	1	1.6563986929278076
282200.0	1000.0	1295.6051356112646	0.0	0	266.23942407232244	1495.6051356110256	1	0	1	1.656398692927804
283284.34309343173	1000.0	1211.2620421795373	0.0	0	0.0	1495.6051356110838	1	0	1	1.656398692927796
284200.0	1000.0	1295.6051356113105	0.0	0	58.69897635851521	1495.6051356110838	1	0	1	1.656398692927796
285200.0	1000.0	1295.605135611314	0.0	0	295.75592524034437	1495.6051356110838	1	0	1	1.656398692927796
286200.0	1000.0	1295.6051356113196	0.0	0	503.2777821767377	1495.6051356110838	1	0	1	1.656398692927796
287200.0	1000.0	1295.6051356113117	0.0	0	409.89930763532175	1495.605135611142	1	0	1	1.6563986929277923
288200.0	1000.0	1295.6051356112991	0.0	0	104.27426356106298	1495.605135611142	1	0	1	1.65639869292779
289200.0	1000.0	1295.6051356113023	0.0	0	172.26632306928514	1495.605135611142	1	0	1	1.65639869292779
290200.0	1000.0	1295.6051356112712	0.0	0	488.26057209656574	1495.6051356110838	1	0	1	1.6563986929277938
291251.21047664783	1000.0	1244.3946589633356	0.0	0	0.0	1495.6051356110256	1	0	1	1.6563986929278018
292250.95764404885	1000.0	1244.6474915623526	0.0	0	0.0	1495.6051356110256	1	0	1	1.6563986929278018
293200.0	1000.0	1295.605135611204	0.0	0	383.32943863485707	1495.6051356109674	1	0	1	1.6563986929278076
294200.0	1000.0	1295.605135611197	0.0	0	344.68565946503077	1495.6051356109674	1	0	1	1.6563986929278076
295341.0817014942	1000.0	1154.52343411707	0.0	0	0.0	1495.6051356109674	1	0	1	1.6563986929278076
296269.3117816346	1000.0	1226.2933539766327	0.0	0	0.0	1495.6051356109092	1	0	1	1.6563986929278136
297200.0	1000.0	1295.6051356112266	0.0	0	102.96338306833059	1495.6051356109674	1	0	1	1.6563986929278076
298200.0	1000.0	1295.605135611251	0.0	0	151.1265160451876	1495.6051356109674	1	0	1	1.6563986929278076
299278.38195833704	1000.0	1217.2231772742016	0.0	0	0.0	1495.6051356110256	1	0	1	1.6563986929278018
300309.96232638846	1000.0	1185.6428092227948	0.0	0	0.0	1495.6051356109674	1	0	1	1.6563986929278076
301200.0	1000.0	1295.605135611313	0.0	0	236.3599875366781	1495.6051356109674	1	0	1	1.6563986929278076
302200.0	1000.0	1295.605135611308	0.0	0	355.4755771519267	1495.6051356109674	1	0	1	1.6563986929278076
303200.0	1000.0	1295.6051356113956	0.0	0	142.30308557586977	1495.6051356110256	1	0	1	1.6563986929278018
304200.0	1000.0	1295.60513561137	0.0	0	249.08020092418883	1495.6051356109674	1	0	1	1.6563986929278052
305200.0	1000.0	1295.605135611384	0.0	0	394.97856614983175	1495.6051356109674	1	0	1	1.6563986929278076
306200.0	1000.0	1295.6051356113985	0.0	0	508.9452292280621	1495.6051356109674	1	0	1	1.6563986929278098
307200.0	1000.0	1295.6051356114	0.0	0	205.70761148369638	1495.6051356110256	1	0	1	1.6563986929278018
308200.0	1000.0	1295.6051356113933	0.0	0	141.0782135159825	1495.6051356110256	1	0	1	1.6563986929278018
1.31	0.75	0.72	1.2	1.37	1.11	1.07	1.22	1.45	1.39	1.22	1.15	1.58	1.93	1.3	1.26	1.29	2.05	2.36	3.35	1.81	1.89	1.84	1.45	1.38	1.78	1.51	1.82	2.29	2.03	0.64	0.85	1.27	1.29	1.78	1.58	1.64	1.36	0.92	1.18	1.26	1.33	0.66	1.18	1.49	1.62	0.95	1.24	1.47	1.19	1.24	1.91	2.26	1.73	1.82	1.97	2.2	1.9	1.1	1.08	0.75	1.14	1.34	1.07	1.65	1.51	1.37	1.76	1.54	2.05	2.05	1.99	1.45	1.95	2.48	1.51	1.4	1.52	1.54	1.39	2.0	1.29	1.26	2.06	2.18	1.56	1.47	2.07	1.95	1.42	1.59	0.88	2.07	1.01	1.52	1.53	1.35	1.08	0.87	1.16	1.24	1.64	1.48	1.27	1.51	2.2	2.46	1.56	0.89	0.8	1.42	1.2	1.77	0.94	1.29	1.33	0.96	1.69	1.95	1.3	1.81	0.85	1.38	1.02	1.3	1.07	1.89	1.82	1.44	1.49	1.98	1.39	0.98	1.52	1.44	1.17	1.2	1.45	1.38	1.09	1.33	1.19	1.53	1.26	1.52	1.02	1.84	1.51	1.53	1.05	1.31	0.75	0.72	1.2	1.37	1.11	1.07	1.22	1.45	1.39	1.22	1.15	1.58	1.93	1.3	1.26	1.29	2.05	2.36	3.35	1.81	1.89	1.84	1.45	1.38	1.78	1.51	1.82	2.29	2.03	0.64	0.85	1.27	1.29	1.78	1.58	1.64	1.36	0.92	1.18	1.26	1.33	0.66	1.18	1.49	1.62	0.95	1.24	1.47	1.19	1.24	1.91	2.26	1.73	1.82	1.97	2.2	1.9	1.1	1.08	0.75	1.14	1.34	1.07	1.65	1.51	1.37	1.76	1.54	2.05	2.05	1.99	1.45	1.95	2.48	1.51	1.4	1.52	1.54	1.39	2.0	1.29	1.26	2.06	2.18	1.56	1.47	2.07	1.95	1.42	1.59	0.88	2.07	1.01	1.52	1.53	1.35	1.08	0.87	1.16	1.24	1.64	1.48	1.27	1.51	2.2	2.46	1.56	0.89	0.8	1.42	1.2	1.77	0.94	1.29	1.33	0.96	1.69	1.95	1.3	1.81	0.85	1.38	1.02	1.3	1.07	1.89	1.82	1.44	1.49	1.98	1.39	0.98	1.52	1.44	1.17	1.2	1.45	1.38	1.09	1.33	1.19	1.53	1.26	1.52	1.02	1.84	1.51	1.53	1.05	1.31	0.75	0.72	1.2	1.37	1.11	1.07	1.22	1.45
1.0	2.0	3.0	4.0	5.0	6.0	7.0	8.0	9.0	10.0	11.0	12.0	13.0	14.0	15.0	16.0	17.0	18.0	19.0	20.0	21.0	22.0	23.0	24.0	25.0	26.0	27.0	28.0	29.0	30.0	31.0	32.0	33.0	34.0	35.0	36.0	37.0	38.0	39.0	40.0	41.0	42.0	43.0	44.0	45.0	46.0	47.0	48.0	49.0	50.0	51.0	52.0	53.0	54.0	55.0	56.0	57.0	58.0	59.0	60.0	61.0	62.0	63.0	64.0	65.0	66.0	67.0	68.0	69.0	70.0	71.0	72.0	73.0	74.0	75.0	76.0	77.0	78.0	79.0	80.0	81.0	82.0	83.0	84.0	85.0	86.0	87.0	88.0	89.0	90.0	91.0	92.0	93.0	94.0	95.0	96.0	97.0	98.0	99.0	100.0	101.0	102.0	103.0	104.0	105.0	106.0	107.0	108.0	109.0	110.0	111.0	112.0	113.0	114.0	115.0	116.0	117.0	118.0	119.0	120.0	121.0	122.0	123.0	124.0	125.0	126.0	127.0	128.0	129.0	130.0	131.0	132.0	133.0	134.0	135.0	136.0	137.0	138.0	139.0	140.0	141.0	142.0	143.0	144.0	145.0	146.0	147.0	148.0	149.0	149.0	150.0	151.0	152.0	153.0	154.0	155.0	156.0	157.0	158.0	159.0	160.0	161.0	162.0	163.0	164.0	165.0	166.0	167.0	168.0	169.0	170.0	171.0	172.0	173.0	174.0	175.0	176.0	177.0	178.0	179.0	180.0	181.0	182.0	183.0	184.0	185.0	186.0	187.0	188.0	189.0	190.0	191.0	192.0	193.0	194.0	195.0	196.0	197.0	198.0	199.0	200.0	201.0	202.0	203.0	204.0	205.0	206.0	207.0	208.0	209.0	210.0	211.0	212.0	213.0	214.0	215.0	216.0	217.0	218.0	219.0	220.0	221.0	222.0	223.0	224.0	225.0	226.0	227.0	228.0	229.0	230.0	231.0	232.0	233.0	234.0	235.0	236.0	237.0	238.0	239.0	240.0	241.0	242.0	243.0	244.0	245.0	246.0	247.0	248.0	249.0	250.0	251.0	252.0	253.0	254.0	255.0	256.0	257.0	258.0	259.0	260.0	261.0	262.0	263.0	264.0	265.0	266.0	267.0	268.0	269.0	270.0	271.0	272.0	273.0	274.0	275.0	276.0	277.0	278.0	279.0	280.0	281.0	282.0	283.0	284.0	285.0	286.0	287.0	288.0	289.0	290.0	291.0	292.0	293.0	294.0	295.0	296.0	297.0	298.0	298.0	299.0	300.0	301.0	302.0	303.0	304.0	305.0	306.0	307.0
2912.041892162811
