2462.392306264976	300.0	2000.0	221.93496586050838	0	0.0	2462.392306264976	1	0	1	-1.5730607899522817
5200.0	1000.0	208.39430176626567	41.81300160569728	0	310.88029222361274	408.3943017662659	1	0	2	-0.09357032073554011
6200.0	300.0	2308.3943017662664	0.0	0	726.3352646361582	2508.394301766267	1	0	0	-1.850812234502563
9200.0	1000.0	230.73747171397946	20.311972679740876	0	383.54653658449024	430.7374717139792	1	0	2	-0.16675784022921364
10200.0	300.0	2330.7374717139796	0.0	0	832.077781375403	2530.7374717139783	1	0	0	-1.8530465514973342
13342.189535351235	2000.0	391.3582395670992	288.2084152177083	0	0.0	733.5477749183337	1	0	2	-1.4568034038124154
14200.0	500.0	2619.3288213832097	0.0	0	631.7727862388747	2819.3288213832093	1	0	0	-1.2980818855641836
17200.0	2000.0	535.6206967677498	14.810795804127608	0	110.52546043221446	735.6206967677499	1	0	2	0.69450588210597
18200.0	500.0	2635.6206967677485	0.0	0	724.4862343331552	2835.62069676775	1	0	0	-1.2996179951476796
21513.639997662453	3000.0	205.46161808061305	13.495380674148521	0	0.0	719.101615743064	1	0	2	0.9062511689514563
22200.0	300.0	2587.7376159768205	0.0	0	426.60538294179423	2787.7376159768173	1	0	0	-2.9779008285942106
27700.320832571073	3000.0	200.0	2238.741181683053	0	0.0	2900.320832571073	1	0	2	-13.118150847660072
28146.694527541535	500.0	775.7849985514032	22.158693521865956	0	0.0	2922.4795260929386	1	0	1	-1.6507211473195587
29200.0	500.0	622.4849985513995	0.0	0	465.1932828975514	822.4849985514011	1	0	2	0.2801604016169832
30200.0	500.0	2722.4849985513993	0.0	0	760.0051293441902	2922.484998551401	1	0	0	0.07798993579384599
33986.58966329078	2000.0	200.0	402.51239188043286	0	0.0	1186.5896632907825	1	0	2	-1.6593285659362436
34373.31231874486	500.0	813.2773445459209	0.0	0	0.0	1186.5896632907898	1	0	1	-0.9387148917999834
35200.0	500.0	3069.2584314163023	0.0	0	354.10132470446115	3269.2584314163178	1	0	0	0.24271560353647337
38950.92563083283	2000.0	200.0	51.59978409073308	0	0.0	1150.9256308328404	1	0	2	0.4346766115248872
39314.02832038114	500.0	836.8973104516904	0.0	0	0.0	1150.9256308328404	1	0	1	-0.9351484885541889
40200.0	500.0	3039.5227987947214	0.0	0	364.81913844380324	3239.5227987947364	1	0	0	0.2459513310642385
44365.01185798625	2000.0	200.0	492.7184045365063	0	0.0	1565.011857986261	1	0	2	-2.231298432942445
44907.71173795698	300.0	749.527280745426	92.2271607161531	0	0.0	1657.2390187024212	1	0	1	-2.816206851053042
45308.58820954605	500.0	1348.650809156364	0.0	0	0.0	1657.2390187024212	1	0	1	0.08968891001275334
46200.0	500.0	1457.2390187024068	0.0	0	506.4859973167986	1657.2390187024212	1	0	1	0.6005145337787441
47200.0	1000.0	1457.239018702406	0.0	0	501.0449611627555	1657.2390187024212	1	0	1	0.9470881240587168
48200.0	1000.0	1457.2390187024037	0.0	0	497.9256306508687	1657.239018702414	1	0	1	1.6402353046186628
49200.0	1000.0	1457.2390187024007	0.0	0	538.7336543378842	1657.239018702414	1	0	1	1.6402353046186628
50200.0	1000.0	1457.2390187024077	0.0	0	306.6996017536221	1657.239018702414	1	0	1	1.6402353046186628
51442.690154007505	2000.0	1214.5488646949034	0.0	0	0.0	1657.2390187024066	1	0	1	1.9868088948986364
52200.0	1000.0	1457.2390187024198	0.0	0	18.053428213730513	1657.2390187024212	1	0	1	0.9470881240587172
53200.0	1000.0	1457.239018702411	0.0	0	157.52733824327152	1657.2390187024212	1	0	1	1.6402353046186622
54200.0	1000.0	1457.239018702412	0.0	0	424.33447284474823	1657.2390187024212	1	0	1	1.6402353046186622
55200.0	1000.0	1457.2390187024127	0.0	0	50.48773285285279	1657.2390187024212	1	0	1	1.6402353046186622
56200.0	1000.0	1457.2390187024214	0.0	0	401.12702725070267	1657.2390187024212	1	0	1	1.6402353046186622
57200.0	1000.0	1457.239018702426	0.0	0	543.2922067814725	1657.2390187024212	1	0	1	1.6402353046186622
58200.0	1000.0	1457.2390187024253	0.0	0	202.96604988853505	1657.2390187024212	1	0	1	1.6402353046186622
59200.0	1000.0	1457.2390187024303	0.0	0	429.5418108877566	1657.2390187024212	1	0	1	1.6402353046186622
60539.77629703191	2000.0	1117.4627216705098	0.0	0	0.0	1657.239018702414	1	0	1	1.9868088948986353
61200.0	1000.0	1457.2390187024164	0.0	0	117.84410010927968	1657.239018702414	1	0	1	0.9470881240587178
63330.95168183439	2000.0	326.28733686802826	0.0	0	0.0	1657.239018702414	1	0	1	1.9868088948986353
63807.976641684865	300.0	849.2623770175599	0.0	0	0.0	1657.239018702414	1	0	1	-2.0628438867561227
64278.86894656408	500.0	1378.3700721383489	0.0	0	0.0	1657.239018702414	1	0	1	0.08968891001275414
65249.500415108654	1000.0	1407.7386035937698	0.0	0	0.0	1657.239018702414	1	0	1	0.9470881240587176
66317.1743205227	1000.0	1340.0646981797358	0.0	0	0.0	1657.2390187024284	1	0	1	1.6402353046186622
67265.07496257772	1000.0	1392.1640561247048	0.0	0	0.0	1657.239018702414	1	0	1	1.6402353046186624
68478.33724326406	1000.0	1178.9017754383633	0.0	0	0.0	1657.239018702414	1	0	1	1.6402353046186628
69835.94042187434	1000.0	821.2985968280802	0.0	0	0.0	1657.239018702414	1	0	1	1.6402353046186628
70256.66430081495	500.0	1400.5747178874672	0.0	0	0.0	1657.2390187024284	1	0	1	-0.09263264678120214
71200.0	1000.0	1457.2390187024112	0.0	0	198.1572277151863	1657.2390187024284	1	0	1	0.9470881240587161
72200.0	1000.0	1457.2390187024123	0.0	0	6.740060573560186	1657.239018702443	1	0	1	1.6402353046186604
73200.0	1000.0	1457.2390187024073	0.0	0	139.7316915122792	1657.239018702443	1	0	1	1.64023530461866
74553.14776958183	1000.0	1104.091249120557	0.0	0	0.0	1657.2390187024284	1	0	1	1.6402353046186608
76041.24577670805	1000.0	615.9932419943435	0.0	0	0.0	1657.2390187024284	1	0	1	1.6402353046186608
76513.7393107493	500.0	1143.499707953103	0.0	0	0.0	1657.2390187024284	1	0	1	-0.09263264678120214
77200.0	1000.0	1457.239018702384	0.0	0	29.68892627520836	1657.2390187024284	1	0	1	0.9470881240587161
78200.0	1000.0	1457.2390187023766	0.0	0	225.73163600893167	1657.2390187024284	1	0	1	1.6402353046186615
79333.2849932763	1000.0	1323.9540254260805	0.0	0	0.0	1657.239018702414	1	0	1	1.6402353046186628
80522.8752686864	1000.0	1134.3637500159757	0.0	0	0.0	1657.2390187023993	1	0	1	1.6402353046186644
81627.24691342877	1000.0	1029.9921052736163	0.0	0	0.0	1657.2390187023993	1	0	1	1.6402353046186644
82400.1957920689	1000.0	1257.0432266334608	0.0	0	0.0	1657.2390187023848	1	0	1	1.6402353046186657
83242.0143121425	1000.0	1415.2247065598588	0.0	0	0.0	1657.2390187023702	1	0	1	1.6402353046186673
84200.0	1000.0	1457.2390187023798	0.0	0	154.96083549423201	1657.2390187023702	1	0	1	1.6402353046186673
85200.0	1000.0	1457.2390187023802	0.0	0	278.4797541776061	1657.2390187023557	1	0	1	1.6402353046186688
86200.0	1000.0	1457.2390187023736	0.0	0	360.23294613845064	1657.2390187023557	1	0	1	1.6402353046186688
87200.0	1000.0	1457.239018702372	0.0	0	339.0750940228463	1657.2390187023557	1	0	1	1.6402353046186688
88200.0	1000.0	1457.239018702386	0.0	0	268.95496718995855	1657.2390187023702	1	0	1	1.6402353046186673
89200.0	1000.0	1457.2390187023843	0.0	0	395.5616760079283	1657.2390187023702	1	0	1	1.6402353046186673
90200.0	1000.0	1457.2390187023857	0.0	0	541.1768046823854	1657.2390187023848	1	0	1	1.6402353046186657
91614.46068133826	2000.0	1042.7783373641164	0.0	0	0.0	1657.2390187023848	1	0	1	1.9868088948986387
92767.37347744552	1000.0	889.8655412568315	0.0	0	0.0	1657.2390187023702	1	0	1	0.9470881240587222
93586.18748026073	1000.0	1071.0515384416235	0.0	0	0.0	1657.2390187023702	1	0	1	1.6402353046186673
94406.27970466614	1000.0	1250.959314036225	0.0	0	0.0	1657.2390187023702	1	0	1	1.6402353046186673
95200.09627890878	1000.0	1457.142739793601	0.0	0	0.0	1657.2390187023702	1	0	1	1.6402353046186673
96200.0	1000.0	1457.2390187023934	0.0	0	173.87219169644231	1657.2390187023848	1	0	1	1.6402353046186657
97200.0	1000.0	1457.2390187023839	0.0	0	410.9425159086677	1657.2390187023848	1	0	1	1.6402353046186657
98200.0	1000.0	1457.2390187023816	0.0	0	214.62712372472743	1657.2390187023848	1	0	1	1.6402353046186657
99367.29002067137	2000.0	1289.9489980310268	0.0	0	0.0	1657.2390187023993	1	0	1	1.9868088948986369
100200.0	1000.0	1457.239018702415	0.0	0	64.08123310853262	1657.2390187023993	1	0	1	0.9470881240587192
101200.0	1000.0	1457.2390187024166	0.0	0	128.80204336481984	1657.2390187023993	1	0	1	1.6402353046186644
102642.52815468244	2000.0	1014.7108640199706	0.0	0	0.0	1657.2390187023993	1	0	1	1.9868088948986369
103386.66847056107	1000.0	1270.5705481413484	0.0	0	0.0	1657.2390187023993	1	0	1	0.9470881240587192
104200.0	1000.0	1457.239018702418	0.0	0	345.07609907841834	1657.2390187023993	1	0	1	1.6402353046186644
105832.21625839207	2000.0	825.0227603103325	0.0	0	0.0	1657.2390187023993	1	0	1	1.9868088948986369
106578.4901048506	1000.0	1078.7489138517872	0.0	0	0.0	1657.2390187023848	1	0	1	0.9470881240587206
107200.0	1000.0	1457.2390187023943	0.0	0	98.1751147279574	1657.2390187023848	1	0	1	1.6402353046186657
108200.0	1000.0	1457.239018702399	0.0	0	604.1704042494384	1657.2390187023848	1	0	1	1.6402353046186657
109200.0	1000.0	1457.2390187023907	0.0	0	270.1846565968299	1657.2390187023848	1	0	1	1.6402353046186657
110200.0	1000.0	1457.2390187023818	0.0	0	147.68507743428927	1657.2390187023848	1	0	1	1.6402353046186657
111200.0	1000.0	1457.2390187023561	0.0	0	151.40011198770662	1657.2390187023702	1	0	1	1.6402353046186673
112200.0	1000.0	1457.2390187023652	0.0	0	369.40722464962164	1657.2390187023702	1	0	1	1.6402353046186673
113200.0	1000.0	1457.2390187023702	0.0	0	520.0899719714507	1657.2390187023702	1	0	1	1.6402353046186673
114200.0	1000.0	1457.2390187023539	0.0	0	382.47969125203963	1657.2390187023557	1	0	1	1.6402353046186688
115200.0	1000.0	1457.2390187023607	0.0	0	101.98580803164805	1657.2390187023702	1	0	1	1.6402353046186673
116763.51403292001	2000.0	893.7249857823634	0.0	0	0.0	1657.2390187023702	1	0	1	1.9868088948986398
118277.21095921902	1000.0	380.0280594833606	0.0	0	0.0	1657.2390187023848	1	0	1	0.9470881240587219
118765.5189719241	300.0	891.7200467782773	0.0	0	0.0	1657.2390187023848	1	0	1	-1.3696967061961745
119271.40396958035	500.0	1385.8350491220401	0.0	0	0.0	1657.2390187023848	1	0	1	0.089688910012757
120200.0	1000.0	1457.2390187023823	0.0	0	14.537240491074044	1657.2390187023848	1	0	1	0.9470881240587203
121200.0	1000.0	1457.2390187023798	0.0	0	84.20203865808435	1657.2390187023848	1	0	1	1.6402353046186657
122393.44697304396	1000.0	1263.7920456584172	0.0	0	0.0	1657.2390187023993	1	0	1	1.6402353046186644
123519.46026828271	1000.0	1137.778750419669	0.0	0	0.0	1657.2390187023993	1	0	1	1.6402353046186644
124324.94549258339	1000.0	1332.2935261189755	0.0	0	0.0	1657.2390187023993	1	0	1	1.6402353046186644
125200.0	1000.0	1457.2390187023532	0.0	0	220.1724267170066	1657.2390187023993	1	0	1	1.6402353046186644
126200.0	1000.0	1457.239018702354	0.0	0	221.26236866024556	1657.2390187023993	1	0	1	1.6402353046186644
127200.0	1000.0	1457.2390187023493	0.0	0	359.80828163908154	1657.2390187023993	1	0	1	1.6402353046186644
128200.0	1000.0	1457.2390187023432	0.0	0	376.75993803617894	1657.239018702414	1	0	1	1.6402353046186628
129200.0	1000.0	1457.2390187023452	0.0	0	54.35322370668291	1657.2390187024284	1	0	1	1.6402353046186615
130322.19745557765	1000.0	1335.0415631246876	0.0	0	0.0	1657.2390187024284	1	0	1	1.6402353046186615
131650.68913671063	1000.0	1006.5498819917082	0.0	0	0.0	1657.239018702414	1	0	1	1.6402353046186628
132200.0	500.0	1457.2390187023414	0.0	0	112.7910603286291	1657.2390187024284	1	0	1	-0.09263264678120214
133247.76374584768	1000.0	1409.475272854673	0.0	0	0.0	1657.239018702414	1	0	1	0.9470881240587176
134200.0	1000.0	1457.239018702326	0.0	0	293.05542157264426	1657.239018702414	1	0	1	1.6402353046186628
135200.0	1000.0	1457.2390187023532	0.0	0	428.2792688095069	1657.239018702414	1	0	1	1.6402353046186628
136200.0	1000.0	1457.2390187023238	0.0	0	237.0467414248851	1657.239018702414	1	0	1	1.6402353046186628
137200.0	1000.0	1457.239018702321	0.0	0	318.65790467025363	1657.239018702414	1	0	1	1.6402353046186628
138200.0	1000.0	1457.2390187023111	0.0	0	130.63134161403286	1657.239018702414	1	0	1	1.6402353046186628
139200.0	1000.0	1457.2390187023027	0.0	0	186.93173582694726	1657.239018702414	1	0	1	1.6402353046186628
140200.0	1000.0	1457.2390187022802	0.0	0	220.37411801537382	1657.239018702443	1	0	1	1.6402353046186613
141200.0	1000.0	1457.2390187022977	0.0	0	499.6624739388935	1657.239018702443	1	0	1	1.64023530461866
142227.34808681958	1000.0	1429.8909318827016	0.0	0	0.0	1657.2390187023848	1	0	1	1.6402353046186653
143200.0	1000.0	1457.2390187022538	0.0	0	80.12376491329633	1657.2390187023848	1	0	1	1.6402353046186657
144200.0	1000.0	1457.239018702289	0.0	0	258.363405169599	1657.2390187023848	1	0	1	1.6402353046186657
145200.0	1000.0	1457.2390187022793	0.0	0	213.83577055300702	1657.2390187023557	1	0	1	1.6402353046186688
146365.94015071177	1000.0	1291.2988679904856	0.0	0	0.0	1657.2390187022975	1	0	1	1.6402353046186733
148049.1945770068	1000.0	608.0444416954508	0.0	0	0.0	1657.2390187022975	1	0	1	1.6402353046186746
148523.82484744856	500.0	1133.4141712536975	0.0	0	0.0	1657.2390187022975	1	0	1	-0.09263264678118899
149200.0	1000.0	1457.2390187022697	0.0	0	39.341564319474855	1657.2390187022975	1	0	1	0.9470881240587292
150200.0	1000.0	1457.239018702295	0.0	0	455.7093187769351	1657.2390187022975	1	0	1	1.6402353046186746
151200.0	1000.0	1457.2390187023143	0.0	0	587.7449812401028	1657.2390187022975	1	0	1	1.6402353046186746
152299.85048089965	1000.0	1357.3885378026812	0.0	0	0.0	1657.2390187022975	1	0	1	1.6402353046186746
153274.61317310078	1000.0	1382.6258456015564	0.0	0	0.0	1657.2390187022975	1	0	1	1.6402353046186746
154242.82824622592	1000.0	1414.4107724764137	0.0	0	0.0	1657.2390187022975	1	0	1	1.6402353046186746
155200.0	1000.0	1457.2390187023416	0.0	0	208.39853802896687	1657.2390187022975	1	0	1	1.6402353046186746
156200.0	1000.0	1457.2390187023543	0.0	0	298.55266484589083	1657.2390187022975	1	0	1	1.6402353046186746
157200.0	1000.0	1457.2390187023193	0.0	0	227.71217148544383	1657.2390187022684	1	0	1	1.6402353046186775
158227.8073299503	1000.0	1429.4316887520279	0.0	0	0.0	1657.2390187022684	1	0	1	1.6402353046186775
159200.0	1000.0	1457.2390187023325	0.0	0	163.16751662889146	1657.2390187022393	1	0	1	1.6402353046186804
160200.0	1000.0	1457.2390187023539	0.0	0	323.1281431784446	1657.2390187022684	1	0	1	1.6402353046186775
161200.0	1000.0	1457.2390187023846	0.0	0	391.24890732203494	1657.2390187022684	1	0	1	1.6402353046186775
162200.0	1000.0	1457.2390187023934	0.0	0	381.776301430742	1657.2390187022684	1	0	1	1.6402353046186775
163200.0	1000.0	1457.2390187023846	0.0	0	229.25514167064102	1657.2390187022684	1	0	1	1.6402353046186775
164200.0	1000.0	1457.239018702381	0.0	0	276.12839274600265	1657.2390187022684	1	0	1	1.6402353046186775
165200.0	1000.0	1457.2390187023866	0.0	0	142.3471051218221	1657.2390187022684	1	0	1	1.6402353046186775
166293.8168173131	2000.0	1363.422201389242	0.0	0	0.0	1657.2390187022684	1	0	1	1.9868088948986502
167200.0	1000.0	1457.239018702357	0.0	0	338.95025447627995	1657.2390187022684	1	0	1	0.9470881240587322
168200.0	1000.0	1457.2390187023525	0.0	0	589.3598730855156	1657.2390187022684	1	0	1	1.6402353046186775
169200.0	1000.0	1457.2390187023414	0.0	0	566.1557718462427	1657.2390187022684	1	0	1	1.6402353046186775
170671.44878771325	2000.0	985.7902309890576	0.0	0	0.0	1657.2390187022393	1	0	1	1.986808894898653
171335.12105513812	1000.0	1322.117963564167	0.0	0	0.0	1657.2390187022393	1	0	1	0.9470881240587352
172200.0	1000.0	1457.239018702304	0.0	0	381.6607928936137	1657.2390187022684	1	0	1	1.6402353046186775
173200.0	1000.0	1457.239018702284	0.0	0	251.18347466771957	1657.2390187022684	1	0	1	1.6402353046186775
174200.0	1000.0	1457.239018702267	0.0	0	357.69905295351055	1657.2390187022684	1	0	1	1.6402353046186775
175200.0	1000.0	1457.2390187022418	0.0	0	561.1575845288171	1657.2390187022975	1	0	1	1.6402353046186746
176200.0	1000.0	1457.2390187022563	0.0	0	353.2808969405305	1657.2390187022975	1	0	1	1.6402353046186746
177200.0	1000.0	1457.239018702254	0.0	0	599.7031330608879	1657.2390187023266	1	0	1	1.6402353046186715
178200.0	2000.0	1457.2390187022377	0.0	0	205.44821281536133	1657.2390187022975	1	0	1	1.986808894898647
179744.24323798993	2000.0	912.9957807123003	0.0	0	0.0	1657.2390187022975	1	0	1	2.679956075458592
180552.33456900026	1000.0	1104.904449702004	0.0	0	0.0	1657.2390187022975	1	0	1	0.9470881240587294
181730.5912638677	1000.0	926.6477548345441	0.0	0	0.0	1657.2390187023266	1	0	1	1.6402353046186715
182633.21434202627	1000.0	1024.0246766759874	0.0	0	0.0	1657.2390187023557	1	0	1	1.6402353046186688
183836.18770771296	1000.0	821.0513109893037	0.0	0	0.0	1657.2390187023557	1	0	1	1.6402353046186688
184200.0	500.0	1457.2390187022584	0.0	0	111.0646182106575	1657.2390187023266	1	0	1	-0.09263264678119182
185200.0	1000.0	1457.239018702285	0.0	0	548.3394479318522	1657.2390187023266	1	0	1	0.9470881240587261
186200.0	1000.0	1457.2390187022743	0.0	0	483.6233961468679	1657.2390187023266	1	0	1	1.6402353046186715
187200.0	1000.0	1457.2390187022552	0.0	0	268.8787718330568	1657.2390187023266	1	0	1	1.6402353046186715
188200.0	1000.0	1457.2390187022622	0.0	0	350.2246448615624	1657.2390187023266	1	0	1	1.6402353046186715
189200.0	1000.0	1457.2390187022493	0.0	0	267.9149292134389	1657.2390187023266	1	0	1	1.6402353046186715
190200.0	1000.0	1457.239018702254	0.0	0	182.55408755873214	1657.2390187023266	1	0	1	1.6402353046186715
191347.275167542	1000.0	1309.9638511602634	0.0	0	0.0	1657.2390187023266	1	0	1	1.6402353046186715
192408.48425231897	1000.0	1248.7547663832881	0.0	0	0.0	1657.2390187023266	1	0	1	1.6402353046186715
193582.24855443576	1000.0	1074.9904642664887	0.0	0	0.0	1657.2390187023266	1	0	1	1.6402353046186715
194288.57924580522	500.0	1368.65977289702	0.0	0	0.0	1657.2390187022975	1	0	1	-0.09263264678118899
195200.0	500.0	1457.2390187022258	0.0	0	414.2775236341113	1657.2390187022975	1	0	1	0.6005145337787565
196200.0	500.0	1457.239018702218	0.0	0	548.4439016013348	1657.2390187022684	1	0	1	0.6005145337787594
197200.0	1000.0	1457.2390187022118	0.0	0	341.505326993356	1657.2390187022684	1	0	1	0.947088124058732
198200.0	1000.0	1457.2390187022313	0.0	0	550.1873316326819	1657.2390187022975	1	0	1	1.6402353046186746
199200.0	1000.0	1457.239018702248	0.0	0	203.09759060834767	1657.2390187022975	1	0	1	1.6402353046186746
200200.0	1000.0	1457.2390187022556	0.0	0	470.82425325148506	1657.2390187022975	1	0	1	1.6402353046186746
201200.0	1000.0	1457.2390187022365	0.0	0	368.74158123042434	1657.2390187022684	1	0	1	1.6402353046186775
202200.0	1000.0	1457.2390187022306	0.0	0	151.95455962672713	1657.2390187022684	1	0	1	1.6402353046186775
203200.0	1000.0	1457.239018702206	0.0	0	415.48251712479396	1657.2390187022684	1	0	1	1.6402353046186775
204200.0	1000.0	1457.2390187022215	0.0	0	60.8717706167954	1657.2390187022684	1	0	1	1.6402353046186775
205200.0	1000.0	1457.239018702204	0.0	0	508.6247175367025	1657.2390187022393	1	0	1	1.6402353046186804
206200.0	1000.0	1457.2390187022265	0.0	0	359.38176116821705	1657.2390187022684	1	0	1	1.6402353046186775
207200.0	1000.0	1457.2390187022263	0.0	0	401.6225531293603	1657.2390187022684	1	0	1	1.6402353046186775
208200.0	1000.0	1457.2390187022024	0.0	0	321.29493378690677	1657.2390187022684	1	0	1	1.6402353046186775
209294.59486789702	2000.0	1362.6441508051803	0.0	0	0.0	1657.2390187022975	1	0	1	1.986808894898647
210200.0	1000.0	1457.2390187021927	0.0	0	321.91753467926173	1657.2390187022684	1	0	1	0.9470881240587322
211200.0	1000.0	1457.2390187022258	0.0	0	303.91425906377845	1657.2390187022684	1	0	1	1.6402353046186775
212430.45075128405	1000.0	1226.788267418174	0.0	0	0.0	1657.2390187022684	1	0	1	1.6402353046186775
213399.91789867284	1000.0	1257.3211200293763	0.0	0	0.0	1657.2390187022684	1	0	1	1.6402353046186775
214200.0	1000.0	1457.2390187022158	0.0	0	151.2380288852437	1657.2390187022393	1	0	1	1.640235304618679
215200.0	1000.0	1457.2390187022459	0.0	0	70.62360783459735	1657.2390187022684	1	0	1	1.6402353046186788
216416.68437783493	1000.0	1240.5546408673185	0.0	0	0.0	1657.2390187022684	1	0	1	1.6402353046186775
217894.56378708506	1000.0	762.675231617177	0.0	0	0.0	1657.2390187022684	1	0	1	1.6402353046186775
218406.9675632018	500.0	1250.2714555004725	0.0	0	0.0	1657.2390187022975	1	0	1	-0.09263264678118899
219200.0	1000.0	1457.2390187022781	0.0	0	58.48680310731288	1657.2390187022684	1	0	1	0.947088124058732
220200.0	1000.0	1457.2390187022615	0.0	0	92.98160732613178	1657.2390187022684	1	0	1	1.6402353046186775
221200.0	1000.0	1457.2390187022547	0.0	0	80.51344878584496	1657.2390187022684	1	0	1	1.6402353046186775
222200.0	1000.0	1457.2390187022597	0.0	0	61.581270016671624	1657.2390187022684	1	0	1	1.6402353046186775
223475.09083184236	1000.0	1182.1481868598883	0.0	0	8.385001494258177	1657.2390187022684	1	0	1	1.6402353046186775
225032.01518916036	1000.0	625.2238295418817	0.0	0	0.0	1657.2390187022684	1	0	1	1.6402353046186775
225501.96431686092	500.0	1155.2747018413286	0.0	0	0.0	1657.2390187022684	1	0	1	-0.09263264678118605
226208.0132004401	1000.0	1449.225818262171	0.0	0	0.0	1657.2390187022684	1	0	1	0.947088124058732
227200.0	1000.0	1457.2390187022866	0.0	0	382.78830072513665	1657.2390187022684	1	0	1	1.6402353046186775
228287.4365349958	1000.0	1369.802483706504	0.0	0	0.0	1657.2390187022684	1	0	1	1.6402353046186775
229475.723161355	1000.0	1181.5158573473027	0.0	0	0.0	1657.2390187022684	1	0	1	1.6402353046186775
230248.8641940144	1000.0	1408.374824687916	0.0	0	0.0	1657.2390187022684	1	0	1	1.6402353046186775
231200.0	1000.0	1457.2390187023307	0.0	0	192.1599061639281	1657.2390187022684	1	0	1	1.6402353046186762
232200.0	1000.0	1457.239018702303	0.0	0	88.19466606102651	1657.2390187022684	1	0	1	1.6402353046186775
233200.0	1000.0	1457.2390187023245	0.0	0	64.310859673511	1657.2390187022684	1	0	1	1.6402353046186775
234200.0	1000.0	1457.2390187023454	0.0	0	245.8804206061468	1657.2390187022684	1	0	1	1.6402353046186762
235200.0	1000.0	1457.2390187023534	0.0	0	402.9464598126651	1657.2390187022975	1	0	1	1.6402353046186746
236200.0	1000.0	1457.2390187023352	0.0	0	562.4625539146364	1657.2390187022975	1	0	1	1.6402353046186746
237200.0	1000.0	1457.2390187023238	0.0	0	210.7711093800899	1657.2390187022975	1	0	1	1.6402353046186746
238200.0	1000.0	1457.2390187023507	0.0	0	566.0102244331501	1657.2390187022975	1	0	1	1.6402353046186746
239200.0	1000.0	1457.239018702346	0.0	0	300.20359639739036	1657.2390187022975	1	0	1	1.6402353046186746
241081.63760927302	2000.0	575.6014094293125	0.0	0	0.0	1657.2390187022975	1	0	1	1.986808894898647
241760.40305438993	500.0	896.8359643124276	0.0	0	0.0	1657.2390187022975	1	0	1	-0.785779827341134
242416.2280127465	1000.0	1241.0110059558765	0.0	0	0.0	1657.2390187022975	1	0	1	0.9470881240587292
243200.0	1000.0	1457.239018702353	0.0	0	60.94841537286993	1657.2390187022975	1	0	1	1.640235304618675
244200.0	1000.0	1457.2390187023575	0.0	0	146.58690921557718	1657.2390187022975	1	0	1	1.6402353046186746
245200.0	1000.0	1457.2390187023514	0.0	0	191.09448037919356	1657.2390187022975	1	0	1	1.6402353046186746
246200.0	1000.0	1457.2390187023748	0.0	0	524.5013911809656	1657.2390187023266	1	0	1	1.6402353046186715
247200.0	1000.0	1457.239018702408	0.0	0	280.93361501343315	1657.2390187023266	1	0	1	1.6402353046186715
248200.0	1000.0	1457.239018702401	0.0	0	517.3655180606293	1657.2390187023266	1	0	1	1.6402353046186715
249200.0	1000.0	1457.2390187024173	0.0	0	200.899056652328	1657.2390187023266	1	0	1	1.6402353046186715
250200.0	1000.0	1457.239018702443	0.0	0	150.2993994904973	1657.2390187023266	1	0	1	1.6402353046186715
251440.86755284824	2000.0	1216.371465854208	0.0	0	0.0	1657.2390187023266	1	0	1	1.9868088948986442
252200.0	1000.0	1457.2390187024346	0.0	0	291.13122731409385	1657.2390187023266	1	0	1	0.9470881240587263
253200.0	1000.0	1457.2390187024232	0.0	0	310.39743529912084	1657.2390187022975	1	0	1	1.6402353046186746
254200.0	1000.0	1457.2390187024125	0.0	0	513.8085258343199	1657.2390187022975	1	0	1	1.6402353046186746
255200.0	1000.0	1457.2390187023934	0.0	0	118.41145525936736	1657.2390187022684	1	0	1	1.6402353046186762
256200.0	1000.0	1457.2390187024016	0.0	0	239.63566545033245	1657.2390187022975	1	0	1	1.6402353046186746
257200.0	1000.0	1457.239018702373	0.0	0	443.18938309155055	1657.2390187022975	1	0	1	1.6402353046186746
258200.0	1000.0	1457.239018702357	0.0	0	342.84090844966704	1657.2390187022684	1	0	1	1.6402353046186775
259200.0	1000.0	1457.2390187023802	0.0	0	224.66930874809623	1657.2390187022684	1	0	1	1.6402353046186775
260200.0	1000.0	1457.2390187023618	0.0	0	186.9004489131912	1657.2390187022684	1	0	1	1.6402353046186775
261200.0	1000.0	1457.2390187023498	0.0	0	408.70100731853745	1657.2390187022393	1	0	1	1.6402353046186804
262200.0	1000.0	1457.2390187023693	0.0	0	493.4539147418691	1657.2390187022102	1	0	1	1.6402353046186833
263200.0	1000.0	1457.2390187023555	0.0	0	318.4581432508421	1657.239018702181	1	0	1	1.6402353046186837
264774.26863269665	2000.0	882.9703860056733	0.0	0	0.0	1657.239018702181	1	0	1	1.9868088948986586
265289.1932431918	1000.0	1368.0457755105504	0.0	0	0.0	1657.239018702181	1	0	1	0.9470881240587411
266306.5884789139	1000.0	1350.6505397885064	0.0	0	0.0	1657.239018702181	1	0	1	1.6402353046186864
267668.3446257883	1000.0	988.8943929140456	0.0	0	0.0	1657.239018702181	1	0	1	1.6402353046186864
268660.56945360213	1000.0	996.6695651001704	0.0	0	0.0	1657.239018702181	1	0	1	1.6402353046186864
269729.5953825074	1000.0	927.6436361949013	0.0	0	0.0	1657.239018702181	1	0	1	1.6402353046186864
270200.0	500.0	1457.2390187023325	0.0	0	67.37674188858364	1657.239018702181	1	0	1	-0.09263264678117734
271200.0	1000.0	1457.2390187023138	0.0	0	139.96823578391923	1657.239018702181	1	0	1	0.9470881240587409
272461.7381056632	1000.0	1195.5009130390767	0.0	0	0.0	1657.2390187022393	1	0	1	1.6402353046186804
273288.9228576318	1000.0	1368.3161610704944	0.0	0	0.0	1657.2390187022393	1	0	1	1.6402353046186804
274200.0	1000.0	1457.2390187022802	0.0	0	258.3340539013152	1657.2390187022393	1	0	1	1.6402353046186804
275200.0	1000.0	1457.2390187022818	0.0	0	138.1538450596272	1657.2390187022393	1	0	1	1.6402353046186804
276200.0	1000.0	1457.2390187022454	0.0	0	408.95412303187186	1657.2390187022393	1	0	1	1.6402353046186804
277200.0	1000.0	1457.2390187022431	0.0	0	169.03836683911504	1657.2390187022393	1	0	1	1.6402353046186804
278357.0106548821	1000.0	1300.2283638200715	0.0	0	0.0	1657.239018702181	1	0	1	1.640235304618685
279291.58205164224	1000.0	1365.656967059946	0.0	0	0.0	1657.239018702181	1	0	1	1.6402353046186864
280200.0	1000.0	1457.2390187021847	0.0	0	51.59560805012006	1657.239018702181	1	0	1	1.6402353046186864
281325.31943617784	1000.0	1331.9195825243987	0.0	0	0.0	1657.2390187021228	1	0	1	1.6402353046186922
282484.1244784158	1000.0	1173.1145402864427	0.0	0	0.0	1657.239018702181	1	0	1	1.6402353046186864
283200.0	500.0	1457.239018702221	0.0	0	373.5658808980952	1657.239018702181	1	0	1	-0.09263264678117734
284200.0	1000.0	1457.2390187022447	0.0	0	387.9998486836557	1657.239018702181	1	0	1	0.9470881240587409
285200.0	1000.0	1457.2390187022224	0.0	0	335.1078215443413	1657.239018702181	1	0	1	1.6402353046186864
286200.0	1000.0	1457.2390187022452	0.0	0	198.44643220561557	1657.239018702181	1	0	1	1.6402353046186864
287200.0	1000.0	1457.2390187022424	0.0	0	214.64297864987748	1657.239018702181	1	0	1	1.6402353046186864
288200.0	1000.0	1457.2390187022843	0.0	0	335.27685943059623	1657.2390187022393	1	0	1	1.6402353046186804
289200.0	1000.0	1457.2390187022047	0.0	0	380.1356499493122	1657.2390187022393	1	0	1	1.6402353046186804
290200.0	1000.0	1457.239018702222	0.0	0	242.0926642489503	1657.2390187022393	1	0	1	1.6402353046186804
291200.0	1000.0	1457.2390187022086	0.0	0	24.48693907307461	1657.2390187022393	1	0	1	1.6402353046186804
292200.0	1000.0	1457.239018702269	0.0	0	403.5752883919631	1657.2390187022393	1	0	1	1.6402353046186804
293200.0	1000.0	1457.2390187022927	0.0	0	143.75012190575944	1657.239018702181	1	0	1	1.6402353046186842
294200.0	1000.0	1457.2390187022547	0.0	0	217.72594933211803	1657.239018702181	1	0	1	1.6402353046186864
295200.0	1000.0	1457.2390187022454	0.0	0	118.9169348598225	1657.239018702181	1	0	1	1.6402353046186864
296805.3565959072	1000.0	851.8824227950543	0.0	0	0.0	1657.239018702181	1	0	1	1.6402353046186864
297361.75138922053	500.0	1295.487629481697	0.0	0	0.0	1657.239018702181	1	0	1	-0.09263264678117734
298200.0	1000.0	1457.2390187022506	0.0	0	15.637040191853885	1657.239018702181	1	0	1	0.9470881240587409
299200.0	1000.0	1457.2390187022484	0.0	0	590.1037503171246	1657.239018702181	1	0	1	1.6402353046186864
300200.0	1000.0	1457.2390187022525	0.0	0	562.1118516926654	1657.239018702181	1	0	1	1.6402353046186864
301200.0	1000.0	1457.2390187022384	0.0	0	13.593866283132229	1657.239018702181	1	0	1	1.6402353046186864
302225.69572381786	1000.0	1431.5432948843243	0.0	0	0.0	1657.239018702181	1	0	1	1.6402353046186864
303200.0	1000.0	1457.2390187022106	0.0	0	5.1331717047141865	1657.239018702181	1	0	1	1.6402353046186864
304200.0	1000.0	1457.2390187021817	0.0	0	411.08312550536357	1657.239018702181	1	0	1	1.6402353046186864
305200.0	1000.0	1457.239018702216	0.0	0	204.36032370547764	1657.239018702181	1	0	1	1.6402353046186864
306200.0	1000.0	1457.239018702178	0.0	0	135.03015584888635	1657.239018702181	1	0	1	1.6402353046186864
307200.0	1000.0	1457.2390187021704	0.0	0	319.9655426190584	1657.2390187022393	1	0	1	1.6402353046186804
308353.1404029474	1000.0	1304.0986157548116	0.0	0	0.0	1657.2390187022975	1	0	1	1.6402353046186746
309200.0	1000.0	1457.2390187021663	0.0	0	90.29339794971747	1657.239018702414	1	0	1	1.6402353046186642
310200.0	1000.0	1457.2390187021165	0.0	0	332.851311518054	1657.2390187023557	1	0	1	1.6402353046186688
311200.0	1000.0	1457.2390187021263	0.0	0	384.1305094965501	1657.239018702414	1	0	1	1.6402353046186628
312200.0	1000.0	1457.2390187021276	0.0	0	310.3023023658898	1657.239018702414	1	0	1	1.6402353046186628
313200.0	1000.0	1457.2390187021538	0.0	0	311.1186084366054	1657.239018702414	1	0	1	1.6402353046186628
314200.0	1000.0	1457.2390187021406	0.0	0	396.6426669709035	1657.239018702414	1	0	1	1.6402353046186628
315200.0	1000.0	1457.2390187021876	0.0	0	295.3907206117874	1657.239018702414	1	0	1	1.6402353046186628
316200.0	1000.0	1457.2390187021526	0.0	0	254.08654621255118	1657.239018702414	1	0	1	1.6402353046186628
317200.0	1000.0	1457.239018702124	0.0	0	583.5002722021891	1657.239018702414	1	0	1	1.6402353046186628
318200.0	1000.0	1457.239018702111	0.0	0	501.71802007377846	1657.239018702414	1	0	1	1.6402353046186628
319657.098933899	2000.0	1000.1400848030905	0.0	0	0.0	1657.239018702472	1	0	1	1.9868088948986309
320556.9052928191	1000.0	1100.3337258830434	0.0	0	0.0	1657.239018702472	1	0	1	0.9470881240587119
1.61	0.86	1.55	1.8	1.99	2.22	1.34	2.47	2.78	2.02	0.94	1.2	0.97	0.98	1.11	2.04	2.13	0.96	1.47	1.41	1.67	1.17	1.0	0.61	0.73	1.05	1.47	2.06	2.35	1.37	1.84	1.85	1.64	1.34	1.37	1.53	1.77	1.96	1.37	1.71	1.34	1.64	0.86	0.81	1.56	1.3	1.23	0.76	0.94	0.94	1.2	1.02	1.24	1.45	0.44	0.86	1.48	1.83	1.2	1.02	0.88	1.32	1.07	1.39	1.32	1.95	2.1	1.38	2.42	1.97	1.45	1.44	0.97	1.17	1.32	1.46	2.06	1.6	1.97	1.75	0.8	1.71	1.71	1.8	1.84	1.46	1.65	2.13	1.78	1.61	1.38	1.78	2.13	1.7	1.19	1.55	1.71	0.95	0.86	1.3	1.05	1.47	0.71	1.09	1.45	1.17	1.24	1.76	1.11	1.05	0.83	1.09	1.18	1.22	1.53	1.85	1.61	1.67	1.47	1.25	1.78	1.18	1.31	1.56	1.73	1.51	0.78	0.72	0.97	1.81	2.65	1.49	0.78	1.19	1.54	1.53	1.7	1.36	0.94	1.34	1.77	2.28	1.3	1.34	1.45	1.88	1.6	2.53	2.14	1.32	1.61	0.86	1.55	1.8	1.99	2.22	1.34	2.47	2.78	2.02	0.94	1.2	0.97	0.98	1.11	2.04	2.13	0.96	1.47	1.41	1.67	1.17	1.0	0.61	0.73	1.05	1.47	2.06	2.35	1.37	1.84	1.85	1.64	1.34	1.37	1.53	1.77	1.96	1.37	1.71	1.34	1.64	0.86	0.81	1.56	1.3	1.23	0.76	0.94	0.94	1.2	1.02	1.24	1.45	0.44	0.86	1.48	1.83	1.2	1.02	0.88	1.32	1.07	1.39	1.32	1.95	2.1	1.38	2.42	1.97	1.45	1.44	0.97	1.17	1.32	1.46	2.06	1.6	1.97	1.75	0.8	1.71	1.71	1.8	1.84	1.46	1.65	2.13	1.78	1.61	1.38	1.78	2.13	1.7	1.19	1.55	1.71	0.95	0.86	1.3	1.05	1.47	0.71	1.09	1.45	1.17	1.24	1.76	1.11	1.05	0.83	1.09	1.18	1.22	1.53	1.85	1.61	1.67	1.47	1.25	1.78	1.18	1.31	1.56	1.73	1.51	0.78	0.72	0.97	1.81	2.65	1.49	0.78	1.19	1.54	1.53	1.7	1.36	0.94	1.34	1.77	2.28	1.3	1.34	1.45	1.88	1.6	2.53	2.14	1.32	1.61	0.86	1.55	1.8	1.99	2.22	1.34	2.47	2.78	2.02	0.94	1.2	0.97	0.98	1.11	2.04	2.13	0.96	1.47	1.41	1.67	1.17
1.0	2.0	3.0	4.0	5.0	6.0	7.0	8.0	9.0	10.0	11.0	12.0	13.0	14.0	15.0	16.0	17.0	18.0	19.0	20.0	21.0	22.0	23.0	24.0	25.0	26.0	27.0	28.0	29.0	30.0	31.0	32.0	33.0	34.0	35.0	36.0	37.0	38.0	39.0	40.0	41.0	42.0	43.0	44.0	45.0	46.0	47.0	48.0	49.0	50.0	51.0	52.0	53.0	54.0	55.0	56.0	57.0	58.0	59.0	60.0	61.0	62.0	63.0	64.0	65.0	66.0	67.0	68.0	69.0	70.0	71.0	72.0	73.0	74.0	75.0	76.0	77.0	78.0	79.0	80.0	81.0	82.0	83.0	84.0	85.0	86.0	87.0	88.0	89.0	90.0	91.0	92.0	93.0	94.0	95.0	96.0	97.0	98.0	99.0	100.0	101.0	102.0	103.0	104.0	105.0	106.0	107.0	108.0	109.0	110.0	111.0	112.0	113.0	114.0	115.0	116.0	117.0	118.0	119.0	120.0	121.0	122.0	123.0	124.0	125.0	126.0	127.0	128.0	129.0	130.0	131.0	132.0	133.0	134.0	135.0	136.0	137.0	138.0	139.0	140.0	141.0	142.0	143.0	144.0	145.0	146.0	147.0	148.0	149.0	149.0	150.0	151.0	152.0	153.0	154.0	155.0	156.0	157.0	158.0	159.0	160.0	161.0	162.0	163.0	164.0	165.0	166.0	167.0	168.0	169.0	170.0	171.0	172.0	173.0	174.0	175.0	176.0	177.0	178.0	179.0	180.0	181.0	182.0	183.0	184.0	185.0	186.0	187.0	188.0	189.0	190.0	191.0	192.0	193.0	194.0	195.0	196.0	197.0	198.0	199.0	200.0	201.0	202.0	203.0	204.0	205.0	206.0	207.0	208.0	209.0	210.0	211.0	212.0	213.0	214.0	215.0	216.0	217.0	218.0	219.0	220.0	221.0	222.0	223.0	224.0	225.0	226.0	227.0	228.0	229.0	230.0	231.0	232.0	233.0	234.0	235.0	236.0	237.0	238.0	239.0	240.0	241.0	242.0	243.0	244.0	245.0	246.0	247.0	248.0	249.0	250.0	251.0	252.0	253.0	254.0	255.0	256.0	257.0	258.0	259.0	260.0	261.0	262.0	263.0	264.0	265.0	266.0	267.0	268.0	269.0	270.0	271.0	272.0	273.0	274.0	275.0	276.0	277.0	278.0	279.0	280.0	281.0	282.0	283.0	284.0	285.0	286.0	287.0	288.0	289.0	290.0	291.0	292.0	293.0	294.0	295.0	296.0	297.0	298.0	298.0	299.0	300.0	301.0	302.0	303.0	304.0	305.0	306.0	307.0	308.0	309.0	310.0	311.0	312.0	313.0	314.0	315.0	316.0	317.0	318.0	319.0	320.0
2006.6742520607868
