3215.0833867209662	300.0	2000.0	219.63902274680356	0	0.0	3215.0833867209662	1	0	1	-1.6339226127616566
5200.0	1000.0	915.1000000000013	0.0	0	21.93280099266758	1115.1000000000017	1	0	2	0.08801632878938104
6200.0	500.0	3015.100000000002	0.0	0	541.100997187531	3215.1000000000026	1	0	0	-0.6445045442075278
9809.634909012462	2000.0	244.50160008629322	0.0	0	0.0	1054.1365090987547	1	0	2	0.7497656933888514
10200.0	300.0	2893.1730181975117	0.0	0	88.65894049815324	3093.17301819751	1	0	0	-2.6050048481765424
13665.735237167919	2000.0	280.86425731280275	0.0	0	0.0	946.5994944807208	1	0	2	0.25011989354635855
14200.0	300.0	2800.0259707639325	0.0	0	255.3729581927928	3000.0259707639307	1	0	0	-2.594624289433109
17200.0	1000.0	700.02597076393	0.0	0	98.9221726351825	900.025970763927	1	0	2	-0.09139680336547829
18200.0	500.0	2800.0259707639307	0.0	0	443.4520315992413	3000.0259707639307	1	0	0	-0.6231138814186108
21442.210583564683	2000.0	433.5943288427811	0.0	0	0.0	875.8049124074641	1	0	2	0.7687583335627949
22200.0	300.0	2751.583854050999	0.0	0	477.57974195600036	2951.5838540509976	1	0	0	-2.588712052229858
25472.13370650994	2000.0	352.2367768900626	0.0	0	0.0	824.3704834000018	1	0	2	0.2625043127504625
26200.0	300.0	2697.157112749013	0.0	0	533.5687853661948	2897.1571127490097	1	0	0	-2.583221987421444
29244.625282877078	2000.0	548.0693015842277	0.0	0	0.0	792.6945844613001	1	0	2	0.2665340335920634
30200.0	500.0	2688.232056173594	0.0	0	650.9461200513069	2888.2320561735833	1	0	0	-1.3048915329464321
33851.34058114474	2000.0	200.0	298.402348259653	0	0.0	1051.34058114473	1	0	2	-1.0338287249840514
34278.639094898164	500.0	2815.4313376219216	0.0	0	0.0	3094.0704325200786	1	0	0	-1.3284432813522074
38735.19884123345	2000.0	200.0	995.1703524862462	0	0.0	1935.1988412334467	1	0	2	-5.275079083531802
39037.86067586429	300.0	897.3381653691541	0.0	0	0.0	1935.1988412334467	1	0	1	-2.290639869009227
39829.28608740989	1000.0	1026.7702126689953	0.0	0	0.0	1856.0563000788898	1	0	2	0.014676199107674426
40384.28520510614	1000.0	1416.2711832031162	0.0	0	0.0	1800.5563883092618	1	0	2	1.4244456637738323
41200.0	1000.0	1518.9849088198705	0.0	0	147.89664731889206	1718.9849088198753	1	0	2	1.4309134907915475
42200.0	1000.0	1518.9849088198803	0.0	0	380.64783280185657	1718.9849088198825	1	0	1	1.434060715606916
43200.0	1000.0	1518.9849088198841	0.0	0	483.75656817648996	1718.9849088198898	1	0	1	1.6340607156069153
44696.95142441573	2000.0	1022.033484404151	0.0	0	0.0	1718.9849088198898	1	0	1	1.980634305886888
45537.58802876936	1000.0	1181.396880050529	0.0	0	0.0	1718.9849088198898	1	0	1	0.9409135350469702
46200.0	1000.0	1518.9849088198937	0.0	0	163.49822087642679	1718.9849088198898	1	0	1	1.6340607156069153
47200.0	1000.0	1518.984908819897	0.0	0	497.5139939885048	1718.9849088198898	1	0	1	1.6340607156069153
48200.0	1000.0	1518.9849088199055	0.0	0	494.30460226581636	1718.9849088198898	1	0	1	1.6340607156069153
49200.0	1000.0	1518.984908819911	0.0	0	371.92665475177637	1718.9849088198898	1	0	1	1.6340607156069153
50200.0	2000.0	1518.9849088199094	0.0	0	282.333212590318	1718.9849088198753	1	0	1	1.9806343058868892
51200.0	1000.0	1518.9849088199126	0.0	0	389.50881271898834	1718.9849088198753	1	0	1	0.9409135350469715
52200.0	1000.0	1518.984908819917	0.0	0	392.7535338417292	1718.9849088198753	1	0	1	1.6340607156069167
53200.0	1000.0	1518.984908819912	0.0	0	293.2530488740085	1718.9849088198753	1	0	1	1.6340607156069167
55212.79303149789	2000.0	506.1918773220225	0.0	0	0.0	1718.9849088198753	1	0	1	1.9806343058868894
55568.22334337727	500.0	1150.7615654426409	0.0	0	0.0	1718.9849088198825	1	0	1	-0.7919544163528927
56329.14148747732	1000.0	1389.843421342585	0.0	0	0.0	1718.9849088198825	1	0	1	0.9409135350469705
57200.0	1000.0	1518.984908819901	0.0	0	257.31827902814985	1718.9849088198825	1	0	1	1.6340607156069158
58200.0	1000.0	1518.984908819893	0.0	0	454.2616735194024	1718.9849088198825	1	0	1	1.6340607156069158
59200.0	1000.0	1518.984908819891	0.0	0	395.4508093891782	1718.9849088198825	1	0	1	1.6340607156069158
60200.0	1000.0	1518.9849088198914	0.0	0	341.6013837481296	1718.9849088198825	1	0	1	1.6340607156069158
61200.0	1000.0	1518.9849088198905	0.0	0	35.364740286633605	1718.9849088198825	1	0	1	1.6340607156069158
62200.0	1000.0	1518.9849088198876	0.0	0	125.50541180263826	1718.9849088198825	1	0	1	1.6340607156069158
63200.0	1000.0	1518.9849088198866	0.0	0	389.564347604246	1718.9849088198898	1	0	1	1.6340607156069153
64200.0	1000.0	1518.9849088198896	0.0	0	230.67627219740098	1718.9849088198898	1	0	1	1.6340607156069153
65200.0	1000.0	1518.984908819884	0.0	0	410.29143865463993	1718.9849088198898	1	0	1	1.6340607156069153
66200.0	1000.0	1518.9849088198737	0.0	0	463.30978452156705	1718.9849088198825	1	0	1	1.6340607156069153
67200.0	1000.0	1518.9849088198591	0.0	0	417.3817815012153	1718.9849088198753	1	0	1	1.634060715606917
68200.0	1000.0	1518.984908819861	0.0	0	559.1007913991925	1718.984908819868	1	0	1	1.6340607156069176
69200.0	1000.0	1518.9849088198653	0.0	0	333.6149890665256	1718.9849088198534	1	0	1	1.6340607156069182
70200.0	1000.0	1518.984908819886	0.0	0	217.1038743575191	1718.9849088198534	1	0	1	1.634060715606919
71207.6350502164	1000.0	1511.349858603482	0.0	0	0.0	1718.9849088198534	1	0	1	1.634060715606919
73063.63492358098	2000.0	655.3499852389227	0.0	0	0.0	1718.984908819839	1	0	1	1.9806343058868934
73618.56248883408	500.0	1100.422419985825	0.0	0	0.0	1718.984908819839	1	0	1	-0.7919544163528882
74200.0	1000.0	1518.9849088199119	0.0	0	66.39068783838593	1718.9849088198243	1	0	1	0.9409135350469766
75200.0	1000.0	1518.9849088198823	0.0	0	547.7039913850895	1718.9849088198243	1	0	1	1.634060715606922
76200.0	1000.0	1518.9849088198816	0.0	0	279.9384861764411	1718.9849088198098	1	0	1	1.6340607156069233
77200.0	1000.0	1518.9849088198912	0.0	0	405.43257430351514	1718.9849088198098	1	0	1	1.6340607156069233
79589.81980714168	2000.0	200.0	70.83489832179305	0	0.0	1789.8198071416118	1	0	1	1.5542082179897017
79969.5274698596	300.0	820.2923372820726	0.0	0	0.0	1789.8198071416118	1	0	1	-2.0761019656000426
80472.4650402884	500.0	1267.0610098103937	0.0	0	0.0	1739.5260500987206	1	0	2	-0.31982906033309866
81200.0	1000.0	1466.7725541276232	0.0	0	197.15578329189157	1666.7725541275577	1	0	2	0.7435474569904776
82200.0	1000.0	1466.7725541276195	0.0	0	514.6181882701057	1666.7725541275577	1	0	1	1.4392819510761483
83200.0	1000.0	1466.7725541276084	0.0	0	201.8770154525846	1666.7725541275431	1	0	1	1.6392819510761496
84200.0	1000.0	1466.7725541276059	0.0	0	211.5890535600047	1666.7725541275431	1	0	1	1.63928195107615
85200.0	1000.0	1466.7725541275931	0.0	0	98.08114578650566	1666.7725541275431	1	0	1	1.63928195107615
86200.0	1000.0	1466.772554127596	0.0	0	262.8925700897089	1666.7725541275577	1	0	1	1.6392819510761485
87200.0	1000.0	1466.7725541275854	0.0	0	182.63036318789818	1666.7725541275431	1	0	1	1.63928195107615
88200.0	1000.0	1466.772554127586	0.0	0	264.3094856673706	1666.7725541275431	1	0	1	1.63928195107615
89200.0	1000.0	1466.7725541275727	0.0	0	374.6131156841293	1666.7725541275431	1	0	1	1.63928195107615
90200.0	1000.0	1466.772554127589	0.0	0	540.910275567061	1666.7725541275431	1	0	1	1.63928195107615
91222.8699132166	2000.0	1443.9026409109936	0.0	0	0.0	1666.7725541275431	1	0	1	1.9858555413561225
92200.0	1000.0	1466.7725541275795	0.0	0	361.98250049552007	1666.7725541275431	1	0	1	0.9461347705162049
93200.0	2000.0	1466.7725541275913	0.0	0	13.191894134753966	1666.7725541275431	1	0	1	1.9858555413561225
94751.83021671834	2000.0	914.9423374092523	0.0	0	0.0	1666.7725541275431	1	0	1	2.679002721916068
95295.83404883933	1000.0	1370.9385052882833	0.0	0	0.0	1666.7725541275431	1	0	1	0.9461347705162049
96200.0	1000.0	1466.7725541276152	0.0	0	183.7371561298496	1666.7725541275431	1	0	1	1.63928195107615
97200.0	1000.0	1466.7725541276204	0.0	0	240.22922690522682	1666.7725541275431	1	0	1	1.63928195107615
98200.0	1000.0	1466.7725541276313	0.0	0	3.9247246114100562	1666.7725541275431	1	0	1	1.63928195107615
99200.0	1000.0	1466.772554127629	0.0	0	94.46109467903443	1666.7725541275431	1	0	1	1.63928195107615
100292.56360937697	1000.0	1374.2089447506623	0.0	0	0.0	1666.7725541275577	1	0	1	1.6392819510761485
101200.0	1000.0	1466.7725541276288	0.0	0	315.4760263262142	1666.7725541275577	1	0	1	1.6392819510761485
102200.0	1000.0	1466.7725541276347	0.0	0	336.03091338249214	1666.7725541275577	1	0	1	1.6392819510761485
103200.0	1000.0	1466.7725541276347	0.0	0	423.0486497048405	1666.7725541275431	1	0	1	1.63928195107615
104200.0	1000.0	1466.7725541276106	0.0	0	204.20546193787595	1666.7725541275431	1	0	1	1.63928195107615
105200.0	1000.0	1466.7725541276022	0.0	0	320.4734945570963	1666.7725541275431	1	0	1	1.63928195107615
106200.0	1000.0	1466.7725541276038	0.0	0	415.7315627448843	1666.7725541275577	1	0	1	1.6392819510761485
107322.98367822656	1000.0	1343.788875901048	0.0	0	0.0	1666.7725541275722	1	0	1	1.6392819510761472
108200.0	1000.0	1466.7725541275925	0.0	0	109.56783623892989	1666.7725541275577	1	0	1	1.6392819510761485
109266.42525262618	1000.0	1400.3473015013965	0.0	0	0.0	1666.7725541275577	1	0	1	1.6392819510761485
110256.73186203802	1000.0	1410.0406920895632	0.0	0	0.0	1666.7725541275577	1	0	1	1.6392819510761485
111291.69046538406	1000.0	1375.082088743523	0.0	0	0.0	1666.7725541275577	1	0	1	1.6392819510761485
112200.0	1000.0	1466.7725541275727	0.0	0	172.49979834519036	1666.7725541275577	1	0	1	1.6392819510761485
113200.0	1000.0	1466.772554127575	0.0	0	317.34790478974173	1666.7725541275577	1	0	1	1.6392819510761485
114200.0	1000.0	1466.772554127586	0.0	0	412.99578395776916	1666.7725541275577	1	0	1	1.6392819510761485
115200.0	1000.0	1466.7725541275895	0.0	0	397.2924063991377	1666.7725541275577	1	0	1	1.6392819510761485
116200.0	1000.0	1466.772554127576	0.0	0	383.07763778338267	1666.7725541275431	1	0	1	1.63928195107615
117200.0	1000.0	1466.7725541275738	0.0	0	42.12789540934318	1666.7725541275431	1	0	1	1.63928195107615
118607.87566885966	2000.0	1058.8968852679131	0.0	0	0.0	1666.7725541275431	1	0	1	1.9858555413561225
119827.25046358707	1000.0	839.5220905404883	0.0	0	0.0	1666.7725541275431	1	0	1	0.9461347705162049
120427.47211278594	500.0	1239.3004413416252	0.0	0	0.0	1666.7725541275431	1	0	1	-0.09358600032371356
121373.57576933684	1000.0	1293.1967847907404	0.0	0	0.0	1666.7725541275431	1	0	1	0.9461347705162046
122200.0	500.0	1466.7725541275825	0.0	0	284.25587667729997	1666.7725541275431	1	0	1	-0.09358600032371356
123200.0	1000.0	1466.7725541275775	0.0	0	187.4113519815728	1666.7725541275577	1	0	1	0.9461347705162032
124200.0	500.0	1466.772554127569	0.0	0	610.7165164691687	1666.7725541275577	1	0	1	-0.09358600032371502
125200.0	1000.0	1466.7725541275775	0.0	0	376.4151399113325	1666.7725541275577	1	0	1	0.9461347705162032
126200.0	1000.0	1466.7725541275688	0.0	0	66.05978963272355	1666.7725541275577	1	0	1	1.6392819510761485
127200.0	1000.0	1466.7725541275508	0.0	0	188.25163035620062	1666.7725541275577	1	0	1	1.6392819510761485
128200.0	1000.0	1466.7725541275515	0.0	0	321.7763402061537	1666.7725541275722	1	0	1	1.6392819510761472
129200.0	1000.0	1466.77255412756	0.0	0	266.9937064037076	1666.7725541275722	1	0	1	1.6392819510761472
130200.0	1000.0	1466.7725541275593	0.0	0	410.06336059162277	1666.7725541275722	1	0	1	1.6392819510761472
131200.0	1000.0	1466.7725541275768	0.0	0	686.489258406742	1666.7725541275577	1	0	1	1.6392819510761485
132200.0	1000.0	1466.7725541275474	0.0	0	546.517647773755	1666.772554127514	1	0	1	1.6392819510761516
133583.50539719377	2000.0	1083.2671569337526	0.0	0	0.0	1666.7725541275286	1	0	1	1.9858555413561245
134216.63559610772	1000.0	1450.136958019816	0.0	0	0.0	1666.7725541274995	1	0	1	0.9461347705162093
135200.0	1000.0	1466.7725541275383	0.0	0	107.58550533186644	1666.7725541275286	1	0	1	1.639281951076152
137465.1842862646	2000.0	201.5882678629602	0.0	0	0.0	1666.7725541275286	1	0	1	1.9858555413561243
137725.97727961832	300.0	940.7952745092168	0.0	0	0.0	1666.7725541275286	1	0	1	-2.063797240298634
138200.0	500.0	1466.772554127547	0.0	0	108.77745118012535	1666.7725541275286	1	0	1	0.08873555647024259
139200.0	1000.0	1466.7725541275727	0.0	0	24.225320794648724	1666.7725541275286	1	0	1	0.946134770516206
140736.03299022943	1000.0	930.7395638981532	0.0	0	0.0	1666.7725541275286	1	0	1	1.6392819510761514
141200.0	500.0	1466.7725541275627	0.0	0	83.82419664243935	1666.7725541274995	1	0	1	-0.09358600032370913
142200.0	1000.0	1466.7725541275438	0.0	0	62.86823484158958	1666.7725541274995	1	0	1	0.9461347705162091
143390.3159420973	1000.0	1276.4566120302436	0.0	0	0.0	1666.7725541274995	1	0	1	1.6392819510761545
144200.0	1000.0	1466.7725541275636	0.0	0	241.01334632886574	1666.7725541274995	1	0	1	1.6392819510761545
145200.0	1000.0	1466.7725541275395	0.0	0	259.2411448247731	1666.7725541274995	1	0	1	1.6392819510761545
146200.0	1000.0	1466.7725541275731	0.0	0	432.0877987256099	1666.7725541274995	1	0	1	1.6392819510761545
147200.0	1000.0	1466.7725541275681	0.0	0	102.23677389419754	1666.7725541274995	1	0	1	1.6392819510761545
148200.0	1000.0	1466.772554127565	0.0	0	103.11224200067227	1666.7725541274704	1	0	1	1.6392819510761572
149200.0	1000.0	1466.7725541275397	0.0	0	53.61951529487851	1666.7725541274704	1	0	1	1.6392819510761572
150200.0	1000.0	1466.772554127524	0.0	0	388.45330567713245	1666.7725541274704	1	0	1	1.6392819510761572
151200.0	1000.0	1466.772554127538	0.0	0	360.4362761293014	1666.7725541274413	1	0	1	1.6392819510761603
152491.72052229726	1000.0	1175.0520318302715	0.0	0	0.0	1666.7725541274413	1	0	1	1.6392819510761603
153785.1987570425	1000.0	881.5737970850123	0.0	0	0.0	1666.7725541274413	1	0	1	1.6392819510761603
154200.0	500.0	1466.7725541275295	0.0	0	5.820171135710552	1666.7725541274704	1	0	1	-0.09358600032370633
155200.0	1000.0	1466.7725541275283	0.0	0	9.783685312519083	1666.7725541274704	1	0	1	0.9461347705162118
156200.0	1000.0	1466.77255412754	0.0	0	269.3186056341219	1666.7725541274704	1	0	1	1.6392819510761572
157200.0	1000.0	1466.7725541275458	0.0	0	274.5226750827278	1666.7725541274704	1	0	1	1.6392819510761572
158200.0	1000.0	1466.7725541275352	0.0	0	115.14438099440304	1666.7725541274704	1	0	1	1.6392819510761572
159220.86629408837	1000.0	1445.9062600391921	0.0	0	0.0	1666.7725541274704	1	0	1	1.6392819510761572
160200.0	1000.0	1466.7725541275681	0.0	0	74.247341206501	1666.7725541274704	1	0	1	1.6392819510761572
161200.0	1000.0	1466.7725541275856	0.0	0	387.80967910270556	1666.7725541274704	1	0	1	1.6392819510761572
162200.0	1000.0	1466.7725541275863	0.0	0	503.7790209085797	1666.7725541274704	1	0	1	1.6392819510761572
163200.0	1000.0	1466.7725541275947	0.0	0	397.00015190790873	1666.7725541274704	1	0	1	1.6392819510761572
164200.0	1000.0	1466.772554127618	0.0	0	355.58834856099566	1666.7725541274995	1	0	1	1.6392819510761545
165200.0	1000.0	1466.772554127641	0.0	0	389.7684928396775	1666.7725541274995	1	0	1	1.6392819510761545
166200.0	1000.0	1466.7725541276623	0.0	0	232.9001743729459	1666.7725541274995	1	0	1	1.6392819510761545
167200.0	1000.0	1466.7725541276718	0.0	0	87.20748100214405	1666.7725541274995	1	0	1	1.6392819510761545
168200.0	1000.0	1466.772554127675	0.0	0	201.66068101799465	1666.7725541274995	1	0	1	1.6392819510761545
169693.74569453928	2000.0	973.0268595883873	0.0	0	0.0	1666.7725541274995	1	0	1	1.985855541356127
170535.96713337253	1000.0	1130.8054207551531	0.0	0	0.0	1666.7725541274995	1	0	1	0.9461347705162093
171200.0	1000.0	1466.7725541276454	0.0	0	3.578294526494574	1666.7725541274995	1	0	1	1.6392819510761545
172200.0	1000.0	1466.7725541276513	0.0	0	360.4456229164498	1666.7725541274704	1	0	1	1.6392819510761572
173200.0	1000.0	1466.772554127628	0.0	0	223.18140203965595	1666.7725541274413	1	0	1	1.639281951076159
174371.8500066346	1000.0	1294.9225474929992	0.0	0	0.0	1666.7725541274413	1	0	1	1.6392819510761603
175200.0	1000.0	1466.7725541276245	0.0	0	63.310859229794005	1666.7725541274704	1	0	1	1.6392819510761572
176200.0	1000.0	1466.7725541276704	0.0	0	103.16090496847755	1666.7725541274704	1	0	1	1.6392819510761565
177200.0	1000.0	1466.7725541276898	0.0	0	129.32405533801648	1666.7725541274704	1	0	1	1.6392819510761572
178200.0	1000.0	1466.772554127677	0.0	0	114.80288476429996	1666.7725541274704	1	0	1	1.6392819510761572
179200.0	1000.0	1466.7725541276704	0.0	0	297.2358573007805	1666.7725541274995	1	0	1	1.6392819510761556
180200.0	1000.0	1466.772554127669	0.0	0	275.91879066775437	1666.7725541274704	1	0	1	1.639281951076156
181200.0	1000.0	1466.7725541276795	0.0	0	328.07996673861635	1666.7725541274704	1	0	1	1.6392819510761572
182200.0	1000.0	1466.7725541276839	0.0	0	445.20911143673584	1666.7725541274704	1	0	1	1.6392819510761572
183200.0	1000.0	1466.772554127714	0.0	0	347.33993457155884	1666.7725541274995	1	0	1	1.6392819510761545
184745.61202561413	2000.0	921.1605285135786	0.0	0	0.0	1666.7725541275286	1	0	1	1.9858555413561243
185373.77139790106	1000.0	1293.0011562266852	0.0	0	0.0	1666.7725541275286	1	0	1	0.9461347705162062
186349.74080229385	1000.0	1317.0317518339011	0.0	0	0.0	1666.7725541275286	1	0	1	1.6392819510761514
187446.82026310227	1000.0	1219.952291025492	0.0	0	0.0	1666.7725541275286	1	0	1	1.6392819510761514
188200.0	1000.0	1466.7725541277814	0.0	0	53.639864476863295	1666.7725541275286	1	0	1	1.6392819510761514
189200.0	1000.0	1466.7725541277741	0.0	0	364.9161472749256	1666.7725541275286	1	0	1	1.6392819510761514
190200.0	1000.0	1466.7725541277653	0.0	0	404.312088255916	1666.7725541274995	1	0	1	1.6392819510761545
191200.0	1000.0	1466.7725541277528	0.0	0	338.3443043131265	1666.7725541274704	1	0	1	1.6392819510761572
192200.0	1000.0	1466.7725541277357	0.0	0	357.26056401024107	1666.7725541274704	1	0	1	1.6392819510761572
193200.0	1000.0	1466.7725541277332	0.0	0	146.59421036340063	1666.7725541274995	1	0	1	1.6392819510761552
194200.0	1000.0	1466.7725541277018	0.0	0	369.31764237370226	1666.7725541274995	1	0	1	1.6392819510761545
195200.0	1000.0	1466.772554127708	0.0	0	178.43622035134467	1666.7725541274995	1	0	1	1.6392819510761545
196200.0	1000.0	1466.7725541277182	0.0	0	419.7168340057251	1666.7725541274995	1	0	1	1.6392819510761545
197200.0	1000.0	1466.772554127671	0.0	0	371.13222168947686	1666.7725541274995	1	0	1	1.6392819510761545
198200.0	1000.0	1466.772554127677	0.0	0	237.96210280974628	1666.7725541274995	1	0	1	1.6392819510761545
199200.0	2000.0	1466.7725541276798	0.0	0	54.506386817025486	1666.7725541274995	1	0	1	1.985855541356127
200200.0	1000.0	1466.7725541276925	0.0	0	461.61232210928574	1666.7725541275286	1	0	1	0.9461347705162062
201200.0	1000.0	1466.772554127709	0.0	0	361.47839938508696	1666.7725541274995	1	0	1	1.6392819510761545
202200.0	1000.0	1466.7725541276898	0.0	0	331.15411671088077	1666.7725541274995	1	0	1	1.6392819510761545
203583.9033914973	2000.0	1082.8691626304017	0.0	0	0.0	1666.7725541274704	1	0	1	1.9858555413561298
204626.32702345366	1000.0	1040.4455306740233	0.0	0	0.0	1666.7725541274704	1	0	1	0.946134770516212
205440.15435707584	1000.0	1226.6181970518544	0.0	0	0.0	1666.7725541274413	1	0	1	1.6392819510761603
206310.17493243897	1000.0	1356.597621688747	0.0	0	0.0	1666.7725541274413	1	0	1	1.6392819510761603
207200.0	1000.0	1466.7725541277025	0.0	0	119.66023776875227	1666.7725541274121	1	0	1	1.6392819510761631
208200.0	1000.0	1466.7725541276798	0.0	0	317.45837831657263	1666.772554127383	1	0	1	1.639281951076166
209200.0	1000.0	1466.772554127675	0.0	0	210.58430168390623	1666.772554127354	1	0	1	1.6392819510761678
210219.0843095781	1000.0	1447.6882445495753	0.0	0	0.0	1666.772554127354	1	0	1	1.639281951076169
211213.6030847772	1000.0	1453.169469350509	0.0	0	0.0	1666.772554127354	1	0	1	1.639281951076169
212200.0	1000.0	1466.772554127695	0.0	0	320.09286409348715	1666.772554127354	1	0	1	1.639281951076169
213200.0	1000.0	1466.7725541276652	0.0	0	157.8275812563079	1666.7725541272957	1	0	1	1.6392819510761742
214200.0	1000.0	1466.7725541276727	0.0	0	301.1166459726519	1666.7725541272957	1	0	1	1.6392819510761747
215200.0	1000.0	1466.7725541276623	0.0	0	428.9042004708026	1666.7725541272666	1	0	1	1.6392819510761778
216200.0	1000.0	1466.7725541276607	0.0	0	239.41596039797878	1666.7725541272957	1	0	1	1.639281951076176
217200.0	1000.0	1466.7725541276711	0.0	0	395.59345987663255	1666.7725541272957	1	0	1	1.6392819510761747
218200.0	1000.0	1466.7725541276807	0.0	0	487.42917738243705	1666.7725541272957	1	0	1	1.6392819510761747
219200.0	1000.0	1466.7725541276975	0.0	0	449.45096463838127	1666.7725541273248	1	0	1	1.639281951076172
220200.0	1000.0	1466.772554127712	0.0	0	148.99826261974522	1666.7725541273248	1	0	1	1.639281951076172
222022.95050348554	2000.0	643.8220506421738	0.0	0	0.0	1666.772554127354	1	0	1	1.9858555413561416
222596.32160787203	500.0	1070.4509462556748	0.0	0	0.0	1666.772554127354	1	0	1	-0.7867331808836395
223244.61820652086	1000.0	1422.1543476068573	0.0	0	0.0	1666.772554127383	1	0	1	0.9461347705162206
224200.0	1000.0	1466.7725541277337	0.0	0	342.8091720267548	1666.7725541274121	1	0	1	1.6392819510761631
225200.0	1000.0	1466.7725541277323	0.0	0	448.1737836286484	1666.7725541274121	1	0	1	1.6392819510761631
226200.0	1000.0	1466.7725541277127	0.0	0	57.11746639662306	1666.7725541274121	1	0	1	1.6392819510761631
227260.22635137677	1000.0	1406.5462027509966	0.0	0	0.0	1666.7725541274413	1	0	1	1.6392819510761603
228271.38634706615	1000.0	1395.3862070616376	0.0	0	0.0	1666.7725541274121	1	0	1	1.6392819510761631
229200.0	1000.0	1466.7725541277669	0.0	0	171.5207610653306	1666.7725541274121	1	0	1	1.6392819510761631
230200.0	1000.0	1466.7725541277682	0.0	0	314.1779737409088	1666.772554127383	1	0	1	1.6392819510761654
231200.0	1000.0	1466.772554127738	0.0	0	474.88352624780964	1666.772554127383	1	0	1	1.639281951076166
232200.0	1000.0	1466.7725541277405	0.0	0	477.1096447581658	1666.7725541274121	1	0	1	1.6392819510761631
233200.0	1000.0	1466.7725541277007	0.0	0	179.07046511594672	1666.772554127383	1	0	1	1.639281951076166
234200.0	1000.0	1466.7725541277077	0.0	0	391.57061900151893	1666.7725541274121	1	0	1	1.6392819510761631
235263.81617097164	1000.0	1402.9563831560558	0.0	0	0.0	1666.7725541274121	1	0	1	1.6392819510761631
236200.0	1000.0	1466.772554127673	0.0	0	257.89250270306366	1666.7725541274121	1	0	1	1.6392819510761631
237200.0	1000.0	1466.7725541276836	0.0	0	410.2128096134984	1666.7725541274121	1	0	1	1.6392819510761631
238200.0	1000.0	1466.7725541276923	0.0	0	350.54605054680724	1666.7725541274121	1	0	1	1.6392819510761631
239200.0	1000.0	1466.7725541276818	0.0	0	295.75871442887	1666.7725541274121	1	0	1	1.6392819510761631
240200.0	1000.0	1466.7725541276432	0.0	0	289.34764025203185	1666.7725541274121	1	0	1	1.6392819510761631
241200.0	1000.0	1466.77255412763	0.0	0	332.41107320433366	1666.7725541274413	1	0	1	1.6392819510761614
242200.0	2000.0	1466.7725541276445	0.0	0	286.1334654404782	1666.7725541274995	1	0	1	1.9858555413561283
243470.75916407767	2000.0	1196.0133900499734	0.0	0	0.0	1666.7725541274995	1	0	1	2.6790027219160724
244200.0	1000.0	1466.772554127651	0.0	0	116.87253828105167	1666.7725541275286	1	0	1	0.9461347705162062
245200.0	1000.0	1466.7725541276427	0.0	0	439.11991262526135	1666.7725541274995	1	0	1	1.6392819510761545
246200.0	1000.0	1466.7725541276504	0.0	0	11.983723482029745	1666.7725541275286	1	0	1	1.6392819510761514
247200.0	1000.0	1466.772554127633	0.0	0	233.9855584068282	1666.7725541275286	1	0	1	1.6392819510761514
248233.62100457132	1000.0	1433.1515495563096	0.0	0	0.0	1666.7725541275286	1	0	1	1.6392819510761514
249487.68813340852	1000.0	1179.0844207191062	0.0	0	0.0	1666.7725541274995	1	0	1	1.6392819510761545
250302.72355422692	1000.0	1364.048999900725	0.0	0	0.0	1666.7725541274995	1	0	1	1.6392819510761545
251209.77596527175	1000.0	1456.9965888559038	0.0	0	0.0	1666.7725541275286	1	0	1	1.639281951076152
252200.0	1000.0	1466.7725541276682	0.0	0	208.2579440381669	1666.7725541275286	1	0	1	1.6392819510761514
253200.0	1000.0	1466.7725541276511	0.0	0	209.24689980837866	1666.7725541274995	1	0	1	1.639281951076154
254200.0	1000.0	1466.7725541276345	0.0	0	460.7544859125046	1666.7725541274995	1	0	1	1.6392819510761545
255200.0	1000.0	1466.7725541276593	0.0	0	203.16871951159555	1666.7725541274995	1	0	1	1.6392819510761545
256200.0	1000.0	1466.772554127654	0.0	0	36.895668305893196	1666.7725541275286	1	0	1	1.6392819510761514
257200.0	1000.0	1466.7725541276625	0.0	0	40.401038283802336	1666.7725541275286	1	0	1	1.6392819510761514
258200.0	1000.0	1466.7725541276577	0.0	0	93.62790040028631	1666.7725541275286	1	0	1	1.6392819510761514
259200.0	1000.0	1466.7725541276884	0.0	0	233.0249273093359	1666.7725541275286	1	0	1	1.6392819510761514
260205.84797097693	1000.0	1460.9245831507349	0.0	0	0.0	1666.7725541275286	1	0	1	1.6392819510761514
261200.0	1000.0	1466.772554127661	0.0	0	144.74579827376874	1666.7725541275286	1	0	1	1.6392819510761514
262200.0	1000.0	1466.7725541276388	0.0	0	503.7137356130406	1666.7725541274995	1	0	1	1.6392819510761545
263200.0	1000.0	1466.7725541277246	0.0	0	400.69132949900813	1666.7725541276159	1	0	1	1.6392819510761478
264200.0	1000.0	1466.772554127659	0.0	0	611.9022178328014	1666.7725541275577	1	0	1	1.6392819510761472
265200.0	1000.0	1466.7725541276825	0.0	0	235.15300446370384	1666.7725541276159	1	0	1	1.639281951076145
266335.1336682568	1000.0	1331.6388858708494	0.0	0	0.0	1666.7725541276159	1	0	1	1.6392819510761427
267200.0	1000.0	1466.7725541276263	0.0	0	106.73370194883319	1666.7725541275577	1	0	1	1.6392819510761485
268470.40439471946	1000.0	1196.3681594081795	0.0	0	0.0	1666.7725541276159	1	0	1	1.6392819510761438
269744.95611403685	1000.0	921.8164400908629	0.0	0	0.0	1666.772554127674	1	0	1	1.6392819510761416
270368.349862444	500.0	1298.4226916837479	0.0	0	0.0	1666.772554127674	1	0	1	-0.09358600032372666
271412.97620394995	1000.0	1253.7963501777758	0.0	0	0.0	1666.7725541276159	1	0	1	0.9461347705161973
272200.0	500.0	1466.7725541277698	0.0	0	340.669126667839	1666.7725541276159	1	0	1	-0.09358600032372079
273200.0	1000.0	1466.772554127833	0.0	0	403.2318191777449	1666.772554127674	1	0	1	0.9461347705161915
274200.0	1000.0	1466.7725541278453	0.0	0	250.75370785128325	1666.772554127674	1	0	1	1.639281951076137
275200.0	1000.0	1466.7725541278658	0.0	0	266.49105066561606	1666.772554127674	1	0	1	1.639281951076137
276200.0	1000.0	1466.772554127841	0.0	0	297.10127863124944	1666.772554127674	1	0	1	1.639281951076137
277200.0	1000.0	1466.7725541277669	0.0	0	346.85546438849997	1666.7725541276159	1	0	1	1.6392819510761403
278200.0	1000.0	1466.7725541278073	0.0	0	156.07806530297967	1666.7725541275577	1	0	1	1.6392819510761485
279200.0	1000.0	1466.772554127856	0.0	0	412.2372142727836	1666.7725541275577	1	0	1	1.6392819510761507
280200.0	1000.0	1466.7725541278073	0.0	0	584.7537997555337	1666.7725541275577	1	0	1	1.6392819510761485
281200.0	1000.0	1466.7725541277684	0.0	0	498.24896097247256	1666.7725541275577	1	0	1	1.6392819510761485
282734.93784509547	2000.0	931.8347090322371	0.0	0	0.0	1666.7725541274413	1	0	1	1.9858555413561283
283566.0915732354	1000.0	1100.680980892278	0.0	0	0.0	1666.7725541274413	1	0	1	0.9461347705162151
284200.0	1000.0	1466.772554127731	0.0	0	35.35130998690147	1666.7725541274413	1	0	1	1.6392819510761603
285988.31910920504	2000.0	678.4534449226586	0.0	0	0.0	1666.772554127383	1	0	1	1.9858555413561352
286580.3587374822	500.0	1086.4138166454954	0.0	0	0.0	1666.772554127383	1	0	1	-0.7867331808836429
287446.50639336946	1000.0	1220.2661607582943	0.0	0	0.0	1666.7725541274413	1	0	1	0.9461347705162149
288210.18250470253	1000.0	1456.5900494252478	0.0	0	0.0	1666.7725541274413	1	0	1	1.6392819510761603
289717.48416264344	1000.0	949.2883914843352	0.0	0	0.0	1666.772554127383	1	0	1	1.639281951076166
290200.0	500.0	1466.7725541277207	0.0	0	223.7248912283685	1666.772554127383	1	0	1	-0.09358600032369747
291200.0	1000.0	1466.7725541276725	0.0	0	416.2582816911745	1666.772554127383	1	0	1	0.9461347705162206
292381.7789118483	1000.0	1284.9936422793453	0.0	0	0.0	1666.772554127383	1	0	1	1.639281951076166
293200.0	1000.0	1466.7725541276786	0.0	0	163.19769635720877	1666.7725541274413	1	0	1	1.6392819510761603
294200.0	1000.0	1466.7725541276627	0.0	0	245.60241242637858	1666.7725541274413	1	0	1	1.6392819510761603
295200.0	1000.0	1466.772554127616	0.0	0	407.28030115232104	1666.772554127383	1	0	1	1.639281951076166
296282.07977499935	1000.0	1384.692779128238	0.0	0	0.0	1666.7725541273248	1	0	1	1.639281951076172
297465.57690356934	1000.0	1201.1956505583005	0.0	0	0.0	1666.7725541273248	1	0	1	1.639281951076172
298200.0	1000.0	1466.7725541276254	0.0	0	146.0911734359688	1666.7725541272666	1	0	1	1.6392819510761778
299200.0	1000.0	1466.7725541276136	0.0	0	41.551205828844104	1666.7725541272084	1	0	1	1.6392819510761836
300200.0	1000.0	1466.772554127615	0.0	0	343.4268281169352	1666.7725541272084	1	0	1	1.6392819510761836
301200.0	1000.0	1466.7725541276764	0.0	0	185.39262572105508	1666.7725541272084	1	0	1	1.6392819510761836
302680.1461922659	1000.0	986.6263618617569	0.0	0	0.0	1666.7725541272084	1	0	1	1.6392819510761836
303569.0968123693	1000.0	1097.6757417583117	0.0	0	0.0	1666.7725541272084	1	0	1	1.6392819510761836
304463.4095774127	1000.0	1203.3629767149441	0.0	0	0.0	1666.7725541272084	1	0	1	1.6392819510761836
305445.8805886839	1000.0	1220.8919654438391	0.0	0	0.0	1666.7725541272084	1	0	1	1.6392819510761836
306374.42485969584	1000.0	1292.3476944319177	0.0	0	0.0	1666.7725541272084	1	0	1	1.6392819510761836
307611.5892091884	1000.0	1055.1833449393662	0.0	0	0.0	1666.7725541272666	1	0	1	1.6392819510761778
308200.0	500.0	1466.7725541277855	0.0	0	25.115125872020144	1666.7725541272666	1	0	1	-0.09358600032368597
309200.0	1000.0	1466.7725541277653	0.0	0	235.040044058871	1666.7725541272084	1	0	1	0.9461347705162382
310200.0	1000.0	1466.7725541277011	0.0	0	182.12484449706972	1666.7725541271502	1	0	1	1.639281951076188
311200.0	1000.0	1466.7725541276434	0.0	0	302.346626104787	1666.7725541271502	1	0	1	1.6392819510761893
312200.0	1000.0	1466.7725541277048	0.0	0	456.55633794300957	1666.7725541271502	1	0	1	1.6392819510761893
313200.0	1000.0	1466.7725541276927	0.0	0	237.71360075601842	1666.7725541271502	1	0	1	1.6392819510761893
314200.0	1000.0	1466.7725541276925	0.0	0	367.72004854277475	1666.7725541271502	1	0	1	1.6392819510761893
315200.0	1000.0	1466.7725541276739	0.0	0	203.29276847129222	1666.7725541271502	1	0	1	1.6392819510761893
316200.0	1000.0	1466.772554127664	0.0	0	434.8557190967258	1666.7725541271502	1	0	1	1.6392819510761893
317200.0	1000.0	1466.7725541275927	0.0	0	78.1775843941723	1666.7725541271502	1	0	1	1.6392819510761893
319006.6720776372	2000.0	660.100476490423	0.0	0	0.0	1666.7725541272084	1	0	1	1.9858555413561558
1.26	1.33	1.29	1.26	1.04	1.25	1.41	1.04	1.17	1.59	1.6	1.36	1.66	1.68	1.75	1.63	1.52	0.94	0.89	1.25	1.9	1.33	1.76	1.47	1.45	1.15	1.81	1.73	1.53	2.15	2.04	1.67	1.31	0.94	1.22	1.24	1.23	1.55	1.64	1.75	1.31	1.1	1.37	1.44	1.64	1.7	1.91	1.88	2.15	1.63	1.37	1.22	1.04	1.19	1.82	1.99	1.55	1.33	1.0	0.9	1.11	2.2	1.6	1.29	1.41	1.04	1.41	1.48	1.95	2.17	1.66	1.91	2.33	1.86	1.7	1.47	1.2	1.24	1.22	0.95	1.04	1.89	1.26	1.59	1.64	1.44	1.23	1.16	1.26	1.29	1.19	1.33	1.73	1.96	2.26	1.59	0.85	1.27	1.52	0.69	0.88	0.88	1.14	1.34	1.96	1.37	1.38	1.33	1.32	1.93	2.62	2.54	2.13	1.2	1.36	1.3	0.9	1.04	1.2	1.29	0.59	1.85	0.97	0.97	1.76	1.64	1.51	1.02	1.24	1.39	1.31	1.42	0.81	0.93	1.16	1.36	1.02	1.39	0.81	1.05	1.82	1.62	1.58	1.62	1.93	1.77	1.61	1.41	1.61	1.53	1.26	1.33	1.29	1.26	1.04	1.25	1.41	1.04	1.17	1.59	1.6	1.36	1.66	1.68	1.75	1.63	1.52	0.94	0.89	1.25	1.9	1.33	1.76	1.47	1.45	1.15	1.81	1.73	1.53	2.15	2.04	1.67	1.31	0.94	1.22	1.24	1.23	1.55	1.64	1.75	1.31	1.1	1.37	1.44	1.64	1.7	1.91	1.88	2.15	1.63	1.37	1.22	1.04	1.19	1.82	1.99	1.55	1.33	1.0	0.9	1.11	2.2	1.6	1.29	1.41	1.04	1.41	1.48	1.95	2.17	1.66	1.91	2.33	1.86	1.7	1.47	1.2	1.24	1.22	0.95	1.04	1.89	1.26	1.59	1.64	1.44	1.23	1.16	1.26	1.29	1.19	1.33	1.73	1.96	2.26	1.59	0.85	1.27	1.52	0.69	0.88	0.88	1.14	1.34	1.96	1.37	1.38	1.33	1.32	1.93	2.62	2.54	2.13	1.2	1.36	1.3	0.9	1.04	1.2	1.29	0.59	1.85	0.97	0.97	1.76	1.64	1.51	1.02	1.24	1.39	1.31	1.42	0.81	0.93	1.16	1.36	1.02	1.39	0.81	1.05	1.82	1.62	1.58	1.62	1.93	1.77	1.61	1.41	1.61	1.53	1.26	1.33	1.29	1.26	1.04	1.25	1.41	1.04	1.17	1.59	1.6	1.36	1.66	1.68	1.75	1.63	1.52	0.94	0.89
1.0	2.0	3.0	4.0	5.0	6.0	7.0	8.0	9.0	10.0	11.0	12.0	13.0	14.0	15.0	16.0	17.0	18.0	19.0	20.0	21.0	22.0	23.0	24.0	25.0	26.0	27.0	28.0	29.0	30.0	31.0	32.0	33.0	34.0	35.0	36.0	37.0	38.0	39.0	40.0	41.0	42.0	43.0	44.0	45.0	46.0	47.0	48.0	49.0	50.0	51.0	52.0	53.0	54.0	55.0	56.0	57.0	58.0	59.0	60.0	61.0	62.0	63.0	64.0	65.0	66.0	67.0	68.0	69.0	70.0	71.0	72.0	73.0	74.0	75.0	76.0	77.0	78.0	79.0	80.0	81.0	82.0	83.0	84.0	85.0	86.0	87.0	88.0	89.0	90.0	91.0	92.0	93.0	94.0	95.0	96.0	97.0	98.0	99.0	100.0	101.0	102.0	103.0	104.0	105.0	106.0	107.0	108.0	109.0	110.0	111.0	112.0	113.0	114.0	115.0	116.0	117.0	118.0	119.0	120.0	121.0	122.0	123.0	124.0	125.0	126.0	127.0	128.0	129.0	130.0	131.0	132.0	133.0	134.0	135.0	136.0	137.0	138.0	139.0	140.0	141.0	142.0	143.0	144.0	145.0	146.0	147.0	148.0	149.0	149.0	150.0	151.0	152.0	153.0	154.0	155.0	156.0	157.0	158.0	159.0	160.0	161.0	162.0	163.0	164.0	165.0	166.0	167.0	168.0	169.0	170.0	171.0	172.0	173.0	174.0	175.0	176.0	177.0	178.0	179.0	180.0	181.0	182.0	183.0	184.0	185.0	186.0	187.0	188.0	189.0	190.0	191.0	192.0	193.0	194.0	195.0	196.0	197.0	198.0	199.0	200.0	201.0	202.0	203.0	204.0	205.0	206.0	207.0	208.0	209.0	210.0	211.0	212.0	213.0	214.0	215.0	216.0	217.0	218.0	219.0	220.0	221.0	222.0	223.0	224.0	225.0	226.0	227.0	228.0	229.0	230.0	231.0	232.0	233.0	234.0	235.0	236.0	237.0	238.0	239.0	240.0	241.0	242.0	243.0	244.0	245.0	246.0	247.0	248.0	249.0	250.0	251.0	252.0	253.0	254.0	255.0	256.0	257.0	258.0	259.0	260.0	261.0	262.0	263.0	264.0	265.0	266.0	267.0	268.0	269.0	270.0	271.0	272.0	273.0	274.0	275.0	276.0	277.0	278.0	279.0	280.0	281.0	282.0	283.0	284.0	285.0	286.0	287.0	288.0	289.0	290.0	291.0	292.0	293.0	294.0	295.0	296.0	297.0	298.0	298.0	299.0	300.0	301.0	302.0	303.0	304.0	305.0	306.0	307.0	308.0	309.0	310.0	311.0	312.0	313.0	314.0	315.0	316.0	317.0
2770.6727594239514
