2843.517436272936	300.0	2000.0	198.67301959303623	0	0.0	2843.517436272936	1	0	1	-1.472004596156028
5426.458320341586	2000.0	399.78907149879745	95.81202170412911	0	0.0	826.2473918403839	1	0	2	-0.11166269594235345
6200.0	500.0	2703.6015598062254	0.0	0	551.8546782037265	2903.601559806226	1	0	0	-1.3067132406180018
9200.0	3000.0	603.6015598062265	0.0	0	288.27322539419947	803.6015598062277	1	0	2	0.978136143692018
10200.0	1000.0	2703.601559806228	0.0	0	668.496316725721	2903.6015598062277	1	0	0	0.02098676184017173
13286.708263283566	3000.0	508.22247019430586	0.0	0	0.0	794.9307334778732	1	0	2	1.6731611522394423
14200.0	1000.0	2686.2599071495165	0.0	0	620.6143533015584	2886.259907149517	1	0	0	0.022621147947595288
18794.08601394666	6000.0	200.0	1242.9406438107374	0	0.0	1994.0860139466604	1	0	2	-5.52490334552296
19159.232582350287	500.0	801.5692933950697	2.9368351264140813	0	0.0	1960.8018757453574	1	0	2	-2.133264906876851
19870.72087766038	1000.0	1018.9321685539649	0.0	0	0.0	1889.6530462143455	1	0	2	0.7220142271627098
21025.656185032847	2000.0	748.5033304442514	0.0	0	0.0	1774.1595154770985	1	0	2	1.7727461164577845
21496.359578459243	1000.0	1230.729597675216	0.0	0	0.0	1727.0891761344647	1	0	2	0.738944263013335
22200.0	2000.0	1456.7251339803813	0.0	0	142.82367171691658	1656.7251339803843	1	0	2	1.7843838758640693
23200.0	2000.0	1456.7251339803818	0.0	0	517.55582497863	1656.7251339803806	1	0	1	2.480007463930784
24499.604444414457	3000.0	1157.1206895659222	0.0	0	0.0	1656.7251339803843	1	0	1	2.882740017984866
25200.0	2000.0	1456.7251339803772	0.0	0	48.382066394700814	1656.7251339803806	1	0	1	2.2745423558226197
26766.004569662233	3000.0	890.7205643181453	0.0	0	0.0	1656.725133980377	1	0	1	2.8827400179848666
27856.422893988707	2000.0	800.3022399916682	0.0	0	0.0	1656.725133980377	1	0	1	2.27454235582262
28203.790707205662	1000.0	1452.9344267747101	0.0	0	0.0	1656.725133980377	1	0	1	0.9471395125309214
29200.0	2000.0	1456.7251339803706	0.0	0	113.24584832927212	1656.7251339803734	1	0	1	1.9868602833708395
30281.196371451857	2000.0	1375.5287625285127	0.0	0	0.0	1656.7251339803697	1	0	1	2.680007463930785
31454.906400760843	3000.0	1201.818733219527	0.0	0	0.0	1656.7251339803697	1	0	1	2.882740017984868
32333.66114260279	2000.0	1323.0639913775806	0.0	0	0.0	1656.7251339803697	1	0	1	2.2745423558226205
33394.07150127019	3000.0	1262.6536327101805	0.0	0	0.0	1656.7251339803697	1	0	1	2.882740017984868
34200.0	3000.0	1456.7251339803706	0.0	0	145.44850081526965	1656.7251339803734	1	0	1	3.288205126093032
35200.0	3000.0	1456.7251339803722	0.0	0	387.1468201588723	1656.7251339803697	1	0	1	3.2882051260930325
36200.0	3000.0	1456.7251339803795	0.0	0	145.1549339442863	1656.7251339803697	1	0	1	3.2882051260930325
37718.14806796586	3000.0	938.5770660145064	0.0	0	0.0	1656.7251339803697	1	0	1	3.2882051260930325
38499.62597568757	2000.0	1157.0991582927945	0.0	0	0.0	1656.7251339803624	1	0	1	2.2745423558226214
39383.869900619706	2000.0	1272.8552333606601	0.0	0	0.0	1656.7251339803552	1	0	1	2.6800074639307865
40200.0	2000.0	1456.7251339803688	0.0	0	309.5069700447275	1656.7251339803552	1	0	1	2.6800074639307865
41200.0	3000.0	1456.7251339803652	0.0	0	160.1838903056996	1656.725133980348	1	0	1	2.882740017984869
42485.86652426042	3000.0	1170.8586097199427	0.0	0	0.0	1656.725133980348	1	0	1	3.2882051260930343
44342.792541593844	2000.0	313.93259238651416	0.0	0	0.0	1656.7251339803406	1	0	1	2.274542355822623
44876.33776309581	500.0	780.3873708845447	0.0	0	0.0	1656.7251339803406	1	0	1	-0.7857284388689387
45881.144748019804	1000.0	775.5803859605483	0.0	0	0.0	1656.7251339803406	1	0	1	0.9471395125309248
46508.52700455984	1000.0	1148.198129420504	0.0	0	0.0	1656.7251339803406	1	0	1	1.6402866930908702
47200.0	1000.0	1456.7251339803388	0.0	0	53.999515174546104	1656.7251339803333	1	0	1	1.640286693090871
48200.0	1000.0	1456.725133980337	0.0	0	408.38383663308923	1656.7251339803333	1	0	1	1.640286693090871
49200.0	1000.0	1456.725133980334	0.0	0	411.7777950479285	1656.7251339803333	1	0	1	1.640286693090871
50200.0	1000.0	1456.7251339803324	0.0	0	514.5801044388136	1656.7251339803333	1	0	1	1.640286693090871
51706.98758147378	2000.0	949.737552506544	0.0	0	0.0	1656.7251339803333	1	0	1	1.9868602833708437
52321.339920299455	1000.0	1335.3852136808753	0.0	0	0.0	1656.7251339803333	1	0	1	0.9471395125309259
53200.0	1000.0	1456.7251339803368	0.0	0	313.9723690960527	1656.7251339803333	1	0	1	1.640286693090871
54526.54987631351	2000.0	1130.1752576668305	0.0	0	0.0	1656.7251339803333	1	0	1	1.9868602833708437
55200.0	1000.0	1456.7251339803474	0.0	0	253.51335421811382	1656.7251339803333	1	0	1	0.9471395125309259
56200.0	2000.0	1456.725133980352	0.0	0	294.4867395085821	1656.7251339803333	1	0	1	1.9868602833708437
57200.0	1000.0	1456.7251339803554	0.0	0	635.604645906169	1656.7251339803406	1	0	1	0.947139512530925
58200.0	2000.0	1456.7251339803565	0.0	0	175.77503280196834	1656.7251339803406	1	0	1	1.9868602833708429
59846.091598522005	3000.0	810.6335354583595	0.0	0	0.0	1656.725133980348	1	0	1	2.8827400179848697
60243.911820169145	1000.0	1412.813313811224	0.0	0	0.0	1656.725133980348	1	0	1	0.5416744044227596
61581.73400957959	3000.0	1074.99112440079	0.0	0	0.0	1656.725133980348	1	0	1	2.1895928374249247
62372.22002201475	2000.0	1284.5051119656316	0.0	0	0.0	1656.725133980348	1	0	1	2.2745423558226228
63200.0	2000.0	1456.7251339803768	0.0	0	93.80050408447278	1656.725133980348	1	0	1	2.6800074639307874
65181.28902612216	3000.0	475.43610785822204	0.0	0	0.0	1656.725133980348	1	0	1	2.8827400179848697
65504.476290141334	500.0	1152.2488438390433	0.0	0	0.0	1656.725133980348	1	0	1	-1.1911935469771036
66373.96971870853	2000.0	1282.7554152718346	0.0	0	0.0	1656.7251339803333	1	0	1	1.2937131028108981
67668.07592580127	2000.0	988.6492081790707	0.0	0	0.0	1656.7251339803188	1	0	1	2.6800074639307896
68238.25964634381	1000.0	1418.465487636532	0.0	0	0.0	1656.7251339803188	1	0	1	0.9471395125309272
69459.11345465932	1000.0	1197.611679321024	0.0	0	0.0	1656.7251339803188	1	0	1	1.6402866930908724
70465.24140362334	1000.0	1191.4837303570011	0.0	0	0.0	1656.7251339803188	1	0	1	1.6402866930908724
71265.41986260215	1000.0	1391.3052713781817	0.0	0	0.0	1656.7251339803188	1	0	1	1.6402866930908724
72200.0	1000.0	1456.7251339803272	0.0	0	197.4488602609781	1656.7251339803042	1	0	1	1.6402866930908733
73200.0	1000.0	1456.7251339803286	0.0	0	525.1482732949517	1656.7251339803042	1	0	1	1.6402866930908737
74200.0	1000.0	1456.725133980335	0.0	0	571.5368142653751	1656.7251339803042	1	0	1	1.6402866930908737
75200.0	1000.0	1456.7251339803227	0.0	0	307.31945718138013	1656.7251339803042	1	0	1	1.6402866930908737
76200.0	1000.0	1456.7251339803279	0.0	0	287.98492997042194	1656.7251339803042	1	0	1	1.6402866930908737
77200.0	1000.0	1456.725133980308	0.0	0	642.106109744971	1656.7251339803042	1	0	1	1.6402866930908737
78200.0	2000.0	1456.7251339803086	0.0	0	406.13947051315336	1656.7251339803042	1	0	1	1.9868602833708464
79217.8305605051	2000.0	1438.894573475214	0.0	0	0.0	1656.7251339803042	1	0	1	2.680007463930792
80388.98995524299	2000.0	1267.735178737336	0.0	0	0.0	1656.7251339802897	1	0	1	2.680007463930793
81557.88641113997	2000.0	1098.8387228403462	0.0	0	0.0	1656.7251339802897	1	0	1	2.680007463930793
82947.48702138299	2000.0	709.2381125973516	0.0	0	0.0	1656.7251339802897	1	0	1	2.680007463930793
83406.90618169874	1000.0	1249.8189522815912	0.0	0	0.0	1656.7251339802897	1	0	1	0.9471395125309303
84202.75653421669	2000.0	1453.9685997636434	0.0	0	0.0	1656.7251339802897	1	0	1	1.9868602833708477
85428.16144837294	2000.0	1228.563685607418	0.0	0	0.0	1656.7251339803042	1	0	1	2.680007463930792
86511.25583740113	2000.0	1145.4692965792397	0.0	0	0.0	1656.7251339803042	1	0	1	2.680007463930792
87666.22366285614	2000.0	990.5014711242347	0.0	0	0.0	1656.7251339803188	1	0	1	2.6800074639307905
88206.4345133382	1000.0	1450.2906206421528	0.0	0	0.0	1656.7251339803188	1	0	1	0.9471395125309272
89200.0	2000.0	1456.7251339803522	0.0	0	348.87385110273317	1656.7251339803188	1	0	1	1.986860283370845
90379.6523039857	2000.0	1277.0728299946602	0.0	0	0.0	1656.7251339803188	1	0	1	2.6800074639307905
91349.3636120633	2000.0	1307.3615219170574	0.0	0	0.0	1656.7251339803188	1	0	1	2.6800074639307905
92524.39908867194	2000.0	1132.326045308404	0.0	0	0.0	1656.7251339803188	1	0	1	2.6800074639307905
93658.29169822086	2000.0	998.4334357594919	0.0	0	0.0	1656.7251339803188	1	0	1	2.6800074639307905
94352.85586492707	1000.0	1303.8692690532587	0.0	0	0.0	1656.7251339803188	1	0	1	0.9471395125309272
95200.0	1000.0	1456.7251339803415	0.0	0	294.1202125521522	1656.7251339803188	1	0	1	1.6402866930908724
96200.0	2000.0	1456.7251339803527	0.0	0	197.6205911199504	1656.7251339803188	1	0	1	1.986860283370845
97200.0	2000.0	1456.725133980337	0.0	0	464.9202680455637	1656.7251339803188	1	0	1	2.6800074639307905
98200.0	2000.0	1456.7251339803365	0.0	0	198.28828568501922	1656.7251339803188	1	0	1	2.6800074639307905
99200.0	2000.0	1456.725133980344	0.0	0	383.1363556757278	1656.7251339803188	1	0	1	2.6800074639307905
100869.13671986644	3000.0	787.5884141139039	0.0	0	0.0	1656.7251339803188	1	0	1	2.882740017984873
101566.59614715297	2000.0	1090.1289868273666	0.0	0	0.0	1656.7251339803188	1	0	1	2.274542355822626
102579.07353608742	2000.0	1077.6515978929242	0.0	0	0.0	1656.7251339803188	1	0	1	2.6800074639307905
103317.06203398526	2000.0	1339.663099995083	0.0	0	0.0	1656.7251339803188	1	0	1	2.6800074639307905
104517.81481847657	2000.0	1138.9103155037749	0.0	0	0.0	1656.7251339803188	1	0	1	2.6800074639307905
105319.91352664783	2000.0	1336.8116073325323	0.0	0	0.0	1656.7251339803188	1	0	1	2.6800074639307905
106416.35191150806	2000.0	1240.3732224723026	0.0	0	0.0	1656.7251339803188	1	0	1	2.6800074639307905
107565.22618787523	2000.0	1091.4989461051382	0.0	0	0.0	1656.7251339803188	1	0	1	2.6800074639307905
108200.0	1000.0	1456.72513398036	0.0	0	26.880801450577565	1656.7251339803188	1	0	1	0.9471395125309272
109462.64585607332	2000.0	1194.0792779070425	0.0	0	0.0	1656.7251339803333	1	0	1	1.9868602833708437
110200.0	1000.0	1456.7251339803456	0.0	0	124.88739038426138	1656.7251339803333	1	0	1	0.9471395125309259
111293.17568795128	2000.0	1363.5494460290645	0.0	0	0.0	1656.7251339803333	1	0	1	1.9868602833708437
112348.72423839566	2000.0	1308.000895584694	0.0	0	0.0	1656.7251339803333	1	0	1	2.6800074639307887
113200.0	1000.0	1456.7251339803565	0.0	0	372.47328476433177	1656.7251339803188	1	0	1	0.9471395125309272
114241.55839842063	2000.0	1415.166735559722	0.0	0	0.0	1656.7251339803188	1	0	1	1.986860283370845
115200.0	2000.0	1456.7251339803584	0.0	0	236.9699119009456	1656.7251339803188	1	0	1	2.6800074639307905
116242.47499709504	2000.0	1414.2501368853336	0.0	0	0.0	1656.7251339803188	1	0	1	2.6800074639307905
117200.0	2000.0	1456.7251339803533	0.0	0	45.81082557718037	1656.7251339803188	1	0	1	2.6800074639307905
118200.0	2000.0	1456.7251339803436	0.0	0	46.53546361543704	1656.7251339803188	1	0	1	2.6800074639307905
119613.72347757946	3000.0	1043.0016564008795	0.0	0	0.0	1656.7251339803188	1	0	1	2.882740017984873
120470.2752358115	2000.0	1186.4498981688662	0.0	0	0.0	1656.7251339803188	1	0	1	2.274542355822626
121200.0	2000.0	1456.7251339803888	0.0	0	133.8519366980472	1656.7251339803333	1	0	1	2.6800074639307887
122200.0	2000.0	1456.7251339803813	0.0	0	263.20423863609903	1656.7251339803333	1	0	1	2.6800074639307887
123714.6055956191	3000.0	942.1195383612865	0.0	0	0.0	1656.7251339803333	1	0	1	2.882740017984871
124598.43759711884	2000.0	1058.2875368615519	0.0	0	0.0	1656.7251339803333	1	0	1	2.274542355822624
125517.29427039341	2000.0	1139.4308635869738	0.0	0	0.0	1656.7251339803333	1	0	1	2.6800074639307887
126427.7654479262	2000.0	1228.9596860541756	0.0	0	0.0	1656.7251339803188	1	0	1	2.6800074639307905
127289.44086934977	2000.0	1367.284264630614	0.0	0	0.0	1656.7251339803042	1	0	1	2.680007463930792
128200.0	2000.0	1456.725133980375	0.0	0	125.39240832015639	1656.7251339802897	1	0	1	2.680007463930793
129662.01544240236	3000.0	994.7096915780137	0.0	0	0.0	1656.7251339802897	1	0	1	2.8827400179848754
130324.33972859127	2000.0	1332.3854053890973	0.0	0	0.0	1656.7251339803042	1	0	1	2.274542355822627
131603.6790533946	3000.0	1053.0460805857706	0.0	0	0.0	1656.7251339803042	1	0	1	2.882740017984874
132817.31247823554	2000.0	839.4126557448155	0.0	0	0.0	1656.7251339802751	1	0	1	2.2745423558226294
133464.0924701656	1000.0	1192.6326638147566	0.0	0	0.0	1656.7251339802751	1	0	1	0.9471395125309316
134632.6459301873	2000.0	1024.0792037930128	0.0	0	0.0	1656.725133980246	1	0	1	1.9868602833708522
135200.0	1000.0	1456.7251339803008	0.0	0	67.7520077143854	1656.725133980246	1	0	1	0.9471395125309345
136200.0	2000.0	1456.7251339803065	0.0	0	408.95440791512374	1656.725133980217	1	0	1	1.986860283370855
137200.0	2000.0	1456.7251339802713	0.0	0	314.27901631081477	1656.7251339801878	1	0	1	2.680007463930804
138200.0	3000.0	1456.7251339802851	0.0	0	90.06900789204519	1656.725133980217	1	0	1	2.882740017984884
139200.0	3000.0	1456.725133980287	0.0	0	99.4718298476364	1656.725133980217	1	0	1	3.288205126093047
140530.24578638223	3000.0	1126.4793475980705	0.0	0	0.0	1656.725133980217	1	0	1	3.288205126093047
141376.6235552216	2000.0	1280.101578758717	0.0	0	0.0	1656.725133980246	1	0	1	2.274542355822633
142794.66496465693	3000.0	862.0601693233983	0.0	0	0.0	1656.725133980246	1	0	1	2.88274001798488
143300.4314879228	1000.0	1356.293646057546	0.0	0	0.0	1656.725133980246	1	0	1	0.5416744044227698
144200.0	2000.0	1456.7251339803252	0.0	0	86.36119200132089	1656.725133980217	1	0	1	1.986860283370855
145962.92041821394	3000.0	693.8047157664063	0.0	0	0.0	1656.725133980217	1	0	1	2.8827400179848826
146539.85238343576	1000.0	1116.8727505445877	0.0	0	0.0	1656.725133980217	1	0	1	0.5416744044227728
147200.0	1000.0	1456.7251339803445	0.0	0	225.82292921157205	1656.725133980217	1	0	1	1.6402866930908826
148308.02169653153	2000.0	1348.7034374488123	0.0	0	0.0	1656.7251339801878	1	0	1	1.9868602833708584
149280.41644733743	2000.0	1376.308686642939	0.0	0	0.0	1656.7251339801878	1	0	1	2.680007463930804
150200.0	1000.0	1456.7251339803695	0.0	0	517.2058742270747	1656.725133980217	1	0	1	0.9471395125309375
151200.0	2000.0	1456.7251339803563	0.0	0	172.12831812319928	1656.725133980217	1	0	1	1.986860283370855
152200.0	2000.0	1456.725133980341	0.0	0	217.91847389820032	1656.725133980217	1	0	1	2.6800074639308002
153200.0	2000.0	1456.7251339803213	0.0	0	415.9706362488505	1656.725133980217	1	0	1	2.6800074639308002
154200.0	3000.0	1456.7251339803247	0.0	0	66.57994857319864	1656.725133980217	1	0	1	2.8827400179848826
155200.0	2000.0	1456.7251339803058	0.0	0	112.39605823587044	1656.725133980217	1	0	1	2.2745423558226356
156200.0	2000.0	1456.725133980311	0.0	0	42.319985121372156	1656.725133980246	1	0	1	2.6800074639307976
157730.1984783881	3000.0	926.5266555921596	0.0	0	0.0	1656.725133980246	1	0	1	2.88274001798488
159220.99589134476	2000.0	435.7292426355244	0.0	0	0.0	1656.725133980246	1	0	1	2.274542355822633
159557.84659260864	500.0	1098.8785413716523	0.0	0	0.0	1656.725133980246	1	0	1	-0.7857284388689287
160200.0	1000.0	1456.7251339803108	0.0	0	172.16391071904218	1656.7251339802751	1	0	1	0.9471395125309314
161200.0	2000.0	1456.7251339803156	0.0	0	143.20395566604566	1656.7251339802751	1	0	1	1.9868602833708495
162200.0	2000.0	1456.7251339803151	0.0	0	516.0759987932397	1656.7251339802751	1	0	1	2.680007463930795
163200.0	2000.0	1456.7251339803024	0.0	0	353.9997086086951	1656.725133980246	1	0	1	2.680007463930796
164200.0	2000.0	1456.7251339803072	0.0	0	498.926465996512	1656.725133980246	1	0	1	2.6800074639307976
165200.0	3000.0	1456.7251339802767	0.0	0	92.7305336301506	1656.725133980217	1	0	1	2.8827400179848826
166200.0	3000.0	1456.7251339802829	0.0	0	199.73109038817347	1656.725133980217	1	0	1	3.288205126093047
167276.00394033064	3000.0	1380.721193649656	0.0	0	0.0	1656.725133980246	1	0	1	3.2882051260930445
168785.9051552181	3000.0	870.8199787622278	0.0	0	0.0	1656.725133980246	1	0	1	3.2882051260930445
169947.46737004883	2000.0	709.2577639314725	0.0	0	0.0	1656.725133980217	1	0	1	2.2745423558226356
170372.72294119812	1000.0	1284.0021927821822	0.0	0	0.0	1656.725133980217	1	0	1	0.9471395125309375
171200.0	2000.0	1456.7251339802895	0.0	0	157.8659952513408	1656.7251339801878	1	0	1	1.9868602833708584
172200.0	3000.0	1456.7251339802888	0.0	0	296.5166360292642	1656.7251339801878	1	0	1	2.882740017984886
173324.95194529233	3000.0	1331.7731886879683	0.0	0	0.0	1656.725133980217	1	0	1	3.288205126093047
174200.0	2000.0	1456.725133980313	0.0	0	132.53540002781665	1656.725133980246	1	0	1	2.274542355822633
175714.6250089742	3000.0	942.1001250060976	0.0	0	0.0	1656.725133980217	1	0	1	2.8827400179848826
176745.20700887113	2000.0	911.5181251091678	0.0	0	0.0	1656.725133980217	1	0	1	2.2745423558226356
177500.44169906958	2000.0	1156.2834349107293	0.0	0	0.0	1656.725133980246	1	0	1	2.6800074639307976
178200.0	2000.0	1456.7251339802965	0.0	0	15.696604615455726	1656.725133980217	1	0	1	2.6800074639308002
179200.0	2000.0	1456.725133980316	0.0	0	178.28331440591137	1656.725133980217	1	0	1	2.6800074639308002
180603.8107570611	3000.0	1052.9143769192392	0.0	0	0.0	1656.725133980217	1	0	1	2.8827400179848826
181200.0	2000.0	1456.7251339803336	0.0	0	33.877390865352936	1656.725133980217	1	0	1	2.2745423558226356
182200.0	2000.0	1456.725133980341	0.0	0	288.063997123827	1656.725133980217	1	0	1	2.680007463930802
183200.0	2000.0	1456.7251339803558	0.0	0	413.01073032061686	1656.725133980246	1	0	1	2.6800074639307994
184200.0	3000.0	1456.725133980336	0.0	0	324.4454187732481	1656.725133980217	1	0	1	2.8827400179848826
185743.84527376862	3000.0	912.8798602116829	0.0	0	0.0	1656.725133980217	1	0	1	3.288205126093047
187147.7863108825	2000.0	508.9388230977726	0.0	0	0.0	1656.7251339801878	1	0	1	2.2745423558226374
187635.85539216164	1000.0	1020.8697418186398	0.0	0	0.0	1656.7251339801878	1	0	1	0.9471395125309403
188243.3218974183	2000.0	1413.4032365620017	0.0	0	0.0	1656.725133980217	1	0	1	1.986860283370855
189200.0	3000.0	1456.7251339803092	0.0	0	28.097210795385763	1656.725133980246	1	0	1	2.8827400179848808
190200.0	3000.0	1456.7251339803067	0.0	0	147.8525037392974	1656.725133980246	1	0	1	3.2882051260930445
191200.0	2000.0	1456.725133980303	0.0	0	44.63154203328304	1656.725133980246	1	0	1	2.274542355822633
192253.21224505734	2000.0	1403.5128889229727	0.0	0	0.0	1656.725133980246	1	0	1	2.6800074639307976
194939.12564013133	3000.0	200.0	482.4005061509827	0	0.0	2139.125640131271	1	0	1	-0.042621061140854066
195108.69726115416	300.0	1013.4712168748864	0.0	0	0.0	2122.1684780289943	1	0	2	-2.9151952539883506
195753.94181584747	1000.0	1303.702206712246	0.0	0	0.0	2057.64402255966	1	0	2	0.194523309114426
196205.0768478305	1000.0	1807.4536715309043	0.0	0	0.0	2012.5305193613458	1	0	2	1.4035765183355202
197212.74162003593	2000.0	1699.022422104921	0.0	0	0.0	1911.7640421407996	1	0	2	1.7582670226060944
198200.0	2000.0	1613.03820414444	0.0	0	158.40790578132146	1813.0382041443954	1	0	2	2.461494289260726
199200.0	2000.0	1513.0382041444425	0.0	0	161.23048390302574	1713.0382041443954	1	0	2	2.4709117720667217
200901.67427553202	2000.0	811.3639286124492	0.0	0	0.0	1713.0382041444245	1	0	1	2.4743761569143796
201648.64173559562	1000.0	1064.3964685488354	0.0	0	0.0	1713.0382041444245	1	0	1	0.9415082055145165
202545.33253661334	1000.0	1167.705667531147	0.0	0	0.0	1713.0382041444245	1	0	1	1.6346553860744617
203200.0	1000.0	1513.038204144504	0.0	0	20.785319759277627	1713.0382041444536	1	0	1	1.634655386074459
204200.0	2000.0	1513.0382041444952	0.0	0	126.89296549416031	1713.0382041444536	1	0	1	1.9812289763544317
205200.0	2000.0	1513.0382041445007	0.0	0	318.7339181623247	1713.0382041444536	1	0	1	2.674376156914377
206200.0	1000.0	1513.0382041445348	0.0	0	623.097602021473	1713.0382041444827	1	0	1	0.9415082055145126
207200.0	2000.0	1513.0382041445132	0.0	0	388.2976248850173	1713.0382041444536	1	0	1	1.98122897635443
208293.18591463167	3000.0	1419.8522895128058	0.0	0	0.0	1713.0382041444536	1	0	1	2.8771087109684594
209225.74044493854	2000.0	1487.2977592059294	0.0	0	0.0	1713.0382041444827	1	0	1	2.2689110488062094
210200.0	3000.0	1513.0382041444764	0.0	0	5.3084770721325185	1713.0382041444827	1	0	1	2.8771087109684563
211595.99003454638	3000.0	1117.0481695980823	0.0	0	0.0	1713.0382041445118	1	0	1	3.282573819076618
212271.2144070703	2000.0	1441.823797074155	0.0	0	0.0	1713.0382041445118	1	0	1	2.2689110488062063
214097.85246100317	3000.0	615.1857431412657	0.0	0	0.0	1713.0382041445118	1	0	1	2.877108710968453
214666.07866439488	1000.0	1046.9595397495473	0.0	0	0.0	1713.0382041445118	1	0	1	0.5360430974063433
215284.0909405171	1000.0	1428.947263627333	0.0	0	0.0	1713.0382041445118	1	0	1	1.634655386074453
216658.33239202894	2000.0	1054.7058121155028	0.0	0	0.0	1713.0382041445118	1	0	1	1.9812289763544257
217200.0	1000.0	1513.038204144419	0.0	0	66.46089689785731	1713.0382041445118	1	0	1	0.9415082055145079
218200.0	1000.0	1513.0382041444373	0.0	0	116.8062539602106	1713.0382041444827	1	0	1	1.6346553860744562
220042.01812549832	2000.0	671.0200786461512	0.0	0	0.0	1713.0382041445118	1	0	1	1.9812289763544257
220434.5507275905	500.0	1278.4874765539403	0.0	0	0.0	1713.038204144541	1	0	1	-0.7913597458853585
221200.0	1000.0	1513.0382041444395	0.0	0	200.61746847463655	1713.038204144541	1	0	1	0.941508205514505
222200.0	1000.0	1513.0382041444204	0.0	0	568.2395089845813	1713.038204144541	1	0	1	1.6346553860744504
223315.44937650405	2000.0	1397.5888276403577	0.0	0	0.0	1713.038204144541	1	0	1	1.9812289763544229
224200.0	1000.0	1513.0382041444286	0.0	0	193.69882473355392	1713.03820414457	1	0	1	0.9415082055145021
225200.0	1000.0	1513.0382041443966	0.0	0	488.9767709657026	1713.03820414457	1	0	1	1.6346553860744473
226200.0	2000.0	1513.0382041443747	0.0	0	416.7477445497934	1713.03820414457	1	0	1	1.9812289763544202
227200.0	2000.0	1513.0382041443763	0.0	0	287.5958511433855	1713.038204144541	1	0	1	2.6743761569143683
228200.0	2000.0	1513.0382041443968	0.0	0	180.68555092805764	1713.038204144541	1	0	1	2.6743761569143683
229200.0	2000.0	1513.038204144416	0.0	0	43.55143347274861	1713.038204144541	1	0	1	2.6743761569143683
230915.1049143577	3000.0	797.933289786705	0.0	0	0.0	1713.038204144541	1	0	1	2.8771087109684506
231503.56843954427	1000.0	1209.4697646001466	0.0	0	0.0	1713.038204144541	1	0	1	0.5360430974063405
232253.19261461333	2000.0	1459.8455895311213	0.0	0	0.0	1713.038204144541	1	0	1	1.9812289763544229
233239.01740530087	2000.0	1474.020798843548	0.0	0	0.0	1713.038204144541	1	0	1	2.6743761569143683
234339.47258967347	2000.0	1373.5656144709644	0.0	0	0.0	1713.038204144541	1	0	1	2.6743761569143683
235379.1404996603	2000.0	1333.8977044841033	0.0	0	0.0	1713.038204144541	1	0	1	2.6743761569143683
236553.23890260916	2000.0	1159.7993015352363	0.0	0	0.0	1713.0382041445118	1	0	1	2.674376156914371
237477.22340020371	2000.0	1235.8148039406503	0.0	0	0.0	1713.0382041444827	1	0	1	2.6743761569143736
238245.84136799912	2000.0	1467.1968361452132	0.0	0	0.0	1713.0382041444536	1	0	1	2.6743761569143767
239200.0	2000.0	1513.038204144359	0.0	0	120.57917799934512	1713.0382041444827	1	0	1	2.6743761569143736
240382.7702090847	2000.0	1330.2679950596857	0.0	0	0.0	1713.0382041444827	1	0	1	2.6743761569143736
241200.0	2000.0	1513.038204144395	0.0	0	73.3418480794935	1713.0382041444827	1	0	1	2.674376156914375
242673.3770184628	3000.0	1039.661185681568	0.0	0	0.0	1713.0382041444827	1	0	1	2.8771087109684563
243435.92335334155	1000.0	1277.114850802826	0.0	0	0.0	1713.0382041444827	1	0	1	0.5360430974063463
244200.0	1000.0	1513.0382041443581	0.0	0	244.19232481427025	1713.0382041444827	1	0	1	1.6346553860744562
245200.0	2000.0	1513.0382041443665	0.0	0	401.8536489982507	1713.0382041445118	1	0	1	1.9812289763544273
246200.0	2000.0	1513.038204144356	0.0	0	458.50085719066556	1713.0382041445118	1	0	1	2.674376156914371
247371.90407718858	3000.0	1341.134126955742	0.0	0	0.0	1713.0382041445118	1	0	1	2.877108710968453
248536.91430253576	3000.0	1176.1239016085674	0.0	0	0.0	1713.0382041445118	1	0	1	3.282573819076618
249483.6084278156	2000.0	1229.429776328719	0.0	0	0.0	1713.038204144541	1	0	1	2.2689110488062036
250667.71287792776	2000.0	1045.325326216583	0.0	0	0.0	1713.038204144541	1	0	1	2.6743761569143683
251713.10321109553	2000.0	999.9349930488371	0.0	0	0.0	1713.038204144541	1	0	1	2.6743761569143683
252936.61053035237	2000.0	776.4276737919685	0.0	0	0.0	1713.038204144541	1	0	1	2.6743761569143683
253390.50582541386	1000.0	1322.5323787304926	0.0	0	0.0	1713.03820414457	1	0	1	0.9415082055145021
254317.97474968393	2000.0	1395.063454460408	0.0	0	0.0	1713.03820414457	1	0	1	1.9812289763544202
255548.63293330243	2000.0	1164.405270841893	0.0	0	0.0	1713.038204144541	1	0	1	2.6743761569143683
256200.0	1000.0	1513.038204144319	0.0	0	8.192165311455028	1713.038204144541	1	0	1	0.9415082055145052
257398.07258873753	2000.0	1314.9656154067866	0.0	0	0.0	1713.038204144541	1	0	1	1.9812289763544229
258200.0	1000.0	1513.0382041443158	0.0	0	90.81975494950893	1713.03820414457	1	0	1	0.9415082055145021
259200.0	2000.0	1513.0382041443336	0.0	0	69.40682864683913	1713.0382041445991	1	0	1	1.9812289763544182
260200.0	2000.0	1513.0382041443297	0.0	0	160.2073590143118	1713.0382041445991	1	0	1	2.674376156914362
261200.0	2000.0	1513.0382041443713	0.0	0	139.11968309798976	1713.0382041445991	1	0	1	2.674376156914362
262843.7963688787	2000.0	869.2418352656342	0.0	0	0.0	1713.03820414457	1	0	1	2.674376156914364
263321.43053344305	1000.0	1391.6076707012878	0.0	0	0.0	1713.038204144541	1	0	1	0.9415082055145034
264340.5398757335	2000.0	1372.498328410881	0.0	0	0.0	1713.0382041445118	1	0	1	1.9812289763544257
265200.0	2000.0	1513.0382041443534	0.0	0	63.33384042599937	1713.0382041444536	1	0	1	2.674376156914375
266200.0	2000.0	1513.0382041443372	0.0	0	112.8437359999516	1713.0382041444536	1	0	1	2.674376156914377
267200.0	2000.0	1513.038204144347	0.0	0	459.7952361564967	1713.0382041443954	1	0	1	2.6743761569143825
268375.5745566287	3000.0	1337.4636475156938	0.0	0	0.0	1713.0382041443372	1	0	1	2.8771087109684705
269905.5102564083	3000.0	807.5279477360349	0.0	0	0.0	1713.0382041442208	1	0	1	3.2825738190766423
270325.15404054464	1000.0	1387.884163599764	0.0	0	0.0	1713.0382041441626	1	0	1	0.5360430974063782
271200.0	2000.0	1513.038204144414	0.0	0	204.21317493449897	1713.0382041441044	1	0	1	1.9812289763544628
272231.9682894321	3000.0	1481.069914712214	0.0	0	0.0	1713.0382041441044	1	0	1	2.8771087109684936
273900.1782248462	3000.0	812.8599792981518	0.0	0	0.0	1713.0382041441626	1	0	1	3.282573819076653
274204.12009759544	1000.0	1508.9181065488935	0.0	0	0.0	1713.0382041441626	1	0	1	0.5360430974063782
275200.0	3000.0	1513.0382041443827	0.0	0	151.67307068331866	1713.0382041441626	1	0	1	2.183961530408543
276200.0	2000.0	1513.0382041444445	0.0	0	214.6519389001187	1713.0382041441626	1	0	1	2.2689110488062414
277200.0	3000.0	1513.0382041444784	0.0	0	147.6305795655935	1713.0382041442208	1	0	1	2.877108710968483
278200.0	2000.0	1513.038204144452	0.0	0	422.7105835227994	1713.0382041442208	1	0	1	2.268911048806235
279200.0	3000.0	1513.0382041444484	0.0	0	52.74026656616479	1713.0382041442208	1	0	1	2.877108710968483
280200.0	2000.0	1513.0382041444695	0.0	0	123.35806287196465	1713.0382041441626	1	0	1	2.2689110488062414
281224.0628445984	2000.0	1488.9753595460934	0.0	0	0.0	1713.0382041441044	1	0	1	2.6743761569144113
282446.5297027261	3000.0	1266.5085014183974	0.0	0	0.0	1713.0382041441626	1	0	1	2.8771087109684883
283200.0	2000.0	1513.038204144549	0.0	0	51.54798206349369	1713.0382041441626	1	0	1	2.2689110488062414
284441.0410674378	3000.0	1271.9971367067417	0.0	0	0.0	1713.0382041441626	1	0	1	2.8771087109684883
285200.0	2000.0	1513.0382041445305	0.0	0	49.42696916422574	1713.0382041441626	1	0	1	2.2689110488062414
286246.9006130532	3000.0	1466.1375910913366	0.0	0	0.0	1713.0382041441626	1	0	1	2.8771087109684883
287200.0	2000.0	1513.03820414454	0.0	0	528.2704047497828	1713.0382041441626	1	0	1	2.268911048806245
288398.663112376	3000.0	1314.375091768514	0.0	0	0.0	1713.0382041441626	1	0	1	2.8771087109684883
289953.2400648989	3000.0	759.7981392456355	0.0	0	0.0	1713.0382041441626	1	0	1	3.282573819076653
290691.55321174604	2000.0	1021.4849923985009	0.0	0	0.0	1713.0382041441044	1	0	1	2.2689110488062467
291592.13447382837	2000.0	1120.9037303161736	0.0	0	0.0	1713.0382041441626	1	0	1	2.674376156914406
292631.7137480044	2000.0	1081.3244561400777	0.0	0	0.0	1713.0382041442208	1	0	1	2.6743761569144
293544.92010679387	2000.0	1168.1180973505743	0.0	0	0.0	1713.0382041442208	1	0	1	2.6743761569144
294957.06865803566	2000.0	755.9695461087435	0.0	0	0.0	1713.0382041442208	1	0	1	2.6743761569144
295447.5676840037	1000.0	1265.470520140665	0.0	0	0.0	1713.0382041442208	1	0	1	0.9415082055145371
296430.9947446046	2000.0	1282.0434595397621	0.0	0	0.0	1713.038204144279	1	0	1	1.981228976354449
297973.79078251973	2000.0	739.247421624672	0.0	0	0.0	1713.0382041442208	1	0	1	2.6743761569144
298418.2363478499	1000.0	1294.8018562945276	0.0	0	0.0	1713.0382041442208	1	0	1	0.9415082055145371
299200.0	1000.0	1513.0382041444566	0.0	0	393.2222907488467	1713.038204144279	1	0	1	1.63465538607448
300200.0	2000.0	1513.0382041444682	0.0	0	36.88387385068927	1713.038204144279	1	0	1	1.9812289763544502
301200.0	2000.0	1513.0382041444145	0.0	0	289.3240875999327	1713.0382041442208	1	0	1	2.6743761569144
302200.0	3000.0	1513.0382041444618	0.0	0	274.34703779796837	1713.0382041442208	1	0	1	2.877108710968483
303200.0	2000.0	1513.03820414452	0.0	0	336.815059395798	1713.038204144279	1	0	1	2.268911048806233
304711.0075907756	3000.0	1002.0306133689336	0.0	0	0.0	1713.0382041443372	1	0	1	2.8771087109684705
305445.4007601847	2000.0	1267.637443959866	0.0	0	0.0	1713.0382041443372	1	0	1	2.268911048806224
306658.5351091394	2000.0	1054.5030950051482	0.0	0	0.0	1713.0382041443372	1	0	1	2.6743761569143887
308333.03619598807	2000.0	380.0020081565026	0.0	0	0.0	1713.0382041443372	1	0	1	2.674376156914391
308618.41791487666	500.0	1094.620289267927	0.0	0	0.0	1713.0382041443372	1	0	1	-0.7913597458853381
1.9	2.66	3.37	3.73	3.15	3.61	3.15	2.71	2.58	1.88	1.81	3.02	3.48	2.8	3.05	2.9	2.39	2.42	3.0	2.54	1.92	2.47	3.65	3.76	4.33	2.94	2.37	1.44	2.48	3.21	3.6	2.13	2.29	1.45	0.88	1.26	1.95	2.43	1.71	2.76	1.78	1.2	1.4	1.36	1.91	2.94	3.67	2.92	1.84	2.39	2.24	2.75	2.78	2.44	1.19	1.83	2.09	1.74	1.52	0.72	1.31	1.49	2.22	2.48	1.33	1.71	2.69	3.48	1.89	2.37	1.84	1.99	1.78	2.49	2.29	1.86	2.31	1.87	2.77	2.19	2.2	2.53	1.58	1.76	1.82	3.17	3.89	3.54	3.13	2.47	2.11	2.32	2.24	2.27	2.12	1.82	1.91	2.28	1.44	2.21	2.22	2.06	1.77	1.51	2.41	2.63	2.39	3.03	2.49	3.27	2.27	3.37	2.87	2.19	2.28	3.04	2.43	2.83	2.87	2.77	2.7	2.22	1.86	2.22	2.42	2.59	3.34	3.99	4.29	2.13	2.47	2.61	1.6	2.81	2.91	1.49	2.11	1.64	1.66	2.46	2.18	2.72	3.36	3.34	2.39	2.7	2.72	1.53	1.44	2.92	1.9	2.66	3.37	3.73	3.15	3.61	3.15	2.71	2.58	1.88	1.81	3.02	3.48	2.8	3.05	2.9	2.39	2.42	3.0	2.54	1.92	2.47	3.65	3.76	4.33	2.94	2.37	1.44	2.48	3.21	3.6	2.13	2.29	1.45	0.88	1.26	1.95	2.43	1.71	2.76	1.78	1.2	1.4	1.36	1.91	2.94	3.67	2.92	1.84	2.39	2.24	2.75	2.78	2.44	1.19	1.83	2.09	1.74	1.52	0.72	1.31	1.49	2.22	2.48	1.33	1.71	2.69	3.48	1.89	2.37	1.84	1.99	1.78	2.49	2.29	1.86	2.31	1.87	2.77	2.19	2.2	2.53	1.58	1.76	1.82	3.17	3.89	3.54	3.13	2.47	2.11	2.32	2.24	2.27	2.12	1.82	1.91	2.28	1.44	2.21	2.22	2.06	1.77	1.51	2.41	2.63	2.39	3.03	2.49	3.27	2.27	3.37	2.87	2.19	2.28	3.04	2.43	2.83	2.87	2.77	2.7	2.22	1.86	2.22	2.42	2.59	3.34	3.99	4.29	2.13	2.47	2.61	1.6	2.81	2.91	1.49	2.11	1.64	1.66	2.46	2.18	2.72	3.36	3.34	2.39	2.7	2.72	1.53	1.44	2.92	1.9	2.66	3.37	3.73	3.15	3.61	3.15	2.71	2.58	1.88
1.0	2.0	3.0	4.0	5.0	6.0	7.0	8.0	9.0	10.0	11.0	12.0	13.0	14.0	15.0	16.0	17.0	18.0	19.0	20.0	21.0	22.0	23.0	24.0	25.0	26.0	27.0	28.0	29.0	30.0	31.0	32.0	33.0	34.0	35.0	36.0	37.0	38.0	39.0	40.0	41.0	42.0	43.0	44.0	45.0	46.0	47.0	48.0	49.0	50.0	51.0	52.0	53.0	54.0	55.0	56.0	57.0	58.0	59.0	60.0	61.0	62.0	63.0	64.0	65.0	66.0	67.0	68.0	69.0	70.0	71.0	72.0	73.0	74.0	75.0	76.0	77.0	78.0	79.0	80.0	81.0	82.0	83.0	84.0	85.0	86.0	87.0	88.0	89.0	90.0	91.0	92.0	93.0	94.0	95.0	96.0	97.0	98.0	99.0	100.0	101.0	102.0	103.0	104.0	105.0	106.0	107.0	108.0	109.0	110.0	111.0	112.0	113.0	114.0	115.0	116.0	117.0	118.0	119.0	120.0	121.0	122.0	123.0	124.0	125.0	126.0	127.0	128.0	129.0	130.0	131.0	132.0	133.0	134.0	135.0	136.0	137.0	138.0	139.0	140.0	141.0	142.0	143.0	144.0	145.0	146.0	147.0	148.0	149.0	149.0	150.0	151.0	152.0	153.0	154.0	155.0	156.0	157.0	158.0	159.0	160.0	161.0	162.0	163.0	164.0	165.0	166.0	167.0	168.0	169.0	170.0	171.0	172.0	173.0	174.0	175.0	176.0	177.0	178.0	179.0	180.0	181.0	182.0	183.0	184.0	185.0	186.0	187.0	188.0	189.0	190.0	191.0	192.0	193.0	194.0	195.0	196.0	197.0	198.0	199.0	200.0	201.0	202.0	203.0	204.0	205.0	206.0	207.0	208.0	209.0	210.0	211.0	212.0	213.0	214.0	215.0	216.0	217.0	218.0	219.0	220.0	221.0	222.0	223.0	224.0	225.0	226.0	227.0	228.0	229.0	230.0	231.0	232.0	233.0	234.0	235.0	236.0	237.0	238.0	239.0	240.0	241.0	242.0	243.0	244.0	245.0	246.0	247.0	248.0	249.0	250.0	251.0	252.0	253.0	254.0	255.0	256.0	257.0	258.0	259.0	260.0	261.0	262.0	263.0	264.0	265.0	266.0	267.0	268.0	269.0	270.0	271.0	272.0	273.0	274.0	275.0	276.0	277.0	278.0	279.0	280.0	281.0	282.0	283.0	284.0	285.0	286.0	287.0	288.0	289.0	290.0	291.0	292.0	293.0	294.0	295.0	296.0	297.0	298.0	298.0	299.0	300.0	301.0	302.0	303.0	304.0	305.0	306.0	307.0	308.0
2476.2624330591243
