2234.0340680767313	300.0	2000.0	93.09057629210605	0	0.0	2234.0340680767313	1	0	1	-0.7804176815510223
5200.0	3000.0	357.6722895704115	385.1566268821934	0	166.54023718997178	557.6722895704115	1	0	2	-1.6187476440363797
6200.0	1000.0	2457.672289570413	0.0	0	548.6474951898008	2657.672289570413	1	0	0	0.04554148588596013
9847.667302548747	6000.0	200.0	504.3288574847359	0	0.0	1047.667302548747	1	0	2	-1.0272038904333298
10200.0	500.0	2882.900572293874	0.0	0	184.24443208951743	3082.9005722938746	1	0	0	-2.425131779861238
14244.789851882602	6000.0	200.0	514.8802407063532	0	0.0	1444.7898518826023	1	0	2	-1.8138289045998044
14434.28709092535	500.0	1010.5027609572523	0.0	0	0.0	1444.7898518826023	1	0	1	-2.063147199327274
15200.0	2000.0	1244.7898518826019	0.0	0	42.78560808482325	1444.7898518826005	1	0	1	1.3149066310206714
16200.0	3000.0	1244.7898518826014	0.0	0	19.158927992202734	1444.7898518825987	1	0	1	2.9039335461946445
17200.0	2000.0	1244.7898518825998	0.0	0	340.302378415774	1444.7898518825968	1	0	1	2.2957358840323976
18200.0	2000.0	1244.7898518826007	0.0	0	192.48615235297257	1444.7898518826005	1	0	1	2.701200992140562
19483.08897624453	3000.0	961.7008756380698	0.0	0	0.0	1444.7898518826005	1	0	1	2.9039335461946445
20200.0	2000.0	1244.7898518825975	0.0	0	164.25452712391052	1444.7898518826005	1	0	1	2.2957358840323976
21200.0	3000.0	1244.7898518825964	0.0	0	125.20682633451361	1444.7898518826005	1	0	1	2.9039335461946445
22200.0	3000.0	1244.7898518825953	0.0	0	165.75065631031248	1444.7898518825968	1	0	1	3.309398654302809
23200.0	3000.0	1244.7898518825928	0.0	0	405.8115472674144	1444.7898518825968	1	0	1	3.309398654302809
24200.0	3000.0	1244.7898518825932	0.0	0	76.50477317374316	1444.7898518825968	1	0	1	3.309398654302809
25344.49073912716	3000.0	1100.2991127554383	0.0	0	0.0	1444.7898518826005	1	0	1	3.309398654302809
26414.703613130518	3000.0	1030.0862387520797	0.0	0	0.0	1444.7898518826005	1	0	1	3.309398654302809
27576.62568779553	3000.0	868.164164087065	0.0	0	0.0	1444.7898518826005	1	0	1	3.309398654302809
28502.360772018525	2000.0	942.4290798640718	0.0	0	0.0	1444.7898518826005	1	0	1	2.2957358840323976
29881.823266554813	2000.0	562.9665853277852	0.0	0	0.0	1444.7898518826041	1	0	1	2.7012009921405618
30758.443042453433	1000.0	686.3468094291692	0.0	0	0.0	1444.7898518826041	1	0	1	0.9683330407406987
31303.81538603914	1000.0	1140.974465843462	0.0	0	0.0	1444.7898518826041	1	0	1	1.6614802213006439
32200.0	1000.0	1244.7898518826023	0.0	0	450.8459486903557	1444.7898518826005	1	0	1	1.6614802213006443
33200.0	1000.0	1244.7898518826055	0.0	0	734.8426802123067	1444.7898518826041	1	0	1	1.6614802213006443
34200.0	2000.0	1244.789851882597	0.0	0	659.8273311178418	1444.7898518825932	1	0	1	2.0080538115806172
35200.0	2000.0	1244.7898518825868	0.0	0	503.3665080170613	1444.7898518825896	1	0	1	2.7012009921405635
36200.0	3000.0	1244.789851882588	0.0	0	229.47350774695224	1444.7898518825896	1	0	1	2.903933546194646
37216.4944655603	3000.0	1228.2953863222858	0.0	0	0.0	1444.7898518826041	1	0	1	3.309398654302809
38336.47982015695	3000.0	1108.3100317256344	0.0	0	0.0	1444.7898518826114	1	0	1	3.309398654302808
39266.63972095035	3000.0	1178.1501309322339	0.0	0	0.0	1444.7898518826114	1	0	1	3.309398654302808
40200.0	3000.0	1244.789851882585	0.0	0	226.23277301126654	1444.7898518826114	1	0	1	3.309398654302808
41200.0	3000.0	1244.7898518825962	0.0	0	307.6574372066243	1444.7898518826114	1	0	1	3.309398654302808
42200.0	3000.0	1244.7898518826012	0.0	0	375.0120629071389	1444.7898518826114	1	0	1	3.309398654302808
43200.0	3000.0	1244.7898518826034	0.0	0	6.778982481351704	1444.7898518826114	1	0	1	3.309398654302808
44200.0	3000.0	1244.7898518825941	0.0	0	0.6900070205156226	1444.7898518826114	1	0	1	3.309398654302808
45200.0	3000.0	1244.7898518825916	0.0	0	413.66967315285	1444.7898518826041	1	0	1	3.3093986543028087
46200.0	3000.0	1244.7898518825884	0.0	0	317.740833613876	1444.7898518826041	1	0	1	3.3093986543028087
47200.0	3000.0	1244.7898518825853	0.0	0	228.50587809256103	1444.7898518826114	1	0	1	3.309398654302808
48200.0	3000.0	1244.7898518825937	0.0	0	124.15899598774558	1444.7898518826187	1	0	1	3.3093986543028073
49200.0	3000.0	1244.7898518825848	0.0	0	355.45121915463096	1444.7898518826187	1	0	1	3.3093986543028073
50529.61517469977	3000.0	915.1746771828098	0.0	0	0.0	1444.7898518826187	1	0	1	3.3093986543028073
51204.221669811224	2000.0	1240.568182071357	0.0	0	0.0	1444.7898518826187	1	0	1	2.2957358840323954
52300.51169853063	3000.0	1144.2781533519515	0.0	0	0.0	1444.7898518826187	1	0	1	2.9039335461946427
53200.0	2000.0	1244.789851882583	0.0	0	322.2293527892398	1444.7898518826187	1	0	1	2.2957358840323954
54200.0	2000.0	1244.789851882579	0.0	0	457.14155198311346	1444.7898518826187	1	0	1	2.70120099214056
55200.0	2000.0	1244.7898518825823	0.0	0	409.60175611488376	1444.7898518826187	1	0	1	2.70120099214056
56200.0	3000.0	1244.7898518825743	0.0	0	244.97373085187428	1444.7898518826187	1	0	1	2.9039335461946427
57200.0	3000.0	1244.7898518825757	0.0	0	183.57761927366664	1444.7898518826187	1	0	1	3.3093986543028073
58200.0	3000.0	1244.7898518825791	0.0	0	195.07080570269318	1444.789851882626	1	0	1	3.3093986543028064
59200.0	3000.0	1244.7898518825814	0.0	0	285.8720857198423	1444.789851882626	1	0	1	3.3093986543028064
60200.0	3000.0	1244.7898518825857	0.0	0	440.5864951237745	1444.789851882626	1	0	1	3.3093986543028064
61200.0	3000.0	1244.7898518825914	0.0	0	272.9089224486015	1444.7898518826332	1	0	1	3.309398654302806
62530.82403503097	3000.0	913.9658168516191	0.0	0	0.0	1444.7898518826332	1	0	1	3.309398654302806
63397.9960951585	3000.0	1046.7937567240888	0.0	0	0.0	1444.7898518826332	1	0	1	3.309398654302806
64501.23488663907	3000.0	943.554965243524	0.0	0	0.0	1444.7898518826332	1	0	1	3.309398654302806
66069.99995600745	2000.0	374.78989587513354	0.0	0	0.0	1444.7898518826332	1	0	1	2.2957358840323945
66375.08367782368	500.0	1069.706174058913	0.0	0	0.0	1444.7898518826405	1	0	1	-0.7645349106591681
67200.0	1000.0	1244.7898518825925	0.0	0	145.8104373206006	1444.7898518826405	1	0	1	0.9683330407406953
68200.0	1000.0	1244.7898518825864	0.0	0	466.4027910564764	1444.7898518826405	1	0	1	1.66148022130064
69200.0	1000.0	1244.7898518826034	0.0	0	486.63678177265683	1444.7898518826405	1	0	1	1.66148022130064
70200.0	1000.0	1244.7898518825907	0.0	0	473.26168563583633	1444.7898518826405	1	0	1	1.66148022130064
71200.0	1000.0	1244.7898518825875	0.0	0	395.0735776980873	1444.7898518826405	1	0	1	1.66148022130064
72458.4440771789	2000.0	986.3457747036915	0.0	0	0.0	1444.7898518826405	1	0	1	2.008053811580613
73200.0	1000.0	1244.7898518825816	0.0	0	308.84632125082135	1444.789851882626	1	0	1	0.9683330407406954
74200.0	2000.0	1244.7898518825882	0.0	0	346.24642428793595	1444.789851882626	1	0	1	2.008053811580614
75200.0	2000.0	1244.7898518826048	0.0	0	415.0068721472344	1444.7898518826405	1	0	1	2.701200992140558
76200.0	2000.0	1244.7898518826237	0.0	0	47.41477447649231	1444.789851882655	1	0	1	2.7012009921405564
77200.0	2000.0	1244.7898518826285	0.0	0	324.8389471394039	1444.789851882655	1	0	1	2.7012009921405564
78463.40338435039	3000.0	981.386467532238	0.0	0	0.0	1444.789851882655	1	0	1	2.903933546194639
79200.0	2000.0	1244.7898518826082	0.0	0	128.18493426458735	1444.789851882655	1	0	1	2.295735884032392
80926.46159103932	3000.0	518.3282608432893	0.0	0	0.0	1444.789851882655	1	0	1	2.903933546194639
81325.36518310478	1000.0	1119.4246687778325	0.0	0	0.0	1444.7898518826696	1	0	1	0.5628679326325275
82200.0	2000.0	1244.7898518826082	0.0	0	304.62744774116436	1444.7898518826696	1	0	1	2.0080538115806097
83200.0	2000.0	1244.789851882607	0.0	0	114.77440486013074	1444.7898518826696	1	0	1	2.701200992140555
84498.02276843404	2000.0	946.7670834485693	0.0	0	0.0	1444.7898518826696	1	0	1	2.701200992140555
85364.57619833696	2000.0	1080.2136535456398	0.0	0	0.0	1444.7898518826696	1	0	1	2.701200992140555
86218.10774939715	2000.0	1226.682102485451	0.0	0	0.0	1444.7898518826696	1	0	1	2.701200992140555
87253.41635449702	2000.0	1191.3734973855876	0.0	0	0.0	1444.7898518826696	1	0	1	2.701200992140555
88200.0	2000.0	1244.7898518825962	0.0	0	68.00925674910832	1444.7898518826696	1	0	1	2.701200992140555
89281.47046814949	2000.0	1163.3193837331037	0.0	0	0.0	1444.7898518826696	1	0	1	2.701200992140555
90200.0	2000.0	1244.7898518825868	0.0	0	314.76602607300447	1444.7898518826696	1	0	1	2.701200992140555
91200.0	2000.0	1244.7898518825814	0.0	0	458.7829379824834	1444.7898518826696	1	0	1	2.701200992140555
92200.0	2000.0	1244.789851882573	0.0	0	552.524816549063	1444.7898518826696	1	0	1	2.701200992140555
93200.0	2000.0	1244.7898518825536	0.0	0	534.0843228731683	1444.789851882655	1	0	1	2.7012009921405564
94200.0	3000.0	1244.789851882553	0.0	0	299.77455292349623	1444.789851882655	1	0	1	2.903933546194639
95200.0	3000.0	1244.789851882545	0.0	0	503.16949184800615	1444.789851882655	1	0	1	3.3093986543028038
96200.0	3000.0	1244.7898518825452	0.0	0	94.42217916554364	1444.789851882655	1	0	1	3.3093986543028038
97590.74577985243	3000.0	854.0440720301089	0.0	0	0.0	1444.789851882655	1	0	1	3.3093986543028038
98333.3479511364	2000.0	1111.4419007461347	0.0	0	0.0	1444.789851882655	1	0	1	2.295735884032392
99200.0	3000.0	1244.7898518825302	0.0	0	160.9745353224571	1444.789851882655	1	0	1	2.903933546194639
100316.3893404479	3000.0	1128.4005114346305	0.0	0	0.0	1444.789851882655	1	0	1	3.3093986543028038
101554.41412156301	3000.0	890.3757303195313	0.0	0	0.0	1444.789851882655	1	0	1	3.3093986543028038
102310.52111545877	2000.0	1134.2687364237736	0.0	0	0.0	1444.789851882655	1	0	1	2.295735884032392
103258.20004142665	2000.0	1186.589810455907	0.0	0	0.0	1444.789851882655	1	0	1	2.7012009921405564
104200.0	2000.0	1244.7898518825573	0.0	0	27.19820297815022	1444.789851882655	1	0	1	2.7012009921405564
105392.85793967101	2000.0	1051.9319122115508	0.0	0	0.0	1444.789851882655	1	0	1	2.7012009921405564
106200.0	1000.0	1244.7898518825662	0.0	0	498.11004078167025	1444.789851882655	1	0	1	0.9683330407406936
107200.0	2000.0	1244.7898518825666	0.0	0	291.4236456302315	1444.7898518826696	1	0	1	2.0080538115806097
108245.74038141382	2000.0	1199.0494704687483	0.0	0	0.0	1444.7898518826696	1	0	1	2.701200992140555
109200.0	2000.0	1244.7898518825673	0.0	0	89.2242766066629	1444.7898518826842	1	0	1	2.7012009921405538
110200.0	2000.0	1244.7898518825596	0.0	0	382.1708921885438	1444.7898518826842	1	0	1	2.7012009921405538
111200.0	2000.0	1244.7898518825689	0.0	0	329.8747444023902	1444.7898518826987	1	0	1	2.701200992140552
112786.64756160184	2000.0	658.1422902807248	0.0	0	0.0	1444.7898518826987	1	0	1	2.701200992140552
113477.68895878652	1000.0	967.1008930960392	0.0	0	0.0	1444.7898518826987	1	0	1	0.9683330407406892
114575.0716625305	2000.0	869.7181893520376	0.0	0	0.0	1444.7898518826987	1	0	1	2.008053811580607
115200.0	1000.0	1244.78985188254	0.0	0	215.48622043705836	1444.7898518826987	1	0	1	0.9683330407406892
116200.0	2000.0	1244.7898518825389	0.0	0	288.33825329557294	1444.7898518826987	1	0	1	2.008053811580607
117200.0	2000.0	1244.789851882541	0.0	0	280.2270209821145	1444.7898518826987	1	0	1	2.701200992140552
118200.0	2000.0	1244.7898518825348	0.0	0	270.266041469833	1444.7898518826987	1	0	1	2.701200992140552
119200.0	2000.0	1244.7898518825357	0.0	0	238.65984633813787	1444.7898518826987	1	0	1	2.701200992140552
120274.54815820536	3000.0	1170.2416936771633	0.0	0	0.0	1444.7898518826987	1	0	1	2.9039335461946347
121200.0	3000.0	1244.789851882546	0.0	0	99.88980300202093	1444.7898518826987	1	0	1	3.3093986543027993
122200.0	3000.0	1244.78985188255	0.0	0	193.05532417852373	1444.7898518826987	1	0	1	3.3093986543027993
123654.24539047322	3000.0	790.5444614093362	0.0	0	0.0	1444.7898518826987	1	0	1	3.3093986543027993
124369.92716773534	2000.0	1074.8626841472292	0.0	0	0.0	1444.7898518826987	1	0	1	2.2957358840323874
125200.0	3000.0	1244.7898518825555	0.0	0	155.42054864043894	1444.7898518826987	1	0	1	2.9039335461946347
126200.0	3000.0	1244.7898518825632	0.0	0	551.6464407874591	1444.7898518826987	1	0	1	3.3093986543027993
127200.0	3000.0	1244.789851882591	0.0	0	416.15202366083395	1444.7898518826987	1	0	1	3.3093986543027993
128200.0	3000.0	1244.7898518825832	0.0	0	681.9007338681404	1444.7898518826842	1	0	1	3.309398654302801
129200.0	3000.0	1244.7898518825855	0.0	0	507.6291038645286	1444.7898518826842	1	0	1	3.309398654302801
130747.65688106632	3000.0	697.1329708162596	0.0	0	0.0	1444.7898518826842	1	0	1	3.309398654302801
131500.0767391995	3000.0	944.7131126830847	0.0	0	0.0	1444.7898518826842	1	0	1	3.309398654302801
132338.3041599895	3000.0	1106.485691893087	0.0	0	0.0	1444.7898518826987	1	0	1	3.3093986543028002
133200.0	3000.0	1244.7898518825723	0.0	0	236.36931157679646	1444.7898518826987	1	0	1	3.3093986543027993
134200.0	3000.0	1244.7898518825657	0.0	0	496.6994427078462	1444.7898518826987	1	0	1	3.3093986543027993
135200.0	3000.0	1244.7898518825511	0.0	0	21.48915285230032	1444.7898518827278	1	0	1	3.3093986543027967
136200.0	3000.0	1244.7898518825527	0.0	0	240.05602235719562	1444.7898518827278	1	0	1	3.3093986543027967
137867.1168857228	3000.0	577.6729661597833	0.0	0	0.0	1444.7898518827278	1	0	1	3.309398654302796
138467.23001703536	1000.0	977.5598348472158	0.0	0	0.0	1444.7898518826987	1	0	1	0.5628679326325245
139286.7489520578	2000.0	1158.0408998247776	0.0	0	0.0	1444.7898518826696	1	0	1	2.0080538115806097
140200.0	2000.0	1244.7898518825893	0.0	0	146.6001373900508	1444.7898518826696	1	0	1	2.701200992140555
141200.0	2000.0	1244.7898518826155	0.0	0	385.11160386074334	1444.7898518826696	1	0	1	2.701200992140555
142200.0	2000.0	1244.7898518826196	0.0	0	253.5763128239778	1444.7898518826696	1	0	1	2.701200992140555
143200.0	2000.0	1244.7898518826344	0.0	0	295.24174885021057	1444.7898518826987	1	0	1	2.701200992140552
144200.0	2000.0	1244.789851882645	0.0	0	339.75404661821085	1444.7898518826987	1	0	1	2.701200992140552
145200.0	2000.0	1244.7898518826303	0.0	0	377.8955107853981	1444.7898518826987	1	0	1	2.701200992140552
146200.0	2000.0	1244.78985188262	0.0	0	219.81466290683602	1444.7898518826987	1	0	1	2.701200992140552
147200.0	2000.0	1244.7898518826187	0.0	0	529.8978398450417	1444.7898518826987	1	0	1	2.701200992140552
148200.0	3000.0	1244.7898518826223	0.0	0	256.91673676893697	1444.7898518826987	1	0	1	2.9039335461946347
149200.0	3000.0	1244.789851882626	0.0	0	525.8153072042041	1444.7898518826987	1	0	1	3.3093986543027993
150200.0	3000.0	1244.7898518826453	0.0	0	290.1506885626295	1444.7898518826987	1	0	1	3.3093986543027993
151249.07794167602	3000.0	1195.7119102065997	0.0	0	0.0	1444.7898518826987	1	0	1	3.3093986543027993
152200.0	3000.0	1244.7898518826194	0.0	0	133.89895244169747	1444.7898518826987	1	0	1	3.3093986543027993
153398.14377257362	3000.0	1046.6460793090337	0.0	0	0.0	1444.7898518826987	1	0	1	3.3093986543027993
154200.0	2000.0	1244.7898518826612	0.0	0	14.972221055068076	1444.7898518826987	1	0	1	2.2957358840323874
155200.0	2000.0	1244.7898518826864	0.0	0	340.84889859409304	1444.7898518826987	1	0	1	2.701200992140552
156200.0	2000.0	1244.789851882733	0.0	0	75.28864895622246	1444.7898518826987	1	0	1	2.701200992140552
157200.0	2000.0	1244.7898518827233	0.0	0	187.15731389966095	1444.7898518826987	1	0	1	2.701200992140552
158200.0	2000.0	1244.7898518827114	0.0	0	344.6326077238773	1444.7898518826987	1	0	1	2.701200992140552
159200.0	2000.0	1244.789851882703	0.0	0	435.05190225859405	1444.7898518827278	1	0	1	2.7012009921405493
160200.0	2000.0	1244.7898518826844	0.0	0	103.31697395830997	1444.789851882757	1	0	1	2.701200992140549
161200.0	2000.0	1244.7898518826876	0.0	0	189.75319249244058	1444.789851882757	1	0	1	2.7012009921405467
162200.0	2000.0	1244.7898518826762	0.0	0	395.5102450409322	1444.7898518827278	1	0	1	2.701200992140547
163200.0	2000.0	1244.7898518826419	0.0	0	200.96732985888957	1444.7898518827278	1	0	1	2.7012009921405493
164200.0	2000.0	1244.7898518826219	0.0	0	306.5824287412979	1444.7898518826987	1	0	1	2.70120099214055
165200.0	2000.0	1244.7898518826264	0.0	0	210.07583062825142	1444.7898518827278	1	0	1	2.7012009921405515
166200.0	2000.0	1244.7898518825991	0.0	0	301.19946027273545	1444.7898518827278	1	0	1	2.7012009921405493
167200.0	2000.0	1244.7898518826044	0.0	0	301.52257412983454	1444.7898518827278	1	0	1	2.7012009921405493
168200.0	3000.0	1244.7898518826287	0.0	0	58.1948820403195	1444.7898518826987	1	0	1	2.9039335461946347
169200.0	3000.0	1244.7898518826337	0.0	0	81.92524322893587	1444.7898518827278	1	0	1	3.3093986543027967
170251.69558337753	3000.0	1193.0942685051052	0.0	0	0.0	1444.789851882757	1	0	1	3.3093986543027936
171200.0	3000.0	1244.7898518826228	0.0	0	118.15309590217657	1444.789851882757	1	0	1	3.3093986543027936
172200.0	3000.0	1244.7898518826205	0.0	0	298.9639674688806	1444.7898518827278	1	0	1	3.309398654302794
173200.0	3000.0	1244.7898518826303	0.0	0	276.96064291190123	1444.7898518827278	1	0	1	3.3093986543027967
174200.0	3000.0	1244.789851882631	0.0	0	322.4594599244592	1444.789851882757	1	0	1	3.309398654302796
175200.0	3000.0	1244.7898518826423	0.0	0	395.14963516639546	1444.789851882786	1	0	1	3.3093986543027905
176325.14565501062	3000.0	1119.6441968720253	0.0	0	0.0	1444.789851882757	1	0	1	3.3093986543027922
177996.25178415657	3000.0	448.5380677260869	0.0	0	0.0	1444.789851882786	1	0	1	3.3093986543027913
178783.76752565757	1000.0	661.0223262250778	0.0	0	0.0	1444.789851882786	1	0	1	0.5628679326325159
179452.5820583595	1000.0	992.2077935231343	0.0	0	0.0	1444.789851882786	1	0	1	1.661480221300626
180200.0	1000.0	1244.7898518826407	0.0	0	232.7430319924024	1444.7898518828151	1	0	1	1.6614802213006252
181200.0	1000.0	1244.7898518826394	0.0	0	509.903494568076	1444.7898518828151	1	0	1	1.6614802213006228
182200.0	1000.0	1244.7898518826378	0.0	0	764.2260019802197	1444.789851882786	1	0	1	1.661480221300626
183200.0	2000.0	1244.7898518826378	0.0	0	485.9000419450167	1444.7898518828151	1	0	1	2.0080538115805977
184200.0	2000.0	1244.7898518826655	0.0	0	457.4863238001999	1444.7898518828733	1	0	1	2.7012009921405373
185263.98312279602	3000.0	1180.806729086643	0.0	0	0.0	1444.7898518828733	1	0	1	2.9039335461946174
186464.22785010448	3000.0	980.5620017782053	0.0	0	0.0	1444.7898518828733	1	0	1	3.309398654302782
187352.24773438022	3000.0	1092.5421175024926	0.0	0	0.0	1444.7898518828442	1	0	1	3.3093986543027847
188200.0	3000.0	1244.78985188272	0.0	0	5.06080022797687	1444.7898518828442	1	0	1	3.3093986543027847
189200.0	3000.0	1244.7898518827255	0.0	0	495.65621180296876	1444.7898518828442	1	0	1	3.3093986543027847
190200.0	3000.0	1244.7898518827287	0.0	0	374.5639703189954	1444.7898518828442	1	0	1	3.3093986543027847
191200.0	3000.0	1244.7898518827465	0.0	0	242.6121888513735	1444.7898518828442	1	0	1	3.3093986543027847
192200.0	3000.0	1244.7898518827494	0.0	0	226.913180363219	1444.7898518828442	1	0	1	3.3093986543027847
193200.0	3000.0	1244.7898518827342	0.0	0	204.75646493103704	1444.7898518828442	1	0	1	3.3093986543027847
194200.0	3000.0	1244.7898518827392	0.0	0	42.840844607766485	1444.7898518828442	1	0	1	3.3093986543027847
195200.0	3000.0	1244.7898518827146	0.0	0	158.95279927787487	1444.7898518828442	1	0	1	3.3093986543027847
196200.0	3000.0	1244.789851882717	0.0	0	94.03004144388251	1444.7898518828442	1	0	1	3.3093986543027847
197200.0	3000.0	1244.7898518827365	0.0	0	284.1816536721599	1444.7898518828733	1	0	1	3.309398654302782
198200.0	3000.0	1244.7898518827405	0.0	0	369.0023332120036	1444.7898518829024	1	0	1	3.309398654302779
199353.4512696978	3000.0	1091.338582184952	0.0	0	0.0	1444.7898518829315	1	0	1	3.3093986543027767
200246.3307082751	3000.0	1198.4591436076325	0.0	0	0.0	1444.7898518829315	1	0	1	3.3093986543027767
201328.00491745796	3000.0	1116.7849344247375	0.0	0	0.0	1444.7898518829024	1	0	1	3.309398654302778
202200.0	2000.0	1244.7898518827433	0.0	0	9.245676435675705	1444.7898518829024	1	0	1	2.295735884032367
203200.0	2000.0	1244.789851882741	0.0	0	485.44982974929735	1444.7898518828733	1	0	1	2.701200992140535
204200.0	2000.0	1244.7898518827642	0.0	0	539.3125795413507	1444.7898518828733	1	0	1	2.701200992140535
205200.0	3000.0	1244.7898518827897	0.0	0	143.13824601119268	1444.7898518829024	1	0	1	2.9039335461946143
206200.0	3000.0	1244.7898518827874	0.0	0	236.83383933955338	1444.7898518829315	1	0	1	3.309398654302778
207200.0	3000.0	1244.7898518828092	0.0	0	354.5248937330034	1444.7898518829606	1	0	1	3.3093986543027754
208200.0	3000.0	1244.7898518828295	0.0	0	252.38822810922284	1444.7898518829606	1	0	1	3.309398654302773
209200.0	3000.0	1244.789851882821	0.0	0	560.8196352214145	1444.7898518829315	1	0	1	3.309398654302776
210200.0	3000.0	1244.7898518828013	0.0	0	306.26347820207593	1444.7898518829024	1	0	1	3.3093986543027762
211200.0	3000.0	1244.789851882794	0.0	0	45.647423807531595	1444.7898518829315	1	0	1	3.3093986543027776
212301.91456320992	3000.0	1142.8752886728623	0.0	0	0.0	1444.7898518829024	1	0	1	3.309398654302779
213591.3991284371	3000.0	853.3907234456943	0.0	0	0.0	1444.7898518829024	1	0	1	3.309398654302779
215317.28403595614	2000.0	222.288169728219	94.78235380158625	0	0.0	1539.572205684468	1	0	1	1.720858860978331
215498.26625251654	300.0	1041.3059531678364	0.0	0	0.0	1539.572205684468	1	0	1	-2.051077205454328
216200.0	1000.0	1339.5722056844193	0.0	0	105.58771926330519	1539.572205684468	1	0	1	0.44802918159452143
217293.45048691134	2000.0	1246.1217187730726	0.0	0	0.0	1539.572205684497	1	0	1	1.9985755762004285
218200.0	1000.0	1339.5722056844393	0.0	0	382.58916138354107	1539.5722056845552	1	0	1	0.958854805360506
219200.0	1000.0	1339.5722056844304	0.0	0	582.121564111003	1539.5722056845552	1	0	1	1.6520019859204487
220209.04027498263	2000.0	1330.5319307018149	0.0	0	0.0	1539.5722056845552	1	0	1	1.9985755762004211
221208.41206651327	2000.0	1331.1601391711845	0.0	0	0.0	1539.5722056845552	1	0	1	2.6917227567603663
222200.0	2000.0	1339.5722056844238	0.0	0	184.3113077910093	1539.5722056845552	1	0	1	2.691722756760369
223200.0	2000.0	1339.5722056844359	0.0	0	474.6739424125408	1539.5722056845552	1	0	1	2.6917227567603663
224200.0	2000.0	1339.5722056844302	0.0	0	452.2755716726242	1539.5722056845843	1	0	1	2.6917227567603637
225200.0	2000.0	1339.5722056844152	0.0	0	249.6151669654646	1539.5722056845843	1	0	1	2.6917227567603637
226458.24380840006	3000.0	1081.3283972843615	0.0	0	0.0	1539.5722056845843	1	0	1	2.894455310814446
227246.28489745603	2000.0	1293.2873082284195	0.0	0	0.0	1539.5722056845843	1	0	1	2.286257648652199
228215.20494626614	2000.0	1324.3672594183265	0.0	0	22.230234556423966	1539.5722056845552	1	0	1	2.691722756760364
229200.0	2000.0	1339.57220568445	0.0	0	37.41003942856332	1539.5722056845552	1	0	1	2.6917227567603663
230200.0	2000.0	1339.5722056844654	0.0	0	45.3874723915942	1539.5722056845552	1	0	1	2.6917227567603645
231200.0	3000.0	1339.5722056844365	0.0	0	75.01186223633704	1539.5722056845552	1	0	1	2.8944553108144495
232200.0	2000.0	1339.572205684478	0.0	0	226.84133418067358	1539.5722056845552	1	0	1	2.2862576486522017
233946.29002273586	3000.0	593.2821829486093	0.0	0	0.0	1539.5722056845261	1	0	1	2.894455310814452
234349.6674036442	1000.0	1189.9048020402192	0.0	0	0.0	1539.5722056845261	1	0	1	0.553389697252342
235200.0	2000.0	1339.5722056844265	0.0	0	205.71752371397451	1539.5722056845261	1	0	1	1.9985755762004245
236200.0	2000.0	1339.5722056844393	0.0	0	40.148522228962975	1539.5722056845261	1	0	1	2.6917227567603694
237572.5479411039	2000.0	967.0242645805087	0.0	0	0.0	1539.5722056845261	1	0	1	2.6917227567603694
238200.0	1000.0	1339.5722056844402	0.0	0	215.8409205393982	1539.5722056845261	1	0	1	0.9588548053605066
239200.0	2000.0	1339.572205684441	0.0	0	279.2761860174942	1539.5722056845261	1	0	1	1.9985755762004245
240200.0	2000.0	1339.57220568442	0.0	0	551.0853864972596	1539.572205684468	1	0	1	2.691722756760373
241200.0	3000.0	1339.57220568443	0.0	0	224.48871106433216	1539.572205684468	1	0	1	2.8944553108144575
242200.0	3000.0	1339.5722056844222	0.0	0	304.1085691336775	1539.5722056844388	1	0	1	3.2999204189226248
243200.0	3000.0	1339.5722056844356	0.0	0	284.124426042079	1539.5722056844097	1	0	1	3.2999204189226283
244200.0	3000.0	1339.5722056844206	0.0	0	474.9027610034973	1539.5722056844097	1	0	1	3.2999204189226283
245200.0	3000.0	1339.572205684448	0.0	0	318.0458722184994	1539.5722056844097	1	0	1	3.2999204189226283
246540.62940947225	3000.0	998.9427962122022	0.0	0	0.0	1539.5722056844097	1	0	1	3.2999204189226283
247452.86143450043	3000.0	1086.7107711840104	0.0	0	0.0	1539.5722056844097	1	0	1	3.2999204189226283
248280.4581201902	3000.0	1259.114085494248	0.0	0	0.0	1539.5722056844388	1	0	1	3.2999204189226248
249241.31499652192	3000.0	1298.2572091624972	0.0	0	0.0	1539.5722056844388	1	0	1	3.2999204189226248
250200.0	3000.0	1339.5722056844077	0.0	0	19.49933309503831	1539.5722056844388	1	0	1	3.2999204189226248
251834.9324009526	3000.0	704.6398047318226	0.0	0	0.0	1539.5722056844388	1	0	1	3.2999204189226248
252236.05412201906	1000.0	1303.5180836653444	0.0	0	0.0	1539.5722056844388	1	0	1	0.5533896972523507
253336.31812460034	2000.0	1203.254081084068	0.0	0	0.0	1539.5722056844388	1	0	1	1.9985755762004334
254200.0	2000.0	1339.5722056843947	0.0	0	23.665225712378742	1539.5722056844388	1	0	1	2.6917227567603783
255200.0	2000.0	1339.5722056843993	0.0	0	421.26570963751874	1539.5722056844388	1	0	1	2.6917227567603783
256230.22498900985	2000.0	1309.3472166745414	0.0	0	0.0	1539.5722056844388	1	0	1	2.6917227567603783
257200.0	2000.0	1339.5722056843624	0.0	0	121.81734309386229	1539.5722056844097	1	0	1	2.6917227567603814
258200.0	2000.0	1339.572205684388	0.0	0	160.25246866131783	1539.5722056844097	1	0	1	2.6917227567603814
259200.0	2000.0	1339.572205684386	0.0	0	340.23907506474643	1539.5722056844097	1	0	1	2.6917227567603814
260206.52682192507	2000.0	1333.0453837593127	0.0	0	221.19643651435035	1539.5722056844097	1	0	1	2.6917227567603814
261229.25272111496	2000.0	1310.3194845694254	0.0	0	0.0	1539.5722056844388	1	0	1	2.6917227567603783
262706.7345367724	2000.0	832.8376689119928	0.0	0	0.0	1539.5722056844388	1	0	1	2.691722756760379
263200.0	1000.0	1339.5722056844284	0.0	0	42.075775062374305	1539.572205684468	1	0	1	0.9588548053605147
264200.0	2000.0	1339.572205684441	0.0	0	337.05357563396683	1539.5722056844388	1	0	1	1.9985755762004327
265200.0	2000.0	1339.572205684451	0.0	0	175.7676738498849	1539.5722056844388	1	0	1	2.6917227567603783
266200.0	2000.0	1339.572205684456	0.0	0	241.0985056476784	1539.5722056844388	1	0	1	2.6917227567603783
267200.0	2000.0	1339.5722056844668	0.0	0	392.3217900572927	1539.5722056843806	1	0	1	2.691722756760384
268200.0	2000.0	1339.572205684515	0.0	0	267.9223989236634	1539.5722056843806	1	0	1	2.691722756760384
269520.1770157916	3000.0	1019.3951898929415	0.0	0	0.0	1539.5722056843806	1	0	1	2.8944553108144664
270218.898748748	2000.0	1320.673456936589	0.0	0	0.0	1539.5722056844388	1	0	1	2.2862576486522164
271200.0	3000.0	1339.572205684557	0.0	0	110.2928101766156	1539.5722056844388	1	0	1	2.89445531081446
272448.8810348603	3000.0	1090.6911708242856	0.0	0	0.0	1539.5722056844388	1	0	1	3.2999204189226248
273200.0	2000.0	1339.5722056845445	0.0	0	94.64726868562866	1539.5722056843806	1	0	1	2.2862576486522195
274200.0	3000.0	1339.5722056845298	0.0	0	335.1085460340837	1539.5722056844388	1	0	1	2.8944553108144655
275200.0	3000.0	1339.5722056844713	0.0	0	470.35787697078194	1539.5722056843224	1	0	1	3.2999204189226323
276200.0	3000.0	1339.5722056844277	0.0	0	600.0237211022759	1539.5722056843224	1	0	1	3.2999204189226417
277200.0	3000.0	1339.5722056844186	0.0	0	483.4074984388426	1539.5722056842642	1	0	1	3.299920418922638
278240.22795522923	3000.0	1299.3442504552395	0.0	0	360.6713497035671	1539.5722056842642	1	0	1	3.2999204189226425
279902.09867509786	3000.0	637.4735305866111	0.0	0	0.0	1539.572205684206	1	0	1	3.2999204189226483
280498.8745523942	2000.0	1040.6976532902859	0.0	0	0.0	1539.572205684206	1	0	1	2.286257648652237
281345.4617415965	3000.0	1194.1104640879907	0.0	0	0.0	1539.572205684206	1	0	1	2.8944553108144837
282200.0	3000.0	1339.5722056845389	0.0	0	347.4079567823792	1539.572205684206	1	0	1	3.2999204189226483
283200.0	3000.0	1339.5722056845043	0.0	0	213.6635526563623	1539.5722056841478	1	0	1	3.2999204189226496
284342.3200632594	3000.0	1197.2521424251063	0.0	0	0.0	1539.5722056841478	1	0	1	3.2999204189226545
285200.0	3000.0	1339.5722056844397	0.0	0	1.0469320538686588	1539.5722056841478	1	0	1	3.2999204189226545
287086.04715899983	3000.0	453.52504668460983	0.0	0	0.0	1539.5722056840896	1	0	1	3.29992041892266
287584.7880619607	1000.0	954.7841437237264	0.0	0	0.0	1539.5722056840896	1	0	1	0.5533896972523855
288641.18551554624	2000.0	898.3866901381973	0.0	0	0.0	1539.5722056841478	1	0	1	1.9985755762004622
289200.0	1000.0	1339.5722056844154	0.0	0	31.622311283717863	1539.572205684206	1	0	1	0.9588548053605409
290200.0	2000.0	1339.57220568445	0.0	0	471.6807336953352	1539.5722056842642	1	0	1	1.9985755762004507
291200.0	2000.0	1339.5722056844622	0.0	0	331.6146477164002	1539.5722056842642	1	0	1	2.6917227567603956
292295.1506400306	2000.0	1244.4215656537647	0.0	0	0.0	1539.5722056842642	1	0	1	2.6917227567603956
293200.0	2000.0	1339.5722056843088	0.0	0	105.71024562482489	1539.572205684206	1	0	1	2.6917227567603983
294200.0	2000.0	1339.5722056842878	0.0	0	237.3719255272881	1539.5722056842642	1	0	1	2.6917227567603956
295200.0	2000.0	1339.572205684313	0.0	0	396.8617442412069	1539.5722056842642	1	0	1	2.6917227567603956
296200.0	3000.0	1339.5722056843135	0.0	0	105.87017326796195	1539.5722056842642	1	0	1	2.894455310814478
297200.0	3000.0	1339.572205684324	0.0	0	153.89820463367505	1539.572205684206	1	0	1	3.299920418922644
298200.0	3000.0	1339.5722056842785	0.0	0	549.7039351955173	1539.572205684206	1	0	1	3.2999204189226483
299200.0	3000.0	1339.5722056843526	0.0	0	333.5571751652169	1539.5722056842642	1	0	1	3.299920418922647
300513.3657234473	3000.0	1026.2064822370403	0.0	0	0.0	1539.5722056842642	1	0	1	3.2999204189226425
301385.31290797563	3000.0	1154.2592977086952	0.0	0	0.0	1539.572205684206	1	0	1	3.2999204189226474
302772.46915132634	3000.0	767.1030543579777	0.0	0	0.0	1539.572205684206	1	0	1	3.2999204189226483
303403.19015615695	2000.0	1136.382049527292	0.0	0	0.0	1539.572205684206	1	0	1	2.286257648652237
304200.0	2000.0	1339.5722056842994	0.0	0	178.3931971717975	1539.572205684206	1	0	1	2.6917227567604014
305200.0	2000.0	1339.5722056843147	0.0	0	70.06159534130711	1539.572205684206	1	0	1	2.6917227567604014
306200.0	2000.0	1339.572205684401	0.0	0	373.8914899476222	1539.572205684206	1	0	1	2.691722756760397
3.96	2.88	3.06	2.97	2.86	2.72	2.78	3.34	4.09	2.93	3.06	3.34	3.86	4.24	4.96	4.77	3.45	4.07	3.37	2.94	2.0	1.74	1.56	2.51	3.79	5.12	5.7	3.01	2.57	3.31	3.67	4.65	4.51	5.63	3.65	3.2	4.17	4.22	3.81	3.38	3.86	2.55	2.73	3.31	2.9	3.01	3.39	4.34	3.64	3.67	4.54	5.85	5.06	3.03	2.73	2.94	1.41	1.33	1.89	2.09	1.96	2.32	2.35	1.55	2.7	2.99	3.57	2.35	2.69	3.2	3.0	1.53	2.65	3.79	2.56	1.47	1.84	2.51	2.56	1.73	2.2	3.13	4.41	4.73	3.61	3.56	4.77	4.27	2.25	2.76	3.72	3.02	3.49	2.19	1.77	2.02	1.75	2.94	2.94	1.9	2.92	3.82	4.21	1.49	1.74	1.91	2.39	3.31	3.27	3.89	3.28	2.34	3.53	3.79	2.53	3.22	4.32	5.54	6.66	8.13	7.0	1.69	2.87	4.15	5.44	5.31	2.65	3.89	2.83	1.24	1.88	2.28	3.06	2.77	2.4	3.0	3.29	3.65	3.71	4.54	5.84	5.02	1.88	3.13	2.76	2.76	2.92	1.63	2.58	2.85	3.96	2.88	3.06	2.97	2.86	2.72	2.78	3.34	4.09	2.93	3.06	3.34	3.86	4.24	4.96	4.77	3.45	4.07	3.37	2.94	2.0	1.74	1.56	2.51	3.79	5.12	5.7	3.01	2.57	3.31	3.67	4.65	4.51	5.63	3.65	3.2	4.17	4.22	3.81	3.38	3.86	2.55	2.73	3.31	2.9	3.01	3.39	4.34	3.64	3.67	4.54	5.85	5.06	3.03	2.73	2.94	1.41	1.33	1.89	2.09	1.96	2.32	2.35	1.55	2.7	2.99	3.57	2.35	2.69	3.2	3.0	1.53	2.65	3.79	2.56	1.47	1.84	2.51	2.56	1.73	2.2	3.13	4.41	4.73	3.61	3.56	4.77	4.27	2.25	2.76	3.72	3.02	3.49	2.19	1.77	2.02	1.75	2.94	2.94	1.9	2.92	3.82	4.21	1.49	1.74	1.91	2.39	3.31	3.27	3.89	3.28	2.34	3.53	3.79	2.53	3.22	4.32	5.54	6.66	8.13	7.0	1.69	2.87	4.15	5.44	5.31	2.65	3.89	2.83	1.24	1.88	2.28	3.06	2.77	2.4	3.0	3.29	3.65	3.71	4.54	5.84	5.02	1.88	3.13	2.76	2.76	2.92	1.63	2.58	2.85	3.96	2.88	3.06	2.97	2.86	2.72	2.78	3.34
1.0	2.0	3.0	4.0	5.0	6.0	7.0	8.0	9.0	10.0	11.0	12.0	13.0	14.0	15.0	16.0	17.0	18.0	19.0	20.0	21.0	22.0	23.0	24.0	25.0	26.0	27.0	28.0	29.0	30.0	31.0	32.0	33.0	34.0	35.0	36.0	37.0	38.0	39.0	40.0	41.0	42.0	43.0	44.0	45.0	46.0	47.0	48.0	49.0	50.0	51.0	52.0	53.0	54.0	55.0	56.0	57.0	58.0	59.0	60.0	61.0	62.0	63.0	64.0	65.0	66.0	67.0	68.0	69.0	70.0	71.0	72.0	73.0	74.0	75.0	76.0	77.0	78.0	79.0	80.0	81.0	82.0	83.0	84.0	85.0	86.0	87.0	88.0	89.0	90.0	91.0	92.0	93.0	94.0	95.0	96.0	97.0	98.0	99.0	100.0	101.0	102.0	103.0	104.0	105.0	106.0	107.0	108.0	109.0	110.0	111.0	112.0	113.0	114.0	115.0	116.0	117.0	118.0	119.0	120.0	121.0	122.0	123.0	124.0	125.0	126.0	127.0	128.0	129.0	130.0	131.0	132.0	133.0	134.0	135.0	136.0	137.0	138.0	139.0	140.0	141.0	142.0	143.0	144.0	145.0	146.0	147.0	148.0	149.0	149.0	150.0	151.0	152.0	153.0	154.0	155.0	156.0	157.0	158.0	159.0	160.0	161.0	162.0	163.0	164.0	165.0	166.0	167.0	168.0	169.0	170.0	171.0	172.0	173.0	174.0	175.0	176.0	177.0	178.0	179.0	180.0	181.0	182.0	183.0	184.0	185.0	186.0	187.0	188.0	189.0	190.0	191.0	192.0	193.0	194.0	195.0	196.0	197.0	198.0	199.0	200.0	201.0	202.0	203.0	204.0	205.0	206.0	207.0	208.0	209.0	210.0	211.0	212.0	213.0	214.0	215.0	216.0	217.0	218.0	219.0	220.0	221.0	222.0	223.0	224.0	225.0	226.0	227.0	228.0	229.0	230.0	231.0	232.0	233.0	234.0	235.0	236.0	237.0	238.0	239.0	240.0	241.0	242.0	243.0	244.0	245.0	246.0	247.0	248.0	249.0	250.0	251.0	252.0	253.0	254.0	255.0	256.0	257.0	258.0	259.0	260.0	261.0	262.0	263.0	264.0	265.0	266.0	267.0	268.0	269.0	270.0	271.0	272.0	273.0	274.0	275.0	276.0	277.0	278.0	279.0	280.0	281.0	282.0	283.0	284.0	285.0	286.0	287.0	288.0	289.0	290.0	291.0	292.0	293.0	294.0	295.0	296.0	297.0	298.0	298.0	299.0	300.0	301.0	302.0	303.0	304.0	305.0	306.0
2036.8460896125616
