3276.904644951371	300.0	2000.0	165.37021246369608	0	0.0	3276.904644951371	1	0	1	-1.3166003890537943
5200.0	3000.0	976.8999999999996	0.0	0	43.015307344701796	1176.8999999999996	1	0	2	0.6311744779880414
6200.0	2000.0	3076.8999999999996	0.0	0	530.6578611562609	3276.8999999999996	1	0	0	1.7164582128922983
11021.145311888069	6000.0	200.0	1114.8725846153434	0	0.0	2221.145311888069	1	0	2	-4.093088019582419
12200.0	500.0	3.607634159383565	75.0069401448925	0	842.4623045844746	203.60763415938163	1	0	2	-2.3930706184243067
13200.0	500.0	2103.6076341593853	0.0	0	857.3309940090257	2303.6076341593835	1	0	0	0.13987767223304776
16290.484788370248	3000.0	366.9402168335913	420.7871362558888	0	0.0	657.4250052038369	1	0	2	-1.5310949502900608
17200.0	1000.0	2548.3765263668165	0.0	0	566.2714634602853	2748.376526366812	1	0	0	0.036367447125197405
22303.661193041844	6000.0	200.0	1877.8643508901946	0	0.0	2503.661193041844	1	0	2	-9.391193107559323
23200.0	500.0	214.0273123460284	0.0	0	615.1764478579717	414.0273123460247	1	0	2	-1.9639665592898172
24200.0	300.0	2314.0273123460242	0.0	0	807.5124914479456	2514.0273123460247	1	0	0	-1.1582283550005934
27494.078204177782	3000.0	205.9391545036675	286.72533341200295	0	0.0	700.0173586814526	1	0	2	-1.2429423966802613
28200.0	300.0	2570.6095382636745	0.0	0	480.5667472776149	2770.609538263674	1	0	0	-2.97615813929626
31200.0	3000.0	470.60953826367523	0.0	0	30.37986607763378	670.6095382636777	1	0	2	0.48140251404481993
32200.0	500.0	2570.6095382636777	0.0	0	824.6708997032983	2770.6095382636777	1	0	0	-1.698581987405437
35572.487866997464	3000.0	200.0	126.4791958486654	0	0.0	772.4878669974642	1	0	2	0.22393040990660662
36200.0	300.0	2635.239080297717	0.0	0	412.08813185224426	2835.239080297717	1	0	0	-2.9829470846565056
39620.98443736547	3000.0	200.0	116.2216370948136	0	0.0	820.9844373654705	1	0	2	-0.23049625240395621
40200.0	300.0	2678.8859936289314	0.0	0	457.9670067326588	2878.88599362893	1	0	0	-2.987284732474703
43748.24814535642	3000.0	212.92976336967362	215.5606633025435	0	0.0	961.1779087260948	1	0	2	-0.8417864574422543
44200.0	300.0	2806.3530941904514	0.0	0	258.5166426558717	3006.3530941904464	1	0	0	-3.0008702082338194
47625.36106015949	3000.0	319.85478179193376	73.998957979034	0	0.0	945.2158419514235	1	0	2	0.009756329600983937
48200.0	500.0	2802.679735935478	0.0	0	378.1267775072629	3002.6797359354678	1	0	0	-1.7227489442805217
51698.9090155867	3000.0	285.1264908533113	119.31515642108707	0	0.0	984.0355064399992	1	0	2	0.24459818164989566
52200.0	500.0	2834.144604881344	0.0	0	267.12516883701755	3034.144604881323	1	0	0	-1.7264422905481212
55759.99313527066	3000.0	224.35492049121711	96.54796764327136	0	0.0	984.3480557618605	1	0	2	0.3808892482163512
56200.0	500.0	2828.3487422348107	0.0	0	163.86410299815907	3028.348742234797	1	0	0	-1.726357325803988
59664.98140389028	3000.0	216.869197955508	0.0	0	0.0	881.8506018457629	1	0	2	0.9694708676629011
60200.0	300.0	2735.3524614567577	0.0	0	259.79297908875014	2935.352461456736	1	0	0	-2.993606112044443
63627.589951420705	3000.0	200.0	31.814986460010374	0	0.0	827.5899514206831	1	0	2	0.27559764725471136
64200.0	300.0	2684.830956278639	0.0	0	347.03990124522534	2884.830956278616	1	0	0	-2.9881098823430285
67637.99190847164	3000.0	200.0	88.14558458198059	0	0.0	837.9919084716093	1	0	2	-0.06037107264073438
68200.0	300.0	2694.1927176244776	0.0	0	419.192971489043	2894.19271762445	1	0	0	-2.988921425871193
71317.07659903751	3000.0	465.4084586832158	0.0	0	0.0	782.4850577206962	1	0	2	0.4700249113908259
72200.0	500.0	2670.7773978169666	0.0	0	650.7220313107537	2870.7773978169425	1	0	0	-1.708680447671231
75200.0	3000.0	570.7773978169507	0.0	0	56.508900243614335	770.7773978169134	1	0	2	0.9821395823104391
76200.0	1000.0	2670.77739781695	0.0	0	724.3214116442978	2870.777397816928	1	0	0	0.0242691780391025
79200.0	3000.0	570.7773978169433	0.0	0	356.10266410157783	770.777397816928	1	0	2	1.6744147135858733
80200.0	1000.0	2670.777397816933	0.0	0	678.13128991946	2870.7773978169134	1	0	0	0.024269178039101946
85682.20576816051	6000.0	200.0	2145.135406508756	0	0.0	2882.2057681605074	1	0	2	-11.008673259683581
86200.0	500.0	630.4263449765451	0.0	0	272.3563473278482	830.4263449765422	1	0	2	-2.0042611325690287
87200.0	1000.0	2730.4263449765363	0.0	0	584.0641157163482	2930.426344976542	1	0	0	0.42374739454843086
90519.94564648683	3000.0	278.48613384102384	0.0	0	0.0	798.4317803278536	1	0	2	1.671887139005696
91200.0	500.0	2666.437215679156	0.0	0	396.8325155732309	2866.437215679165	1	0	0	-1.7089247272094494
94759.34682463888	3000.0	200.0	226.22208311237452	0	0.0	959.3468246388802	1	0	2	-0.39012221838421224
95200.0	300.0	2803.4121421749983	0.0	0	276.7268289474596	3003.412142174988	1	0	0	-3.000540710943639
99014.12224523682	3000.0	200.0	356.4748432595625	0	0.0	1214.1222452368238	1	0	2	-1.692612671298448
99201.80192257205	300.0	3031.0882903983	0.0	0	0.0	3232.8902129703347	1	0	0	-3.0254917692798986
103090.36051392739	3000.0	200.0	224.0984317471056	0	0.0	1290.360513927386	1	0	2	-0.9133285440399415
103226.79559602079	300.0	1063.5649179065927	0.0	0	0.0	1290.360513927386	1	0	1	-2.631621144386785
104200.0	1000.0	1090.3605139273773	0.0	0	567.0866664821078	1290.360513927386	1	0	1	0.47295035077022957
105200.0	1000.0	1090.3605139273704	0.0	0	669.244335950294	1290.360513927386	1	0	1	1.6769231550961659
106200.0	2000.0	1090.3605139273673	0.0	0	78.07549030201335	1290.360513927386	1	0	1	2.0234967453761383
107233.88399403282	2000.0	1056.4765198945363	0.0	0	0.0	1290.360513927386	1	0	1	2.7166439259360837
108200.0	2000.0	1090.3605139273418	0.0	0	234.9320167939877	1290.360513927386	1	0	1	2.7166439259360837
109200.0	2000.0	1090.3605139273236	0.0	0	347.7510861557239	1290.360513927386	1	0	1	2.7166439259360837
110200.0	2000.0	1090.3605139273138	0.0	0	541.5374907374935	1290.360513927386	1	0	1	2.7166439259360837
111200.0	2000.0	1090.360513927294	0.0	0	202.9436344053829	1290.3605139273714	1	0	1	2.7166439259360855
112200.0	2000.0	1090.3605139273068	0.0	0	383.0039274748124	1290.3605139273714	1	0	1	2.7166439259360855
113299.7303988666	3000.0	990.6301150606957	0.0	0	0.0	1290.3605139273714	1	0	1	2.9193764799901674
114316.3350241886	2000.0	974.025489738699	0.0	0	0.0	1290.3605139273568	1	0	1	2.311178817827922
115200.0	2000.0	1090.3605139272784	0.0	0	334.09168149858306	1290.3605139273568	1	0	1	2.7166439259360864
116200.0	2000.0	1090.3605139272781	0.0	0	89.11531424312852	1290.3605139273423	1	0	1	2.716643925936088
117200.0	2000.0	1090.360513927274	0.0	0	263.74141418102954	1290.3605139273423	1	0	1	2.716643925936088
118200.0	2000.0	1090.360513927279	0.0	0	190.75255619078234	1290.3605139273568	1	0	1	2.7166439259360864
119200.0	2000.0	1090.3605139272915	0.0	0	380.5071100173227	1290.3605139273568	1	0	1	2.7166439259360864
120200.0	2000.0	1090.3605139272922	0.0	0	236.32733075333817	1290.3605139273714	1	0	1	2.7166439259360855
121200.0	2000.0	1090.3605139272956	0.0	0	500.7633623846923	1290.3605139273714	1	0	1	2.7166439259360855
122200.0	2000.0	1090.3605139273045	0.0	0	206.14321756343998	1290.360513927386	1	0	1	2.7166439259360837
123468.27638436195	2000.0	822.0841295653539	0.0	0	0.0	1290.360513927386	1	0	1	2.7166439259360837
124214.75713188366	1000.0	1075.6033820436312	0.0	0	0.0	1290.360513927386	1	0	1	0.9837759745362207
125200.0	2000.0	1090.3605139272718	0.0	0	17.075207824003883	1290.360513927386	1	0	1	2.0234967453761383
126246.55381037208	2000.0	1043.8067035551717	0.0	0	0.0	1290.360513927386	1	0	1	2.7166439259360837
127200.0	2000.0	1090.3605139272631	0.0	0	209.81482926565513	1290.360513927386	1	0	1	2.7166439259360837
128200.0	2000.0	1090.3605139272515	0.0	0	280.6807313464815	1290.360513927386	1	0	1	2.7166439259360837
129200.0	2000.0	1090.360513927265	0.0	0	217.6329445768206	1290.360513927386	1	0	1	2.7166439259360837
130200.0	2000.0	1090.360513927279	0.0	0	160.08697149371437	1290.3605139274005	1	0	1	2.716643925936082
131307.45192448862	2000.0	982.9085894386775	0.0	0	0.0	1290.360513927415	1	0	1	2.716643925936082
132200.0	2000.0	1090.360513927315	0.0	0	261.6346354171692	1290.3605139274296	1	0	1	2.71664392593608
133200.0	2000.0	1090.3605139273222	0.0	0	15.01650370695279	1290.3605139274441	1	0	1	2.7166439259360775
134200.0	2000.0	1090.360513927319	0.0	0	201.78776294609997	1290.360513927415	1	0	1	2.7166439259360784
135520.80606414683	2000.0	769.5544497804896	0.0	0	0.0	1290.3605139274441	1	0	1	2.7166439259360775
136200.0	1000.0	1090.3605139273195	0.0	0	131.42912638164125	1290.3605139274441	1	0	1	0.9837759745362148
137200.0	1000.0	1090.3605139273136	0.0	0	623.9827954869834	1290.3605139274441	1	0	1	1.6769231550961599
138200.0	1000.0	1090.3605139273454	0.0	0	591.1475938343792	1290.3605139274441	1	0	1	1.6769231550961599
139200.0	1000.0	1090.3605139273664	0.0	0	330.57352861823165	1290.3605139274441	1	0	1	1.6769231550961599
140200.0	1000.0	1090.3605139273336	0.0	0	256.33332299112226	1290.360513927415	1	0	1	1.6769231550961605
141200.0	1000.0	1090.3605139272995	0.0	0	460.70320862848894	1290.360513927415	1	0	1	1.6769231550961627
142200.0	1000.0	1090.360513927294	0.0	0	408.61422714203945	1290.3605139274441	1	0	1	1.676923155096162
143200.0	1000.0	1090.3605139272838	0.0	0	427.77474004076794	1290.3605139274441	1	0	1	1.6769231550961599
144200.0	1000.0	1090.3605139272775	0.0	0	121.5078581192356	1290.3605139274441	1	0	1	1.6769231550961599
145200.0	1000.0	1090.3605139272472	0.0	0	260.0468346570269	1290.3605139274441	1	0	1	1.6769231550961599
146200.0	1000.0	1090.360513927275	0.0	0	540.368311203405	1290.3605139274732	1	0	1	1.676923155096157
147200.0	1000.0	1090.3605139272763	0.0	0	573.3638950580207	1290.3605139274732	1	0	1	1.676923155096157
148200.0	1000.0	1090.3605139272572	0.0	0	399.21313387010014	1290.3605139274732	1	0	1	1.676923155096157
149200.0	1000.0	1090.360513927244	0.0	0	626.632346344908	1290.3605139274732	1	0	1	1.676923155096157
150200.0	1000.0	1090.360513927232	0.0	0	320.7698408529686	1290.3605139274441	1	0	1	1.6769231550961599
151200.0	1000.0	1090.3605139272167	0.0	0	506.4962243218324	1290.3605139274441	1	0	1	1.6769231550961599
152200.0	1000.0	1090.3605139272265	0.0	0	624.8806903619843	1290.3605139274732	1	0	1	1.676923155096157
153200.0	1000.0	1090.3605139272283	0.0	0	544.5032536266372	1290.3605139274732	1	0	1	1.676923155096157
154200.0	1000.0	1090.3605139272504	0.0	0	599.59025895581	1290.3605139275023	1	0	1	1.676923155096154
155200.0	2000.0	1090.360513927268	0.0	0	330.4248206053453	1290.3605139274732	1	0	1	2.0234967453761294
156540.08178099588	2000.0	750.2787329313616	0.0	0	0.0	1290.3605139274441	1	0	1	2.716643925936077
157200.0	1000.0	1090.3605139272267	0.0	0	183.31220611021854	1290.3605139274441	1	0	1	0.9837759745362148
158645.38701715533	2000.0	644.9734967719148	0.0	0	0.0	1290.3605139274441	1	0	1	2.023496745376132
159275.5559194219	1000.0	1014.8045945053376	0.0	0	0.0	1290.3605139274441	1	0	1	0.9837759745362148
160200.0	1000.0	1090.3605139272422	0.0	0	360.28999766524066	1290.3605139274732	1	0	1	1.676923155096157
161200.0	1000.0	1090.3605139272343	0.0	0	702.5259672851535	1290.3605139274732	1	0	1	1.676923155096157
162200.0	1000.0	1090.3605139272415	0.0	0	563.8143202740175	1290.3605139274732	1	0	1	1.676923155096157
163200.0	1000.0	1090.3605139272615	0.0	0	603.1542041267094	1290.3605139274732	1	0	1	1.676923155096157
164508.49600899956	2000.0	781.8645049277143	0.0	0	0.0	1290.3605139274732	1	0	1	2.0234967453761294
165200.0	1000.0	1090.3605139272845	0.0	0	215.80974484488252	1290.3605139274732	1	0	1	0.9837759745362118
166200.0	1000.0	1090.3605139272697	0.0	0	464.72339787578676	1290.3605139274441	1	0	1	1.6769231550961576
167200.0	1000.0	1090.3605139272706	0.0	0	597.0120533380541	1290.3605139274441	1	0	1	1.6769231550961599
168200.0	1000.0	1090.3605139272713	0.0	0	608.535401511268	1290.3605139274441	1	0	1	1.6769231550961599
169200.0	1000.0	1090.3605139272577	0.0	0	329.53081610408844	1290.3605139274441	1	0	1	1.6769231550961599
170200.0	1000.0	1090.3605139272381	0.0	0	307.8816818045743	1290.3605139274441	1	0	1	1.6769231550961599
171200.0	2000.0	1090.3605139272138	0.0	0	44.979506528383354	1290.3605139274441	1	0	1	2.023496745376132
172200.0	1000.0	1090.3605139272272	0.0	0	423.0767960754165	1290.3605139274732	1	0	1	0.9837759745362142
173200.0	1000.0	1090.3605139272138	0.0	0	479.4686258683214	1290.3605139274732	1	0	1	1.676923155096157
174200.0	1000.0	1090.3605139271874	0.0	0	456.4257308683882	1290.3605139274732	1	0	1	1.676923155096157
175200.0	1000.0	1090.3605139271974	0.0	0	459.39308658326627	1290.3605139275023	1	0	1	1.6769231550961563
176200.0	1000.0	1090.3605139272238	0.0	0	418.97883811133215	1290.3605139275023	1	0	1	1.6769231550961516
177200.0	1000.0	1090.360513927223	0.0	0	439.9458664119302	1290.3605139274441	1	0	1	1.6769231550961576
178200.0	1000.0	1090.360513927226	0.0	0	667.9197789788304	1290.3605139274441	1	0	1	1.6769231550961599
179620.9454855269	2000.0	669.415028400315	0.0	0	0.0	1290.3605139274441	1	0	1	2.023496745376132
180290.57942032136	1000.0	999.7810936058611	0.0	0	0.0	1290.3605139274441	1	0	1	0.9837759745362148
181200.0	1000.0	1090.3605139272115	0.0	0	495.4389770566486	1290.3605139274441	1	0	1	1.6769231550961599
182200.0	1000.0	1090.3605139272568	0.0	0	366.3599583035684	1290.3605139274441	1	0	1	1.6769231550961599
183200.0	1000.0	1090.3605139272468	0.0	0	417.6621347463806	1290.3605139274441	1	0	1	1.6769231550961599
184200.0	1000.0	1090.3605139272356	0.0	0	513.3705146358407	1290.3605139274441	1	0	1	1.6769231550961599
185200.0	1000.0	1090.3605139272565	0.0	0	470.0156755053031	1290.3605139274441	1	0	1	1.6769231550961599
186200.0	1000.0	1090.3605139272522	0.0	0	706.4785967438947	1290.3605139274732	1	0	1	1.676923155096157
187200.0	1000.0	1090.360513927236	0.0	0	698.2191180162772	1290.3605139274441	1	0	1	1.6769231550961599
188200.0	2000.0	1090.360513927239	0.0	0	301.6986568918219	1290.3605139274441	1	0	1	2.023496745376132
189200.0	2000.0	1090.3605139272681	0.0	0	138.85917071229778	1290.3605139274441	1	0	1	2.7166439259360775
190560.4901173724	2000.0	729.8703965548721	0.0	0	0.0	1290.3605139274441	1	0	1	2.7166439259360775
191200.0	1000.0	1090.3605139272963	0.0	0	122.26632444065763	1290.360513927415	1	0	1	0.9837759745362176
192200.0	2000.0	1090.3605139273056	0.0	0	94.42417971801478	1290.3605139274441	1	0	1	2.023496745376132
193200.0	2000.0	1090.3605139272827	0.0	0	539.3340679225512	1290.3605139274441	1	0	1	2.7166439259360775
194200.0	2000.0	1090.3605139273066	0.0	0	496.28238364483695	1290.3605139274441	1	0	1	2.7166439259360775
195200.0	2000.0	1090.360513927309	0.0	0	420.3039656924375	1290.3605139274441	1	0	1	2.7166439259360775
196200.0	2000.0	1090.3605139272986	0.0	0	84.13196300066193	1290.3605139274441	1	0	1	2.7166439259360775
197200.0	2000.0	1090.3605139273077	0.0	0	537.1601343694783	1290.3605139274441	1	0	1	2.7166439259360775
198200.0	2000.0	1090.3605139273245	0.0	0	158.32758406127687	1290.3605139274732	1	0	1	2.716643925936077
199200.0	2000.0	1090.3605139273286	0.0	0	471.10519218226545	1290.3605139274732	1	0	1	2.716643925936075
200200.0	2000.0	1090.3605139272872	0.0	0	109.72764404013287	1290.3605139274441	1	0	1	2.7166439259360775
201200.0	2000.0	1090.3605139272775	0.0	0	416.6430645287619	1290.3605139274441	1	0	1	2.7166439259360775
202200.0	2000.0	1090.3605139273	0.0	0	349.9264109127398	1290.3605139274441	1	0	1	2.7166439259360775
203200.0	2000.0	1090.3605139273088	0.0	0	504.9180704143364	1290.3605139274441	1	0	1	2.7166439259360775
204200.0	2000.0	1090.3605139272918	0.0	0	479.51383648856427	1290.360513927415	1	0	1	2.716643925936081
205200.0	2000.0	1090.3605139272945	0.0	0	253.90142352308612	1290.3605139274441	1	0	1	2.71664392593608
206200.0	2000.0	1090.3605139273086	0.0	0	263.97036894233315	1290.3605139274441	1	0	1	2.7166439259360775
207360.57681935703	2000.0	929.7836945702813	0.0	0	0.0	1290.3605139274441	1	0	1	2.7166439259360775
208684.67270614952	2000.0	605.6878077778192	0.0	0	0.0	1290.3605139274441	1	0	1	2.7166439259360775
209200.0	1000.0	1090.3605139273254	0.0	0	97.80779397513834	1290.3605139274441	1	0	1	0.9837759745362148
210200.0	1000.0	1090.3605139273227	0.0	0	307.99523099383805	1290.3605139275023	1	0	1	1.6769231550961563
211200.0	1000.0	1090.3605139273106	0.0	0	480.93798658793094	1290.3605139275023	1	0	1	1.676923155096154
212200.0	1000.0	1090.3605139273325	0.0	0	601.3709299242764	1290.3605139275314	1	0	1	1.676923155096151
213200.0	1000.0	1090.3605139273	0.0	0	376.77888154773973	1290.3605139275314	1	0	1	1.676923155096151
214200.0	1000.0	1090.3605139273236	0.0	0	654.4947243185597	1290.3605139275605	1	0	1	1.6769231550961483
215200.0	1000.0	1090.360513927312	0.0	0	688.2403096669586	1290.3605139275314	1	0	1	1.676923155096151
216308.18970583388	2000.0	982.1708080934555	0.0	0	0.0	1290.3605139275023	1	0	1	2.023496745376125
217200.0	1000.0	1090.3605139273202	0.0	0	521.9650567683275	1290.3605139275023	1	0	1	0.9837759745362089
218200.0	1000.0	1090.360513927327	0.0	0	512.3201751417073	1290.3605139275314	1	0	1	1.676923155096151
219200.0	2000.0	1090.36051392731	0.0	0	298.3979711945285	1290.3605139275314	1	0	1	2.023496745376124
220232.68968091303	2000.0	1057.6708330142924	0.0	0	0.0	1290.3605139275605	1	0	1	2.716643925936066
221200.0	1000.0	1090.360513927306	0.0	0	472.2323237169767	1290.3605139275605	1	0	1	0.9837759745362031
222200.0	1000.0	1090.3605139273195	0.0	0	624.5809232731117	1290.3605139275896	1	0	1	1.6769231550961452
223200.0	1000.0	1090.360513927323	0.0	0	655.8037683460861	1290.3605139275896	1	0	1	1.6769231550961452
224321.72287407104	2000.0	968.637639856275	0.0	0	0.0	1290.3605139275896	1	0	1	2.023496745376119
225200.0	1000.0	1090.360513927327	0.0	0	399.54872953379527	1290.3605139275896	1	0	1	0.9837759745361978
226265.74739742427	2000.0	1024.6131165030379	0.0	0	0.0	1290.3605139275605	1	0	1	2.0234967453761192
227200.0	2000.0	1090.3605139273361	0.0	0	16.33229635184398	1290.3605139275314	1	0	1	2.716643925936069
228200.0	2000.0	1090.3605139273204	0.0	0	167.20311894046608	1290.3605139275023	1	0	1	2.7166439259360695
229656.84680671882	2000.0	633.5137072084801	0.0	0	0.0	1290.3605139275023	1	0	1	2.716643925936072
230356.03571135813	1000.0	934.3248025691572	0.0	0	0.0	1290.3605139275023	1	0	1	0.9837759745362089
231200.0	1000.0	1090.3605139272875	0.0	0	216.05213760837796	1290.3605139275314	1	0	1	1.6769231550961536
232200.0	1000.0	1090.360513927276	0.0	0	615.0595112077135	1290.3605139275314	1	0	1	1.676923155096151
233200.0	1000.0	1090.3605139272975	0.0	0	501.4707680550637	1290.3605139275314	1	0	1	1.676923155096151
234200.0	1000.0	1090.3605139273166	0.0	0	443.31870616870583	1290.3605139275314	1	0	1	1.676923155096151
235200.0	1000.0	1090.3605139273473	0.0	0	479.50073197245365	1290.3605139275314	1	0	1	1.676923155096151
236200.0	1000.0	1090.3605139273916	0.0	0	586.3562616064446	1290.3605139275605	1	0	1	1.6769231550961483
237200.0	2000.0	1090.3605139274107	0.0	0	335.4631796612812	1290.3605139275314	1	0	1	2.0234967453761215
238200.0	2000.0	1090.3605139274202	0.0	0	352.08247207288514	1290.3605139275605	1	0	1	2.7166439259360686
239200.0	2000.0	1090.360513927408	0.0	0	579.3989912725228	1290.3605139275605	1	0	1	2.716643925936066
240974.12769502786	2000.0	316.2328188995146	0.0	0	0.0	1290.3605139275314	1	0	1	2.716643925936069
241287.0071311756	500.0	1003.353382751751	0.0	0	0.0	1290.3605139275605	1	0	1	-0.7490919768636604
242279.03352784002	2000.0	1011.3269860873634	0.0	0	0.0	1290.3605139275605	1	0	1	1.3303495648161752
243200.0	1000.0	1090.3605139273886	0.0	0	276.2732998993888	1290.3605139275896	1	0	1	0.9837759745362025
244200.0	1000.0	1090.3605139274046	0.0	0	511.82993802332203	1290.3605139275896	1	0	1	1.6769231550961452
245200.0	1000.0	1090.3605139273816	0.0	0	516.8091709026194	1290.3605139275605	1	0	1	1.6769231550961459
246200.0	1000.0	1090.3605139273875	0.0	0	437.9384771025507	1290.3605139275896	1	0	1	1.6769231550961476
247200.0	1000.0	1090.3605139273918	0.0	0	427.4810754210339	1290.3605139275896	1	0	1	1.6769231550961452
248200.0	1000.0	1090.360513927401	0.0	0	645.5797234391503	1290.3605139275896	1	0	1	1.6769231550961452
249200.0	1000.0	1090.3605139273955	0.0	0	561.0958342635713	1290.3605139275896	1	0	1	1.6769231550961452
250200.0	1000.0	1090.360513927396	0.0	0	104.54980740958126	1290.3605139275896	1	0	1	1.6769231550961452
251200.0	1000.0	1090.360513927376	0.0	0	578.4052490934555	1290.3605139275896	1	0	1	1.6769231550961452
252200.0	1000.0	1090.3605139273923	0.0	0	504.0767824398645	1290.3605139276187	1	0	1	1.6769231550961425
253200.0	1000.0	1090.3605139273975	0.0	0	598.597964741959	1290.3605139276187	1	0	1	1.6769231550961425
254200.0	1000.0	1090.3605139273905	0.0	0	592.7719556620577	1290.3605139276187	1	0	1	1.6769231550961425
255200.0	1000.0	1090.3605139273914	0.0	0	540.5730178626836	1290.3605139276187	1	0	1	1.6769231550961425
256200.0	2000.0	1090.360513927375	0.0	0	35.41747843392659	1290.3605139275896	1	0	1	2.023496745376116
257200.0	2000.0	1090.3605139273918	0.0	0	333.8457346862415	1290.3605139275896	1	0	1	2.7166439259360606
258200.0	2000.0	1090.3605139274018	0.0	0	499.80727744597243	1290.3605139275896	1	0	1	2.7166439259360633
259200.0	2000.0	1090.360513927381	0.0	0	504.94589852687204	1290.3605139275605	1	0	1	2.716643925936066
260200.0	2000.0	1090.36051392736	0.0	0	460.42029916873435	1290.3605139275605	1	0	1	2.716643925936066
261200.0	2000.0	1090.3605139273598	0.0	0	318.2688803113124	1290.3605139275314	1	0	1	2.716643925936069
262895.8242177421	3000.0	394.5362961852318	0.0	0	0.0	1290.3605139274441	1	0	1	2.919376479990156
263220.64919750317	1000.0	1069.7113164241632	0.0	0	0.0	1290.3605139274732	1	0	1	0.5783108664280471
264200.0	2000.0	1090.3605139273495	0.0	0	277.30688780522905	1290.360513927415	1	0	1	2.023496745376131
265200.0	2000.0	1090.3605139273313	0.0	0	110.01057688187575	1290.3605139273568	1	0	1	2.7166439259360864
266200.0	2000.0	1090.3605139272845	0.0	0	392.21355660585687	1290.360513927415	1	0	1	2.716643925936081
267225.8381568442	2000.0	1064.522357083061	0.0	0	0.0	1290.3605139273568	1	0	1	2.716643925936083
268200.0	2000.0	1090.360513927228	0.0	0	277.0173300172901	1290.3605139273568	1	0	1	2.7166439259360864
269200.0	2000.0	1090.3605139272836	0.0	0	144.77080652758013	1290.3605139273568	1	0	1	2.7166439259360864
270200.0	2000.0	1090.3605139272688	0.0	0	175.9371490404592	1290.3605139273568	1	0	1	2.7166439259360864
271200.0	2000.0	1090.360513927274	0.0	0	394.69420553336386	1290.3605139272986	1	0	1	2.7166439259360926
272345.5504774788	2000.0	944.8100364483577	0.0	0	0.0	1290.3605139272986	1	0	1	2.7166439259360926
273207.30145757674	2000.0	1083.0590563504238	0.0	0	0.0	1290.3605139272986	1	0	1	2.7166439259360926
274200.0	2000.0	1090.360513927153	0.0	0	205.03456974733854	1290.3605139272986	1	0	1	2.7166439259360926
275209.11959023296	2000.0	1081.240923694243	0.0	0	0.0	1290.3605139273568	1	0	1	2.71664392593609
276200.0	2000.0	1090.3605139271986	0.0	0	208.09531228849664	1290.3605139273568	1	0	1	2.7166439259360864
277200.0	2000.0	1090.3605139272381	0.0	0	362.48803488718113	1290.3605139273568	1	0	1	2.7166439259360864
278200.0	2000.0	1090.3605139272474	0.0	0	344.8002384828287	1290.360513927415	1	0	1	2.716643925936081
279385.1118388532	2000.0	905.2486750740618	0.0	0	0.0	1290.360513927415	1	0	1	2.716643925936081
280200.0	2000.0	1090.36051392725	0.0	0	196.8617496251245	1290.360513927415	1	0	1	2.716643925936081
281200.0	2000.0	1090.360513927235	0.0	0	326.0062752997037	1290.360513927415	1	0	1	2.716643925936081
282200.0	2000.0	1090.36051392726	0.0	0	253.92085444170516	1290.360513927415	1	0	1	2.716643925936081
283200.0	2000.0	1090.3605139272902	0.0	0	242.2459984368179	1290.3605139274732	1	0	1	2.7166439259360797
284233.9411205913	2000.0	1056.4193933359895	0.0	0	0.0	1290.3605139274732	1	0	1	2.716643925936075
285473.18830008694	2000.0	817.1722138403118	0.0	0	0.0	1290.3605139274732	1	0	1	2.716643925936075
286200.0	1000.0	1090.3605139273136	0.0	0	370.9205852787127	1290.3605139274732	1	0	1	0.9837759745362118
287200.0	2000.0	1090.3605139272822	0.0	0	316.64359808468726	1290.3605139274732	1	0	1	2.0234967453761294
288200.0	2000.0	1090.3605139272877	0.0	0	176.30879586201627	1290.3605139274732	1	0	1	2.716643925936075
289497.69030858536	2000.0	792.6702053419491	0.0	0	0.0	1290.3605139275314	1	0	1	2.716643925936069
290268.89127615525	1000.0	1021.4692377720033	0.0	0	0.0	1290.3605139275314	1	0	1	0.9837759745362059
291200.0	1000.0	1090.3605139272113	0.0	0	377.4799165085424	1290.3605139274732	1	0	1	1.676923155096157
292200.0	1000.0	1090.3605139272142	0.0	0	447.7632947888342	1290.3605139274732	1	0	1	1.676923155096157
293200.0	1000.0	1090.3605139272322	0.0	0	416.53206209873315	1290.3605139275314	1	0	1	1.6769231550961559
294200.0	1000.0	1090.3605139271915	0.0	0	312.2622150115785	1290.3605139274732	1	0	1	1.6769231550961523
295200.0	1000.0	1090.3605139271667	0.0	0	247.83106461324496	1290.3605139274732	1	0	1	1.676923155096157
296200.0	1000.0	1090.3605139271635	0.0	0	322.5724837356829	1290.360513927415	1	0	1	1.6769231550961627
297200.0	1000.0	1090.3605139271217	0.0	0	340.9276004047133	1290.360513927415	1	0	1	1.6769231550961627
298200.0	1000.0	1090.3605139271483	0.0	0	573.3130355496542	1290.3605139274732	1	0	1	1.676923155096157
299200.0	1000.0	1090.36051392717	0.0	0	72.86508780141594	1290.3605139274732	1	0	1	1.676923155096157
300200.0	1000.0	1090.3605139271763	0.0	0	675.1427327613346	1290.3605139274732	1	0	1	1.676923155096157
301200.0	1000.0	1090.360513927155	0.0	0	682.1238978778711	1290.3605139274732	1	0	1	1.676923155096157
302200.0	1000.0	1090.3605139271735	0.0	0	494.51953990594484	1290.3605139274732	1	0	1	1.676923155096157
303200.0	2000.0	1090.3605139271804	0.0	0	282.11156738048885	1290.3605139275896	1	0	1	2.023496745376123
304416.0091825923	2000.0	874.3513313349181	0.0	0	0.0	1290.3605139275896	1	0	1	2.7166439259360633
305328.65633930516	2000.0	961.7041746219709	0.0	0	0.0	1290.3605139275896	1	0	1	2.7166439259360633
306456.8448388451	2000.0	833.5156750820383	0.0	0	0.0	1290.3605139275896	1	0	1	2.7166439259360633
307200.0	1000.0	1090.3605139270528	0.0	0	170.5317324542557	1290.3605139275896	1	0	1	0.9837759745362
308574.03768285655	2000.0	716.3228310705567	0.0	0	0.0	1290.3605139275896	1	0	1	2.023496745376118
309200.0	1000.0	1090.3605139271199	0.0	0	73.7235970722395	1290.3605139275896	1	0	1	0.9837759745362
310200.0	1000.0	1090.360513927114	0.0	0	639.1147751524695	1290.3605139275314	1	0	1	1.676923155096151
311200.0	1000.0	1090.3605139271517	0.0	0	514.2540968372487	1290.3605139275896	1	0	1	1.6769231550961499
312568.5037814027	2000.0	721.8567325244549	0.0	0	0.0	1290.3605139275896	1	0	1	2.023496745376118
313441.6519987618	1000.0	848.7085151653761	0.0	0	0.0	1290.3605139275896	1	0	1	0.9837759745362
314200.0	1000.0	1090.360513927175	0.0	0	87.08598268113565	1290.3605139275896	1	0	1	1.6769231550961452
315200.0	1000.0	1090.3605139271824	0.0	0	412.5539791829651	1290.3605139275896	1	0	1	1.6769231550961405
316200.0	1000.0	1090.3605139271256	0.0	0	599.4976441034814	1290.3605139275896	1	0	1	1.6769231550961452
317200.0	1000.0	1090.3605139271554	0.0	0	533.7525518599432	1290.3605139275896	1	0	1	1.6769231550961452
318200.0	1000.0	1090.3605139270771	0.0	0	357.95584295195295	1290.3605139274732	1	0	1	1.6769231550961523
319200.0	1000.0	1090.360513927067	0.0	0	482.40235683717765	1290.3605139274732	1	0	1	1.676923155096157
320200.0	2000.0	1090.360513927031	0.0	0	155.86316231876845	1290.3605139274732	1	0	1	2.0234967453761294
321200.0	1000.0	1090.360513926964	0.0	0	362.33959876565496	1290.3605139274732	1	0	1	0.9837759745362118
322200.0	1000.0	1090.3605139269662	0.0	0	301.98113331827335	1290.3605139274732	1	0	1	1.676923155096157
323200.0	1000.0	1090.3605139269378	0.0	0	501.32313976617297	1290.3605139275314	1	0	1	1.676923155096151
324200.0	1000.0	1090.360513926956	0.0	0	545.9215973166865	1290.3605139275314	1	0	1	1.676923155096151
325200.0	1000.0	1090.3605139269443	0.0	0	640.7137454479234	1290.3605139275314	1	0	1	1.676923155096151
326200.0	1000.0	1090.3605139269248	0.0	0	423.4400221820106	1290.3605139275896	1	0	1	1.6769231550961452
327200.0	1000.0	1090.3605139268948	0.0	0	461.1678521577269	1290.3605139276478	1	0	1	1.676923155096144
328200.0	2000.0	1090.3605139269127	0.0	0	90.99084451672388	1290.360513927706	1	0	1	2.0234967453761064
329200.0	1000.0	1090.360513926926	0.0	0	496.0599498281372	1290.360513927706	1	0	1	0.9837759745361885
330200.0	1000.0	1090.3605139269655	0.0	0	572.2658642778988	1290.360513927706	1	0	1	1.6769231550961337
331200.0	1000.0	1090.3605139270217	0.0	0	288.05856487026904	1290.3605139277643	1	0	1	1.6769231550961279
332200.0	1000.0	1090.3605139269857	0.0	0	560.7785037900321	1290.360513927706	1	0	1	1.676923155096129
333200.0	1000.0	1090.3605139269785	0.0	0	537.9033451646683	1290.360513927706	1	0	1	1.6769231550961337
334200.0	1000.0	1090.360513926953	0.0	0	358.906553500623	1290.3605139277643	1	0	1	1.6769231550961279
335200.0	1000.0	1090.3605139270035	0.0	0	681.6247819965938	1290.3605139277643	1	0	1	1.6769231550961279
336200.0	1000.0	1090.3605139270446	0.0	0	756.6483522811905	1290.3605139278225	1	0	1	1.676923155096122
337200.0	2000.0	1090.3605139270794	0.0	0	50.61059332935838	1290.3605139278225	1	0	1	2.023496745376095
338200.0	2000.0	1090.360513927047	0.0	0	297.92825975472806	1290.3605139278807	1	0	1	2.716643925936034
339574.04218179686	2000.0	716.3183321302695	0.0	0	0.0	1290.3605139279389	1	0	1	2.716643925936028
340200.0	1000.0	1090.3605139271592	0.0	0	26.30714958027238	1290.3605139279389	1	0	1	0.9837759745361654
341200.0	2000.0	1090.360513927196	0.0	0	349.36256931663956	1290.3605139279389	1	0	1	2.023496745376083
342200.0	2000.0	1090.360513927251	0.0	0	513.9922531628399	1290.360513927997	1	0	1	2.716643925936027
343200.0	2000.0	1090.3605139272354	0.0	0	145.0842941723531	1290.360513927997	1	0	1	2.7166439259360224
344200.0	2000.0	1090.3605139272304	0.0	0	131.60441809543408	1290.360513927997	1	0	1	2.7166439259360224
345200.0	2000.0	1090.3605139272645	0.0	0	1.4131130274618044	1290.3605139280553	1	0	1	2.7166439259360198
346200.0	2000.0	1090.3605139272017	0.0	0	439.2123889803188	1290.360513927997	1	0	1	2.7166439259360224
347200.0	2000.0	1090.3605139272313	0.0	0	48.99596949463012	1290.360513927997	1	0	1	2.7166439259360224
348200.0	2000.0	1090.3605139272104	0.0	0	527.0235686358064	1290.360513927997	1	0	1	2.7166439259360224
349200.0	2000.0	1090.3605139272804	0.0	0	394.9445546088973	1290.360513927997	1	0	1	2.7166439259360224
350200.0	2000.0	1090.3605139272713	0.0	0	109.715662036906	1290.360513927997	1	0	1	2.7166439259360224
351200.0	2000.0	1090.360513927347	0.0	0	238.90712956606876	1290.360513927997	1	0	1	2.7166439259360176
352200.0	2000.0	1090.360513927374	0.0	0	270.2118271277286	1290.360513927997	1	0	1	2.7166439259360224
2.81	3.76	2.59	2.63	2.98	3.5	4.02	2.91	3.53	1.31	1.53	1.98	1.93	2.17	2.37	1.62	3.13	2.7	2.18	2.11	2.53	2.7	1.66	2.13	2.32	2.98	1.78	2.53	2.11	2.66	2.37	1.61	2.07	1.53	2.63	2.33	2.26	2.4	3.04	3.38	4.12	4.0	1.74	1.26	1.83	1.98	1.92	2.19	1.74	2.15	2.4	2.07	1.44	2.17	1.93	3.02	2.97	3.05	1.87	2.75	4.05	5.31	3.24	3.44	2.39	2.18	2.97	2.77	2.79	2.35	2.77	3.03	3.49	2.9	2.24	1.56	2.48	2.13	3.13	3.02	3.14	2.07	2.43	2.41	2.36	3.23	2.1	1.51	2.48	3.15	1.95	1.69	1.42	1.83	2.54	1.54	1.78	1.8	1.96	2.07	2.47	1.16	2.63	3.37	2.68	3.51	2.49	1.51	2.58	1.82	1.61	2.21	2.84	2.53	2.09	1.34	1.7	2.21	3.15	2.39	1.98	1.88	2.13	1.7	1.85	2.2	2.11	2.26	2.41	2.41	1.76	1.98	2.15	1.7	2.22	2.65	1.97	2.93	4.26	2.7	3.34	2.03	1.77	2.75	3.87	3.13	2.65	2.61	3.86	2.1	2.81	3.76	2.59	2.63	2.98	3.5	4.02	2.91	3.53	1.31	1.53	1.98	1.93	2.17	2.37	1.62	3.13	2.7	2.18	2.11	2.53	2.7	1.66	2.13	2.32	2.98	1.78	2.53	2.11	2.66	2.37	1.61	2.07	1.53	2.63	2.33	2.26	2.4	3.04	3.38	4.12	4.0	1.74	1.26	1.83	1.98	1.92	2.19	1.74	2.15	2.4	2.07	1.44	2.17	1.93	3.02	2.97	3.05	1.87	2.75	4.05	5.31	3.24	3.44	2.39	2.18	2.97	2.77	2.79	2.35	2.77	3.03	3.49	2.9	2.24	1.56	2.48	2.13	3.13	3.02	3.14	2.07	2.43	2.41	2.36	3.23	2.1	1.51	2.48	3.15	1.95	1.69	1.42	1.83	2.54	1.54	1.78	1.8	1.96	2.07	2.47	1.16	2.63	3.37	2.68	3.51	2.49	1.51	2.58	1.82	1.61	2.21	2.84	2.53	2.09	1.34	1.7	2.21	3.15	2.39	1.98	1.88	2.13	1.7	1.85	2.2	2.11	2.26	2.41	2.41	1.76	1.98	2.15	1.7	2.22	2.65	1.97	2.93	4.26	2.7	3.34	2.03	1.77	2.75	3.87	3.13	2.65	2.61	3.86	2.1	2.81	3.76	2.59	2.63	2.98	3.5	4.02	2.91	3.53	1.31	1.53	1.98	1.93	2.17	2.37	1.62	3.13	2.7	2.18	2.11	2.53	2.7	1.66	2.13	2.32	2.98	1.78	2.53	2.11	2.66	2.37	1.61	2.07	1.53	2.63	2.33	2.26	2.4	3.04	3.38	4.12	4.0	1.74	1.26	1.83	1.98	1.92	2.19	1.74	2.15	2.4	2.07	1.44
1.0	2.0	3.0	4.0	5.0	6.0	7.0	8.0	9.0	10.0	11.0	12.0	13.0	14.0	15.0	16.0	17.0	18.0	19.0	20.0	21.0	22.0	23.0	24.0	25.0	26.0	27.0	28.0	29.0	30.0	31.0	32.0	33.0	34.0	35.0	36.0	37.0	38.0	39.0	40.0	41.0	42.0	43.0	44.0	45.0	46.0	47.0	48.0	49.0	50.0	51.0	52.0	53.0	54.0	55.0	56.0	57.0	58.0	59.0	60.0	61.0	62.0	63.0	64.0	65.0	66.0	67.0	68.0	69.0	70.0	71.0	72.0	73.0	74.0	75.0	76.0	77.0	78.0	79.0	80.0	81.0	82.0	83.0	84.0	85.0	86.0	87.0	88.0	89.0	90.0	91.0	92.0	93.0	94.0	95.0	96.0	97.0	98.0	99.0	100.0	101.0	102.0	103.0	104.0	105.0	106.0	107.0	108.0	109.0	110.0	111.0	112.0	113.0	114.0	115.0	116.0	117.0	118.0	119.0	120.0	121.0	122.0	123.0	124.0	125.0	126.0	127.0	128.0	129.0	130.0	131.0	132.0	133.0	134.0	135.0	136.0	137.0	138.0	139.0	140.0	141.0	142.0	143.0	144.0	145.0	146.0	147.0	148.0	149.0	149.0	150.0	151.0	152.0	153.0	154.0	155.0	156.0	157.0	158.0	159.0	160.0	161.0	162.0	163.0	164.0	165.0	166.0	167.0	168.0	169.0	170.0	171.0	172.0	173.0	174.0	175.0	176.0	177.0	178.0	179.0	180.0	181.0	182.0	183.0	184.0	185.0	186.0	187.0	188.0	189.0	190.0	191.0	192.0	193.0	194.0	195.0	196.0	197.0	198.0	199.0	200.0	201.0	202.0	203.0	204.0	205.0	206.0	207.0	208.0	209.0	210.0	211.0	212.0	213.0	214.0	215.0	216.0	217.0	218.0	219.0	220.0	221.0	222.0	223.0	224.0	225.0	226.0	227.0	228.0	229.0	230.0	231.0	232.0	233.0	234.0	235.0	236.0	237.0	238.0	239.0	240.0	241.0	242.0	243.0	244.0	245.0	246.0	247.0	248.0	249.0	250.0	251.0	252.0	253.0	254.0	255.0	256.0	257.0	258.0	259.0	260.0	261.0	262.0	263.0	264.0	265.0	266.0	267.0	268.0	269.0	270.0	271.0	272.0	273.0	274.0	275.0	276.0	277.0	278.0	279.0	280.0	281.0	282.0	283.0	284.0	285.0	286.0	287.0	288.0	289.0	290.0	291.0	292.0	293.0	294.0	295.0	296.0	297.0	298.0	298.0	299.0	300.0	301.0	302.0	303.0	304.0	305.0	306.0	307.0	308.0	309.0	310.0	311.0	312.0	313.0	314.0	315.0	316.0	317.0	318.0	319.0	320.0	321.0	322.0	323.0	324.0	325.0	326.0	327.0	328.0	329.0	330.0	331.0	332.0	333.0	334.0	335.0	336.0	337.0	338.0	339.0	340.0	341.0	342.0	343.0	344.0	345.0	346.0	347.0	348.0	349.0	350.0	351.0
2958.748101111798
