2830.1553368602304	300.0	2000.0	222.30652688268881	0	0.0	2830.1553368602304	1	0	1	-1.6112707680244402
5200.0	1000.0	530.1999999999997	0.0	0	33.528805957189434	730.1999999999989	1	0	2	0.12608563590356953
6200.0	500.0	2630.2000000000003	0.0	0	635.1165619199619	2830.1999999999994	1	0	0	-0.6059287449109594
9200.0	1000.0	530.199999999998	0.0	0	370.6723088519084	730.1999999999971	1	0	2	0.4361373535799253
10200.0	500.0	2630.1999999999975	0.0	0	639.6055220913531	2830.1999999999944	1	0	0	-0.6059287449109589
13782.081079498586	2000.0	200.0	281.89926131677083	0	0.0	982.0810794985864	1	0	2	-0.9180550803934666
14200.0	300.0	2823.872971548729	0.0	0	140.5052129003452	3023.8729715487298	1	0	0	-2.5977222359507692
17449.24792677547	2000.0	449.7002520957095	0.0	0	0.0	898.9481788711782	1	0	2	0.2550306638660387
18200.0	500.0	2774.0233861936304	0.0	0	304.9249435455931	2974.0233861936285	1	0	0	-1.3142883494263495
22749.50006472303	2000.0	200.0	1118.5697136379072	0	0.0	1949.50006472303	1	0	2	-6.004082112919376
23083.71375692515	300.0	865.7863077978775	0.0	0	0.0	1949.50006472303	1	0	1	-2.2920699913581846
23501.27014971352	500.0	1406.4742757306735	0.0	0	0.0	1907.7444254442016	1	0	2	-0.33635777401642913
24381.819061641985	1000.0	1437.8704726093588	0.0	0	0.0	1819.6895342513562	1	0	2	0.7287801055946372
25200.0	1000.0	1537.8714404155407	0.0	0	30.925830519034207	1737.8714404155508	1	0	2	1.4297760314352614
26200.0	1000.0	1437.8714404155392	0.0	0	185.85231336332072	1637.8714404155544	1	0	2	1.4386312439013573
27231.48969145151	1000.0	1406.3817489640278	0.0	0	0.0	1637.8714404155544	1	0	1	1.4421720624473489
28200.0	1000.0	1437.871440415538	0.0	0	177.6952870110872	1637.871440415558	1	0	1	1.6421720624473486
29200.0	1000.0	1437.87144041554	0.0	0	286.6742548771217	1637.8714404155617	1	0	1	1.6421720624473481
30200.0	1000.0	1437.8714404155392	0.0	0	408.69132324034945	1637.8714404155617	1	0	1	1.6421720624473481
31200.0	1000.0	1437.8714404155396	0.0	0	314.57846071543463	1637.8714404155617	1	0	1	1.6421720624473481
32319.919821051688	1000.0	1317.951619363851	0.0	0	0.0	1637.8714404155617	1	0	1	1.6421720624473481
33370.95318052011	1000.0	1266.9182598954233	0.0	0	0.0	1637.871440415558	1	0	1	1.6421720624473481
34431.17915945185	1000.0	1206.6922809636792	0.0	0	0.0	1637.8714404155544	1	0	1	1.642172062447349
35235.58536933076	1000.0	1402.2860710847744	0.0	0	0.0	1637.8714404155544	1	0	1	1.642172062447349
36211.716240771435	1000.0	1426.1551996440974	0.0	0	0.0	1637.8714404155544	1	0	1	1.642172062447349
37317.076808119215	1000.0	1320.7946322963048	0.0	0	0.0	1637.871440415547	1	0	1	1.6421720624473495
38400.48893713286	1000.0	1237.3825032826676	0.0	0	0.0	1637.871440415547	1	0	1	1.6421720624473495
39200.0	1000.0	1437.8714404155307	0.0	0	205.5791884118662	1637.871440415547	1	0	1	1.6421720624473495
40200.0	1000.0	1437.8714404155323	0.0	0	607.0196659213179	1637.871440415547	1	0	1	1.6421720624473495
41200.0	1000.0	1437.8714404155312	0.0	0	458.7983904975699	1637.871440415547	1	0	1	1.6421720624473495
42340.81003471797	1000.0	1297.061405697566	0.0	0	0.0	1637.8714404155544	1	0	1	1.642172062447349
43687.833124644334	1000.0	950.0383157712026	0.0	0	0.0	1637.8714404155617	1	0	1	1.6421720624473481
44458.687343170146	1000.0	1179.1840972453992	0.0	0	0.0	1637.871440415569	1	0	1	1.6421720624473473
45200.0	1000.0	1437.8714404155492	0.0	0	176.9690020603084	1637.871440415569	1	0	1	1.6421720624473473
46200.0	1000.0	1437.8714404155546	0.0	0	636.3936718696423	1637.871440415569	1	0	1	1.6421720624473473
47200.0	1000.0	1437.8714404155571	0.0	0	337.8686157732445	1637.871440415569	1	0	1	1.6421720624473473
48200.0	1000.0	1437.8714404155558	0.0	0	247.70479480321956	1637.871440415569	1	0	1	1.6421720624473473
49200.0	1000.0	1437.8714404155635	0.0	0	182.51869017795252	1637.871440415569	1	0	1	1.6421720624473473
50200.0	1000.0	1437.8714404155673	0.0	0	482.5466195724148	1637.871440415569	1	0	1	1.6421720624473473
51200.0	1000.0	1437.8714404155721	0.0	0	469.919406623565	1637.871440415569	1	0	1	1.6421720624473473
52200.0	1000.0	1437.8714404155724	0.0	0	134.47568644629064	1637.871440415569	1	0	1	1.6421720624473473
53200.0	1000.0	1437.8714404155753	0.0	0	436.2110559966095	1637.871440415569	1	0	1	1.6421720624473473
54200.0	1000.0	1437.8714404155733	0.0	0	356.7055486459358	1637.871440415569	1	0	1	1.6421720624473473
55417.18332531101	2000.0	1220.688115104559	0.0	0	0.0	1637.871440415569	1	0	1	1.98874565272732
56200.0	1000.0	1437.871440415571	0.0	0	194.14362763206736	1637.8714404155617	1	0	1	0.949024881887403
57200.0	1000.0	1437.8714404155783	0.0	0	355.826578202832	1637.8714404155617	1	0	1	1.6421720624473481
58795.706814261335	2000.0	842.1646261542517	0.0	0	0.0	1637.8714404155617	1	0	1	1.9887456527273208
59555.40467473913	1000.0	1082.4667656764555	0.0	0	0.0	1637.8714404155617	1	0	1	0.949024881887403
60650.46400888553	1000.0	987.4074315300591	0.0	0	0.0	1637.8714404155617	1	0	1	1.6421720624473481
61735.450208956885	1000.0	902.4212314587048	0.0	0	0.0	1637.871440415569	1	0	1	1.6421720624473473
62200.0	500.0	1437.8714404155978	0.0	0	57.024520336774	1637.871440415569	1	0	1	-0.09069588895251612
63200.0	1000.0	1437.8714404155965	0.0	0	384.18050059981033	1637.871440415569	1	0	1	0.949024881887402
64200.0	1000.0	1437.8714404156008	0.0	0	389.2709272685679	1637.871440415569	1	0	1	1.6421720624473473
65200.0	1000.0	1437.8714404156028	0.0	0	78.95561684337736	1637.871440415569	1	0	1	1.6421720624473473
66200.0	1000.0	1437.8714404155894	0.0	0	277.6515022781241	1637.871440415547	1	0	1	1.6421720624473486
67200.0	1000.0	1437.8714404155758	0.0	0	459.1447045938985	1637.8714404155326	1	0	1	1.6421720624473501
68200.0	1000.0	1437.871440415562	0.0	0	356.04699931321375	1637.8714404155326	1	0	1	1.642172062447351
69200.0	1000.0	1437.8714404155687	0.0	0	551.3281015665125	1637.8714404155326	1	0	1	1.642172062447351
70667.01097933484	2000.0	970.8604610807114	0.0	0	0.0	1637.8714404155326	1	0	1	1.9887456527273235
71316.99384597421	1000.0	1320.8775944413514	0.0	0	0.0	1637.8714404155326	1	0	1	0.9490248818874059
72200.0	1000.0	1437.8714404155662	0.0	0	311.3189698967908	1637.8714404155326	1	0	1	1.6421720624473517
73200.0	1000.0	1437.8714404155621	0.0	0	270.79708945853054	1637.8714404155326	1	0	1	1.642172062447351
74200.0	1000.0	1437.871440415539	0.0	0	525.3985100914433	1637.871440415518	1	0	1	1.6421720624473526
75200.0	1000.0	1437.8714404155337	0.0	0	569.5855458007427	1637.871440415518	1	0	1	1.6421720624473526
76439.83734407838	2000.0	1198.034096337161	0.0	0	0.0	1637.8714404155326	1	0	1	1.9887456527273235
77590.53491769066	1000.0	1047.3365227248755	0.0	0	0.0	1637.871440415547	1	0	1	0.9490248818874044
78256.56118990185	1000.0	1381.310250513679	0.0	0	0.0	1637.871440415547	1	0	1	1.6421720624473495
79200.0	1000.0	1437.8714404155323	0.0	0	260.12332986200636	1637.871440415547	1	0	1	1.6421720624473495
80200.0	1000.0	1437.8714404155435	0.0	0	141.23217970856058	1637.871440415547	1	0	1	1.6421720624473495
81200.0	1000.0	1437.871440415537	0.0	0	192.60174024758453	1637.8714404155326	1	0	1	1.642172062447351
82200.0	1000.0	1437.871440415542	0.0	0	300.4196313834109	1637.871440415547	1	0	1	1.6421720624473495
83200.0	1000.0	1437.8714404155464	0.0	0	138.67609551870555	1637.8714404155617	1	0	1	1.6421720624473481
84200.0	1000.0	1437.871440415552	0.0	0	238.0128627239028	1637.8714404155617	1	0	1	1.6421720624473481
85200.0	2000.0	1437.8714404155376	0.0	0	180.28254960935737	1637.8714404155617	1	0	1	1.9887456527273208
86200.0	1000.0	1437.871440415532	0.0	0	533.0826265243231	1637.8714404155617	1	0	1	0.949024881887403
87219.40805629078	1000.0	1418.4633841247392	0.0	0	0.0	1637.8714404155617	1	0	1	1.6421720624473481
88200.0	1000.0	1437.8714404155255	0.0	0	140.68429343772004	1637.8714404155762	1	0	1	1.6421720624473468
89200.0	1000.0	1437.8714404155535	0.0	0	547.7036055258504	1637.8714404155762	1	0	1	1.6421720624473468
90200.0	1000.0	1437.8714404155523	0.0	0	476.76122125085385	1637.8714404155762	1	0	1	1.6421720624473468
92006.0684430007	2000.0	631.8029974148644	0.0	0	0.0	1637.8714404155762	1	0	1	1.988745652727319
92447.95044323259	500.0	1189.9209971829698	0.0	0	0.0	1637.8714404155762	1	0	1	-0.7838430695124619
93391.89896413518	1000.0	1245.9724762803733	0.0	0	0.0	1637.8714404155762	1	0	1	0.9490248818874014
94379.10433116787	1000.0	1258.7671092476896	0.0	0	0.0	1637.8714404155908	1	0	1	1.642172062447345
95289.17857988451	1000.0	1348.692860531051	0.0	0	0.0	1637.8714404156053	1	0	1	1.6421720624473437
96200.0	1000.0	1437.8714404155694	0.0	0	203.91872101667104	1637.8714404156053	1	0	1	1.6421720624473437
97200.0	1000.0	1437.8714404155708	0.0	0	303.0137292775762	1637.8714404156053	1	0	1	1.6421720624473437
98200.0	1000.0	1437.8714404155787	0.0	0	350.37931518892583	1637.8714404156053	1	0	1	1.6421720624473437
99200.0	1000.0	1437.8714404155903	0.0	0	323.8970540621376	1637.8714404156053	1	0	1	1.6421720624473437
100200.0	1000.0	1437.8714404155705	0.0	0	309.13490884749626	1637.8714404156053	1	0	1	1.6421720624473437
101358.70596441164	2000.0	1279.1654760039314	0.0	0	0.0	1637.8714404156199	1	0	1	1.988745652727315
102200.0	1000.0	1437.8714404155621	0.0	0	379.1372385346185	1637.8714404156344	1	0	1	0.9490248818873959
103200.0	1000.0	1437.871440415551	0.0	0	359.8975311649847	1637.8714404156199	1	0	1	1.6421720624473424
104200.0	1000.0	1437.8714404155337	0.0	0	293.32060778287996	1637.8714404156199	1	0	1	1.6421720624473424
105200.0	1000.0	1437.8714404155307	0.0	0	195.94634836970363	1637.8714404156199	1	0	1	1.6421720624473424
106200.0	1000.0	1437.8714404155398	0.0	0	417.83235230446735	1637.8714404156199	1	0	1	1.6421720624473424
107510.20085662982	2000.0	1127.670583785728	0.0	0	0.0	1637.8714404156199	1	0	1	1.988745652727315
108360.37475588248	1000.0	1277.496684533063	0.0	0	0.0	1637.8714404156199	1	0	1	0.9490248818873972
109248.97345834928	1000.0	1388.897982066269	0.0	0	0.0	1637.8714404156199	1	0	1	1.6421720624473424
110200.0	1000.0	1437.8714404155617	0.0	0	120.10792937786027	1637.8714404156053	1	0	1	1.6421720624473437
111864.15013006909	1000.0	773.7213103464836	0.0	0	0.0	1637.8714404155908	1	0	1	1.642172062447345
112702.45984846509	500.0	935.4115919504757	0.0	0	0.0	1637.8714404155908	1	0	1	-0.09069588895251829
113246.62178016371	500.0	1391.2496602518574	0.0	0	0.0	1637.8714404155908	1	0	1	0.6024512916074272
114465.29842138401	1000.0	1172.5730190315637	0.0	0	0.0	1637.8714404155908	1	0	1	0.9490248818873998
115200.0	500.0	1437.8714404155687	0.0	0	129.37217277225864	1637.8714404155908	1	0	1	-0.09069588895251829
116200.0	500.0	1437.8714404155828	0.0	0	587.7887658467371	1637.8714404155908	1	0	1	0.6024512916074272
117493.63610457953	1000.0	1144.2353358360447	0.0	0	0.0	1637.8714404155908	1	0	1	0.9490248818873998
118200.0	500.0	1437.8714404155676	0.0	0	119.29849627218209	1637.8714404155908	1	0	1	-0.09069588895251829
119200.0	1000.0	1437.8714404155644	0.0	0	163.30814007601293	1637.8714404155908	1	0	1	0.9490248818873998
120200.0	1000.0	1437.8714404155799	0.0	0	6.941610484020202	1637.8714404155908	1	0	1	1.642172062447345
121211.07599895658	1000.0	1426.7954414590092	0.0	0	0.0	1637.8714404155908	1	0	1	1.642172062447345
122200.0	1000.0	1437.8714404155805	0.0	0	273.3696769486269	1637.8714404155762	1	0	1	1.6421720624473468
123200.0	1000.0	1437.8714404155837	0.0	0	191.0809704252315	1637.8714404155762	1	0	1	1.6421720624473468
124200.0	1000.0	1437.871440415579	0.0	0	43.81965312809916	1637.8714404155762	1	0	1	1.6421720624473468
125200.0	1000.0	1437.8714404155849	0.0	0	423.774949971179	1637.8714404155762	1	0	1	1.6421720624473468
126200.0	1000.0	1437.871440415583	0.0	0	364.5740338662872	1637.8714404155762	1	0	1	1.6421720624473468
127200.0	1000.0	1437.871440415581	0.0	0	378.98812287996407	1637.8714404155908	1	0	1	1.642172062447345
128200.0	1000.0	1437.8714404155712	0.0	0	463.96564589446643	1637.8714404155908	1	0	1	1.642172062447345
129200.0	1000.0	1437.8714404155724	0.0	0	497.1434637901257	1637.8714404155908	1	0	1	1.642172062447345
130200.0	1000.0	1437.8714404155648	0.0	0	127.91168471197307	1637.8714404155908	1	0	1	1.642172062447345
131200.0	1000.0	1437.8714404155842	0.0	0	246.67601444742468	1637.8714404156053	1	0	1	1.6421720624473437
133007.8951706398	2000.0	629.9762697757687	0.0	0	0.0	1637.8714404155908	1	0	1	1.9887456527273182
133395.8004382202	500.0	1242.0710021953669	0.0	0	0.0	1637.8714404155908	1	0	1	-0.7838430695124634
134200.0	1000.0	1437.871440415556	0.0	0	182.58050764419022	1637.8714404155908	1	0	1	0.9490248818873998
135200.0	1000.0	1437.8714404155417	0.0	0	517.0983279539214	1637.8714404155908	1	0	1	1.642172062447345
136200.0	1000.0	1437.8714404155223	0.0	0	463.58509120950475	1637.8714404155908	1	0	1	1.642172062447345
137200.0	1000.0	1437.8714404155503	0.0	0	289.09162796413875	1637.8714404155908	1	0	1	1.642172062447345
138899.17086950422	2000.0	738.700570911342	0.0	0	0.0	1637.8714404155908	1	0	1	1.9887456527273182
139764.77510469552	1000.0	873.0963357200128	0.0	0	0.0	1637.8714404155908	1	0	1	0.9490248818874
140475.41888531318	1000.0	1162.452555102338	0.0	0	0.0	1637.8714404155908	1	0	1	1.642172062447345
141243.2860201368	1000.0	1394.5854202787484	0.0	0	0.0	1637.8714404156199	1	0	1	1.6421720624473424
142200.0	1000.0	1437.8714404155437	0.0	0	442.1973394616216	1637.8714404156199	1	0	1	1.6421720624473424
143200.0	1000.0	1437.8714404155592	0.0	0	43.453952482232125	1637.871440415678	1	0	1	1.6421720624473388
144200.0	1000.0	1437.871440415527	0.0	0	166.48033636223408	1637.871440415678	1	0	1	1.6421720624473366
145200.0	1000.0	1437.8714404155332	0.0	0	491.29424160084454	1637.8714404157072	1	0	1	1.6421720624473335
146200.0	1000.0	1437.871440415552	0.0	0	166.66172017002827	1637.8714404157072	1	0	1	1.6421720624473335
147200.0	1000.0	1437.871440415558	0.0	0	78.48568054265343	1637.8714404157072	1	0	1	1.6421720624473335
148200.0	1000.0	1437.8714404155567	0.0	0	345.26713456658763	1637.8714404157363	1	0	1	1.6421720624473308
149200.0	1000.0	1437.8714404155453	0.0	0	321.9562615479517	1637.8714404157363	1	0	1	1.6421720624473308
150410.26589854856	1000.0	1227.605541867007	0.0	0	0.0	1637.8714404157072	1	0	1	1.6421720624473335
151901.15411963308	1000.0	736.7173207824663	0.0	0	0.0	1637.8714404157072	1	0	1	1.6421720624473335
152327.2301058804	500.0	1310.6413345351905	0.0	0	0.0	1637.8714404157363	1	0	1	-0.09069588895253289
153200.0	1000.0	1437.8714404155673	0.0	0	230.1277004905569	1637.8714404157363	1	0	1	0.9490248818873853
154200.0	1000.0	1437.8714404155828	0.0	0	491.17672217148356	1637.8714404157072	1	0	1	1.6421720624473335
155200.0	1000.0	1437.8714404155837	0.0	0	365.20323060284136	1637.8714404157363	1	0	1	1.6421720624473308
156200.0	1000.0	1437.8714404155737	0.0	0	271.7108205014083	1637.8714404157363	1	0	1	1.6421720624473308
157200.0	1000.0	1437.8714404155633	0.0	0	489.5387492630689	1637.8714404157363	1	0	1	1.6421720624473308
158200.0	1000.0	1437.8714404155849	0.0	0	295.3569677003543	1637.8714404157072	1	0	1	1.6421720624473335
159952.43943395925	2000.0	685.4320064563336	0.0	0	0.0	1637.871440415678	1	0	1	1.9887456527273093
160289.52549983052	500.0	1348.345940585069	0.0	0	0.0	1637.871440415678	1	0	1	-0.7838430695124721
161200.0	1000.0	1437.8714404155633	0.0	0	254.04759010858834	1637.871440415678	1	0	1	0.9490248818873912
162304.556143834	1000.0	1333.3152965815966	0.0	0	0.0	1637.871440415649	1	0	1	1.6421720624473386
163200.0	1000.0	1437.871440415597	0.0	0	4.253176913305651	1637.871440415649	1	0	1	1.6421720624473393
164200.0	1000.0	1437.8714404156005	0.0	0	322.3258689835202	1637.871440415649	1	0	1	1.6421720624473393
165200.0	1000.0	1437.8714404155824	0.0	0	477.3232857877738	1637.871440415649	1	0	1	1.6421720624473393
166200.0	1000.0	1437.8714404155883	0.0	0	461.67858921570587	1637.871440415649	1	0	1	1.6421720624473393
167200.0	1000.0	1437.8714404155978	0.0	0	43.8356540214445	1637.8714404156199	1	0	1	1.6421720624473424
168200.0	1000.0	1437.8714404155915	0.0	0	185.29884607539861	1637.8714404156199	1	0	1	1.6421720624473424
169223.43639539156	1000.0	1414.435045024028	0.0	0	0.0	1637.8714404156199	1	0	1	1.6421720624473424
170200.0	1000.0	1437.8714404155821	0.0	0	420.9121382519952	1637.8714404156199	1	0	1	1.6421720624473424
171467.3816637721	1000.0	1170.4897766434553	0.0	0	0.0	1637.8714404156199	1	0	1	1.6421720624473424
172458.22450352888	1000.0	1179.646936886672	0.0	0	0.0	1637.8714404156199	1	0	1	1.6421720624473424
173425.91266986547	1000.0	1211.958770550079	0.0	0	0.0	1637.8714404156199	1	0	1	1.6421720624473424
174393.24350959552	1000.0	1244.627930820036	0.0	0	0.0	1637.8714404156199	1	0	1	1.6421720624473424
175444.5033940256	1000.0	1193.3680463899113	0.0	0	0.0	1637.8714404156199	1	0	1	1.6421720624473424
176443.2407749078	1000.0	1194.6306655077153	0.0	0	0.0	1637.8714404156199	1	0	1	1.6421720624473424
177316.36183493593	1000.0	1321.5096054795933	0.0	0	0.0	1637.8714404156199	1	0	1	1.6421720624473424
178200.0	1000.0	1437.8714404155244	0.0	0	283.83470392553136	1637.871440415649	1	0	1	1.6421720624473393
179200.0	1000.0	1437.8714404154937	0.0	0	465.9946622910793	1637.871440415649	1	0	1	1.6421720624473393
180200.0	1000.0	1437.8714404155032	0.0	0	369.3008141652681	1637.871440415678	1	0	1	1.6421720624473366
181900.36131523483	2000.0	737.5101251806796	0.0	0	0.0	1637.871440415678	1	0	1	1.9887456527273106
182210.2966943137	500.0	1427.5747461018038	0.0	0	0.0	1637.871440415678	1	0	1	-0.7838430695124721
183200.0	1000.0	1437.8714404155246	0.0	0	89.35104681129451	1637.8714404157072	1	0	1	0.9490248818873893
184200.0	1000.0	1437.8714404155198	0.0	0	16.132626563863596	1637.8714404157072	1	0	1	1.6421720624473335
185233.1628109421	1000.0	1404.7086294734222	0.0	0	0.0	1637.8714404157072	1	0	1	1.6421720624473335
186200.0	1000.0	1437.8714404155091	0.0	0	85.24689709866652	1637.8714404157072	1	0	1	1.6421720624473335
187200.0	1000.0	1437.8714404155166	0.0	0	146.589535271778	1637.8714404157363	1	0	1	1.6421720624473308
188200.0	1000.0	1437.8714404155444	0.0	0	171.82233365994762	1637.8714404157363	1	0	1	1.6421720624473308
189200.0	1000.0	1437.8714404155392	0.0	0	505.01892388568376	1637.8714404157363	1	0	1	1.6421720624473308
190200.0	1000.0	1437.8714404155157	0.0	0	209.14019432890927	1637.8714404157363	1	0	1	1.6421720624473308
191200.0	1000.0	1437.8714404155241	0.0	0	260.90415098157246	1637.8714404157072	1	0	1	1.6421720624473324
192200.0	1000.0	1437.8714404155226	0.0	0	78.15478133800207	1637.8714404157072	1	0	1	1.6421720624473335
193200.0	1000.0	1437.8714404155392	0.0	0	241.15245858809794	1637.871440415678	1	0	1	1.6421720624473366
194200.0	1000.0	1437.8714404155294	0.0	0	474.7088103124115	1637.871440415678	1	0	1	1.6421720624473366
195200.0	1000.0	1437.8714404154816	0.0	0	547.0291221385705	1637.871440415678	1	0	1	1.6421720624473366
196200.0	1000.0	1437.8714404155248	0.0	0	356.7308275511605	1637.871440415678	1	0	1	1.6421720624473366
197328.5764870664	1000.0	1309.2949533491067	0.0	0	0.0	1637.871440415678	1	0	1	1.6421720624473366
198200.0	1000.0	1437.8714404155078	0.0	0	41.85348341363715	1637.871440415678	1	0	1	1.6421720624473366
199200.0	1000.0	1437.8714404154973	0.0	0	489.670032361435	1637.871440415678	1	0	1	1.6421720624473366
200200.0	1000.0	1437.8714404154769	0.0	0	492.4085377197189	1637.871440415678	1	0	1	1.6421720624473366
201200.0	1000.0	1437.87144041549	0.0	0	250.65305925431312	1637.871440415678	1	0	1	1.6421720624473366
202200.0	1000.0	1437.871440415461	0.0	0	285.59660617855843	1637.871440415649	1	0	1	1.6421720624473382
203200.0	1000.0	1437.871440415414	0.0	0	435.7258512318949	1637.8714404156199	1	0	1	1.6421720624473424
204764.94822158574	2000.0	872.9232188296693	0.0	0	0.0	1637.8714404156199	1	0	1	1.988745652727315
205289.0526646379	1000.0	1348.8187757775167	0.0	0	0.0	1637.8714404155908	1	0	1	0.9490248818874
206200.0	1000.0	1437.8714404153986	0.0	0	459.11997845981386	1637.8714404155908	1	0	1	1.642172062447345
207200.0	1000.0	1437.8714404154118	0.0	0	222.34081757528475	1637.8714404156199	1	0	1	1.6421720624473424
209168.12772477497	2000.0	469.7437156404712	0.0	0	0.0	1637.8714404156199	1	0	1	1.988745652727315
209815.99636518344	500.0	821.8750752320117	0.0	0	0.0	1637.8714404156199	1	0	1	-0.7838430695124663
210716.3793123982	1000.0	921.4921280172498	0.0	0	0.0	1637.871440415649	1	0	1	0.9490248818873963
211423.72724967182	1000.0	1214.1441907436267	0.0	0	0.0	1637.871440415649	1	0	1	1.6421720624473393
212200.0	1000.0	1437.871440415436	0.0	0	86.81366682364023	1637.8714404156199	1	0	1	1.6421720624473424
213200.0	1000.0	1437.8714404154425	0.0	0	365.90524526737863	1637.871440415649	1	0	1	1.6421720624473393
214200.0	1000.0	1437.8714404154175	0.0	0	215.8316404056677	1637.8714404156199	1	0	1	1.6421720624473424
215200.0	1000.0	1437.8714404154211	0.0	0	259.9671844881086	1637.8714404156199	1	0	1	1.6421720624473424
216200.0	1000.0	1437.8714404154457	0.0	0	238.06182714295574	1637.8714404156199	1	0	1	1.6421720624473424
217200.0	1000.0	1437.8714404154346	0.0	0	438.0133066532144	1637.8714404156199	1	0	1	1.6421720624473424
218200.0	1000.0	1437.871440415419	0.0	0	420.0099279098213	1637.8714404156199	1	0	1	1.6421720624473424
219370.91816484282	2000.0	1266.953275572599	0.0	0	0.0	1637.871440415649	1	0	1	1.988745652727312
220200.0	1000.0	1437.871440415416	0.0	0	166.52844926217222	1637.871440415649	1	0	1	0.9490248818873941
221200.0	1000.0	1437.8714404154457	0.0	0	584.4385529621504	1637.871440415649	1	0	1	1.6421720624473393
222200.0	1000.0	1437.8714404154546	0.0	0	383.2542954410019	1637.871440415649	1	0	1	1.6421720624473393
223200.0	1000.0	1437.8714404154182	0.0	0	354.5314135425724	1637.8714404156199	1	0	1	1.6421720624473424
224200.0	1000.0	1437.8714404154146	0.0	0	680.503104548814	1637.8714404156199	1	0	1	1.6421720624473424
225474.31215907627	2000.0	1163.559281339168	0.0	0	0.0	1637.8714404156199	1	0	1	1.988745652727315
226555.43017035237	1000.0	1082.4412700630728	0.0	0	0.0	1637.8714404156199	1	0	1	0.9490248818873972
227613.8368488524	1000.0	1024.0345915630342	0.0	0	0.0	1637.8714404156199	1	0	1	1.6421720624473424
228343.11863705286	1000.0	1294.7528033625558	0.0	0	0.0	1637.8714404156199	1	0	1	1.6421720624473424
229200.0	1000.0	1437.8714404153989	0.0	0	199.1721716580505	1637.8714404155908	1	0	1	1.6421720624473441
230200.0	1000.0	1437.871440415392	0.0	0	255.12636905506952	1637.8714404155908	1	0	1	1.642172062447345
231200.0	1000.0	1437.8714404153993	0.0	0	441.980563248886	1637.8714404155908	1	0	1	1.642172062447345
232200.0	1000.0	1437.8714404154061	0.0	0	241.92325747280847	1637.8714404155908	1	0	1	1.642172062447345
233200.0	1000.0	1437.8714404154348	0.0	0	287.5063565025921	1637.8714404156199	1	0	1	1.6421720624473435
234200.0	1000.0	1437.871440415453	0.0	0	441.9787412445294	1637.8714404156199	1	0	1	1.6421720624473424
235200.0	1000.0	1437.8714404154314	0.0	0	370.68969832127914	1637.871440415649	1	0	1	1.6421720624473393
236200.0	1000.0	1437.8714404154264	0.0	0	367.501942842704	1637.871440415678	1	0	1	1.6421720624473366
237200.0	1000.0	1437.8714404154184	0.0	0	145.2385695692501	1637.871440415649	1	0	1	1.6421720624473393
238200.0	1000.0	1437.8714404154166	0.0	0	469.71097092327545	1637.871440415649	1	0	1	1.6421720624473393
239200.0	1000.0	1437.871440415443	0.0	0	142.5590172629163	1637.871440415649	1	0	1	1.6421720624473393
241117.98038684597	2000.0	519.8910535694781	0.0	0	0.0	1637.871440415649	1	0	1	1.988745652727312
241671.98854278316	500.0	965.882897632302	0.0	0	0.0	1637.871440415649	1	0	1	-0.7838430695124694
242583.3295637949	1000.0	1054.5418766205792	0.0	0	0.0	1637.871440415649	1	0	1	0.9490248818873939
243518.61494810937	1000.0	1119.2564923061018	0.0	0	0.0	1637.871440415678	1	0	1	1.6421720624473366
244581.92174490163	1000.0	1055.9496955138466	0.0	0	0.0	1637.871440415649	1	0	1	1.6421720624473393
245200.0	500.0	1437.8714404155082	0.0	0	248.75164997015963	1637.871440415649	1	0	1	-0.09069588895252406
246200.0	1000.0	1437.871440415513	0.0	0	156.47483882983215	1637.871440415649	1	0	1	0.9490248818873939
247200.0	1000.0	1437.8714404154916	0.0	0	283.6434957940364	1637.871440415678	1	0	1	1.6421720624473377
248200.0	1000.0	1437.871440415496	0.0	0	508.69183343605255	1637.871440415678	1	0	1	1.6421720624473366
249200.0	1000.0	1437.8714404155035	0.0	0	400.2630290580564	1637.871440415678	1	0	1	1.6421720624473366
250483.90146930196	2000.0	1153.9699711135745	0.0	0	0.0	1637.8714404157072	1	0	1	1.9887456527273064
251219.87438576404	1000.0	1417.9970546515017	0.0	0	0.0	1637.871440415678	1	0	1	0.9490248818873914
252200.0	1000.0	1437.871440415526	0.0	0	393.7497731378535	1637.871440415678	1	0	1	1.6421720624473366
253200.0	1000.0	1437.8714404155307	0.0	0	432.1456815851561	1637.871440415678	1	0	1	1.6421720624473366
254200.0	1000.0	1437.871440415511	0.0	0	113.94976780121215	1637.871440415678	1	0	1	1.6421720624473366
255200.0	1000.0	1437.8714404155226	0.0	0	232.06764498635312	1637.871440415678	1	0	1	1.6421720624473366
256200.0	1000.0	1437.871440415551	0.0	0	192.69568841630826	1637.871440415678	1	0	1	1.6421720624473366
257200.0	1000.0	1437.8714404155517	0.0	0	491.7448600141215	1637.871440415678	1	0	1	1.6421720624473366
258200.0	1000.0	1437.87144041557	0.0	0	110.35531719986466	1637.871440415678	1	0	1	1.6421720624473366
259200.0	1000.0	1437.8714404155774	0.0	0	305.4756399850012	1637.871440415678	1	0	1	1.6421720624473366
260200.0	1000.0	1437.8714404155808	0.0	0	164.11369098717114	1637.871440415678	1	0	1	1.6421720624473366
261935.42118341287	1000.0	702.4502570027191	0.0	0	0.0	1637.871440415678	1	0	1	1.6421720624473384
262631.6691835524	500.0	1006.2022568631465	0.0	0	0.0	1637.8714404155908	1	0	1	-0.09069588895252231
263200.0	500.0	1437.871440415477	0.0	0	132.35866032197373	1637.8714404155326	1	0	1	0.6024512916074289
264250.2117832522	1000.0	1387.6596571632758	0.0	0	0.0	1637.8714404155617	1	0	1	0.9490248818874027
265200.0	500.0	1437.871440415472	0.0	0	389.00863226060756	1637.8714404155617	1	0	1	-0.09069588895251536
266415.32517800847	1000.0	1222.5462624069742	0.0	0	0.0	1637.8714404155035	1	0	1	0.9490248818874086
267200.0	500.0	1437.8714404155005	0.0	0	218.64983405580278	1637.8714404155617	1	0	1	-0.09069588895251536
268200.0	1000.0	1437.8714404155105	0.0	0	198.33661632338772	1637.8714404156199	1	0	1	0.949024881887397
269200.0	1000.0	1437.8714404154812	0.0	0	239.36195381148718	1637.8714404156199	1	0	1	1.6421720624473424
270200.0	1000.0	1437.8714404155012	0.0	0	185.71889151947107	1637.8714404156199	1	0	1	1.6421720624473424
271200.0	1000.0	1437.8714404154591	0.0	0	63.28857508971123	1637.8714404155617	1	0	1	1.6421720624473468
272200.0	1000.0	1437.8714404153811	0.0	0	209.32796410867013	1637.8714404155035	1	0	1	1.642172062447353
273200.0	1000.0	1437.8714404153877	0.0	0	258.5801297190483	1637.8714404155035	1	0	1	1.6421720624473561
274200.0	1000.0	1437.8714404153095	0.0	0	267.3042164191138	1637.8714404154452	1	0	1	1.6421720624473577
275200.0	1000.0	1437.8714404153263	0.0	0	288.5459328563302	1637.8714404154452	1	0	1	1.64217206244736
276200.0	1000.0	1437.8714404153427	0.0	0	162.7212550555123	1637.8714404154452	1	0	1	1.64217206244736
277200.0	1000.0	1437.8714404153482	0.0	0	358.9338617421454	1637.8714404154452	1	0	1	1.64217206244736
278200.0	1000.0	1437.8714404153861	0.0	0	572.2756343670189	1637.871440415387	1	0	1	1.6421720624473657
279200.0	1000.0	1437.871440415349	0.0	0	373.9294997960096	1637.871440415387	1	0	1	1.6421720624473657
280200.0	1000.0	1437.8714404153272	0.0	0	157.32414739957312	1637.871440415387	1	0	1	1.6421720624473657
281814.7696077077	2000.0	823.1018327076564	0.0	0	0.0	1637.871440415387	1	0	1	1.9887456527273382
282548.8429691859	1000.0	1089.0284712294024	0.0	0	0.0	1637.8714404153288	1	0	1	0.9490248818874263
283220.7433850454	1000.0	1417.1280553699037	0.0	0	0.0	1637.8714404152706	1	0	1	1.6421720624473775
284200.0	1000.0	1437.8714404152138	0.0	0	186.86735670850612	1637.8714404152124	1	0	1	1.6421720624473832
285200.0	1000.0	1437.8714404151526	0.0	0	283.1463857908966	1637.8714404152124	1	0	1	1.6421720624473832
286200.0	1000.0	1437.8714404151551	0.0	0	388.0932054234436	1637.8714404152706	1	0	1	1.6421720624473775
287200.0	1000.0	1437.8714404151142	0.0	0	181.29767496319255	1637.8714404153288	1	0	1	1.6421720624473715
288200.0	1000.0	1437.8714404151315	0.0	0	143.55832796817413	1637.871440415387	1	0	1	1.6421720624473668
289997.4727967471	2000.0	640.3986436680228	0.0	0	0.0	1637.8714404154452	1	0	1	1.9887456527273324
290413.384400456	500.0	1224.4870399592066	0.0	0	0.0	1637.8714404154452	1	0	1	-0.783843069512449
291200.0	1000.0	1437.871440415191	0.0	0	175.38715584710008	1637.8714404154452	1	0	1	0.9490248818874145
292200.0	1000.0	1437.871440415171	0.0	0	435.33592921699164	1637.8714404154452	1	0	1	1.64217206244736
293200.0	1000.0	1437.871440415188	0.0	0	387.3654716843739	1637.8714404154452	1	0	1	1.64217206244736
294200.0	1000.0	1437.8714404152538	0.0	0	502.8813408485148	1637.8714404154452	1	0	1	1.64217206244736
295200.0	1000.0	1437.8714404152272	0.0	0	51.75044013513252	1637.8714404154452	1	0	1	1.64217206244736
296200.0	1000.0	1437.871440415175	0.0	0	285.83500129310414	1637.871440415387	1	0	1	1.6421720624473635
297200.0	1000.0	1437.8714404151538	0.0	0	221.2288891559001	1637.8714404155035	1	0	1	1.6421720624473561
298200.0	1000.0	1437.8714404151788	0.0	0	111.11652864754433	1637.8714404154452	1	0	1	1.64217206244736
299469.6675026533	1000.0	1168.2039377618485	0.0	0	0.0	1637.8714404155035	1	0	1	1.6421720624473553
300748.9460331701	1000.0	888.9254072450467	0.0	0	0.0	1637.8714404154452	1	0	1	1.64217206244736
301224.5323352665	500.0	1413.3391051486385	0.0	0	0.0	1637.8714404154452	1	0	1	-0.0906958889525037
302200.0	1000.0	1437.87144041508	0.0	0	299.2657121870434	1637.8714404154452	1	0	1	0.9490248818874145
303200.0	1000.0	1437.8714404150942	0.0	0	289.93128733569756	1637.8714404155035	1	0	1	1.6421720624473561
304200.0	1000.0	1437.8714404150694	0.0	0	420.8501474642544	1637.8714404155035	1	0	1	1.642172062447354
305200.0	1000.0	1437.8714404150837	0.0	0	375.96562342497054	1637.8714404155617	1	0	1	1.6421720624473481
306200.0	1000.0	1437.871440415089	0.0	0	424.50114433281124	1637.8714404155617	1	0	1	1.6421720624473481
307747.53122910945	2000.0	890.3402113056133	0.0	0	0.0	1637.8714404155035	1	0	1	1.988745652727322
308771.405539827	1000.0	866.465900588041	0.0	0	0.0	1637.8714404155035	1	0	1	0.9490248818874089
309247.35867530096	1000.0	1390.5127651141163	0.0	0	0.0	1637.8714404155035	1	0	1	1.642172062447354
310200.0	1000.0	1437.871440415105	0.0	0	362.9193998388946	1637.8714404155035	1	0	1	1.642172062447354
1.34	1.24	1.27	1.6	2.04	1.15	1.4	1.16	1.45	1.18	0.64	1.22	1.46	1.32	1.0	1.39	1.59	1.76	2.19	0.98	1.02	1.31	0.91	1.48	0.74	1.07	1.22	2.25	2.24	1.05	1.04	1.0	1.66	2.49	2.25	1.26	1.26	1.89	2.4	1.16	1.45	1.77	1.4	1.53	1.89	1.74	1.55	1.27	0.93	1.14	1.6	1.55	0.96	1.54	1.54	1.86	2.03	1.71	1.69	2.03	1.54	1.86	2.58	2.69	1.1	0.92	1.3	1.6	1.26	2.06	1.16	1.63	1.97	2.02	1.41	1.12	2.2	1.66	1.42	0.76	1.04	1.38	1.29	0.86	1.87	1.17	1.59	1.97	2.09	2.14	1.58	1.76	1.48	1.6	1.37	1.83	1.19	1.67	1.32	0.56	0.8	0.89	1.01	1.23	1.2	0.89	1.24	1.44	1.04	1.16	0.87	1.18	1.48	1.41	1.46	1.52	2.1	1.37	1.78	1.4	1.04	1.42	1.91	1.44	1.99	1.45	1.56	1.56	1.38	1.61	1.58	1.15	1.95	1.58	1.4	1.29	1.39	1.22	0.73	0.72	1.29	1.93	1.7	1.26	1.73	1.88	1.44	1.18	2.09	1.71	1.34	1.24	1.27	1.6	2.04	1.15	1.4	1.16	1.45	1.18	0.64	1.22	1.46	1.32	1.0	1.39	1.59	1.76	2.19	0.98	1.02	1.31	0.91	1.48	0.74	1.07	1.22	2.25	2.24	1.05	1.04	1.0	1.66	2.49	2.25	1.26	1.26	1.89	2.4	1.16	1.45	1.77	1.4	1.53	1.89	1.74	1.55	1.27	0.93	1.14	1.6	1.55	0.96	1.54	1.54	1.86	2.03	1.71	1.69	2.03	1.54	1.86	2.58	2.69	1.1	0.92	1.3	1.6	1.26	2.06	1.16	1.63	1.97	2.02	1.41	1.12	2.2	1.66	1.42	0.76	1.04	1.38	1.29	0.86	1.87	1.17	1.59	1.97	2.09	2.14	1.58	1.76	1.48	1.6	1.37	1.83	1.19	1.67	1.32	0.56	0.8	0.89	1.01	1.23	1.2	0.89	1.24	1.44	1.04	1.16	0.87	1.18	1.48	1.41	1.46	1.52	2.1	1.37	1.78	1.4	1.04	1.42	1.91	1.44	1.99	1.45	1.56	1.56	1.38	1.61	1.58	1.15	1.95	1.58	1.4	1.29	1.39	1.22	0.73	0.72	1.29	1.93	1.7	1.26	1.73	1.88	1.44	1.18	2.09	1.71	1.34	1.24	1.27	1.6	2.04	1.15	1.4	1.16	1.45	1.18	0.64	1.22
1.0	2.0	3.0	4.0	5.0	6.0	7.0	8.0	9.0	10.0	11.0	12.0	13.0	14.0	15.0	16.0	17.0	18.0	19.0	20.0	21.0	22.0	23.0	24.0	25.0	26.0	27.0	28.0	29.0	30.0	31.0	32.0	33.0	34.0	35.0	36.0	37.0	38.0	39.0	40.0	41.0	42.0	43.0	44.0	45.0	46.0	47.0	48.0	49.0	50.0	51.0	52.0	53.0	54.0	55.0	56.0	57.0	58.0	59.0	60.0	61.0	62.0	63.0	64.0	65.0	66.0	67.0	68.0	69.0	70.0	71.0	72.0	73.0	74.0	75.0	76.0	77.0	78.0	79.0	80.0	81.0	82.0	83.0	84.0	85.0	86.0	87.0	88.0	89.0	90.0	91.0	92.0	93.0	94.0	95.0	96.0	97.0	98.0	99.0	100.0	101.0	102.0	103.0	104.0	105.0	106.0	107.0	108.0	109.0	110.0	111.0	112.0	113.0	114.0	115.0	116.0	117.0	118.0	119.0	120.0	121.0	122.0	123.0	124.0	125.0	126.0	127.0	128.0	129.0	130.0	131.0	132.0	133.0	134.0	135.0	136.0	137.0	138.0	139.0	140.0	141.0	142.0	143.0	144.0	145.0	146.0	147.0	148.0	149.0	149.0	150.0	151.0	152.0	153.0	154.0	155.0	156.0	157.0	158.0	159.0	160.0	161.0	162.0	163.0	164.0	165.0	166.0	167.0	168.0	169.0	170.0	171.0	172.0	173.0	174.0	175.0	176.0	177.0	178.0	179.0	180.0	181.0	182.0	183.0	184.0	185.0	186.0	187.0	188.0	189.0	190.0	191.0	192.0	193.0	194.0	195.0	196.0	197.0	198.0	199.0	200.0	201.0	202.0	203.0	204.0	205.0	206.0	207.0	208.0	209.0	210.0	211.0	212.0	213.0	214.0	215.0	216.0	217.0	218.0	219.0	220.0	221.0	222.0	223.0	224.0	225.0	226.0	227.0	228.0	229.0	230.0	231.0	232.0	233.0	234.0	235.0	236.0	237.0	238.0	239.0	240.0	241.0	242.0	243.0	244.0	245.0	246.0	247.0	248.0	249.0	250.0	251.0	252.0	253.0	254.0	255.0	256.0	257.0	258.0	259.0	260.0	261.0	262.0	263.0	264.0	265.0	266.0	267.0	268.0	269.0	270.0	271.0	272.0	273.0	274.0	275.0	276.0	277.0	278.0	279.0	280.0	281.0	282.0	283.0	284.0	285.0	286.0	287.0	288.0	289.0	290.0	291.0	292.0	293.0	294.0	295.0	296.0	297.0	298.0	298.0	299.0	300.0	301.0	302.0	303.0	304.0	305.0	306.0	307.0	308.0	309.0	310.0
2341.7897386814657
