3209.927531713683	300.0	2000.0	141.3453751391999	0	0.0	3209.927531713683	1	0	1	-1.1661288764032054
5523.678852564775	3000.0	553.8532621787481	0.0	0	0.0	1077.5321147435234	1	0	2	0.6397998858270696
6200.0	1000.0	2945.164229487045	0.0	0	198.1886548732191	3145.164229487045	1	0	0	-0.004535377501557136
9238.93593435917	3000.0	802.334701691957	0.0	0	0.0	1041.2706360511274	1	0	2	1.6478154215228842
10200.0	1000.0	2937.3770426152073	0.0	0	288.6476142296742	3137.3770426152078	1	0	0	-0.0029757534065678604
13562.31105926315	3000.0	438.83487742574346	0.0	0	0.0	1001.1459366888903	1	0	2	1.6518374432663827
14200.0	500.0	2864.9148307625783	0.0	0	362.21696555485505	3064.9148307625783	1	0	0	-1.7289494807982322
17746.219394753716	3000.0	200.0	32.66045769682799	0	0.0	946.2193947537162	1	0	2	0.769991212122024
18200.0	300.0	2791.5974552783427	0.0	0	225.08627991396497	2991.5974552783446	1	0	0	-2.9995066824692516
21586.544811591375	3000.0	278.56435548861	11.060175418887955	0	0.0	865.109167079987	1	0	2	0.3951619481320161
22200.0	500.0	2726.4546859208494	0.0	0	291.8965311691063	2926.4546859208494	1	0	0	-1.7153572255127048
25777.233211059072	3000.0	200.0	189.54713294921342	0	0.0	977.2332110590723	1	0	2	-0.16939163882267033
26200.0	300.0	2819.509889953164	0.0	0	294.63462404797974	3019.509889953166	1	0	0	-3.00209822719944
30110.34152294959	3000.0	208.43725617276746	445.73003769468136	0	0.0	1318.77877912236	1	0	2	-2.250864731783841
30243.648870532157	300.0	1075.1299085902006	0.0	0	0.0	1318.7787791223564	1	0	1	-2.6344629709062826
31200.0	1000.0	1118.7787791223548	0.0	0	588.5418011646034	1318.7787791223527	1	0	1	0.47010852425073274
32414.15420223259	2000.0	904.6245768897685	0.0	0	0.0	1318.7787791223527	1	0	1	2.020654918856642
33200.0	1000.0	1118.7787791223525	0.0	0	109.91152481716563	1318.7787791223454	1	0	1	0.9809341480167244
34200.0	1000.0	1118.7787791223536	0.0	0	528.0975756186963	1318.7787791223382	1	0	1	1.67408132857667
35200.0	1000.0	1118.7787791223495	0.0	0	492.9566529401927	1318.7787791223382	1	0	1	1.6740813285766705
36200.0	1000.0	1118.778779122356	0.0	0	222.10998772614403	1318.7787791223454	1	0	1	1.6740813285766698
37200.0	1000.0	1118.7787791223516	0.0	0	367.3064482313566	1318.7787791223382	1	0	1	1.6740813285766705
38200.0	1000.0	1118.778779122344	0.0	0	413.49884283656866	1318.778779122331	1	0	1	1.6740813285766711
39200.0	1000.0	1118.7787791223475	0.0	0	374.38830822653836	1318.7787791223236	1	0	1	1.674081328576672
40200.0	1000.0	1118.7787791223502	0.0	0	256.7820174525623	1318.7787791223236	1	0	1	1.674081328576672
41200.0	1000.0	1118.778779122344	0.0	0	283.030851860487	1318.7787791223236	1	0	1	1.674081328576672
42200.0	1000.0	1118.77877912235	0.0	0	463.7727495063082	1318.7787791223163	1	0	1	1.6740813285766727
43200.0	1000.0	1118.778779122345	0.0	0	106.43661679677462	1318.7787791223163	1	0	1	1.6740813285766727
44200.0	1000.0	1118.7787791223377	0.0	0	260.82430908395327	1318.7787791223163	1	0	1	1.6740813285766727
45200.0	1000.0	1118.7787791223434	0.0	0	239.4874825100851	1318.7787791223236	1	0	1	1.674081328576672
46200.0	1000.0	1118.778779122339	0.0	0	514.9843431429908	1318.7787791223236	1	0	1	1.674081328576672
47200.0	1000.0	1118.7787791223448	0.0	0	459.36863114877633	1318.778779122331	1	0	1	1.6740813285766711
48200.0	1000.0	1118.778779122344	0.0	0	283.3078052374258	1318.778779122331	1	0	1	1.6740813285766711
49200.0	1000.0	1118.7787791223527	0.0	0	385.8177143008943	1318.7787791223382	1	0	1	1.674081328576671
50200.0	1000.0	1118.778779122349	0.0	0	632.3938570821119	1318.778779122331	1	0	1	1.6740813285766711
51200.0	1000.0	1118.7787791223411	0.0	0	453.82057368929236	1318.7787791223236	1	0	1	1.674081328576672
52200.0	1000.0	1118.7787791223425	0.0	0	599.9974266556674	1318.7787791223236	1	0	1	1.674081328576672
53200.0	2000.0	1118.7787791223386	0.0	0	256.54692242940655	1318.7787791223236	1	0	1	2.0206549188566445
54200.0	2000.0	1118.7787791223404	0.0	0	16.073232748472947	1318.7787791223236	1	0	1	2.7138020994165895
55283.7671697225	2000.0	1035.0116093998333	0.0	0	0.0	1318.7787791223236	1	0	1	2.7138020994165895
56200.0	2000.0	1118.7787791223393	0.0	0	10.486683232280484	1318.7787791223236	1	0	1	2.7138020994165895
57509.07288686056	2000.0	809.7058922617841	0.0	0	0.0	1318.778779122331	1	0	1	2.713802099416589
58200.0	1000.0	1118.7787791223373	0.0	0	47.893605921417475	1318.778779122331	1	0	1	0.980934148016726
59200.0	2000.0	1118.7787791223384	0.0	0	253.00354330618575	1318.778779122331	1	0	1	2.0206549188566436
60200.0	1000.0	1118.7787791223338	0.0	0	572.7292994525487	1318.778779122331	1	0	1	0.980934148016726
61200.0	1000.0	1118.7787791223295	0.0	0	524.8502228015859	1318.778779122331	1	0	1	1.6740813285766711
62200.0	1000.0	1118.7787791223304	0.0	0	359.168133147803	1318.778779122331	1	0	1	1.6740813285766711
63200.0	1000.0	1118.7787791223268	0.0	0	427.6879678587793	1318.7787791223236	1	0	1	1.674081328576672
64200.0	1000.0	1118.7787791223302	0.0	0	391.4997493417832	1318.7787791223236	1	0	1	1.674081328576672
65200.0	1000.0	1118.7787791223327	0.0	0	481.98533414507983	1318.7787791223236	1	0	1	1.674081328576672
66200.0	1000.0	1118.7787791223227	0.0	0	449.0207985868328	1318.778779122309	1	0	1	1.6740813285766722
67200.0	1000.0	1118.7787791223225	0.0	0	411.96168457588647	1318.778779122309	1	0	1	1.6740813285766734
68200.0	1000.0	1118.778779122318	0.0	0	382.2482277397212	1318.778779122309	1	0	1	1.6740813285766734
69200.0	1000.0	1118.7787791223066	0.0	0	451.16314454156964	1318.778779122309	1	0	1	1.6740813285766734
70200.0	1000.0	1118.7787791223004	0.0	0	403.4439094708505	1318.778779122309	1	0	1	1.6740813285766734
71200.0	1000.0	1118.778779122296	0.0	0	513.5452764916699	1318.778779122309	1	0	1	1.6740813285766734
72200.0	1000.0	1118.7787791222818	0.0	0	439.355460251114	1318.778779122309	1	0	1	1.6740813285766734
73200.0	1000.0	1118.7787791222752	0.0	0	445.76137207166175	1318.778779122309	1	0	1	1.6740813285766734
74200.0	1000.0	1118.7787791222872	0.0	0	454.23238724183466	1318.7787791222945	1	0	1	1.674081328576675
75223.15109789353	1000.0	1095.6276812287647	0.0	0	0.0	1318.7787791222945	1	0	1	1.674081328576675
76200.0	1000.0	1118.778779122304	0.0	0	210.2775638372259	1318.7787791222945	1	0	1	1.674081328576675
77200.0	1000.0	1118.7787791222877	0.0	0	315.00333442552073	1318.77877912228	1	0	1	1.6740813285766762
78200.0	1000.0	1118.7787791222756	0.0	0	210.3911602658336	1318.77877912228	1	0	1	1.6740813285766762
79200.0	1000.0	1118.7787791222854	0.0	0	465.59752527346427	1318.7787791222945	1	0	1	1.674081328576675
80200.0	1000.0	1118.778779122279	0.0	0	531.6194386450079	1318.7787791222945	1	0	1	1.674081328576675
81200.0	1000.0	1118.7787791222804	0.0	0	644.9033276060509	1318.7787791222945	1	0	1	1.674081328576675
82200.0	1000.0	1118.7787791222822	0.0	0	539.9443831881508	1318.7787791222945	1	0	1	1.674081328576675
83200.0	2000.0	1118.7787791222763	0.0	0	257.031101161876	1318.77877912228	1	0	1	2.020654918856649
84200.0	2000.0	1118.7787791222922	0.0	0	144.31423098925734	1318.7787791222945	1	0	1	2.713802099416593
85827.65469309104	2000.0	491.1240860312588	0.0	0	0.0	1318.7787791222945	1	0	1	2.713802099416593
86284.94173600225	500.0	1033.8370431200499	0.0	0	0.0	1318.7787791222945	1	0	1	-0.7519338033831338
87200.0	1000.0	1118.7787791222922	0.0	0	148.82469809774193	1318.7787791222945	1	0	1	0.9809341480167294
88200.0	1000.0	1118.778779122288	0.0	0	585.8728308598656	1318.7787791222945	1	0	1	1.674081328576675
89200.0	1000.0	1118.7787791223	0.0	0	528.7310496344289	1318.7787791222945	1	0	1	1.674081328576675
90200.0	1000.0	1118.7787791222902	0.0	0	531.0856283712492	1318.7787791222945	1	0	1	1.674081328576675
91200.0	1000.0	1118.7787791222904	0.0	0	409.50474831501197	1318.7787791222945	1	0	1	1.674081328576675
92335.44430323834	2000.0	983.3344758839397	0.0	0	0.0	1318.77877912228	1	0	1	2.020654918856649
93200.0	2000.0	1118.7787791222927	0.0	0	124.71606816757412	1318.77877912228	1	0	1	2.713802099416594
94200.0	2000.0	1118.7787791222952	0.0	0	125.57473204591952	1318.77877912228	1	0	1	2.713802099416594
95415.55990302649	2000.0	903.2188760958231	0.0	0	0.0	1318.77877912228	1	0	1	2.713802099416594
96200.0	1000.0	1118.7787791223184	0.0	0	248.45552780342405	1318.77877912228	1	0	1	0.9809341480167311
97200.0	2000.0	1118.7787791223222	0.0	0	106.77981102425838	1318.77877912228	1	0	1	2.020654918856649
98200.0	2000.0	1118.7787791223404	0.0	0	208.57113861007383	1318.77877912228	1	0	1	2.713802099416594
99289.15164362304	2000.0	1029.6271354993005	0.0	0	0.0	1318.77877912228	1	0	1	2.713802099416594
100200.0	1000.0	1118.7787791223366	0.0	0	365.04433217093174	1318.77877912228	1	0	1	0.9809341480167311
101200.0	2000.0	1118.778779122343	0.0	0	132.52750528034812	1318.77877912228	1	0	1	2.020654918856649
102200.0	2000.0	1118.7787791223375	0.0	0	155.3061325985327	1318.77877912228	1	0	1	2.713802099416594
103200.0	2000.0	1118.7787791223295	0.0	0	209.6224055079947	1318.77877912228	1	0	1	2.713802099416594
104449.12013368236	2000.0	869.6586454399762	0.0	0	0.0	1318.77877912228	1	0	1	2.713802099416594
105200.0	1000.0	1118.7787791223352	0.0	0	177.3730478242651	1318.7787791222945	1	0	1	0.9809341480167296
106200.0	2000.0	1118.778779122332	0.0	0	197.34129515453242	1318.778779122309	1	0	1	2.0206549188566463
107948.25726225611	2000.0	370.5215168662087	0.0	0	0.0	1318.778779122309	1	0	1	2.7138020994165912
108201.74350491751	500.0	1117.0352742048117	0.0	0	0.0	1318.7787791222945	1	0	1	-0.7519338033831338
109200.0	1000.0	1118.7787791223095	0.0	0	243.7942264471203	1318.7787791222945	1	0	1	0.9809341480167294
110200.0	1000.0	1118.7787791222981	0.0	0	195.03119085851358	1318.7787791222945	1	0	1	1.674081328576675
111200.0	1000.0	1118.7787791223018	0.0	0	503.00881660143204	1318.7787791222945	1	0	1	1.674081328576675
112200.0	1000.0	1118.7787791223075	0.0	0	617.9948751018819	1318.7787791222945	1	0	1	1.674081328576675
113200.0	1000.0	1118.7787791223184	0.0	0	348.60237483045785	1318.77877912228	1	0	1	1.6740813285766762
114200.0	1000.0	1118.77877912233	0.0	0	350.74012141161074	1318.7787791222945	1	0	1	1.674081328576675
115200.0	1000.0	1118.778779122326	0.0	0	461.32642258139094	1318.7787791222945	1	0	1	1.674081328576675
116200.0	1000.0	1118.7787791223102	0.0	0	512.9612588651798	1318.7787791222945	1	0	1	1.674081328576675
117200.0	1000.0	1118.7787791223134	0.0	0	469.2205685108638	1318.7787791222945	1	0	1	1.674081328576675
118200.0	1000.0	1118.7787791223059	0.0	0	684.1389997601946	1318.7787791222945	1	0	1	1.674081328576675
119200.0	1000.0	1118.7787791222995	0.0	0	660.7761910641711	1318.7787791222945	1	0	1	1.674081328576675
120200.0	2000.0	1118.7787791223036	0.0	0	516.948977892549	1318.77877912228	1	0	1	2.020654918856649
121200.0	2000.0	1118.7787791223132	0.0	0	224.73575360010727	1318.7787791222945	1	0	1	2.713802099416593
122200.0	2000.0	1118.7787791223034	0.0	0	0.6895617945992853	1318.7787791222945	1	0	1	2.713802099416593
123252.94702928708	2000.0	1065.8317498352221	0.0	0	0.0	1318.7787791222945	1	0	1	2.713802099416593
124200.0	2000.0	1118.778779122315	0.0	0	69.73031000273477	1318.7787791222945	1	0	1	2.713802099416593
125200.0	2000.0	1118.7787791223236	0.0	0	151.2338515684678	1318.7787791222945	1	0	1	2.713802099416593
126200.0	2000.0	1118.778779122344	0.0	0	367.73607957473723	1318.7787791222945	1	0	1	2.713802099416593
127200.0	2000.0	1118.7787791223643	0.0	0	344.4031003777782	1318.778779122309	1	0	1	2.7138020994165912
128200.0	2000.0	1118.7787791223486	0.0	0	314.3739442295482	1318.778779122309	1	0	1	2.7138020994165912
129494.78404773367	2000.0	823.9947313886823	0.0	0	0.0	1318.778779122309	1	0	1	2.7138020994165912
130200.0	1000.0	1118.7787791223432	0.0	0	291.06172470115416	1318.778779122309	1	0	1	0.9809341480167282
131222.1607388641	2000.0	1096.6180402582484	0.0	0	0.0	1318.778779122309	1	0	1	2.0206549188566463
132200.0	2000.0	1118.7787791223095	0.0	0	339.16855257289717	1318.7787791222654	1	0	1	2.713802099416595
133200.0	2000.0	1118.7787791223075	0.0	0	489.0477599245787	1318.77877912228	1	0	1	2.713802099416594
134213.95834432082	2000.0	1104.8204348014285	0.0	0	375.46037412664737	1318.77877912228	1	0	1	2.713802099416594
135200.0	2000.0	1118.7787791222381	0.0	0	12.8837628987676	1318.7787791222509	1	0	1	2.713802099416597
136200.0	3000.0	1118.7787791222427	0.0	0	37.226849036174826	1318.77877912228	1	0	1	2.916534653470678
137200.0	3000.0	1118.7787791222554	0.0	0	54.88078779791249	1318.77877912228	1	0	1	3.321999761578841
138235.8666265283	3000.0	1082.9121525939665	0.0	0	0.0	1318.77877912228	1	0	1	3.321999761578841
139200.0	2000.0	1118.7787791222643	0.0	0	321.3933958304988	1318.7787791222509	1	0	1	2.3083369913084324
140200.0	2000.0	1118.778779122229	0.0	0	257.4249191963172	1318.7787791222217	1	0	1	2.7138020994166
141370.92873052246	2000.0	947.8500485997724	0.0	0	0.0	1318.7787791222217	1	0	1	2.7138020994166
142350.53593972354	2000.0	968.2428393986708	0.0	0	0.0	1318.7787791222509	1	0	1	2.713802099416598
143200.0	1000.0	1118.7787791222108	0.0	0	356.1156007264217	1318.7787791222509	1	0	1	0.9809341480167341
144261.9267804771	2000.0	1056.8519986450983	0.0	0	0.0	1318.7787791222509	1	0	1	2.0206549188566516
145200.0	1000.0	1118.7787791222063	0.0	0	607.4523160996614	1318.7787791222509	1	0	1	0.9809341480167341
146200.0	2000.0	1118.7787791221974	0.0	0	163.65580642252462	1318.7787791221926	1	0	1	2.020654918856656
147200.0	2000.0	1118.7787791221774	0.0	0	123.76598681692849	1318.7787791221926	1	0	1	2.7138020994166028
148439.80532535003	2000.0	878.9734537721763	0.0	0	0.0	1318.7787791221926	1	0	1	2.7138020994166028
149200.0	1000.0	1118.7787791222122	0.0	0	168.42000625349465	1318.7787791222217	1	0	1	0.9809341480167368
150200.0	2000.0	1118.778779122199	0.0	0	124.31775205969461	1318.7787791222217	1	0	1	2.020654918856655
151370.88818446343	2000.0	947.8905946587867	0.0	0	0.0	1318.7787791222217	1	0	1	2.7138020994166
152200.0	1000.0	1118.7787791222354	0.0	0	269.189989670238	1318.7787791222217	1	0	1	0.9809341480167368
153380.7902278698	2000.0	937.9885512524557	0.0	0	0.0	1318.7787791222217	1	0	1	2.020654918856655
154200.0	1000.0	1118.7787791222565	0.0	0	356.10159217208275	1318.7787791222217	1	0	1	0.9809341480167368
155200.0	1000.0	1118.7787791222686	0.0	0	428.86776383646065	1318.7787791221926	1	0	1	1.6740813285766851
156200.0	1000.0	1118.7787791222609	0.0	0	567.7842470225878	1318.7787791221926	1	0	1	1.6740813285766851
157200.0	1000.0	1118.778779122259	0.0	0	469.89132773465826	1318.7787791221926	1	0	1	1.6740813285766851
158200.0	1000.0	1118.778779122254	0.0	0	355.6498011809308	1318.7787791221635	1	0	1	1.6740813285766878
159200.0	1000.0	1118.7787791222672	0.0	0	311.8443385344581	1318.7787791221635	1	0	1	1.6740813285766878
160200.0	1000.0	1118.7787791222404	0.0	0	454.7251061631832	1318.7787791221635	1	0	1	1.6740813285766878
161200.0	1000.0	1118.778779122229	0.0	0	522.7555752028711	1318.7787791221635	1	0	1	1.6740813285766878
162200.0	1000.0	1118.7787791222395	0.0	0	648.3241134329292	1318.7787791221635	1	0	1	1.6740813285766878
163200.0	2000.0	1118.7787791222322	0.0	0	254.81906560016796	1318.7787791221635	1	0	1	2.0206549188566605
164200.0	2000.0	1118.7787791222386	0.0	0	112.56521685209009	1318.7787791221635	1	0	1	2.713802099416606
165200.0	2000.0	1118.77877912224	0.0	0	302.78418475494254	1318.7787791221635	1	0	1	2.713802099416606
166200.0	2000.0	1118.7787791222363	0.0	0	307.96637178069795	1318.7787791221635	1	0	1	2.713802099416606
167200.0	2000.0	1118.778779122244	0.0	0	253.77687509948737	1318.7787791221635	1	0	1	2.713802099416606
168200.0	2000.0	1118.7787791222345	0.0	0	181.1865217719751	1318.7787791221635	1	0	1	2.713802099416606
169284.15252250485	2000.0	1034.6262566174044	0.0	0	0.0	1318.7787791221635	1	0	1	2.713802099416606
170200.79155595665	2000.0	1117.9872231656257	0.0	0	0.0	1318.7787791221635	1	0	1	2.713802099416606
171200.0	2000.0	1118.7787791222852	0.0	0	351.33941938125645	1318.7787791221926	1	0	1	2.7138020994166028
172200.0	2000.0	1118.778779122278	0.0	0	217.08057210571133	1318.7787791221926	1	0	1	2.7138020994166028
173223.69130088083	2000.0	1095.0874782414694	0.0	0	0.0	1318.7787791221926	1	0	1	2.7138020994166028
174590.1372912917	2000.0	728.6414878306048	0.0	0	0.0	1318.7787791222217	1	0	1	2.7138020994166
175200.0	1000.0	1118.7787791223027	0.0	0	177.00276049238164	1318.7787791222217	1	0	1	0.9809341480167368
176200.0	2000.0	1118.778779122275	0.0	0	240.73007681511808	1318.7787791222217	1	0	1	2.020654918856655
177200.0	2000.0	1118.7787791222595	0.0	0	246.5010700658604	1318.7787791222217	1	0	1	2.7138020994166
178272.91062912025	2000.0	1045.8681500019923	0.0	0	0.0	1318.7787791222217	1	0	1	2.7138020994166
179200.0	1000.0	1118.7787791222438	0.0	0	281.27730133367004	1318.7787791222217	1	0	1	0.9809341480167368
180200.0	1000.0	1118.7787791222477	0.0	0	574.8870050626865	1318.7787791222217	1	0	1	1.674081328576682
181200.0	1000.0	1118.7787791222217	0.0	0	644.7066143577686	1318.7787791222217	1	0	1	1.674081328576682
182200.0	1000.0	1118.7787791222372	0.0	0	493.93150731830974	1318.7787791222509	1	0	1	1.6740813285766794
183200.0	1000.0	1118.77877912227	0.0	0	555.4611252271279	1318.77877912228	1	0	1	1.6740813285766762
184200.0125721727	1000.0	1118.766206949514	0.0	0	224.14217386528617	1318.7787791222509	1	0	1	1.6740813285766794
185222.02079241222	1000.0	1096.7579867099678	0.0	0	0.0	1318.7787791222509	1	0	1	1.6740813285766794
186200.0	1000.0	1118.7787791222065	0.0	0	568.3049865701469	1318.7787791222509	1	0	1	1.6740813285766794
187200.0	1000.0	1118.7787791222045	0.0	0	398.7011437579349	1318.7787791222217	1	0	1	1.674081328576682
188200.0	1000.0	1118.7787791222115	0.0	0	264.27527969743824	1318.7787791222509	1	0	1	1.6740813285766794
189200.0	1000.0	1118.7787791222274	0.0	0	326.38730700453743	1318.7787791222509	1	0	1	1.6740813285766794
190200.0	1000.0	1118.7787791222688	0.0	0	520.4660067671211	1318.77877912228	1	0	1	1.6740813285766762
191200.0	1000.0	1118.7787791222493	0.0	0	573.7968561815796	1318.77877912228	1	0	1	1.6740813285766762
192200.0	1000.0	1118.7787791222686	0.0	0	353.24383826259873	1318.77877912228	1	0	1	1.6740813285766762
193200.0	1000.0	1118.7787791222793	0.0	0	392.29822401166894	1318.77877912228	1	0	1	1.6740813285766762
194200.0	1000.0	1118.7787791222843	0.0	0	440.19481945352163	1318.77877912228	1	0	1	1.6740813285766762
195200.0	1000.0	1118.778779122291	0.0	0	436.6084005473822	1318.77877912228	1	0	1	1.6740813285766762
196200.0	1000.0	1118.7787791223195	0.0	0	175.2015517789696	1318.77877912228	1	0	1	1.6740813285766762
197200.0	1000.0	1118.7787791223304	0.0	0	408.92071293559275	1318.77877912228	1	0	1	1.6740813285766762
198200.0	1000.0	1118.778779122334	0.0	0	546.169525192614	1318.77877912228	1	0	1	1.6740813285766762
199200.0	1000.0	1118.778779122297	0.0	0	499.88846995015047	1318.77877912228	1	0	1	1.6740813285766762
200200.0	1000.0	1118.7787791222947	0.0	0	521.8248091876158	1318.7787791222509	1	0	1	1.6740813285766794
201200.0	1000.0	1118.7787791222977	0.0	0	638.9556345791498	1318.7787791222217	1	0	1	1.674081328576682
202200.0	2000.0	1118.7787791222856	0.0	0	331.0049059705052	1318.7787791222217	1	0	1	2.020654918856655
203200.0	2000.0	1118.7787791222474	0.0	0	40.860156964248745	1318.7787791222217	1	0	1	2.7138020994166
204286.29286282332	2000.0	1032.4859162989128	0.0	0	0.0	1318.7787791221926	1	0	1	2.713802099416602
205439.53666627384	2000.0	879.2421128483788	0.0	0	0.0	1318.7787791221635	1	0	1	2.713802099416605
206200.0	1000.0	1118.7787791222124	0.0	0	125.70567655088962	1318.7787791221635	1	0	1	0.9809341480167426
207200.0	2000.0	1118.77877912218	0.0	0	10.100148627534509	1318.7787791221344	1	0	1	2.0206549188566636
208200.0	1000.0	1118.7787791221767	0.0	0	408.2699820913549	1318.7787791221053	1	0	1	0.9809341480167485
209200.0	1000.0	1118.7787791221976	0.0	0	366.25200416945154	1318.7787791221344	1	0	1	1.674081328576691
210200.0	1000.0	1118.7787791222077	0.0	0	630.9330034251616	1318.7787791221344	1	0	1	1.674081328576691
211200.0	1000.0	1118.7787791222408	0.0	0	173.73787754998193	1318.7787791221053	1	0	1	1.6740813285766936
212200.0	1000.0	1118.7787791222268	0.0	0	468.41686974439654	1318.7787791221053	1	0	1	1.6740813285766936
213200.0	1000.0	1118.778779122235	0.0	0	414.6158716228092	1318.7787791221053	1	0	1	1.6740813285766936
214200.0	1000.0	1118.7787791222077	0.0	0	590.4833787668904	1318.7787791221053	1	0	1	1.6740813285766936
215200.0	1000.0	1118.7787791221963	0.0	0	562.409336300334	1318.7787791221053	1	0	1	1.6740813285766936
216200.0	1000.0	1118.7787791221972	0.0	0	592.9815394498	1318.7787791221053	1	0	1	1.6740813285766936
217200.0	1000.0	1118.7787791222308	0.0	0	448.0022876501607	1318.7787791221053	1	0	1	1.6740813285766936
218200.0	1000.0	1118.7787791222042	0.0	0	518.765838882362	1318.7787791220762	1	0	1	1.6740813285766967
219200.0	1000.0	1118.7787791222186	0.0	0	461.66498532754485	1318.7787791220762	1	0	1	1.6740813285766967
220200.0	1000.0	1118.7787791222026	0.0	0	293.7882896759256	1318.7787791220762	1	0	1	1.6740813285766967
221200.0	1000.0	1118.778779122175	0.0	0	513.769769423292	1318.7787791220471	1	0	1	1.6740813285766996
222200.0	1000.0	1118.7787791221776	0.0	0	376.8159197123605	1318.7787791220471	1	0	1	1.6740813285766996
223200.0	1000.0	1118.778779122179	0.0	0	562.206667449238	1318.7787791220471	1	0	1	1.6740813285766996
224200.0	1000.0	1118.778779122204	0.0	0	119.89738068537554	1318.7787791220762	1	0	1	1.6740813285766967
225200.0	1000.0	1118.7787791222079	0.0	0	385.4209722324449	1318.7787791220762	1	0	1	1.6740813285766967
226200.0	1000.0	1118.778779122199	0.0	0	373.360768231214	1318.7787791220762	1	0	1	1.6740813285766967
227200.0	1000.0	1118.7787791221951	0.0	0	198.58096374632441	1318.7787791220471	1	0	1	1.674081328576698
228200.0	1000.0	1118.778779122225	0.0	0	478.97984391410137	1318.7787791220471	1	0	1	1.6740813285766996
229200.0	1000.0	1118.7787791222374	0.0	0	637.2257792683668	1318.7787791220471	1	0	1	1.6740813285766996
230200.0	1000.0	1118.7787791222443	0.0	0	724.7390291699849	1318.7787791220471	1	0	1	1.6740813285766996
231200.0	1000.0	1118.7787791222454	0.0	0	666.8482198206184	1318.7787791220471	1	0	1	1.6740813285766996
232200.0	2000.0	1118.7787791222281	0.0	0	89.25952956586843	1318.778779122018	1	0	1	2.0206549188566734
233200.0	2000.0	1118.778779122202	0.0	0	100.35833930739318	1318.7787791220471	1	0	1	2.7138020994166174
234798.79815732432	2000.0	519.9806217978612	0.0	0	0.0	1318.7787791220471	1	0	1	2.7138020994166174
235594.93269187148	1000.0	723.8460872506723	0.0	0	0.0	1318.778779122018	1	0	1	0.9809341480167574
236236.66493790236	1000.0	1082.113841219792	0.0	0	0.0	1318.778779122018	1	0	1	1.6740813285767024
237200.0	1000.0	1118.7787791221597	0.0	0	520.8308081907162	1318.778779122018	1	0	1	1.6740813285767024
238200.0	1000.0	1118.778779122182	0.0	0	494.36186920048203	1318.7787791220471	1	0	1	1.6740813285767016
239200.0	1000.0	1118.7787791222047	0.0	0	688.0448734624078	1318.7787791220471	1	0	1	1.6740813285766996
240200.0	1000.0	1118.7787791222338	0.0	0	438.74379529239377	1318.7787791220471	1	0	1	1.6740813285766996
241200.0	2000.0	1118.7787791222418	0.0	0	252.99447673925897	1318.7787791220471	1	0	1	2.020654918856672
242200.0	2000.0	1118.7787791222365	0.0	0	238.2847397889418	1318.778779122018	1	0	1	2.71380209941662
243200.0	2000.0	1118.778779122229	0.0	0	240.77712359497673	1318.7787791220471	1	0	1	2.7138020994166174
244200.0	2000.0	1118.7787791222588	0.0	0	341.5235889116884	1318.7787791220471	1	0	1	2.7138020994166174
245200.0	2000.0	1118.7787791222763	0.0	0	16.722182636265643	1318.7787791220471	1	0	1	2.7138020994166174
246200.0	2000.0	1118.778779122296	0.0	0	165.39950963109732	1318.7787791220762	1	0	1	2.7138020994166148
247200.0	2000.0	1118.7787791223273	0.0	0	47.874746642570244	1318.7787791220762	1	0	1	2.7138020994166148
248391.91487715006	2000.0	926.8639019722721	0.0	0	0.0	1318.7787791220762	1	0	1	2.7138020994166148
249200.0	1000.0	1118.7787791223059	0.0	0	191.14045762459864	1318.7787791220762	1	0	1	0.9809341480167515
250283.53401927123	2000.0	1035.2447598510603	0.0	0	0.0	1318.7787791220471	1	0	1	2.0206549188566716
251200.0	2000.0	1118.778779122279	0.0	0	89.82731252053054	1318.778779122018	1	0	1	2.71380209941662
252200.0	2000.0	1118.7787791222736	0.0	0	362.32021319228807	1318.778779122018	1	0	1	2.71380209941662
253200.0	2000.0	1118.7787791222959	0.0	0	306.39100900726044	1318.778779122018	1	0	1	2.71380209941662
254200.0	2000.0	1118.7787791222777	0.0	0	10.481914768490242	1318.778779122018	1	0	1	2.71380209941662
255200.0	2000.0	1118.7787791222534	0.0	0	310.4909787493234	1318.778779121989	1	0	1	2.7138020994166236
256544.83919016607	2000.0	773.9395889562101	0.0	0	0.0	1318.778779121989	1	0	1	2.7138020994166236
257200.0	1000.0	1118.7787791222515	0.0	0	127.62391144296271	1318.778779121989	1	0	1	0.9809341480167602
258200.0	1000.0	1118.7787791222631	0.0	0	333.7617802602181	1318.778779121989	1	0	1	1.6740813285767053
259200.0	1000.0	1118.7787791222665	0.0	0	183.1542635341757	1318.778779121989	1	0	1	1.6740813285767053
260200.0	1000.0	1118.778779122249	0.0	0	555.5157428193779	1318.778779121989	1	0	1	1.6740813285767053
261200.0	1000.0	1118.7787791222595	0.0	0	527.6529091621924	1318.7787791219598	1	0	1	1.6740813285767084
262200.0	1000.0	1118.778779122236	0.0	0	548.4479789138131	1318.7787791219598	1	0	1	1.6740813285767084
263200.0	1000.0	1118.7787791223004	0.0	0	547.6541145430529	1318.778779121989	1	0	1	1.6740813285767053
264200.0	1000.0	1118.7787791223593	0.0	0	431.4042525628465	1318.778779121989	1	0	1	1.6740813285767053
265200.0	1000.0	1118.7787791224096	0.0	0	568.5653456884902	1318.778779121989	1	0	1	1.6740813285767053
266200.0	1000.0	1118.7787791224005	0.0	0	467.7413037851802	1318.778779121989	1	0	1	1.6740813285767053
267200.0	1000.0	1118.7787791223939	0.0	0	542.5030270862626	1318.778779121989	1	0	1	1.6740813285767053
268200.0	1000.0	1118.7787791223918	0.0	0	737.8517796669039	1318.7787791219307	1	0	1	1.674081328576711
269200.0	2000.0	1118.778779122384	0.0	0	517.7351331784739	1318.7787791219307	1	0	1	2.0206549188566836
270200.0	2000.0	1118.7787791224127	0.0	0	112.931381621107	1318.7787791219307	1	0	1	2.713802099416629
271200.0	2000.0	1118.778779122418	0.0	0	301.9967109785648	1318.7787791219307	1	0	1	2.713802099416629
272200.0	2000.0	1118.7787791224123	0.0	0	223.9344334367197	1318.7787791219307	1	0	1	2.713802099416629
273200.0	2000.0	1118.778779122402	0.0	0	175.56154858443188	1318.778779121989	1	0	1	2.7138020994166236
274200.0	2000.0	1118.778779122378	0.0	0	270.9108970935922	1318.778779121989	1	0	1	2.7138020994166236
275200.0	2000.0	1118.7787791223213	0.0	0	428.24243155063596	1318.778779121989	1	0	1	2.7138020994166236
276200.0	2000.0	1118.7787791223093	0.0	0	182.65223587153014	1318.778779121989	1	0	1	2.7138020994166236
277200.0	2000.0	1118.7787791223172	0.0	0	330.5840259854449	1318.778779121989	1	0	1	2.7138020994166236
278353.9357713443	2000.0	964.8430077780546	0.0	0	0.0	1318.778779121989	1	0	1	2.7138020994166236
279368.89156231174	2000.0	949.8872168106387	0.0	0	0.0	1318.778779121989	1	0	1	2.7138020994166245
280236.52116665605	2000.0	1082.2576124663674	0.0	0	0.0	1318.7787791220471	1	0	1	2.7138020994166188
281200.0	2000.0	1118.778779122389	0.0	0	203.57631308800774	1318.778779121989	1	0	1	2.7138020994166236
282200.0	2000.0	1118.7787791223634	0.0	0	479.26845859829336	1318.7787791219307	1	0	1	2.713802099416629
283200.0	2000.0	1118.7787791224162	0.0	0	389.2348940782831	1318.7787791219307	1	0	1	2.713802099416629
284611.60106074164	3000.0	707.1777183807006	0.0	0	0.0	1318.7787791218725	1	0	1	2.9165346534707175
285386.9553277477	2000.0	931.8234513746656	0.0	0	0.0	1318.7787791218725	1	0	1	2.3083369913084706
286230.1838973213	2000.0	1088.5948818010224	0.0	0	0.0	1318.7787791218725	1	0	1	2.713802099416635
287821.0047645959	3000.0	497.7740145264373	0.0	0	0.0	1318.7787791218725	1	0	1	2.9165346534707175
288273.10494429164	1000.0	1045.6738348306928	0.0	0	0.0	1318.7787791218725	1	0	1	0.5754690399086072
289418.9552011552	2000.0	899.823577967157	0.0	0	0.0	1318.7787791218143	1	0	1	2.0206549188566942
290240.9921112533	2000.0	1077.786667869063	0.0	0	0.0	1318.7787791218725	1	0	1	2.713802099416635
291200.0	2000.0	1118.7787791223464	0.0	0	155.47369053715374	1318.7787791218725	1	0	1	2.713802099416635
292200.0	2000.0	1118.7787791223527	0.0	0	149.6262076671701	1318.7787791218725	1	0	1	2.713802099416635
293215.9807432521	2000.0	1102.798035870253	0.0	0	0.0	1318.7787791218143	1	0	1	2.7138020994166405
294200.0	2000.0	1118.7787791223361	0.0	0	239.33441188116558	1318.7787791218143	1	0	1	2.7138020994166405
295200.0	2000.0	1118.7787791222686	0.0	0	77.64895753853489	1318.7787791218143	1	0	1	2.7138020994166405
296275.856775258	2000.0	1042.9220038643048	0.0	0	0.0	1318.7787791218143	1	0	1	2.7138020994166405
297552.82698424946	2000.0	765.9517948729181	0.0	0	0.0	1318.778779121756	1	0	1	2.7138020994166467
298200.0	1000.0	1118.7787791223489	0.0	0	119.9142282079556	1318.778779121756	1	0	1	0.9809341480167835
299388.5588879138	2000.0	930.2198912085357	0.0	0	0.0	1318.778779121756	1	0	1	2.0206549188567013
300200.0	1000.0	1118.7787791224039	0.0	0	308.79676843684865	1318.778779121756	1	0	1	0.9809341480167835
301200.0	1000.0	1118.7787791224307	0.0	0	575.0161290757824	1318.7787791218143	1	0	1	1.6740813285767229
302200.0	1000.0	1118.778779122416	0.0	0	345.5377552472055	1318.778779121756	1	0	1	1.6740813285767286
303200.0	1000.0	1118.778779122474	0.0	0	410.1740463398164	1318.778779121756	1	0	1	1.6740813285767286
304200.0	1000.0	1118.778779122478	0.0	0	404.9251930746832	1318.778779121756	1	0	1	1.6740813285767286
305200.0	1000.0	1118.7787791224603	0.0	0	543.692169511749	1318.778779121756	1	0	1	1.6740813285767286
306200.0	1000.0	1118.7787791224628	0.0	0	393.9905277431244	1318.778779121756	1	0	1	1.6740813285767286
307200.0	1000.0	1118.7787791224675	0.0	0	357.110251287173	1318.7787791218143	1	0	1	1.6740813285767229
308200.0	1000.0	1118.7787791224348	0.0	0	405.1301071574562	1318.7787791218143	1	0	1	1.6740813285767229
309200.0	1000.0	1118.7787791223986	0.0	0	396.2111699899542	1318.7787791218143	1	0	1	1.6740813285767229
310200.0	1000.0	1118.7787791224166	0.0	0	517.6947533662315	1318.7787791218143	1	0	1	1.6740813285767229
311200.0	1000.0	1118.7787791224	0.0	0	587.5163414869457	1318.7787791218143	1	0	1	1.6740813285767229
312381.26705175784	2000.0	937.5117273646088	0.0	0	0.0	1318.7787791218143	1	0	1	2.0206549188566942
313200.0	1000.0	1118.7787791224916	0.0	0	437.1423701760941	1318.7787791218143	1	0	1	0.9809341480167777
314200.0	2000.0	1118.7787791224625	0.0	0	132.29412941576447	1318.7787791216979	1	0	1	2.020654918856704
2.75	2.4	2.91	1.54	2.41	2.59	2.63	2.15	1.63	2.15	2.63	2.54	1.71	1.8	2.5	2.43	1.84	2.21	2.17	0.9	2.25	2.2	1.58	1.8	1.81	2.28	1.53	1.54	1.61	1.84	1.62	1.66	1.77	2.66	2.31	2.87	3.65	2.92	1.84	2.46	1.67	1.95	2.41	1.85	2.73	1.63	2.22	1.68	2.49	2.73	2.0	1.88	1.84	1.49	1.66	2.11	1.54	2.44	1.2	1.55	1.75	0.96	2.33	2.65	3.88	2.79	2.56	2.54	1.6	1.37	1.49	2.2	2.65	2.88	2.12	2.22	2.36	2.24	2.41	1.92	2.47	2.68	2.15	2.09	2.06	2.86	3.66	2.29	1.82	2.58	1.47	1.39	1.83	1.38	2.39	3.13	1.85	1.98	1.7	2.46	2.2	2.49	3.29	4.39	3.08	2.86	2.92	1.98	2.76	3.43	2.94	2.72	2.04	2.13	2.28	3.43	4.81	5.04	1.59	3.29	2.94	2.46	2.47	2.57	2.4	2.19	2.18	1.88	2.43	2.37	2.86	1.97	2.18	2.28	1.84	2.57	1.81	1.87	1.99	2.88	2.05	1.89	2.06	1.97	2.59	2.95	2.19	2.33	2.49	1.89	2.75	2.4	2.91	1.54	2.41	2.59	2.63	2.15	1.63	2.15	2.63	2.54	1.71	1.8	2.5	2.43	1.84	2.21	2.17	0.9	2.25	2.2	1.58	1.8	1.81	2.28	1.53	1.54	1.61	1.84	1.62	1.66	1.77	2.66	2.31	2.87	3.65	2.92	1.84	2.46	1.67	1.95	2.41	1.85	2.73	1.63	2.22	1.68	2.49	2.73	2.0	1.88	1.84	1.49	1.66	2.11	1.54	2.44	1.2	1.55	1.75	0.96	2.33	2.65	3.88	2.79	2.56	2.54	1.6	1.37	1.49	2.2	2.65	2.88	2.12	2.22	2.36	2.24	2.41	1.92	2.47	2.68	2.15	2.09	2.06	2.86	3.66	2.29	1.82	2.58	1.47	1.39	1.83	1.38	2.39	3.13	1.85	1.98	1.7	2.46	2.2	2.49	3.29	4.39	3.08	2.86	2.92	1.98	2.76	3.43	2.94	2.72	2.04	2.13	2.28	3.43	4.81	5.04	1.59	3.29	2.94	2.46	2.47	2.57	2.4	2.19	2.18	1.88	2.43	2.37	2.86	1.97	2.18	2.28	1.84	2.57	1.81	1.87	1.99	2.88	2.05	1.89	2.06	1.97	2.59	2.95	2.19	2.33	2.49	1.89	2.75	2.4	2.91	1.54	2.41	2.59	2.63	2.15	1.63	2.15	2.63	2.54	1.71	1.8	2.5
1.0	2.0	3.0	4.0	5.0	6.0	7.0	8.0	9.0	10.0	11.0	12.0	13.0	14.0	15.0	16.0	17.0	18.0	19.0	20.0	21.0	22.0	23.0	24.0	25.0	26.0	27.0	28.0	29.0	30.0	31.0	32.0	33.0	34.0	35.0	36.0	37.0	38.0	39.0	40.0	41.0	42.0	43.0	44.0	45.0	46.0	47.0	48.0	49.0	50.0	51.0	52.0	53.0	54.0	55.0	56.0	57.0	58.0	59.0	60.0	61.0	62.0	63.0	64.0	65.0	66.0	67.0	68.0	69.0	70.0	71.0	72.0	73.0	74.0	75.0	76.0	77.0	78.0	79.0	80.0	81.0	82.0	83.0	84.0	85.0	86.0	87.0	88.0	89.0	90.0	91.0	92.0	93.0	94.0	95.0	96.0	97.0	98.0	99.0	100.0	101.0	102.0	103.0	104.0	105.0	106.0	107.0	108.0	109.0	110.0	111.0	112.0	113.0	114.0	115.0	116.0	117.0	118.0	119.0	120.0	121.0	122.0	123.0	124.0	125.0	126.0	127.0	128.0	129.0	130.0	131.0	132.0	133.0	134.0	135.0	136.0	137.0	138.0	139.0	140.0	141.0	142.0	143.0	144.0	145.0	146.0	147.0	148.0	149.0	149.0	150.0	151.0	152.0	153.0	154.0	155.0	156.0	157.0	158.0	159.0	160.0	161.0	162.0	163.0	164.0	165.0	166.0	167.0	168.0	169.0	170.0	171.0	172.0	173.0	174.0	175.0	176.0	177.0	178.0	179.0	180.0	181.0	182.0	183.0	184.0	185.0	186.0	187.0	188.0	189.0	190.0	191.0	192.0	193.0	194.0	195.0	196.0	197.0	198.0	199.0	200.0	201.0	202.0	203.0	204.0	205.0	206.0	207.0	208.0	209.0	210.0	211.0	212.0	213.0	214.0	215.0	216.0	217.0	218.0	219.0	220.0	221.0	222.0	223.0	224.0	225.0	226.0	227.0	228.0	229.0	230.0	231.0	232.0	233.0	234.0	235.0	236.0	237.0	238.0	239.0	240.0	241.0	242.0	243.0	244.0	245.0	246.0	247.0	248.0	249.0	250.0	251.0	252.0	253.0	254.0	255.0	256.0	257.0	258.0	259.0	260.0	261.0	262.0	263.0	264.0	265.0	266.0	267.0	268.0	269.0	270.0	271.0	272.0	273.0	274.0	275.0	276.0	277.0	278.0	279.0	280.0	281.0	282.0	283.0	284.0	285.0	286.0	287.0	288.0	289.0	290.0	291.0	292.0	293.0	294.0	295.0	296.0	297.0	298.0	298.0	299.0	300.0	301.0	302.0	303.0	304.0	305.0	306.0	307.0	308.0	309.0	310.0	311.0	312.0	313.0
2924.2497425441193
