3026.4514380010273	300.0	2000.0	251.86187326797221	0	0.0	3026.4514380010273	1	0	1	-1.8076947964394887
5200.0	1000.0	726.5000000000002	0.0	0	252.41409029557053	926.5000000000009	1	0	2	0.1059407053822119
6200.0	500.0	2826.4999999999995	0.0	0	610.967801640888	3026.5000000000005	1	0	0	-0.6255587449109594
9432.950036956368	2000.0	470.2549593479939	0.0	0	0.0	903.204996304361	1	0	2	0.7658097455248278
10200.0	500.0	2779.9099926087247	0.0	0	517.0029439558584	2979.9099926087247	1	0	0	-1.3144339714695972
14938.176026099076	3000.0	200.0	1301.8942146365982	0	0.0	2138.176026099076	1	0	2	-6.928588092398566
15325.145395757703	500.0	813.0306303413711	0.0	0	0.0	2138.176026099074	1	0	1	-1.4393386361889764
15821.740945106081	1000.0	1266.7755260581553	0.0	0	0.0	2088.5164711642356	1	0	2	0.5029782290531398
16200.0	1000.0	1850.6905656748438	0.0	0	22.514294944292487	2050.690565674844	1	0	2	1.399843826485694
17360.80223918053	2000.0	1573.8081025762594	0.0	0	0.0	1934.6103417567901	1	0	2	1.7559891012000592
18427.02273090854	2000.0	1400.9655616754515	0.0	0	0.0	1827.988292583992	1	0	2	2.460164822529139
19955.277444768017	2000.0	719.8853764300188	0.0	0	0.0	1675.1628211980424	1	0	2	2.4739916047365185
20524.46188685032	1000.0	1150.7009343477148	0.0	0	0.0	1675.1628211980424	1	0	1	0.7452957438091548
21200.0	1000.0	1475.1628211980394	0.0	0	249.9999787797169	1675.1628211980424	1	0	1	1.6384429243691
22200.0	1000.0	1475.1628211980374	0.0	0	424.60459004118457	1675.1628211980387	1	0	1	1.6384429243691003
23200.0	1000.0	1475.1628211980387	0.0	0	447.04368510480344	1675.1628211980387	1	0	1	1.6384429243691003
24200.0	1000.0	1475.1628211980371	0.0	0	225.9840134203696	1675.1628211980387	1	0	1	1.6384429243691003
25200.0	1000.0	1475.1628211980385	0.0	0	3.1364677792262228	1675.1628211980387	1	0	1	1.6384429243691003
26200.0	2000.0	1475.162821198039	0.0	0	121.37997734560122	1675.1628211980387	1	0	1	1.985016514649073
27200.0	2000.0	1475.1628211980355	0.0	0	158.6122439828505	1675.1628211980387	1	0	1	2.678163695209018
28200.0	2000.0	1475.1628211980385	0.0	0	291.76682432009693	1675.1628211980387	1	0	1	2.678163695209018
29200.0	1000.0	1475.1628211980378	0.0	0	559.0237301391317	1675.1628211980387	1	0	1	0.9452957438091552
31102.35717590973	2000.0	572.8056452883094	0.0	0	0.0	1675.1628211980387	1	0	1	1.985016514649073
32151.205542014584	1000.0	568.6000382340304	44.64275905057922	0	0.0	1719.805580248616	1	0	1	0.6729749136006223
32464.027803930174	500.0	1224.4955501268805	0.0	0	0.0	1688.5233540570516	1	0	2	-0.49644920039446316
33200.0	1000.0	1488.5233540570534	0.0	0	223.7622366042997	1688.5233540570516	1	0	1	0.7439596905232537
34212.754248059995	2000.0	1475.7691059970612	0.0	0	0.0	1688.5233540570516	1	0	1	1.9836804613631713
35200.0	1000.0	1488.5233540570507	0.0	0	530.9553225990385	1688.523354057048	1	0	1	0.9439596905232543
36200.0	1000.0	1488.5233540570516	0.0	0	700.4825942280659	1688.523354057048	1	0	1	1.6371068710831995
37795.13214456601	2000.0	893.3912094910394	0.0	0	0.0	1688.523354057048	1	0	1	1.9836804613631716
38200.0	1000.0	1488.5233540570407	0.0	0	25.77350291590119	1688.523354057048	1	0	1	0.9439596905232543
39302.82880501149	2000.0	1385.6945490455403	0.0	0	0.0	1688.5233540570407	1	0	1	1.9836804613631727
40433.944210363086	1000.0	1254.5791436939528	0.0	0	0.0	1688.523354057048	1	0	1	0.9439596905232543
41258.61909810594	1000.0	1429.9042559510976	0.0	0	0.0	1688.5233540570553	1	0	1	1.6371068710831986
42200.0	1000.0	1488.5233540570414	0.0	0	189.00490182378417	1688.5233540570553	1	0	1	1.6371068710831986
43200.0	1000.0	1488.5233540570464	0.0	0	258.61702399070055	1688.5233540570625	1	0	1	1.6371068710831982
44200.0	1000.0	1488.5233540570464	0.0	0	524.5667434469433	1688.5233540570625	1	0	1	1.6371068710831982
45200.0	1000.0	1488.5233540570423	0.0	0	526.6439168765501	1688.5233540570625	1	0	1	1.6371068710831982
46200.0	1000.0	1488.523354057042	0.0	0	327.3177743876804	1688.5233540570625	1	0	1	1.6371068710831982
47735.99181633281	2000.0	952.5315377242358	0.0	0	0.0	1688.5233540570698	1	0	1	1.98368046136317
48542.60706456318	1000.0	1145.9162894938715	0.0	0	0.0	1688.5233540570625	1	0	1	0.943959690523253
49218.188424810236	1000.0	1470.3349292468163	0.0	0	0.0	1688.5233540570625	1	0	1	1.6371068710831982
50200.0	1000.0	1488.5233540570493	0.0	0	452.5627989295608	1688.5233540570625	1	0	1	1.6371068710831982
51200.0	1000.0	1488.5233540570403	0.0	0	495.7674445585362	1688.5233540570625	1	0	1	1.6371068710831982
52200.0	2000.0	1488.5233540570407	0.0	0	17.50120502430218	1688.5233540570698	1	0	1	1.98368046136317
53381.69143956234	2000.0	1306.8319144946936	0.0	0	0.0	1688.5233540570625	1	0	1	2.676827641923116
54926.492570426475	2000.0	762.0307836305618	0.0	0	0.0	1688.5233540570625	1	0	1	2.676827641923116
55551.9899709034	1000.0	1136.5333831536377	0.0	0	0.0	1688.5233540570625	1	0	1	0.943959690523253
56200.0	1000.0	1488.5233540570332	0.0	0	185.43424107370083	1688.5233540570625	1	0	1	1.6371068710831982
57200.0	1000.0	1488.523354057034	0.0	0	571.0046448053472	1688.5233540570625	1	0	1	1.6371068710831982
58200.0	1000.0	1488.5233540570332	0.0	0	452.10649271385046	1688.5233540570625	1	0	1	1.6371068710831982
59229.87316915703	2000.0	1458.6501848999999	0.0	0	0.0	1688.5233540570625	1	0	1	1.9836804613631704
60704.55227847135	2000.0	983.9710755856757	0.0	0	0.0	1688.5233540570625	1	0	1	2.676827641923116
61265.525934198326	1000.0	1422.997419858702	0.0	0	0.0	1688.5233540570625	1	0	1	0.943959690523253
62200.0	2000.0	1488.523354057027	0.0	0	59.02517249837547	1688.5233540570625	1	0	1	1.9836804613631704
63373.38708868685	2000.0	1315.1362653701756	0.0	0	0.0	1688.5233540570625	1	0	1	2.676827641923116
64200.0	2000.0	1488.5233540570346	0.0	0	81.62617832356773	1688.5233540570625	1	0	1	2.676827641923116
65200.0	2000.0	1488.5233540570357	0.0	0	255.0385934384467	1688.5233540570625	1	0	1	2.676827641923116
66299.73332138198	3000.0	1388.790032675073	0.0	0	0.0	1688.5233540570844	1	0	1	2.879560195977197
67200.0	3000.0	1488.5233540570453	0.0	0	138.8483969123772	1688.523354057077	1	0	1	3.2850253040853614
70327.35460321452	3000.0	200.0	838.8312491574992	0	0.0	2527.354603214553	1	0	1	-1.7919057521108563
71200.0	300.0	240.0900635359619	0.0	0	695.2605271619977	440.09006353600125	1	0	2	-2.7505336311372472
72200.0	300.0	2340.0900635359635	0.0	0	782.0835008782742	2540.0900635359867	1	0	0	-0.6500090063536
75971.42824695203	3000.0	200.0	734.9827346466059	0	0.0	1171.4282469520258	1	0	2	-3.9721982000111606
76200.0	300.0	2994.285422256813	0.0	0	39.27012129416107	3194.2854222567985	1	0	0	-3.021287319730254
80249.21989228952	3000.0	200.0	418.0513266015063	0	0.0	1449.2198922895186	1	0	2	-2.084419508621127
80510.4413261192	300.0	938.7785661703361	0.0	0	0.0	1449.2198922895332	1	0	1	-2.6475070822230005
81200.0	1000.0	1249.2198922895207	0.0	0	22.244613939532428	1449.2198922895477	1	0	1	0.45706441293401345
82200.0	1000.0	1249.2198922895204	0.0	0	499.25611946874415	1449.2198922895477	1	0	1	1.6610372172599497
83200.0	1000.0	1249.2198922895086	0.0	0	499.4651823090244	1449.2198922895332	1	0	1	1.661037217259951
84200.0	1000.0	1249.2198922895134	0.0	0	395.53148544058786	1449.2198922895332	1	0	1	1.661037217259951
85200.0	1000.0	1249.2198922895088	0.0	0	362.24510579628986	1449.2198922895332	1	0	1	1.661037217259951
86200.0	1000.0	1249.2198922895138	0.0	0	552.2590968107979	1449.2198922895332	1	0	1	1.661037217259951
87200.0	1000.0	1249.2198922895147	0.0	0	455.0384566934663	1449.2198922895332	1	0	1	1.661037217259951
88200.0	1000.0	1249.2198922895332	0.0	0	415.4857594759669	1449.2198922895332	1	0	1	1.661037217259951
89200.0	1000.0	1249.2198922895461	0.0	0	388.9242832630698	1449.2198922895332	1	0	1	1.661037217259951
90200.0	1000.0	1249.219892289542	0.0	0	386.568636524491	1449.2198922895332	1	0	1	1.661037217259951
91200.0	1000.0	1249.219892289534	0.0	0	436.02188819114235	1449.2198922895332	1	0	1	1.661037217259951
92200.0	1000.0	1249.2198922895343	0.0	0	377.62100876131444	1449.2198922895332	1	0	1	1.661037217259951
93200.0	1000.0	1249.2198922895393	0.0	0	437.33742242462176	1449.2198922895332	1	0	1	1.661037217259951
94200.0	1000.0	1249.2198922895427	0.0	0	438.2369528832205	1449.2198922895332	1	0	1	1.661037217259951
95200.0	1000.0	1249.2198922895338	0.0	0	297.4090881982265	1449.2198922895332	1	0	1	1.661037217259951
96200.0	1000.0	1249.2198922895275	0.0	0	556.7087243616261	1449.2198922895186	1	0	1	1.6610372172599526
97200.0	1000.0	1249.2198922895316	0.0	0	665.4439520271262	1449.2198922895186	1	0	1	1.6610372172599526
98200.0	1000.0	1249.2198922895323	0.0	0	739.6259854292293	1449.2198922895186	1	0	1	1.6610372172599526
99238.50292668394	2000.0	1210.7169656055999	0.0	0	0.0	1449.2198922895186	1	0	1	2.007610807539925
100460.27985076219	2000.0	988.9400415273635	0.0	0	0.0	1449.2198922895186	1	0	1	2.7007579880998698
101297.5080845224	1000.0	1151.7118077671535	0.0	0	0.0	1449.2198922895186	1	0	1	0.9678900367000073
102200.0	1000.0	1249.2198922895395	0.0	0	11.969942121620988	1449.2198922895186	1	0	1	1.6610372172599526
103200.0	1000.0	1249.219892289531	0.0	0	478.0000741629774	1449.219892289504	1	0	1	1.661037217259954
104200.0	1000.0	1249.2198922895395	0.0	0	621.6871569373179	1449.219892289504	1	0	1	1.661037217259954
105200.0	1000.0	1249.2198922895338	0.0	0	614.3151730693498	1449.219892289504	1	0	1	1.661037217259954
106200.0	1000.0	1249.2198922895304	0.0	0	415.2275451712776	1449.219892289504	1	0	1	1.661037217259954
107650.70201141473	2000.0	798.5178808748032	0.0	0	0.0	1449.219892289504	1	0	1	2.0076108075399266
108200.0	1000.0	1249.219892289518	0.0	0	1.5742365072510438	1449.219892289504	1	0	1	0.9678900367000087
109200.0	2000.0	1249.2198922895038	0.0	0	266.9961607318546	1449.2198922894895	1	0	1	2.007610807539928
110283.89601900578	2000.0	1165.323873283728	0.0	0	0.0	1449.219892289504	1	0	1	2.7007579880998716
111200.0	1000.0	1249.219892289515	0.0	0	131.0152350767894	1449.219892289504	1	0	1	0.9678900367000087
112200.0	1000.0	1249.219892289499	0.0	0	565.9923269747378	1449.2198922894895	1	0	1	1.6610372172599552
113200.0	1000.0	1249.2198922894904	0.0	0	494.4602292312338	1449.2198922894895	1	0	1	1.6610372172599552
114200.0	1000.0	1249.2198922895166	0.0	0	37.43970780684322	1449.2198922894895	1	0	1	1.6610372172599552
115200.0	1000.0	1249.2198922895118	0.0	0	310.349885749456	1449.2198922894895	1	0	1	1.6610372172599552
116200.0	1000.0	1249.2198922895066	0.0	0	466.449851921323	1449.219892289504	1	0	1	1.661037217259954
117200.0	1000.0	1249.2198922895072	0.0	0	359.46232432658144	1449.219892289504	1	0	1	1.661037217259954
118471.01471299058	1000.0	978.2051792989307	0.0	0	0.0	1449.219892289504	1	0	1	1.661037217259954
119636.14851317325	1000.0	813.0713791162829	0.0	0	0.0	1449.2198922895186	1	0	1	1.6610372172599526
120200.0	500.0	1249.2198922895232	0.0	0	12.344796512596076	1449.2198922895186	1	0	1	-0.07183073413991115
121200.0	1000.0	1249.2198922895316	0.0	0	182.2748169045808	1449.2198922895186	1	0	1	0.9678900367000071
122200.0	1000.0	1249.2198922895288	0.0	0	393.25350588235597	1449.219892289504	1	0	1	1.661037217259954
123200.0	1000.0	1249.2198922895261	0.0	0	427.37358245697396	1449.219892289504	1	0	1	1.661037217259954
124200.0	1000.0	1249.2198922895166	0.0	0	285.511400407544	1449.219892289504	1	0	1	1.661037217259954
125200.0	1000.0	1249.219892289527	0.0	0	422.30045503428846	1449.2198922895186	1	0	1	1.6610372172599526
126200.0	1000.0	1249.2198922895263	0.0	0	360.51043105265126	1449.2198922895186	1	0	1	1.6610372172599526
127200.0	1000.0	1249.2198922895277	0.0	0	329.4386729860271	1449.2198922895186	1	0	1	1.6610372172599526
128200.0	1000.0	1249.2198922895127	0.0	0	21.104258505816688	1449.219892289504	1	0	1	1.661037217259954
129200.0	1000.0	1249.2198922895227	0.0	0	354.07454720008536	1449.2198922895186	1	0	1	1.6610372172599526
130200.0	1000.0	1249.2198922895066	0.0	0	549.2841062041989	1449.2198922895186	1	0	1	1.6610372172599526
131200.0	1000.0	1249.2198922895266	0.0	0	468.4977368949185	1449.2198922895186	1	0	1	1.6610372172599526
132200.0	1000.0	1249.2198922895407	0.0	0	644.0341261872672	1449.2198922895332	1	0	1	1.6610372172599523
133200.0	1000.0	1249.2198922895539	0.0	0	587.9937507955183	1449.2198922895477	1	0	1	1.66103721725995
134350.14581413253	2000.0	1099.0740781569907	0.0	0	0.0	1449.2198922895477	1	0	1	2.007610807539922
135200.0	2000.0	1249.2198922895404	0.0	0	140.71096280775964	1449.2198922895477	1	0	1	2.700757988099867
136276.42440207567	2000.0	1172.7954902138472	0.0	0	0.0	1449.2198922895477	1	0	1	2.700757988099867
137364.77371070557	2000.0	1084.4461815839454	0.0	0	0.0	1449.2198922895768	1	0	1	2.7007579880998644
138200.0	1000.0	1249.2198922895068	0.0	0	252.98426344935433	1449.2198922895768	1	0	1	0.9678900367000007
139200.0	1000.0	1249.2198922895016	0.0	0	344.4990723830415	1449.2198922895768	1	0	1	1.6610372172599466
140200.0	1000.0	1249.2198922895072	0.0	0	405.2229912291514	1449.219892289606	1	0	1	1.6610372172599437
141200.0	1000.0	1249.21989228953	0.0	0	213.5605139558029	1449.219892289606	1	0	1	1.6610372172599437
142200.0	1000.0	1249.2198922895361	0.0	0	267.310046273662	1449.219892289606	1	0	1	1.6610372172599437
143200.0	1000.0	1249.2198922895402	0.0	0	201.6058507071284	1449.219892289606	1	0	1	1.6610372172599437
144200.0	1000.0	1249.21989228955	0.0	0	470.2327210752701	1449.219892289606	1	0	1	1.6610372172599437
145200.0	1000.0	1249.2198922895407	0.0	0	475.5046785767481	1449.219892289606	1	0	1	1.6610372172599437
146200.0	1000.0	1249.2198922895707	0.0	0	308.199153416208	1449.219892289606	1	0	1	1.6610372172599437
147200.0	1000.0	1249.2198922895634	0.0	0	141.65601760798017	1449.2198922895768	1	0	1	1.6610372172599466
148200.0	1000.0	1249.219892289544	0.0	0	221.99430776419467	1449.2198922895768	1	0	1	1.6610372172599466
149200.0	1000.0	1249.219892289565	0.0	0	28.29134452881408	1449.219892289606	1	0	1	1.6610372172599437
150200.0	1000.0	1249.2198922895884	0.0	0	283.0411927047535	1449.219892289606	1	0	1	1.6610372172599437
151200.0	1000.0	1249.2198922895748	0.0	0	453.74041199462954	1449.219892289606	1	0	1	1.6610372172599437
152200.0	1000.0	1249.2198922895848	0.0	0	281.45477319907513	1449.219892289606	1	0	1	1.6610372172599437
153200.0	1000.0	1249.2198922895986	0.0	0	105.48688835717621	1449.219892289635	1	0	1	1.6610372172599408
154200.0	1000.0	1249.2198922895998	0.0	0	542.7933746796916	1449.219892289635	1	0	1	1.6610372172599408
155200.0	1000.0	1249.2198922895811	0.0	0	500.4287087144912	1449.219892289606	1	0	1	1.6610372172599437
156200.0	1000.0	1249.2198922895798	0.0	0	407.2959392054763	1449.219892289606	1	0	1	1.6610372172599437
157200.0	1000.0	1249.2198922895816	0.0	0	317.18516385910334	1449.2198922895768	1	0	1	1.6610372172599466
158200.0	1000.0	1249.2198922895864	0.0	0	330.81309910988784	1449.2198922895768	1	0	1	1.6610372172599466
159464.02310068478	1000.0	985.1967916048111	0.0	0	0.0	1449.2198922895477	1	0	1	1.6610372172599497
160200.0	1000.0	1249.219892289596	0.0	0	202.35656685914728	1449.2198922895768	1	0	1	1.6610372172599466
161200.0	1000.0	1249.219892289604	0.0	0	371.25591321778484	1449.2198922895768	1	0	1	1.6610372172599466
162200.0	1000.0	1249.2198922896107	0.0	0	303.31183403989417	1449.2198922895768	1	0	1	1.6610372172599466
163200.0	1000.0	1249.2198922896225	0.0	0	506.6500052358606	1449.2198922895768	1	0	1	1.6610372172599466
164200.0	1000.0	1249.2198922896537	0.0	0	319.3984522834362	1449.2198922895768	1	0	1	1.6610372172599466
165200.0	1000.0	1249.2198922896491	0.0	0	427.9148404842126	1449.2198922895768	1	0	1	1.6610372172599466
166234.51389927155	1000.0	1214.7059930180558	0.0	0	176.48088426701725	1449.2198922895477	1	0	1	1.6610372172599497
167467.96282279724	1000.0	981.2570694923303	0.0	0	0.0	1449.2198922895186	1	0	1	1.6610372172599526
168270.66940880098	1000.0	1178.5504834885867	0.0	0	0.0	1449.2198922895186	1	0	1	1.6610372172599526
169200.0	1000.0	1249.2198922895882	0.0	0	507.4339741106669	1449.2198922895477	1	0	1	1.6610372172599497
170200.0	1000.0	1249.219892289583	0.0	0	493.42269210718223	1449.2198922895477	1	0	1	1.6610372172599497
171200.0	1000.0	1249.219892289594	0.0	0	448.0288302373374	1449.2198922895477	1	0	1	1.6610372172599497
172200.0	1000.0	1249.2198922896093	0.0	0	286.56105476390803	1449.2198922895768	1	0	1	1.6610372172599477
173200.0	1000.0	1249.2198922896214	0.0	0	375.9637803697842	1449.219892289606	1	0	1	1.6610372172599437
174200.0	1000.0	1249.2198922896382	0.0	0	276.08551046953653	1449.2198922895768	1	0	1	1.6610372172599466
175200.0	1000.0	1249.2198922896732	0.0	0	626.795510383381	1449.2198922895768	1	0	1	1.6610372172599466
176200.0	1000.0	1249.219892289645	0.0	0	364.8353497344069	1449.2198922895768	1	0	1	1.6610372172599466
177200.0	1000.0	1249.2198922896143	0.0	0	341.00340474169934	1449.2198922895768	1	0	1	1.6610372172599466
178200.0	1000.0	1249.2198922895784	0.0	0	210.99882448851713	1449.2198922895477	1	0	1	1.661037217259949
179200.0	1000.0	1249.2198922895939	0.0	0	489.3039839225239	1449.2198922895768	1	0	1	1.6610372172599466
180200.0	1000.0	1249.2198922896164	0.0	0	559.5584466603759	1449.2198922895768	1	0	1	1.6610372172599466
181200.0	1000.0	1249.2198922896093	0.0	0	575.0943882977299	1449.2198922895768	1	0	1	1.6610372172599466
182200.0	1000.0	1249.2198922896398	0.0	0	552.1326482373115	1449.2198922895768	1	0	1	1.6610372172599466
183200.0	1000.0	1249.2198922896537	0.0	0	237.7062414039392	1449.219892289606	1	0	1	1.6610372172599437
184675.1912717161	2000.0	774.0286205735442	0.0	0	0.0	1449.2198922895768	1	0	1	2.007610807539919
185436.65577950975	1000.0	1012.5641127798615	0.0	0	0.0	1449.2198922895768	1	0	1	0.9678900367000014
186200.0	1000.0	1249.2198922896	0.0	0	195.12184410798363	1449.2198922895768	1	0	1	1.6610372172599466
187200.0	1000.0	1249.2198922896064	0.0	0	339.83475979501964	1449.2198922895768	1	0	1	1.6610372172599466
188200.0	1000.0	1249.2198922896062	0.0	0	507.6867691829393	1449.2198922895768	1	0	1	1.6610372172599466
189200.0	1000.0	1249.2198922896087	0.0	0	618.55364241387	1449.2198922895768	1	0	1	1.6610372172599466
190200.0	1000.0	1249.219892289584	0.0	0	502.0394113861548	1449.219892289606	1	0	1	1.6610372172599437
191603.84961610683	2000.0	845.3702761827521	0.0	0	0.0	1449.219892289606	1	0	1	2.0076108075399164
192643.90097819053	1000.0	805.3189140990268	0.0	0	0.0	1449.219892289606	1	0	1	0.9678900366999984
193727.1412416672	1000.0	722.0786506223769	0.0	0	0.0	1449.219892289635	1	0	1	1.6610372172599408
194200.0	500.0	1249.2198922896089	0.0	0	28.094938730617287	1449.219892289635	1	0	1	-0.07183073413992269
195200.0	1000.0	1249.2198922895907	0.0	0	136.36940421588952	1449.219892289635	1	0	1	0.9678900366999948
196200.0	1000.0	1249.2198922895864	0.0	0	227.69969041770673	1449.219892289606	1	0	1	1.6610372172599424
197200.0	1000.0	1249.219892289575	0.0	0	288.17407190569793	1449.219892289606	1	0	1	1.6610372172599437
198200.0	1000.0	1249.2198922895627	0.0	0	428.83589624162414	1449.2198922895768	1	0	1	1.6610372172599466
199200.0	1000.0	1249.2198922895855	0.0	0	304.11356561488356	1449.219892289606	1	0	1	1.6610372172599437
200200.0	1000.0	1249.2198922896132	0.0	0	443.20658880850533	1449.219892289606	1	0	1	1.6610372172599437
201200.0	1000.0	1249.2198922895936	0.0	0	435.18806608428713	1449.219892289606	1	0	1	1.6610372172599437
202200.0	1000.0	1249.2198922895575	0.0	0	452.64527149603236	1449.219892289606	1	0	1	1.6610372172599437
203200.0	1000.0	1249.219892289548	0.0	0	554.6504217936308	1449.219892289606	1	0	1	1.6610372172599437
204200.0	1000.0	1249.2198922895666	0.0	0	633.7822080806654	1449.219892289606	1	0	1	1.6610372172599437
205200.0	1000.0	1249.2198922895868	0.0	0	458.1719776702812	1449.219892289606	1	0	1	1.6610372172599437
206200.0	1000.0	1249.2198922895807	0.0	0	348.35414561012294	1449.219892289606	1	0	1	1.6610372172599437
207302.5768594235	2000.0	1146.6430328660658	0.0	0	0.0	1449.2198922895768	1	0	1	2.007610807539919
208200.0	1000.0	1249.2198922895632	0.0	0	243.08305128407665	1449.2198922895477	1	0	1	0.9678900367000045
209200.0	1000.0	1249.2198922895689	0.0	0	474.82630986059667	1449.2198922895477	1	0	1	1.6610372172599497
210200.0	1000.0	1249.2198922895866	0.0	0	580.8667140307662	1449.2198922895477	1	0	1	1.6610372172599497
211200.0	1000.0	1249.2198922895982	0.0	0	588.9788615364523	1449.2198922895477	1	0	1	1.6610372172599497
212200.0	1000.0	1249.2198922896093	0.0	0	499.3812681584386	1449.2198922895477	1	0	1	1.6610372172599497
213353.26443333	2000.0	1095.9554589595596	0.0	0	0.0	1449.2198922895477	1	0	1	2.007610807539922
214200.0	1000.0	1249.2198922895848	0.0	0	288.7941056845593	1449.2198922895768	1	0	1	0.9678900367000014
215360.97827464298	2000.0	1088.241617646602	0.0	0	0.0	1449.219892289606	1	0	1	2.0076108075399164
216200.0	1000.0	1249.2198922895784	0.0	0	439.39147464436246	1449.2198922895768	1	0	1	0.9678900367000014
217204.51891539586	2000.0	1244.7009768937444	0.0	0	0.0	1449.219892289606	1	0	1	2.0076108075399173
218200.0	2000.0	1249.2198922896187	0.0	0	110.47200222450192	1449.219892289635	1	0	1	2.700757988099859
219200.0	2000.0	1249.2198922896068	0.0	0	445.14557021539076	1449.219892289635	1	0	1	2.700757988099859
220200.0	2000.0	1249.2198922896057	0.0	0	394.24468059430365	1449.2198922896641	1	0	1	2.7007579880998556
222150.34681949212	2000.0	298.8730727974568	0.0	0	0.0	1449.2198922896641	1	0	1	2.7007579880998556
222820.55594722118	500.0	731.7499804665753	103.08603539816471	0	0.0	1552.3059276878193	1	0	1	-1.3938027306286744
223752.326919079	1000.0	799.979008608739	0.0	0	0.0	1552.3059276878193	1	0	1	0.9575814331601771
224200.0	1000.0	1352.3059276876943	0.0	0	42.765810488926945	1552.3059276878193	1	0	1	1.6507286137201225
225200.0	1000.0	1352.3059276876947	0.0	0	468.0297364638827	1552.3059276878193	1	0	1	1.6507286137201225
226200.0	1000.0	1352.3059276876952	0.0	0	582.8945018336235	1552.3059276878193	1	0	1	1.6507286137201225
227200.0	1000.0	1352.3059276877032	0.0	0	515.2898854291707	1552.3059276878193	1	0	1	1.6507286137201225
228200.0	1000.0	1352.305927687718	0.0	0	388.28568602658925	1552.3059276878193	1	0	1	1.6507286137201225
229200.0	1000.0	1352.305927687738	0.0	0	324.2214075131051	1552.3059276878485	1	0	1	1.6507286137201194
230200.0	1000.0	1352.3059276877348	0.0	0	263.64433217281476	1552.3059276878485	1	0	1	1.6507286137201194
231200.0	1000.0	1352.305927687733	0.0	0	282.94653361910605	1552.3059276878485	1	0	1	1.6507286137201194
232200.0	1000.0	1352.305927687774	0.0	0	311.0694248491782	1552.3059276878485	1	0	1	1.6507286137201194
233200.0	1000.0	1352.305927687775	0.0	0	362.02683036457165	1552.3059276878485	1	0	1	1.6507286137201207
234200.0	1000.0	1352.305927687788	0.0	0	373.99417829187587	1552.3059276878485	1	0	1	1.6507286137201194
235200.0	1000.0	1352.3059276878002	0.0	0	413.26425733292126	1552.3059276878485	1	0	1	1.6507286137201194
236200.0	1000.0	1352.3059276877868	0.0	0	229.77552405445022	1552.3059276878485	1	0	1	1.6507286137201194
237200.0	1000.0	1352.305927687789	0.0	0	328.21844694088213	1552.3059276878485	1	0	1	1.6507286137201194
238200.0	1000.0	1352.3059276877832	0.0	0	584.1452105616045	1552.3059276878485	1	0	1	1.6507286137201194
239200.0	1000.0	1352.3059276878237	0.0	0	480.1659473628097	1552.3059276878485	1	0	1	1.6507286137201194
240200.0	1000.0	1352.3059276878075	0.0	0	459.128794862685	1552.3059276878485	1	0	1	1.6507286137201194
241200.0	1000.0	1352.3059276878266	0.0	0	448.18961190228583	1552.3059276878776	1	0	1	1.6507286137201165
242200.0	1000.0	1352.3059276878023	0.0	0	255.24941795502673	1552.3059276878485	1	0	1	1.6507286137201194
243200.0	1000.0	1352.3059276877918	0.0	0	23.52983572159428	1552.3059276878193	1	0	1	1.650728613720122
244200.0	1000.0	1352.3059276877837	0.0	0	352.5733098205237	1552.3059276877902	1	0	1	1.650728613720124
245200.0	1000.0	1352.3059276878046	0.0	0	386.3275975071592	1552.3059276877902	1	0	1	1.6507286137201251
246200.0	1000.0	1352.3059276877955	0.0	0	540.1825519478298	1552.3059276877902	1	0	1	1.6507286137201251
247200.0	1000.0	1352.3059276878078	0.0	0	739.769308211864	1552.3059276877902	1	0	1	1.6507286137201251
248200.0	2000.0	1352.305927687804	0.0	0	63.91663972401875	1552.3059276877902	1	0	1	1.9973022040000967
249550.02732474415	2000.0	1002.2786029436379	0.0	0	0.0	1552.3059276878193	1	0	1	2.6904493845600403
250365.58707130706	1000.0	1186.7188563807376	0.0	0	0.0	1552.3059276878485	1	0	1	0.9575814331601742
251200.0	1000.0	1352.3059276878068	0.0	0	210.75668845849577	1552.3059276878485	1	0	1	1.6507286137201194
252200.0	1000.0	1352.3059276877993	0.0	0	568.4539465087291	1552.3059276878485	1	0	1	1.6507286137201194
253200.0	1000.0	1352.3059276878005	0.0	0	622.5788518370537	1552.3059276878485	1	0	1	1.6507286137201194
254200.0	1000.0	1352.3059276878112	0.0	0	694.7150939778949	1552.3059276878485	1	0	1	1.6507286137201194
255200.0	1000.0	1352.3059276877946	0.0	0	397.06812489102595	1552.3059276878193	1	0	1	1.6507286137201225
256258.58003563815	2000.0	1293.7258920496633	0.0	0	0.0	1552.3059276878193	1	0	1	1.997302204000095
257434.52044275918	2000.0	1117.7854849286523	0.0	0	0.0	1552.3059276878193	1	0	1	2.6904493845600403
258335.34628322368	2000.0	1216.9596444641295	0.0	0	0.0	1552.3059276877902	1	0	1	2.690449384560043
259793.82909405403	2000.0	758.4768336337621	0.0	0	0.0	1552.3059276877611	1	0	1	2.6904493845600457
260267.45162169717	1000.0	1284.854305990606	0.0	0	0.0	1552.3059276877611	1	0	1	0.9575814331601831
261200.0	1000.0	1352.30592768776	0.0	0	347.09215556128765	1552.3059276877611	1	0	1	1.6507286137201282
262200.0	1000.0	1352.3059276877498	0.0	0	413.99722025278606	1552.3059276877611	1	0	1	1.6507286137201282
263200.0	1000.0	1352.3059276878153	0.0	0	359.6895560709527	1552.3059276878193	1	0	1	1.6507286137201247
264200.0	1000.0	1352.3059276877636	0.0	0	300.06151809945004	1552.3059276878485	1	0	1	1.6507286137201211
265200.0	1000.0	1352.3059276877348	0.0	0	329.9963004819001	1552.3059276878485	1	0	1	1.6507286137201194
266200.0	1000.0	1352.3059276877598	0.0	0	197.72838549950393	1552.3059276878485	1	0	1	1.6507286137201194
267798.20765015093	1000.0	754.0982775368694	0.0	0	0.0	1552.3059276878485	1	0	1	1.6507286137201194
268218.18518192484	500.0	1334.1207457629212	0.0	0	0.0	1552.3059276877902	1	0	1	-0.08213933767973819
269383.28964412335	1000.0	1169.0162835644344	0.0	0	0.0	1552.3059276877902	1	0	1	0.9575814331601797
270200.0	1000.0	1352.305927687805	0.0	0	25.76792070706142	1552.3059276878485	1	0	1	1.6507286137201194
271200.0	1000.0	1352.3059276877636	0.0	0	526.6758288280689	1552.3059276879067	1	0	1	1.6507286137201136
272200.0	1000.0	1352.3059276877739	0.0	0	416.1811430847738	1552.3059276879067	1	0	1	1.6507286137201136
273200.0	1000.0	1352.3059276878273	0.0	0	368.34035824635066	1552.3059276879649	1	0	1	1.6507286137201076
274200.0	1000.0	1352.3059276879235	0.0	0	268.0189802678651	1552.3059276879649	1	0	1	1.6507286137201076
275200.0	1000.0	1352.305927687938	0.0	0	343.31888050952693	1552.3059276879649	1	0	1	1.6507286137201076
276200.0	1000.0	1352.3059276879364	0.0	0	126.10147841839353	1552.305927688023	1	0	1	1.6507286137201018
277200.0	1000.0	1352.3059276880085	0.0	0	389.3686238831142	1552.305927688023	1	0	1	1.6507286137201018
278200.0	1000.0	1352.3059276880251	0.0	0	169.6816202584887	1552.305927688023	1	0	1	1.6507286137201018
279200.0	1000.0	1352.30592768801	0.0	0	330.7678366784821	1552.305927688023	1	0	1	1.6507286137201018
280200.0	1000.0	1352.3059276880642	0.0	0	637.776709915488	1552.305927688023	1	0	1	1.6507286137201018
281200.0	1000.0	1352.3059276880906	0.0	0	643.3422858305275	1552.305927688023	1	0	1	1.6507286137201018
282200.0	1000.0	1352.305927688145	0.0	0	539.888138672628	1552.305927688023	1	0	1	1.6507286137201018
283355.9728629089	2000.0	1196.3330647792022	0.0	0	0.0	1552.3059276879649	1	0	1	1.9973022040000807
284360.8369337445	2000.0	1191.468993943602	0.0	0	0.0	1552.3059276879649	1	0	1	2.6904493845600257
285251.70074754546	2000.0	1300.605180142631	0.0	0	0.0	1552.3059276879649	1	0	1	2.6904493845600257
286449.95157741394	2000.0	1102.3543502741295	0.0	0	0.0	1552.3059276879067	1	0	1	2.6904493845600315
287200.0	1000.0	1352.30592768798	0.0	0	152.98008430819027	1552.3059276878485	1	0	1	0.9575814331601742
288798.4298593045	2000.0	753.8760683835147	0.0	0	0.0	1552.3059276879649	1	0	1	1.9973022040000852
289478.1933190468	1000.0	1074.112608641201	0.0	0	0.0	1552.3059276879649	1	0	1	0.9575814331601625
290267.0898253852	1000.0	1285.216102302802	0.0	0	0.0	1552.3059276879649	1	0	1	1.6507286137201076
291200.0	1000.0	1352.3059276879872	0.0	0	322.41958616423653	1552.3059276879067	1	0	1	1.6507286137201114
292200.0	1000.0	1352.305927688	0.0	0	425.4028742273222	1552.3059276879067	1	0	1	1.6507286137201136
293200.0	1000.0	1352.305927687996	0.0	0	367.4576166989864	1552.3059276879067	1	0	1	1.6507286137201136
294200.0	1000.0	1352.305927687999	0.0	0	556.6668913276517	1552.3059276879067	1	0	1	1.6507286137201136
295200.0	1000.0	1352.3059276880197	0.0	0	5.448459070175886	1552.3059276879649	1	0	1	1.650728613720109
296200.0	1000.0	1352.3059276880053	0.0	0	162.565976350219	1552.305927688023	1	0	1	1.6507286137201018
297200.0	1000.0	1352.305927688067	0.0	0	185.81924852979137	1552.305927688023	1	0	1	1.6507286137201018
298200.0	1000.0	1352.3059276881102	0.0	0	236.70323091297178	1552.305927688023	1	0	1	1.6507286137201018
299200.0	1000.0	1352.3059276880865	0.0	0	262.3151534710778	1552.305927688023	1	0	1	1.6507286137201018
300200.0	1000.0	1352.305927688073	0.0	0	460.0238743549562	1552.305927688023	1	0	1	1.6507286137201018
301200.0	1000.0	1352.3059276880917	0.0	0	2.197844088426791	1552.305927688023	1	0	1	1.6507286137201018
302200.0	1000.0	1352.30592768814	0.0	0	66.93950223433785	1552.3059276880813	1	0	1	1.6507286137200972
303200.0	1000.0	1352.3059276881543	0.0	0	300.0446768620168	1552.305927688023	1	0	1	1.6507286137201018
304200.0	1000.0	1352.3059276881522	0.0	0	513.4797137042624	1552.305927688023	1	0	1	1.6507286137201018
305200.0	1000.0	1352.3059276882004	0.0	0	337.8176664460334	1552.3059276880813	1	0	1	1.650728613720096
306200.0	1000.0	1352.305927688209	0.0	0	339.4787064794218	1552.3059276880813	1	0	1	1.650728613720096
307200.0	1000.0	1352.3059276882357	0.0	0	454.2619739730726	1552.3059276880813	1	0	1	1.650728613720096
308200.0	1000.0	1352.3059276882143	0.0	0	200.90280673844973	1552.3059276880813	1	0	1	1.650728613720096
309200.0	1000.0	1352.3059276881697	0.0	0	280.0421066497802	1552.305927688023	1	0	1	1.6507286137201005
310200.0	1000.0	1352.3059276880972	0.0	0	410.9432565665338	1552.3059276879649	1	0	1	1.6507286137201076
311200.0	1000.0	1352.3059276881577	0.0	0	311.7816172215389	1552.305927688023	1	0	1	1.6507286137201018
312200.0	1000.0	1352.3059276881572	0.0	0	512.0691018833895	1552.305927688023	1	0	1	1.6507286137201018
1.49	1.8	1.85	1.84	2.36	0.81	1.22	1.8	2.54	2.1	1.83	1.66	1.69	2.09	2.02	1.44	0.98	1.38	2.14	2.94	3.22	2.33	1.2	1.04	1.49	1.87	2.04	3.01	2.39	1.11	2.25	0.94	1.27	1.41	1.69	1.8	2.29	2.15	1.69	1.47	1.38	2.13	2.65	2.97	1.86	1.38	1.59	1.89	2.0	2.09	2.53	2.76	1.42	2.27	2.18	2.43	2.92	2.88	3.42	2.62	0.95	0.71	1.39	2.02	1.8	2.1	2.17	1.76	1.58	1.67	1.78	1.29	1.73	2.12	1.84	1.55	1.92	1.95	1.77	2.13	1.76	1.31	1.58	2.06	2.79	3.63	2.4	1.41	1.71	0.82	1.97	2.06	2.72	2.78	1.7	1.89	2.4	1.58	1.46	1.88	2.36	1.45	1.09	1.74	1.78	1.12	0.72	1.01	1.1	1.71	1.68	1.87	1.93	1.24	1.19	1.22	1.23	1.81	2.27	2.97	2.72	2.29	2.09	2.9	1.9	1.58	1.95	1.55	1.74	1.52	1.67	1.71	2.03	1.47	1.24	1.46	1.56	1.29	1.73	1.25	1.38	1.63	2.06	1.44	2.06	1.77	1.02	1.12	1.77	1.19	1.49	1.8	1.85	1.84	2.36	0.81	1.22	1.8	2.54	2.1	1.83	1.66	1.69	2.09	2.02	1.44	0.98	1.38	2.14	2.94	3.22	2.33	1.2	1.04	1.49	1.87	2.04	3.01	2.39	1.11	2.25	0.94	1.27	1.41	1.69	1.8	2.29	2.15	1.69	1.47	1.38	2.13	2.65	2.97	1.86	1.38	1.59	1.89	2.0	2.09	2.53	2.76	1.42	2.27	2.18	2.43	2.92	2.88	3.42	2.62	0.95	0.71	1.39	2.02	1.8	2.1	2.17	1.76	1.58	1.67	1.78	1.29	1.73	2.12	1.84	1.55	1.92	1.95	1.77	2.13	1.76	1.31	1.58	2.06	2.79	3.63	2.4	1.41	1.71	0.82	1.97	2.06	2.72	2.78	1.7	1.89	2.4	1.58	1.46	1.88	2.36	1.45	1.09	1.74	1.78	1.12	0.72	1.01	1.1	1.71	1.68	1.87	1.93	1.24	1.19	1.22	1.23	1.81	2.27	2.97	2.72	2.29	2.09	2.9	1.9	1.58	1.95	1.55	1.74	1.52	1.67	1.71	2.03	1.47	1.24	1.46	1.56	1.29	1.73	1.25	1.38	1.63	2.06	1.44	2.06	1.77	1.02	1.12	1.77	1.19	1.49	1.8	1.85	1.84	2.36	0.81	1.22	1.8	2.54	2.1	1.83	1.66	1.69	2.09
1.0	2.0	3.0	4.0	5.0	6.0	7.0	8.0	9.0	10.0	11.0	12.0	13.0	14.0	15.0	16.0	17.0	18.0	19.0	20.0	21.0	22.0	23.0	24.0	25.0	26.0	27.0	28.0	29.0	30.0	31.0	32.0	33.0	34.0	35.0	36.0	37.0	38.0	39.0	40.0	41.0	42.0	43.0	44.0	45.0	46.0	47.0	48.0	49.0	50.0	51.0	52.0	53.0	54.0	55.0	56.0	57.0	58.0	59.0	60.0	61.0	62.0	63.0	64.0	65.0	66.0	67.0	68.0	69.0	70.0	71.0	72.0	73.0	74.0	75.0	76.0	77.0	78.0	79.0	80.0	81.0	82.0	83.0	84.0	85.0	86.0	87.0	88.0	89.0	90.0	91.0	92.0	93.0	94.0	95.0	96.0	97.0	98.0	99.0	100.0	101.0	102.0	103.0	104.0	105.0	106.0	107.0	108.0	109.0	110.0	111.0	112.0	113.0	114.0	115.0	116.0	117.0	118.0	119.0	120.0	121.0	122.0	123.0	124.0	125.0	126.0	127.0	128.0	129.0	130.0	131.0	132.0	133.0	134.0	135.0	136.0	137.0	138.0	139.0	140.0	141.0	142.0	143.0	144.0	145.0	146.0	147.0	148.0	149.0	149.0	150.0	151.0	152.0	153.0	154.0	155.0	156.0	157.0	158.0	159.0	160.0	161.0	162.0	163.0	164.0	165.0	166.0	167.0	168.0	169.0	170.0	171.0	172.0	173.0	174.0	175.0	176.0	177.0	178.0	179.0	180.0	181.0	182.0	183.0	184.0	185.0	186.0	187.0	188.0	189.0	190.0	191.0	192.0	193.0	194.0	195.0	196.0	197.0	198.0	199.0	200.0	201.0	202.0	203.0	204.0	205.0	206.0	207.0	208.0	209.0	210.0	211.0	212.0	213.0	214.0	215.0	216.0	217.0	218.0	219.0	220.0	221.0	222.0	223.0	224.0	225.0	226.0	227.0	228.0	229.0	230.0	231.0	232.0	233.0	234.0	235.0	236.0	237.0	238.0	239.0	240.0	241.0	242.0	243.0	244.0	245.0	246.0	247.0	248.0	249.0	250.0	251.0	252.0	253.0	254.0	255.0	256.0	257.0	258.0	259.0	260.0	261.0	262.0	263.0	264.0	265.0	266.0	267.0	268.0	269.0	270.0	271.0	272.0	273.0	274.0	275.0	276.0	277.0	278.0	279.0	280.0	281.0	282.0	283.0	284.0	285.0	286.0	287.0	288.0	289.0	290.0	291.0	292.0	293.0	294.0	295.0	296.0	297.0	298.0	298.0	299.0	300.0	301.0	302.0	303.0	304.0	305.0	306.0	307.0	308.0	309.0	310.0	311.0	312.0
2527.2370763287076
