2860.251725487372	300.0	2000.0	355.56756570144853	0	0.0	2860.251725487372	1	0	1	-2.410301868896034
5200.0	500.0	560.2999999999997	0.0	0	349.89558903556554	760.3000000000002	1	0	2	-0.22429371272890802
6200.0	300.0	2660.3000000000006	0.0	0	614.077620692743	2860.300000000001	1	0	0	-1.1929295597595513
9256.233088986515	1000.0	498.4436021148341	0.0	0	0.0	754.6766911013492	1	0	2	-0.07614668043784156
10200.0	300.0	2649.0533822026987	0.0	0	636.4211870432064	2849.0533822026982	1	0	0	-1.8849122957124493
14397.048375145265	2000.0	200.0	879.7271185973575	0	0.0	1597.0483751452666	1	0	2	-5.059025247161496
14733.618498579412	300.0	863.4298765658509	0.0	0	0.0	1597.0483751452666	1	0	1	-2.2568248224004086
15200.0	500.0	1397.0483751452612	0.0	0	131.32274193705962	1597.0483751452666	1	0	1	0.09570797436846887
16200.0	1000.0	1397.0483751452603	0.0	0	19.326048692422773	1597.0483751452648	1	0	1	0.9531071884144324
17969.446720498116	1000.0	627.6016546471443	0.0	0	0.0	1597.048375145263	1	0	1	1.646254368974378
18487.677926557808	500.0	1109.3704485874518	0.0	0	0.0	1597.048375145263	1	0	1	-0.08661358242548556
19200.0	500.0	1397.0483751452584	0.0	0	268.21907564997673	1597.048375145263	1	0	1	0.60653359813446
20200.0	500.0	1397.0483751452539	0.0	0	523.7694439480401	1597.0483751452593	1	0	1	0.6065335981344603
21200.0	1000.0	1397.0483751452564	0.0	0	147.2891090006524	1597.0483751452557	1	0	1	0.9531071884144332
22200.0	1000.0	1397.0483751452525	0.0	0	39.18492051272915	1597.0483751452557	1	0	1	1.6462543689743785
23581.226598606005	1000.0	1015.8217765392475	0.0	0	0.0	1597.048375145252	1	0	1	1.6462543689743787
24213.333754280015	500.0	1383.7146208652373	0.0	0	0.0	1597.048375145252	1	0	1	-0.08661358242548445
25200.0	1000.0	1397.0483751452498	0.0	0	155.9484022556244	1597.048375145252	1	0	1	0.9531071884144338
26200.0	1000.0	1397.0483751452527	0.0	0	20.20900921775319	1597.048375145252	1	0	1	1.6462543689743792
27200.0	1000.0	1397.0483751452546	0.0	0	352.68570640797407	1597.048375145252	1	0	1	1.6462543689743792
28200.0	1000.0	1397.0483751452527	0.0	0	54.0236689804442	1597.0483751452484	1	0	1	1.6462543689743794
29200.0	1000.0	1397.048375145256	0.0	0	18.882662747611903	1597.048375145252	1	0	1	1.6462543689743792
30200.0	1000.0	1397.0483751452534	0.0	0	68.64747612781139	1597.048375145252	1	0	1	1.6462543689743792
31200.0	1000.0	1397.048375145252	0.0	0	68.8047787648029	1597.048375145252	1	0	1	1.6462543689743792
32200.0	1000.0	1397.0483751452475	0.0	0	76.42001007285216	1597.0483751452557	1	0	1	1.6462543689743785
33481.500612107004	1000.0	1115.5477630382406	0.0	0	0.0	1597.048375145252	1	0	1	1.6462543689743787
34311.613972415784	1000.0	1285.4344027294585	0.0	0	0.0	1597.0483751452484	1	0	1	1.6462543689743794
35200.0	1000.0	1397.0483751452466	0.0	0	342.8316724640972	1597.0483751452484	1	0	1	1.6462543689743794
36509.60253633511	1000.0	1087.445838810145	0.0	0	0.0	1597.0483751452484	1	0	1	1.6462543689743794
37200.0	500.0	1397.0483751452605	0.0	0	460.4531480211226	1597.0483751452557	1	0	1	-0.08661358242548484
38200.0	1000.0	1397.0483751452568	0.0	0	333.23784295974474	1597.0483751452557	1	0	1	0.9531071884144332
39200.0	1000.0	1397.0483751452625	0.0	0	146.05535113625956	1597.048375145263	1	0	1	1.646254368974378
40200.0	1000.0	1397.0483751452587	0.0	0	215.77001149472926	1597.048375145263	1	0	1	1.646254368974378
41288.00237664426	1000.0	1309.0459985009988	0.0	0	0.0	1597.0483751452557	1	0	1	1.6462543689743785
42228.36558915668	1000.0	1368.6827859885761	0.0	0	0.0	1597.0483751452557	1	0	1	1.6462543689743785
43262.51773050286	1000.0	1334.5306446423972	0.0	0	0.0	1597.0483751452557	1	0	1	1.6462543689743785
44200.0	1000.0	1397.0483751452641	0.0	0	79.7555698782453	1597.0483751452557	1	0	1	1.6462543689743785
45200.0	1000.0	1397.0483751452657	0.0	0	193.02619797158695	1597.0483751452557	1	0	1	1.6462543689743785
46814.47667216736	1000.0	782.5717029779155	0.0	0	0.0	1597.0483751452557	1	0	1	1.6462543689743785
47485.04415902974	500.0	1112.004216115537	0.0	0	0.0	1597.048375145263	1	0	1	-0.08661358242548556
48200.0	500.0	1397.048375145282	0.0	0	117.43804364134121	1597.048375145263	1	0	1	0.60653359813446
49200.0	500.0	1397.0483751452837	0.0	0	509.8727124192519	1597.048375145263	1	0	1	0.60653359813446
50200.0	500.0	1397.0483751452837	0.0	0	459.7907501597656	1597.048375145263	1	0	1	0.60653359813446
51200.0	500.0	1397.0483751452794	0.0	0	480.9551204794916	1597.0483751452557	1	0	1	0.6065335981344606
52266.85946390035	1000.0	1330.1889112449312	0.0	0	0.0	1597.0483751452557	1	0	1	0.9531071884144332
53200.0	1000.0	1397.0483751452766	0.0	0	36.491132497212675	1597.0483751452557	1	0	1	1.6462543689743785
54200.0	1000.0	1397.0483751452782	0.0	0	476.22246014822304	1597.0483751452484	1	0	1	1.6462543689743794
55200.0	1000.0	1397.0483751452869	0.0	0	538.0380995497835	1597.0483751452557	1	0	1	1.6462543689743785
56200.0	1000.0	1397.0483751452837	0.0	0	445.36921265571436	1597.0483751452557	1	0	1	1.6462543689743785
57200.0	1000.0	1397.0483751452923	0.0	0	90.02351459702186	1597.048375145263	1	0	1	1.646254368974378
58398.3544929488	1000.0	1198.6938821964907	0.0	0	0.0	1597.048375145263	1	0	1	1.646254368974378
59288.16294053634	1000.0	1308.8854346089436	0.0	0	0.0	1597.048375145263	1	0	1	1.646254368974378
60505.11635188143	1000.0	1091.9320232638602	0.0	0	0.0	1597.048375145263	1	0	1	1.646254368974378
61416.26256549947	1000.0	1180.7858096458135	0.0	0	0.0	1597.0483751452557	1	0	1	1.6462543689743785
62200.0	1000.0	1397.0483751452828	0.0	0	179.99903998192895	1597.0483751452557	1	0	1	1.6462543689743785
63200.0	1000.0	1397.0483751452748	0.0	0	264.3326774046727	1597.0483751452557	1	0	1	1.6462543689743785
64200.0	1000.0	1397.048375145269	0.0	0	273.5352663979065	1597.0483751452484	1	0	1	1.6462543689743794
65200.0	1000.0	1397.048375145273	0.0	0	326.71923933420476	1597.0483751452484	1	0	1	1.6462543689743794
66200.0	1000.0	1397.048375145271	0.0	0	65.00033905023884	1597.0483751452484	1	0	1	1.6462543689743794
67200.0	1000.0	1397.0483751452691	0.0	0	305.4587386949279	1597.0483751452412	1	0	1	1.6462543689743798
68200.0	1000.0	1397.0483751452762	0.0	0	164.20758561319963	1597.0483751452412	1	0	1	1.6462543689743803
70069.5083711933	1000.0	527.5400039519643	0.0	0	0.0	1597.0483751452266	1	0	1	1.6462543689743807
70628.23583233161	300.0	968.8125428136551	0.0	0	0.0	1597.0483751452557	1	0	1	-1.3636776418404613
71352.41732618355	500.0	1244.631048961707	0.0	0	0.0	1597.0483751452557	1	0	1	0.09570797436846987
72200.0	500.0	1397.0483751452546	0.0	0	253.09337413703906	1597.0483751452557	1	0	1	0.6065335981344606
73200.0	500.0	1397.0483751452693	0.0	0	600.7783979971427	1597.0483751452703	1	0	1	0.6065335981344592
74200.0	500.0	1397.0483751452653	0.0	0	635.5657887739799	1597.0483751452703	1	0	1	0.6065335981344592
75200.0	500.0	1397.0483751452673	0.0	0	367.56261539102707	1597.0483751452703	1	0	1	0.6065335981344592
76206.23981697761	1000.0	1390.8085581676619	0.0	0	0.0	1597.0483751452703	1	0	1	0.9531071884144318
77200.0	1000.0	1397.0483751452732	0.0	0	176.31749547428626	1597.0483751452703	1	0	1	1.6462543689743772
78200.0	1000.0	1397.0483751452887	0.0	0	199.2547362602636	1597.0483751452703	1	0	1	1.6462543689743772
79200.0	1000.0	1397.0483751452914	0.0	0	18.76200166757917	1597.0483751452703	1	0	1	1.6462543689743772
80200.0	1000.0	1397.0483751452916	0.0	0	0.5910998671606649	1597.0483751452703	1	0	1	1.6462543689743772
81627.1443257939	1000.0	969.904049351408	0.0	0	0.0	1597.0483751452703	1	0	1	1.6462543689743772
82200.0	500.0	1397.0483751453075	0.0	0	60.773180119736935	1597.0483751452557	1	0	1	-0.08661358242548484
83231.67890044382	1000.0	1365.3694747014874	0.0	0	0.0	1597.0483751452557	1	0	1	0.9531071884144332
84256.37743592053	1000.0	1340.6709392247708	0.0	0	0.0	1597.0483751452557	1	0	1	1.6462543689743785
85200.0	1000.0	1397.0483751452946	0.0	0	259.79795944511716	1597.0483751452557	1	0	1	1.6462543689743785
86200.0	1000.0	1397.0483751452823	0.0	0	400.55697621138825	1597.0483751452557	1	0	1	1.6462543689743785
87200.0	1000.0	1397.0483751453014	0.0	0	149.93331384776684	1597.0483751452703	1	0	1	1.6462543689743772
88200.0	1000.0	1397.048375145293	0.0	0	57.91339128675463	1597.0483751452703	1	0	1	1.6462543689743772
89379.78101266433	1000.0	1217.267362480936	0.0	0	0.0	1597.0483751452703	1	0	1	1.6462543689743772
90200.0	1000.0	1397.048375145279	0.0	0	224.62554818429635	1597.0483751452557	1	0	1	1.6462543689743785
91200.0	1000.0	1397.048375145274	0.0	0	513.547450173297	1597.0483751452412	1	0	1	1.6462543689743803
92200.0	1000.0	1397.0483751452764	0.0	0	274.10764796570584	1597.0483751452412	1	0	1	1.6462543689743803
93200.0	1000.0	1397.048375145279	0.0	0	456.72880256206554	1597.0483751452412	1	0	1	1.6462543689743803
94200.0	1000.0	1397.0483751452757	0.0	0	391.05679419984517	1597.0483751452412	1	0	1	1.6462543689743803
95460.25864096815	2000.0	1136.7897341771259	0.0	0	0.0	1597.0483751452412	1	0	1	1.992827959254353
96418.7250456606	1000.0	1178.323329484676	0.0	0	0.0	1597.0483751452412	1	0	1	0.9531071884144351
97200.0	1000.0	1397.0483751452794	0.0	0	68.83758212003158	1597.0483751452412	1	0	1	1.6462543689743803
98200.0	1000.0	1397.0483751452864	0.0	0	186.23624961698079	1597.0483751452412	1	0	1	1.6462543689743803
99200.0	1000.0	1397.0483751452891	0.0	0	208.73925768985646	1597.0483751452412	1	0	1	1.6462543689743803
100200.0	1000.0	1397.04837514529	0.0	0	100.07500982278725	1597.0483751452266	1	0	1	1.6462543689743816
101548.54799899262	1000.0	1048.500376152662	0.0	0	0.0	1597.0483751452266	1	0	1	1.6462543689743816
102200.0	1000.0	1397.0483751452982	0.0	0	48.77377213501313	1597.0483751452266	1	0	1	1.6462543689743816
103200.0	1000.0	1397.0483751453019	0.0	0	87.05325253853516	1597.0483751452412	1	0	1	1.6462543689743803
104200.0	1000.0	1397.0483751453096	0.0	0	139.75928550866956	1597.0483751452412	1	0	1	1.6462543689743803
105200.0	1000.0	1397.0483751452991	0.0	0	319.02204501323286	1597.0483751452412	1	0	1	1.6462543689743803
106200.0	1000.0	1397.0483751453082	0.0	0	284.9858816539636	1597.0483751452412	1	0	1	1.6462543689743803
107790.88268318005	1000.0	806.1656919652381	0.0	0	0.0	1597.0483751452412	1	0	1	1.6462543689743803
108281.74461201363	500.0	1315.303763131669	0.0	0	0.0	1597.0483751452412	1	0	1	-0.08661358242548335
109200.0	1000.0	1397.048375145286	0.0	0	142.8575079930597	1597.0483751452412	1	0	1	0.9531071884144349
110200.0	1000.0	1397.04837514529	0.0	0	381.0422106622573	1597.0483751452412	1	0	1	1.6462543689743803
111200.0	1000.0	1397.048375145293	0.0	0	450.8273026189272	1597.0483751452266	1	0	1	1.6462543689743816
112200.0	1000.0	1397.0483751452973	0.0	0	162.0402415177814	1597.0483751452266	1	0	1	1.6462543689743816
113329.16988095087	1000.0	1267.8784941944302	0.0	0	0.0	1597.0483751452412	1	0	1	1.6462543689743803
114200.0	1000.0	1397.048375145304	0.0	0	33.416617511276854	1597.0483751452412	1	0	1	1.6462543689743803
115200.0	1000.0	1397.0483751453044	0.0	0	187.4616327546537	1597.0483751452412	1	0	1	1.6462543689743803
116200.0	1000.0	1397.0483751453041	0.0	0	30.236954226507805	1597.0483751452412	1	0	1	1.6462543689743803
117234.31875458623	1000.0	1362.7296205590774	0.0	0	0.0	1597.0483751452412	1	0	1	1.6462543689743803
118200.0	1000.0	1397.0483751453041	0.0	0	163.97329579542566	1597.0483751452412	1	0	1	1.6462543689743803
119285.06812731449	1000.0	1311.9802478308122	0.0	0	0.0	1597.0483751452557	1	0	1	1.6462543689743785
120323.8321148477	1000.0	1273.2162602976177	0.0	0	0.0	1597.0483751452557	1	0	1	1.6462543689743785
121200.0	500.0	1397.0483751453069	0.0	0	244.77585838915547	1597.0483751452412	1	0	1	-0.08661358242548335
122416.23626096272	500.0	1180.8121141826086	0.0	0	0.0	1597.0483751452412	1	0	1	0.6065335981344621
123200.0	500.0	1397.0483751453278	0.0	0	60.318014646007214	1597.0483751452412	1	0	1	0.6065335981344621
124200.0	500.0	1397.0483751453405	0.0	0	389.2520971870399	1597.0483751452412	1	0	1	0.6065335981344621
125200.0	500.0	1397.0483751453314	0.0	0	496.85639698212617	1597.0483751452266	1	0	1	0.6065335981344635
126200.0	500.0	1397.0483751453314	0.0	0	378.49519942539337	1597.0483751452266	1	0	1	0.6065335981344635
127200.0	500.0	1397.0483751453344	0.0	0	362.2614181993704	1597.0483751452412	1	0	1	0.6065335981344621
128200.0	500.0	1397.0483751453176	0.0	0	609.0131757092313	1597.0483751452266	1	0	1	0.6065335981344635
129200.0	500.0	1397.0483751453273	0.0	0	475.5691538832907	1597.048375145212	1	0	1	0.6065335981344651
130200.0	1000.0	1397.0483751453282	0.0	0	407.8170688937389	1597.048375145212	1	0	1	0.9531071884144376
131200.0	1000.0	1397.0483751453223	0.0	0	540.6770119966823	1597.0483751452266	1	0	1	1.6462543689743816
132200.0	1000.0	1397.04837514535	0.0	0	251.1725158795598	1597.0483751452557	1	0	1	1.6462543689743803
133200.0	1000.0	1397.0483751453426	0.0	0	0.46801364433486015	1597.0483751452412	1	0	1	1.6462543689743798
134404.2138446775	1000.0	1192.8345304678292	0.0	0	0.0	1597.0483751452412	1	0	1	1.6462543689743803
135842.16606438602	1000.0	754.8823107593312	0.0	0	0.0	1597.0483751452412	1	0	1	1.6462543689743803
136562.4012816547	500.0	1034.6470934906793	0.0	0	0.0	1597.0483751452412	1	0	1	-0.08661358242548335
137200.0	500.0	1397.0483751453448	0.0	0	309.40278587071225	1597.0483751452703	1	0	1	0.6065335981344592
138200.0	500.0	1397.0483751453328	0.0	0	630.9824759972689	1597.0483751452703	1	0	1	0.6065335981344592
139200.0	1000.0	1397.048375145365	0.0	0	495.9200120840105	1597.0483751452994	1	0	1	0.9531071884144291
140234.40954019473	1000.0	1362.6388349506417	0.0	0	0.0	1597.0483751452994	1	0	1	1.6462543689743745
141200.0	1000.0	1397.0483751453428	0.0	0	69.14655292971293	1597.0483751452994	1	0	1	1.6462543689743745
142200.0	1000.0	1397.0483751453066	0.0	0	216.3949776305817	1597.0483751452994	1	0	1	1.6462543689743745
143365.5342171775	1000.0	1231.5141579677868	0.0	0	0.0	1597.0483751452994	1	0	1	1.6462543689743745
144511.17250253257	1000.0	1085.8758726127262	0.0	0	0.0	1597.0483751452994	1	0	1	1.6462543689743745
145200.0	500.0	1397.048375145296	0.0	0	38.858278639410855	1597.0483751452994	1	0	1	-0.08661358242548912
146291.90680912646	1000.0	1305.141566018852	0.0	0	0.0	1597.0483751452994	1	0	1	0.9531071884144291
147200.0	1000.0	1397.0483751453185	0.0	0	207.6010717432946	1597.0483751452994	1	0	1	1.6462543689743745
148200.0	1000.0	1397.048375145315	0.0	0	314.55594004207524	1597.0483751452994	1	0	1	1.6462543689743745
149200.0	1000.0	1397.0483751453266	0.0	0	482.5260571887775	1597.0483751452994	1	0	1	1.6462543689743745
150200.0	1000.0	1397.0483751452794	0.0	0	386.393854792841	1597.0483751452703	1	0	1	1.6462543689743772
151200.0	1000.0	1397.0483751452814	0.0	0	132.6472232907836	1597.0483751452703	1	0	1	1.6462543689743772
152812.28096638058	2000.0	784.7674087647256	0.0	0	0.0	1597.0483751452994	1	0	1	1.9928279592543472
153771.98628490407	1000.0	825.0620902412527	0.0	0	0.0	1597.0483751453285	1	0	1	0.9531071884144262
154758.93246178524	1000.0	838.1159133600756	0.0	0	0.0	1597.0483751453285	1	0	1	1.6462543689743714
155200.0	500.0	1397.0483751452934	0.0	0	76.11904615710955	1597.0483751453285	1	0	1	-0.08661358242549205
156200.0	1000.0	1397.0483751452846	0.0	0	172.27574183556135	1597.0483751453285	1	0	1	0.953107188414426
157485.9773315704	1000.0	1111.0710435748713	0.0	0	0.0	1597.0483751453576	1	0	1	1.6462543689743687
158785.62232454796	1000.0	811.4260505972996	0.0	0	0.0	1597.0483751453285	1	0	1	1.6462543689743714
159200.0	500.0	1397.0483751452211	0.0	0	39.25461242184974	1597.0483751453285	1	0	1	-0.08661358242549205
160200.0	1000.0	1397.0483751452318	0.0	0	269.67489732947433	1597.0483751453285	1	0	1	0.953107188414426
161200.0	1000.0	1397.0483751452523	0.0	0	271.17359910623054	1597.0483751453576	1	0	1	1.6462543689743687
162277.23844059592	1000.0	1319.8099345493222	0.0	0	0.0	1597.0483751453576	1	0	1	1.6462543689743687
163402.90242854218	1000.0	1194.1459466030674	0.0	0	0.0	1597.0483751453285	1	0	1	1.6462543689743714
164644.7249336545	1000.0	952.3234414907226	0.0	0	0.0	1597.0483751453285	1	0	1	1.6462543689743714
165206.0767303137	500.0	1390.9716448315462	0.0	0	0.0	1597.0483751453285	1	0	1	-0.08661358242549205
166920.65780548594	1000.0	676.3905696593099	0.0	0	0.0	1597.0483751453576	1	0	1	0.9531071884144243
167509.06825834038	500.0	1087.9801168048702	0.0	0	0.0	1597.0483751453576	1	0	1	-0.086613582425495
168200.0	500.0	1397.0483751452343	0.0	0	195.80870849237544	1597.0483751453576	1	0	1	0.6065335981344505
169200.0	500.0	1397.0483751452277	0.0	0	602.9108773785119	1597.0483751453867	1	0	1	0.6065335981344475
170200.0	500.0	1397.0483751452398	0.0	0	647.5421134990465	1597.0483751454158	1	0	1	0.6065335981344446
171366.99323793134	1000.0	1230.055137213881	0.0	0	0.0	1597.0483751454158	1	0	1	0.9531071884144173
172725.35252977896	1000.0	871.6958453662763	0.0	0	0.0	1597.0483751454158	1	0	1	1.6462543689743627
173392.0821165287	500.0	1204.9662586165407	0.0	0	0.0	1597.0483751454449	1	0	1	-0.08661358242550371
174480.5005861639	1000.0	1116.547788981352	0.0	0	0.0	1597.0483751454449	1	0	1	0.9531071884144143
175200.0	500.0	1397.0483751452468	0.0	0	399.54944219539175	1597.0483751454449	1	0	1	-0.08661358242550371
176200.0	1000.0	1397.048375145235	0.0	0	447.6254995637282	1597.048375145474	1	0	1	0.9531071884144116
177200.0	1000.0	1397.0483751452089	0.0	0	79.2865470793331	1597.048375145474	1	0	1	1.646254368974357
178200.0	1000.0	1397.0483751451977	0.0	0	205.44198487361427	1597.0483751454449	1	0	1	1.6462543689743598
179200.0	1000.0	1397.048375145186	0.0	0	194.16458363918355	1597.0483751454449	1	0	1	1.6462543689743598
180200.0	1000.0	1397.0483751451698	0.0	0	32.55160390850506	1597.0483751454449	1	0	1	1.6462543689743598
181200.0	1000.0	1397.0483751451582	0.0	0	170.66602734505432	1597.0483751454449	1	0	1	1.6462543689743598
182200.0	1000.0	1397.0483751451497	0.0	0	177.9843940779101	1597.0483751454449	1	0	1	1.6462543689743598
183200.0	1000.0	1397.0483751451409	0.0	0	349.09723756456515	1597.0483751454449	1	0	1	1.6462543689743598
184200.0	1000.0	1397.0483751451418	0.0	0	433.2001561160432	1597.0483751454449	1	0	1	1.6462543689743598
185200.0	1000.0	1397.0483751451522	0.0	0	67.84172323878738	1597.0483751454158	1	0	1	1.6462543689743627
186200.0	1000.0	1397.0483751451118	0.0	0	278.03978791992995	1597.0483751454158	1	0	1	1.6462543689743627
187200.0	1000.0	1397.048375145095	0.0	0	328.72163250413723	1597.0483751453867	1	0	1	1.6462543689743656
188200.0	1000.0	1397.0483751450774	0.0	0	226.7545524367306	1597.0483751453576	1	0	1	1.6462543689743687
189200.0	1000.0	1397.0483751451	0.0	0	332.35526002480765	1597.0483751453576	1	0	1	1.6462543689743687
190654.49754356963	1000.0	942.550831575465	0.0	0	0.0	1597.0483751453576	1	0	1	1.6462543689743687
191914.7798215061	1000.0	682.2685536389968	0.0	0	0.0	1597.0483751453867	1	0	1	1.646254368974367
192281.9063061373	500.0	1315.142069007777	0.0	0	0.0	1597.0483751453867	1	0	1	-0.08661358242549798
193284.03090549528	1000.0	1313.0174696498104	0.0	0	0.0	1597.0483751453867	1	0	1	0.9531071884144202
194493.73095318244	1000.0	1103.317421962645	0.0	0	0.0	1597.0483751453867	1	0	1	1.6462543689743656
196141.6253234169	1000.0	455.4230517281875	0.0	0	0.0	1597.0483751453867	1	0	1	1.6462543689743656
196492.45024123575	300.0	1104.5981339093187	0.0	0	0.0	1597.0483751453867	1	0	1	-1.3636776418404744
197200.0	500.0	1397.048375145069	0.0	0	106.58190404102788	1597.0483751453867	1	0	1	0.09570797436845677
198200.0	500.0	1397.0483751450845	0.0	0	463.0210678090807	1597.0483751454158	1	0	1	0.6065335981344446
199200.0	500.0	1397.0483751450745	0.0	0	640.9222847051569	1597.0483751454158	1	0	1	0.6065335981344446
200200.0	500.0	1397.0483751450743	0.0	0	621.9030892243609	1597.0483751453867	1	0	1	0.6065335981344475
201316.77248463136	1000.0	1280.2758905137205	0.0	0	0.0	1597.0483751453867	1	0	1	0.9531071884144202
202296.0532964162	1000.0	1300.9950787288346	0.0	0	0.0	1597.0483751453867	1	0	1	1.6462543689743656
203200.0	1000.0	1397.0483751450295	0.0	0	443.7988403973577	1597.0483751454158	1	0	1	1.6462543689743627
204200.0	1000.0	1397.0483751450315	0.0	0	627.5794511893182	1597.0483751454158	1	0	1	1.6462543689743627
205200.0	1000.0	1397.048375145038	0.0	0	115.75190930941608	1597.0483751454158	1	0	1	1.6462543689743627
206200.0	1000.0	1397.0483751450427	0.0	0	96.64437502159853	1597.0483751454158	1	0	1	1.6462543689743627
207200.0	1000.0	1397.0483751450258	0.0	0	167.92368448583875	1597.0483751453867	1	0	1	1.6462543689743656
208200.0	1000.0	1397.0483751450251	0.0	0	221.25638212796184	1597.0483751453867	1	0	1	1.6462543689743656
209305.81409758903	1000.0	1291.2342775559905	0.0	0	0.0	1597.0483751453867	1	0	1	1.6462543689743656
210497.81254147927	1000.0	1099.2358336657549	0.0	0	0.0	1597.0483751453867	1	0	1	1.6462543689743656
211200.0	1000.0	1397.048375145029	0.0	0	49.9152858472371	1597.0483751453867	1	0	1	1.6462543689743656
212200.0	1000.0	1397.0483751450333	0.0	0	379.19754453987116	1597.0483751454158	1	0	1	1.6462543689743627
213200.0	1000.0	1397.0483751450258	0.0	0	482.0679573721427	1597.0483751454158	1	0	1	1.6462543689743627
214200.0	1000.0	1397.0483751450217	0.0	0	345.0717121215421	1597.0483751454449	1	0	1	1.6462543689743598
215369.69551229908	1000.0	1227.3528628459294	0.0	0	0.0	1597.0483751454449	1	0	1	1.6462543689743598
216200.0	1000.0	1397.048375144988	0.0	0	165.73427742352942	1597.0483751454449	1	0	1	1.6462543689743598
217225.7968337904	1000.0	1371.2515413545698	0.0	0	0.0	1597.0483751454449	1	0	1	1.6462543689743598
218376.3561026299	1000.0	1220.6922725150612	0.0	0	0.0	1597.0483751454449	1	0	1	1.6462543689743598
219917.43525473122	1000.0	679.613120413813	0.0	0	0.0	1597.048375145474	1	0	1	1.646254368974357
220608.99318768596	500.0	988.0551874590806	0.0	0	0.0	1597.048375145474	1	0	1	-0.08661358242550665
221200.0	500.0	1397.048375145037	0.0	0	181.8682303717069	1597.048375145474	1	0	1	0.6065335981344389
222200.0	500.0	1397.0483751450647	0.0	0	612.1946956191387	1597.048375145474	1	0	1	0.6065335981344389
223200.0	500.0	1397.0483751450954	0.0	0	651.8853739880142	1597.048375145474	1	0	1	0.6065335981344389
224299.19431308482	1000.0	1297.8540620602664	0.0	0	0.0	1597.0483751454449	1	0	1	0.9531071884144143
225263.4224144336	1000.0	1333.6259607115114	0.0	0	0.0	1597.0483751454449	1	0	1	1.6462543689743598
226200.0	1000.0	1397.0483751451548	0.0	0	167.8387081930996	1597.0483751454449	1	0	1	1.6462543689743598
227362.28057878185	1000.0	1234.7677963632946	0.0	0	0.0	1597.0483751454449	1	0	1	1.6462543689743598
228392.99490358366	1000.0	1204.053471561474	0.0	0	0.0	1597.0483751454449	1	0	1	1.6462543689743598
229427.13273897837	1000.0	1169.915636166808	0.0	0	0.0	1597.048375145474	1	0	1	1.646254368974357
230316.66409106474	1000.0	1280.3842840804443	0.0	0	0.0	1597.048375145503	1	0	1	1.6462543689743538
231200.0	500.0	1397.048375145192	0.0	0	274.1745930261968	1597.048375145503	1	0	1	-0.08661358242550948
232346.49144820622	1000.0	1250.5569269389819	0.0	0	0.0	1597.048375145503	1	0	1	0.9531071884144084
233200.0	500.0	1397.0483751451804	0.0	0	318.23448458491475	1597.048375145503	1	0	1	-0.08661358242550948
234200.0	1000.0	1397.0483751451845	0.0	0	234.59888414805755	1597.048375145503	1	0	1	0.9531071884144084
235200.0	1000.0	1397.0483751451732	0.0	0	199.20613739005057	1597.048375145474	1	0	1	1.646254368974357
236315.30300250722	1000.0	1281.7453726379472	0.0	0	0.0	1597.048375145474	1	0	1	1.646254368974357
237292.3074643952	1000.0	1304.740910749996	0.0	0	0.0	1597.048375145474	1	0	1	1.646254368974357
238200.0	1000.0	1397.0483751451945	0.0	0	92.49269574007485	1597.048375145503	1	0	1	1.6462543689743538
239200.0	1000.0	1397.048375145207	0.0	0	242.79717246154905	1597.0483751455322	1	0	1	1.6462543689743512
240200.0	1000.0	1397.0483751451995	0.0	0	547.276665910671	1597.0483751455322	1	0	1	1.6462543689743512
241200.0	1000.0	1397.0483751451848	0.0	0	483.91505479445914	1597.0483751455322	1	0	1	1.6462543689743512
242200.0	1000.0	1397.0483751451548	0.0	0	270.8528444392723	1597.0483751455322	1	0	1	1.6462543689743512
243200.0	1000.0	1397.048375145131	0.0	0	382.80953114602016	1597.048375145503	1	0	1	1.6462543689743538
244200.0	1000.0	1397.0483751451136	0.0	0	379.1733728076506	1597.048375145474	1	0	1	1.6462543689743563
245200.0	1000.0	1397.0483751451452	0.0	0	284.23146720411023	1597.048375145474	1	0	1	1.646254368974357
246200.0	1000.0	1397.0483751451347	0.0	0	456.0777282064373	1597.048375145474	1	0	1	1.646254368974357
247200.0	1000.0	1397.048375145117	0.0	0	274.0664249382098	1597.048375145474	1	0	1	1.646254368974357
248200.0	1000.0	1397.048375145117	0.0	0	475.9548637505213	1597.0483751454449	1	0	1	1.6462543689743594
249200.0	1000.0	1397.0483751451031	0.0	0	76.35970603907481	1597.0483751454158	1	0	1	1.6462543689743627
250561.8485553644	1000.0	1035.199819780701	0.0	0	0.0	1597.048375145474	1	0	1	1.6462543689743592
251468.7242524951	1000.0	1128.32412265001	0.0	0	0.0	1597.048375145474	1	0	1	1.646254368974357
252352.14127546272	1000.0	1244.907099682408	0.0	0	0.0	1597.048375145474	1	0	1	1.646254368974357
253310.70843016793	1000.0	1286.339944977204	0.0	0	0.0	1597.048375145474	1	0	1	1.646254368974357
254348.285043463	1000.0	1248.7633316821118	0.0	0	0.0	1597.0483751454449	1	0	1	1.6462543689743598
255200.0	1000.0	1397.0483751451245	0.0	0	145.76022151333746	1597.048375145474	1	0	1	1.646254368974357
256351.7449730243	1000.0	1245.3034021208177	0.0	0	0.0	1597.048375145474	1	0	1	1.646254368974357
257490.91853525807	1000.0	1106.129839887031	0.0	0	0.0	1597.048375145474	1	0	1	1.646254368974357
258200.0	500.0	1397.0483751451177	0.0	0	247.36317649361445	1597.048375145474	1	0	1	-0.08661358242550665
259200.0	1000.0	1397.0483751451077	0.0	0	457.40378538199	1597.048375145474	1	0	1	0.9531071884144116
260200.0	1000.0	1397.0483751451297	0.0	0	308.54768478660844	1597.048375145474	1	0	1	1.646254368974357
261200.0	1000.0	1397.048375145124	0.0	0	515.5493299331283	1597.0483751454449	1	0	1	1.6462543689743598
262238.5893320269	1000.0	1358.4590431182314	0.0	0	0.0	1597.0483751454449	1	0	1	1.646254368974362
263200.0	1000.0	1397.0483751451459	0.0	0	256.364565481781	1597.048375145503	1	0	1	1.6462543689743563
264200.0	1000.0	1397.0483751450906	0.0	0	56.896861106914	1597.048375145474	1	0	1	1.6462543689743563
265200.0	1000.0	1397.0483751451393	0.0	0	297.21478828805266	1597.048375145474	1	0	1	1.646254368974357
266200.0	1000.0	1397.0483751450927	0.0	0	284.5398918806459	1597.048375145474	1	0	1	1.646254368974357
267200.0	1000.0	1397.0483751451136	0.0	0	277.51592128758784	1597.0483751455322	1	0	1	1.6462543689743512
268411.93456944864	1000.0	1185.1138056964758	0.0	0	0.0	1597.0483751455322	1	0	1	1.6462543689743512
270063.35986146255	1000.0	533.6885136825467	0.0	0	0.0	1597.0483751455322	1	0	1	1.6462543689743512
270523.9674990845	300.0	1073.080876060657	0.0	0	0.0	1597.0483751455904	1	0	1	-1.3636776418404954
271531.2661871105	500.0	1065.7821880346514	0.0	0	0.0	1597.0483751455904	1	0	1	0.09570797436843648
272357.46686461865	500.0	1239.5815105264435	0.0	0	0.0	1597.0483751455904	1	0	1	0.6065335981344272
273200.0	500.0	1397.0483751450993	0.0	0	272.48170637642033	1597.0483751455904	1	0	1	0.6065335981344272
274200.0	500.0	1397.048375145105	0.0	0	235.08161167474464	1597.0483751455322	1	0	1	0.6065335981344331
275200.0	500.0	1397.04837514509	0.0	0	417.494660788856	1597.0483751455322	1	0	1	0.6065335981344331
276200.0	500.0	1397.0483751451072	0.0	0	503.41756928450195	1597.048375145474	1	0	1	0.6065335981344389
277200.0	500.0	1397.0483751451056	0.0	0	492.2844152551843	1597.048375145474	1	0	1	0.6065335981344389
278200.0	500.0	1397.048375145148	0.0	0	624.5751072730636	1597.048375145474	1	0	1	0.6065335981344389
279200.0	1000.0	1397.048375145163	0.0	0	227.08715502347331	1597.0483751455322	1	0	1	0.9531071884144058
280200.0	1000.0	1397.0483751451254	0.0	0	219.57381141377846	1597.0483751455322	1	0	1	1.6462543689743512
281200.0	1000.0	1397.048375145139	0.0	0	228.43205889489036	1597.0483751455322	1	0	1	1.6462543689743512
282200.0	1000.0	1397.0483751451293	0.0	0	93.81076769187348	1597.0483751455322	1	0	1	1.6462543689743512
283317.2698299684	1000.0	1279.7785451767063	0.0	0	0.0	1597.0483751455322	1	0	1	1.6462543689743512
285017.6156085979	1000.0	579.4327665471735	0.0	0	0.0	1597.048375145474	1	0	1	1.6462543689743547
285676.2530923889	500.0	920.7952827561251	0.0	0	0.0	1597.048375145474	1	0	1	-0.08661358242550665
286200.0	500.0	1397.0483751450852	0.0	0	210.0329596385127	1597.0483751455322	1	0	1	0.6065335981344331
287200.0	1000.0	1397.0483751450959	0.0	0	405.92207336303545	1597.0483751455322	1	0	1	0.9531071884144058
288200.0	1000.0	1397.0483751451216	0.0	0	491.8869145209901	1597.0483751455322	1	0	1	1.6462543689743512
289245.2900230688	1000.0	1351.7583520763594	0.0	0	0.0	1597.0483751455322	1	0	1	1.64625436897435
290200.0	1000.0	1397.0483751451484	0.0	0	218.96159455511952	1597.0483751455322	1	0	1	1.6462543689743512
291200.0	1000.0	1397.048375145173	0.0	0	68.40393592836335	1597.0483751455322	1	0	1	1.6462543689743512
292200.0	1000.0	1397.048375145163	0.0	0	78.19224049267359	1597.0483751455904	1	0	1	1.6462543689743452
293200.0	1000.0	1397.0483751451272	0.0	0	35.142518851091154	1597.0483751455904	1	0	1	1.6462543689743452
294200.0	500.0	1397.048375145137	0.0	0	314.2220422999817	1597.0483751455904	1	0	1	-0.08661358242551831
295295.30659836903	1000.0	1301.7417767761378	0.0	0	0.0	1597.0483751455904	1	0	1	0.9531071884143999
296200.0	1000.0	1397.0483751451723	0.0	0	384.2539213299169	1597.0483751455904	1	0	1	1.6462543689743452
297200.0	1000.0	1397.0483751451545	0.0	0	572.5156078495784	1597.0483751455904	1	0	1	1.6462543689743452
298200.0	1000.0	1397.0483751451957	0.0	0	515.9048896244494	1597.0483751456486	1	0	1	1.6462543689743405
299200.0	1000.0	1397.0483751452437	0.0	0	369.20381990796886	1597.0483751456486	1	0	1	1.6462543689743394
300954.9593034017	2000.0	642.0890717435459	0.0	0	0.0	1597.0483751455904	1	0	1	1.9928279592543177
301436.7455606255	500.0	1160.3028145197204	0.0	0	0.0	1597.0483751455904	1	0	1	-0.7797607629854635
302200.0	1000.0	1397.0483751451898	0.0	0	6.589543065405451	1597.0483751455904	1	0	1	0.9531071884143999
303254.60844588926	1000.0	1342.4399292559883	0.0	0	0.0	1597.0483751455904	1	0	1	1.6462543689743452
304200.0	1000.0	1397.048375145314	0.0	0	366.00086174340686	1597.0483751455904	1	0	1	1.6462543689743452
305200.0	1000.0	1397.0483751453435	0.0	0	392.9454568402143	1597.0483751456486	1	0	1	1.6462543689743394
306239.0965813501	1000.0	1357.951793795205	0.0	0	0.0	1597.0483751456486	1	0	1	1.6462543689743394
0.74	0.8	1.16	1.37	1.29	1.11	0.75	1.16	1.04	0.51	0.8	1.24	1.68	1.11	1.1	0.58	1.04	1.19	1.4	1.39	1.02	1.24	1.44	0.97	0.97	0.96	1.47	1.47	0.85	1.91	1.58	1.54	1.44	0.75	0.94	1.29	1.38	1.08	0.68	0.75	1.12	1.23	1.09	1.39	0.95	1.42	2.28	1.97	1.25	1.1	1.22	1.45	1.03	1.05	1.41	1.53	1.9	1.42	1.02	1.44	0.93	0.71	0.56	0.83	1.15	1.23	1.05	1.14	1.36	1.25	1.02	0.94	1.05	0.86	1.1	1.0	1.39	1.88	1.58	1.04	1.08	0.92	1.67	2.02	1.97	1.55	1.38	1.37	1.39	1.4	1.38	1.66	1.08	1.03	1.32	1.54	1.29	1.18	1.2	0.66	0.98	1.46	2.18	1.89	1.47	1.17	1.18	1.09	1.15	1.19	1.16	0.89	0.78	0.61	0.51	0.64	0.86	0.8	0.8	1.24	1.09	1.46	1.99	1.61	1.08	1.0	0.94	0.71	0.7	1.31	1.87	1.36	0.61	1.41	1.26	0.8	0.88	1.01	1.3	1.78	2.03	2.15	1.41	1.19	1.32	1.23	1.16	1.88	1.14	1.12	0.74	0.8	1.16	1.37	1.29	1.11	0.75	1.16	1.04	0.51	0.8	1.24	1.68	1.11	1.1	0.58	1.04	1.19	1.4	1.39	1.02	1.24	1.44	0.97	0.97	0.96	1.47	1.47	0.85	1.91	1.58	1.54	1.44	0.75	0.94	1.29	1.38	1.08	0.68	0.75	1.12	1.23	1.09	1.39	0.95	1.42	2.28	1.97	1.25	1.1	1.22	1.45	1.03	1.05	1.41	1.53	1.9	1.42	1.02	1.44	0.93	0.71	0.56	0.83	1.15	1.23	1.05	1.14	1.36	1.25	1.02	0.94	1.05	0.86	1.1	1.0	1.39	1.88	1.58	1.04	1.08	0.92	1.67	2.02	1.97	1.55	1.38	1.37	1.39	1.4	1.38	1.66	1.08	1.03	1.32	1.54	1.29	1.18	1.2	0.66	0.98	1.46	2.18	1.89	1.47	1.17	1.18	1.09	1.15	1.19	1.16	0.89	0.78	0.61	0.51	0.64	0.86	0.8	0.8	1.24	1.09	1.46	1.99	1.61	1.08	1.0	0.94	0.71	0.7	1.31	1.87	1.36	0.61	1.41	1.26	0.8	0.88	1.01	1.3	1.78	2.03	2.15	1.41	1.19	1.32	1.23	1.16	1.88	1.14	1.12	0.74	0.8	1.16	1.37	1.29	1.11	0.75	1.16
1.0	2.0	3.0	4.0	5.0	6.0	7.0	8.0	9.0	10.0	11.0	12.0	13.0	14.0	15.0	16.0	17.0	18.0	19.0	20.0	21.0	22.0	23.0	24.0	25.0	26.0	27.0	28.0	29.0	30.0	31.0	32.0	33.0	34.0	35.0	36.0	37.0	38.0	39.0	40.0	41.0	42.0	43.0	44.0	45.0	46.0	47.0	48.0	49.0	50.0	51.0	52.0	53.0	54.0	55.0	56.0	57.0	58.0	59.0	60.0	61.0	62.0	63.0	64.0	65.0	66.0	67.0	68.0	69.0	70.0	71.0	72.0	73.0	74.0	75.0	76.0	77.0	78.0	79.0	80.0	81.0	82.0	83.0	84.0	85.0	86.0	87.0	88.0	89.0	90.0	91.0	92.0	93.0	94.0	95.0	96.0	97.0	98.0	99.0	100.0	101.0	102.0	103.0	104.0	105.0	106.0	107.0	108.0	109.0	110.0	111.0	112.0	113.0	114.0	115.0	116.0	117.0	118.0	119.0	120.0	121.0	122.0	123.0	124.0	125.0	126.0	127.0	128.0	129.0	130.0	131.0	132.0	133.0	134.0	135.0	136.0	137.0	138.0	139.0	140.0	141.0	142.0	143.0	144.0	145.0	146.0	147.0	148.0	149.0	149.0	150.0	151.0	152.0	153.0	154.0	155.0	156.0	157.0	158.0	159.0	160.0	161.0	162.0	163.0	164.0	165.0	166.0	167.0	168.0	169.0	170.0	171.0	172.0	173.0	174.0	175.0	176.0	177.0	178.0	179.0	180.0	181.0	182.0	183.0	184.0	185.0	186.0	187.0	188.0	189.0	190.0	191.0	192.0	193.0	194.0	195.0	196.0	197.0	198.0	199.0	200.0	201.0	202.0	203.0	204.0	205.0	206.0	207.0	208.0	209.0	210.0	211.0	212.0	213.0	214.0	215.0	216.0	217.0	218.0	219.0	220.0	221.0	222.0	223.0	224.0	225.0	226.0	227.0	228.0	229.0	230.0	231.0	232.0	233.0	234.0	235.0	236.0	237.0	238.0	239.0	240.0	241.0	242.0	243.0	244.0	245.0	246.0	247.0	248.0	249.0	250.0	251.0	252.0	253.0	254.0	255.0	256.0	257.0	258.0	259.0	260.0	261.0	262.0	263.0	264.0	265.0	266.0	267.0	268.0	269.0	270.0	271.0	272.0	273.0	274.0	275.0	276.0	277.0	278.0	279.0	280.0	281.0	282.0	283.0	284.0	285.0	286.0	287.0	288.0	289.0	290.0	291.0	292.0	293.0	294.0	295.0	296.0	297.0	298.0	298.0	299.0	300.0	301.0	302.0	303.0	304.0	305.0	306.0
2162.1476445257445
