2225.8492827676782	300.0	2000.0	100.72791013770349	0	0.0	2225.8492827676782	1	0	1	-0.8249842011485173
5200.0	3000.0	202.7021946094078	251.72926782673431	0	413.3850016260076	402.70219460940825	1	0	2	-0.803202912297762
6200.0	500.0	2302.7021946094083	0.0	0	802.9880675019504	2502.7021946094083	1	0	0	-1.6717912530400096
11918.671122712443	6000.0	200.0	2716.2145821584377	0	0.0	3118.6711227124433	1	0	2	-15.143000550054781
12200.0	500.0	890.5382349836879	0.0	0	36.2483436043658	1090.5382349836855	1	0	2	-2.0285525507059727
13200.0	2000.0	2990.5382349836877	0.0	0	200.01037088407247	3190.5382349836855	1	0	0	0.7437291900099199
16714.786897768492	6000.0	324.272647438343	0.0	0	0.0	1039.0595452068337	1	0	2	2.6872628068152187
17200.0	500.0	2887.580855429988	0.0	0	282.2009414434615	3087.580855429984	1	0	0	-2.4249393245621156
22009.120528273	6000.0	200.0	1274.9561142457414	0	0.0	2209.1205282730007	1	0	2	-6.417419132613507
23200.0	300.0	0.0	83.11850052449375	0	868.8113396236622	200.0	2	0	2	-3.7171786352385996
24200.0	500.0	2099.999999999999	0.0	0	825.664347501377	2299.9999999999964	1	0	0	-0.37058718811700425
27223.849647247098	3000.0	432.41278184620785	416.95217619819687	0	0.0	656.2624290933018	1	0	2	-1.5077745284434707
28200.0	1000.0	2553.8774643685942	0.0	0	754.8639620376598	2753.877464368594	1	0	0	0.03595917138393523
31987.265372354243	6000.0	200.0	556.4676774737031	0	0.0	1187.2653723542426	1	0	2	-1.3554340096128723
32203.434452494592	500.0	3005.4478278736906	0.0	0	0.0	3208.882280368278	1	0	0	-2.4390867491937547
35200.0	3000.0	908.847827873697	0.0	0	176.00682489795872	1108.847827873702	1	0	2	0.9477434558416223
36200.0	2000.0	3008.8478278736998	0.0	0	310.7479727099926	3208.847827873702	1	0	0	1.7230184661169083
40045.68442696877	6000.0	200.0	201.27731071995916	0	0.0	1245.684426968779	1	0	2	1.4675854371999382
40221.0361589719	500.0	3042.1834411971895	0.0	0	0.0	3263.2196001690972	1	0	0	-2.4446678170937934
43982.98129057969	6000.0	200.0	89.17816221861571	0	0.0	1182.9812905796935	1	0	2	0.7559076539178164
44200.0	500.0	3004.683161521721	0.0	0	81.55997949864104	3204.6831615217234	1	0	0	-2.438221262051693
48170.89333320334	6000.0	200.0	330.27227727450565	0	0.0	1370.8933332033412	1	0	2	-0.6992142592747776
48386.5631442937	500.0	984.3301889096387	0.0	0	0.0	1370.8933332033412	1	0	1	-2.055757547459348
49303.241151729155	2000.0	1067.652181474179	0.0	0	0.0	1370.8933332033412	1	0	1	1.3222962828885971
50369.448999538574	2000.0	1001.4443336647577	0.0	0	0.0	1370.893333203334	1	0	1	2.708590644008488
52242.410671396225	2000.0	200.0	71.51733819290126	0	0.0	1442.4106713962392	1	0	1	2.2773909141040223
52491.149971877894	300.0	951.2606995183304	0.0	0	0.0	1442.4106713962392	1	0	1	-2.0413610520255054
53200.0	1000.0	1242.4106713962221	0.0	0	272.76933639399067	1442.4106713962392	1	0	1	0.45774533502334414
54200.0	1000.0	1242.4106713962206	0.0	0	680.201697823235	1442.4106713962392	1	0	1	1.6617181393492801
55200.0	1000.0	1242.4106713962246	0.0	0	610.9542036966959	1442.4106713962392	1	0	1	1.6617181393492801
56200.0	1000.0	1242.4106713962224	0.0	0	608.9775395872421	1442.4106713962392	1	0	1	1.6617181393492801
57200.0	2000.0	1242.4106713962256	0.0	0	466.0880607442523	1442.4106713962392	1	0	1	2.0082917296292533
58200.0	2000.0	1242.410671396223	0.0	0	589.2315065694856	1442.4106713962392	1	0	1	2.7014389101891982
59200.0	3000.0	1242.410671396227	0.0	0	280.84386243502377	1442.4106713962392	1	0	1	2.904171464243281
60531.944877330156	3000.0	910.4657940660696	0.0	0	0.0	1442.4106713962392	1	0	1	3.3096365723514456
61200.0	2000.0	1242.410671396223	0.0	0	180.82421710976632	1442.410671396232	1	0	1	2.2959738020810345
62200.0	3000.0	1242.4106713962165	0.0	0	270.3083746561824	1442.410671396232	1	0	1	2.9041714642432814
63200.0	3000.0	1242.4106713962162	0.0	0	34.15229848365561	1442.410671396232	1	0	1	3.309636572351446
64931.62889653075	3000.0	510.78177486546815	0.0	0	0.0	1442.4106713962392	1	0	1	3.3096365723514456
65373.90342297776	1000.0	1068.5072484184498	0.0	0	0.0	1442.4106713962392	1	0	1	0.5631058506811705
66317.69307159075	2000.0	1124.7175998054508	0.0	0	0.0	1442.4106713962246	1	0	1	2.0082917296292537
67392.74546195302	2000.0	1049.6652094431806	0.0	0	0.0	1442.41067139621	1	0	1	2.701438910189201
68575.02793611285	2000.0	867.3827352833272	0.0	0	0.0	1442.41067139621	1	0	1	2.701438910189201
69323.16679581298	1000.0	1119.2438755832088	0.0	0	0.0	1442.4106713961955	1	0	1	0.9685709587893395
70478.89084055263	2000.0	963.5198308435604	0.0	0	0.0	1442.41067139621	1	0	1	2.0082917296292564
71200.0	1000.0	1242.4106713961903	0.0	0	128.92413860546367	1442.41067139621	1	0	1	0.9685709587893381
72200.0	1000.0	1242.410671396201	0.0	0	542.342485532994	1442.4106713961955	1	0	1	1.6617181393492846
73200.0	1000.0	1242.4106713961937	0.0	0	666.3927749781724	1442.410671396181	1	0	1	1.6617181393492861
74200.0	2000.0	1242.4106713962026	0.0	0	274.21143603029486	1442.410671396181	1	0	1	2.0082917296292586
76059.12777116818	2000.0	383.28290022801855	0.0	0	0.0	1442.410671396181	1	0	1	2.701438910189204
76516.61725387511	500.0	925.7934175210946	0.0	0	0.0	1442.410671396181	1	0	1	-0.7642969926105223
77399.6745311753	1000.0	1042.7361402208976	0.0	0	0.0	1442.4106713961955	1	0	1	0.9685709587893399
78200.0	1000.0	1242.4106713962021	0.0	0	245.9727534657868	1442.4106713961955	1	0	1	1.6617181393492846
79200.0	1000.0	1242.410671396214	0.0	0	532.076160300945	1442.4106713961955	1	0	1	1.6617181393492846
80200.0	1000.0	1242.4106713962155	0.0	0	546.5248442897282	1442.4106713961955	1	0	1	1.6617181393492846
81200.0	1000.0	1242.410671396225	0.0	0	634.0772142541828	1442.4106713961955	1	0	1	1.6617181393492846
82200.0	1000.0	1242.4106713962306	0.0	0	717.8883956275822	1442.4106713961955	1	0	1	1.6617181393492846
83200.0	2000.0	1242.4106713962306	0.0	0	151.22494122541684	1442.4106713961955	1	0	1	2.0082917296292573
84200.0	2000.0	1242.4106713962328	0.0	0	249.12692018350936	1442.4106713961955	1	0	1	2.7014389101892027
85200.0	2000.0	1242.4106713962171	0.0	0	539.196194125805	1442.4106713961955	1	0	1	2.7014389101892027
86200.0	2000.0	1242.4106713962192	0.0	0	378.29173473986157	1442.4106713961955	1	0	1	2.7014389101892027
87200.0	2000.0	1242.4106713962383	0.0	0	71.03623527793388	1442.41067139621	1	0	1	2.701438910189201
88200.0	2000.0	1242.4106713962374	0.0	0	179.8858190603496	1442.4106713961955	1	0	1	2.7014389101892027
89200.0	2000.0	1242.4106713962244	0.0	0	368.44367192506616	1442.4106713961955	1	0	1	2.7014389101892027
90200.0	3000.0	1242.4106713962235	0.0	0	326.50696854738635	1442.410671396181	1	0	1	2.9041714642432863
91580.77513680691	3000.0	861.6355345892953	0.0	0	0.0	1442.410671396181	1	0	1	3.309636572351451
92242.06127005706	2000.0	1200.3494013391464	0.0	0	0.0	1442.410671396181	1	0	1	2.2959738020810394
93200.0	2000.0	1242.4106713962133	0.0	0	429.6002104311192	1442.410671396181	1	0	1	2.701438910189204
94200.0	3000.0	1242.410671396212	0.0	0	149.11954947086633	1442.410671396181	1	0	1	2.9041714642432863
95200.0	3000.0	1242.4106713962094	0.0	0	266.79070290050004	1442.4106713961955	1	0	1	3.30963657235145
97286.82036599281	3000.0	200.0	44.40969459659338	0	0.0	1486.8203659927967	1	0	1	3.0422902108799574
97733.33724009244	500.0	777.2809712283013	23.797845327936244	0	0.0	1510.6182113207324	1	0	1	-1.31936992667876
98453.29488281201	1000.0	1057.32332850873	0.0	0	0.0	1510.618211320747	1	0	1	0.9617502047968842
99200.0	1000.0	1310.6182113207278	0.0	0	232.07812782291148	1510.618211320747	1	0	1	1.6548973853568296
100200.0	1000.0	1310.6182113207265	0.0	0	636.2229918290977	1510.618211320747	1	0	1	1.6548973853568296
101200.0	1000.0	1310.6182113207192	0.0	0	714.4982078624016	1510.6182113207615	1	0	1	1.6548973853568283
102200.0	1000.0	1310.6182113207067	0.0	0	571.9239216659189	1510.6182113207615	1	0	1	1.6548973853568283
103346.39006084776	2000.0	1164.2281504729544	0.0	0	0.0	1510.618211320747	1	0	1	2.0014709756368023
104358.9675234196	2000.0	1151.6506879011076	0.0	0	0.0	1510.618211320747	1	0	1	2.6946181561967473
105327.20264618233	2000.0	1183.4155651383844	0.0	0	0.0	1510.618211320747	1	0	1	2.6946181561967473
106200.0	2000.0	1310.6182113207108	0.0	0	69.54415645274275	1510.618211320747	1	0	1	2.6946181561967473
107520.27019797276	2000.0	990.3480133479464	0.0	0	0.0	1510.618211320747	1	0	1	2.6946181561967473
108200.0	1000.0	1310.6182113207067	0.0	0	155.84209433691285	1510.618211320747	1	0	1	0.9617502047968844
109200.0	2000.0	1310.6182113207085	0.0	0	174.29371297206671	1510.618211320747	1	0	1	2.0014709756368023
110200.0	2000.0	1310.6182113206964	0.0	0	171.39738187449984	1510.618211320747	1	0	1	2.6946181561967473
112208.69389857627	2000.0	301.9243127444302	0.0	0	0.0	1510.618211320747	1	0	1	2.6946181561967473
112409.18159844649	300.0	1101.4366128742204	0.0	0	0.0	1510.618211320747	1	0	1	-2.048181806017956
113200.0	1000.0	1310.6182113207371	0.0	0	129.5669435117452	1510.6182113207615	1	0	1	0.45092458103089206
114200.0	1000.0	1310.6182113207378	0.0	0	411.9081598759076	1510.6182113207615	1	0	1	1.6548973853568283
115200.0	1000.0	1310.6182113207335	0.0	0	439.2708920343139	1510.618211320747	1	0	1	1.6548973853568296
116200.0	1000.0	1310.6182113207376	0.0	0	551.09231657497	1510.618211320747	1	0	1	1.6548973853568296
117200.0	1000.0	1310.618211320725	0.0	0	602.3179226109642	1510.618211320747	1	0	1	1.6548973853568296
118200.0	1000.0	1310.618211320721	0.0	0	436.00038530233724	1510.618211320747	1	0	1	1.6548973853568296
119200.0	2000.0	1310.6182113207224	0.0	0	161.82074885023758	1510.618211320747	1	0	1	2.0014709756368023
120200.0	2000.0	1310.6182113207158	0.0	0	66.22923437271675	1510.618211320747	1	0	1	2.6946181561967473
121200.0	2000.0	1310.6182113207144	0.0	0	307.3063379487576	1510.6182113207324	1	0	1	2.694618156196749
122200.0	2000.0	1310.6182113207008	0.0	0	70.71571773999312	1510.6182113207324	1	0	1	2.694618156196749
123200.0	2000.0	1310.6182113207108	0.0	0	390.68275253540196	1510.6182113207324	1	0	1	2.694618156196749
124337.57839197258	3000.0	1173.0398193481262	0.0	0	0.0	1510.6182113207324	1	0	1	2.897350710250832
125445.88631662088	2000.0	1064.7318946998537	0.0	0	0.0	1510.6182113207324	1	0	1	2.2891530480885844
126218.04393273036	2000.0	1292.5742785903753	0.0	0	0.0	1510.618211320747	1	0	1	2.6946181561967473
127200.0	2000.0	1310.6182113207433	0.0	0	432.52861287482665	1510.618211320747	1	0	1	2.6946181561967473
128200.0	2000.0	1310.6182113207353	0.0	0	585.7168374255125	1510.618211320747	1	0	1	2.6946181561967473
129200.0	3000.0	1310.6182113207485	0.0	0	481.42041878601594	1510.618211320747	1	0	1	2.89735071025083
130200.0	3000.0	1310.618211320749	0.0	0	276.03242753808445	1510.618211320747	1	0	1	3.3028158183589946
131925.8922576753	3000.0	584.7259536454794	0.0	0	0.0	1510.618211320776	1	0	1	3.302815818358993
132833.16377630722	1000.0	677.4544350135699	0.0	0	0.0	1510.6182113208051	1	0	1	0.556285096688715
133485.35135067074	1000.0	1025.2668606500933	0.0	0	0.0	1510.6182113208051	1	0	1	1.6548973853568238
134431.24017541492	2000.0	1079.3780359059456	0.0	0	0.0	1510.6182113208342	1	0	1	2.0014709756367934
135200.0	1000.0	1310.6182113208843	0.0	0	465.8511419193237	1510.6182113208633	1	0	1	0.9617502047968729
136200.0	2000.0	1310.61821132085	0.0	0	486.30389228265267	1510.6182113208633	1	0	1	2.0014709756367908
137200.0	2000.0	1310.6182113208692	0.0	0	463.2568746114848	1510.6182113208633	1	0	1	2.6946181561967357
138200.0	3000.0	1310.6182113208604	0.0	0	457.2623027843074	1510.6182113208633	1	0	1	2.8973507102508185
139200.0	3000.0	1310.6182113208565	0.0	0	65.16323743615067	1510.6182113208633	1	0	1	3.302815818358983
141027.0893398971	3000.0	483.52887142377995	0.0	0	0.0	1510.6182113208633	1	0	1	3.302815818358983
141605.12879440442	1000.0	905.4894169164902	0.0	0	0.0	1510.6182113208342	1	0	1	0.556285096688711
142630.77187491598	2000.0	879.8463364049153	0.0	0	0.0	1510.6182113208051	1	0	1	2.0014709756367957
143336.66448549676	2000.0	1173.9537258241517	0.0	0	0.0	1510.6182113208342	1	0	1	2.69461815619674
144200.0	2000.0	1310.6182113209015	0.0	0	21.063554581283825	1510.618211320776	1	0	1	2.694618156196742
145200.0	2000.0	1310.6182113208808	0.0	0	18.29620769689791	1510.618211320747	1	0	1	2.6946181561967473
146415.4842546006	2000.0	1095.1339567202474	0.0	0	0.0	1510.6182113207178	1	0	1	2.6946181561967486
147455.97827158065	2000.0	1054.6399397401756	0.0	0	0.0	1510.6182113207178	1	0	1	2.6946181561967504
148200.0	1000.0	1310.618211320823	0.0	0	425.6590157414321	1510.618211320747	1	0	1	0.9617502047968844
149200.0	2000.0	1310.618211320827	0.0	0	485.08454483147943	1510.618211320747	1	0	1	2.0014709756368023
150200.0	3000.0	1310.6182113208274	0.0	0	318.7156281922944	1510.618211320747	1	0	1	2.89735071025083
151200.0	2000.0	1310.6182113208513	0.0	0	478.3334827560175	1510.618211320776	1	0	1	2.28915304808858
152509.7596156888	3000.0	1000.8585956320526	0.0	0	0.0	1510.618211320747	1	0	1	2.89735071025083
153549.09464817916	3000.0	961.523563141679	0.0	0	0.0	1510.618211320747	1	0	1	3.3028158183589946
154252.7072866709	2000.0	1257.9109246499497	0.0	0	0.0	1510.618211320747	1	0	1	2.2891530480885827
155465.43695219138	3000.0	1045.1812591294624	0.0	0	0.0	1510.618211320747	1	0	1	2.89735071025083
156404.07320611132	2000.0	1106.5450052095503	0.0	0	0.0	1510.618211320776	1	0	1	2.28915304808858
157200.0	2000.0	1310.6182113208652	0.0	0	19.65002944081789	1510.618211320776	1	0	1	2.6946181561967446
158355.00229032128	3000.0	1155.6159209996056	0.0	0	0.0	1510.618211320776	1	0	1	2.8973507102508274
159200.0	2000.0	1310.618211320871	0.0	0	349.88762821487035	1510.618211320776	1	0	1	2.28915304808858
160497.28580704686	3000.0	1013.3324042740189	0.0	0	0.0	1510.618211320776	1	0	1	2.8973507102508274
162010.60555970646	2000.0	500.01265161442524	0.0	0	0.0	1510.618211320776	1	0	1	2.28915304808858
162594.33275132594	1000.0	916.2854599949301	0.0	0	0.0	1510.618211320776	1	0	1	0.9617502047968814
163200.0	1000.0	1310.6182113208752	0.0	0	173.8324344776047	1510.618211320776	1	0	1	1.6548973853568265
164274.03990786368	2000.0	1236.578303457199	0.0	0	0.0	1510.618211320776	1	0	1	2.0014709756367997
165200.0	1000.0	1310.6182113208833	0.0	0	340.91332074423553	1510.618211320776	1	0	1	0.9617502047968814
166200.0	1000.0	1310.6182113209059	0.0	0	474.7084183943225	1510.618211320776	1	0	1	1.6548973853568265
167200.0	2000.0	1310.6182113209045	0.0	0	45.55056678733672	1510.618211320776	1	0	1	2.0014709756367997
168269.7332149476	2000.0	1240.8849963733148	0.0	0	0.0	1510.618211320776	1	0	1	2.6946181561967446
169200.0	2000.0	1310.6182113208956	0.0	0	232.21005280149984	1510.618211320776	1	0	1	2.6946181561967446
170200.0	2000.0	1310.618211320892	0.0	0	211.48062653292436	1510.618211320776	1	0	1	2.6946181561967446
171200.0	2000.0	1310.618211320894	0.0	0	458.80281235536677	1510.618211320776	1	0	1	2.6946181561967446
172200.0	2000.0	1310.6182113209056	0.0	0	609.2666994590545	1510.618211320776	1	0	1	2.6946181561967446
173200.0	3000.0	1310.6182113209052	0.0	0	307.63360388661386	1510.618211320776	1	0	1	2.8973507102508274
175157.64255904133	3000.0	352.97565227956113	0.0	0	0.0	1510.618211320747	1	0	1	3.3028158183589937
175526.43170505628	500.0	984.186506264604	0.0	0	0.0	1510.618211320747	1	0	1	-1.1765828547111439
176799.91792966484	2000.0	710.700281656057	0.0	0	0.0	1510.6182113207178	1	0	1	1.3083237950768596
177366.19652313183	1000.0	1144.4216881890707	0.0	0	0.0	1510.6182113207178	1	0	1	0.9617502047968873
178200.0	1000.0	1310.6182113209152	0.0	0	380.448788753798	1510.6182113207178	1	0	1	1.6548973853568325
179200.0	2000.0	1310.6182113208704	0.0	0	377.3456617628981	1510.6182113206887	1	0	1	2.001470975636808
180200.0	2000.0	1310.618211320855	0.0	0	498.9766934821382	1510.6182113206887	1	0	1	2.694618156196753
181200.0	3000.0	1310.618211320861	0.0	0	212.92272414741456	1510.6182113207178	1	0	1	2.8973507102508327
182200.0	2000.0	1310.6182113208251	0.0	0	164.3631673718919	1510.6182113206887	1	0	1	2.2891530480885884
183200.0	2000.0	1310.6182113208317	0.0	0	318.78356575156795	1510.6182113206596	1	0	1	2.694618156196756
184200.0	2000.0	1310.6182113208267	0.0	0	439.2047565714165	1510.6182113206596	1	0	1	2.694618156196756
185200.0	2000.0	1310.6182113208542	0.0	0	436.86676934253774	1510.6182113206596	1	0	1	2.694618156196756
186200.0	2000.0	1310.6182113208458	0.0	0	375.7532697195129	1510.6182113206596	1	0	1	2.694618156196756
187200.0	2000.0	1310.6182113208702	0.0	0	466.2792803469638	1510.6182113206596	1	0	1	2.694618156196756
188431.11212094812	3000.0	1079.5060903727447	0.0	0	0.0	1510.6182113206305	1	0	1	2.8973507102508407
189200.0	3000.0	1310.6182113208647	0.0	0	12.885978783015162	1510.6182113206305	1	0	1	3.302815818359006
190200.0	3000.0	1310.6182113208952	0.0	0	267.5347273190273	1510.6182113206305	1	0	1	3.302815818359006
191403.01963848944	3000.0	1107.5985728314172	0.0	0	0.0	1510.6182113206305	1	0	1	3.302815818359006
192386.89623455665	3000.0	1123.721976764211	0.0	0	0.0	1510.6182113206014	1	0	1	3.302815818359007
193200.0	2000.0	1310.6182113208745	0.0	0	273.9665883736743	1510.6182113206305	1	0	1	2.2891530480885947
194200.0	3000.0	1310.6182113209325	0.0	0	320.1895191775984	1510.6182113206305	1	0	1	2.8973507102508416
195200.0	3000.0	1310.6182113209532	0.0	0	418.7504305104958	1510.6182113206305	1	0	1	3.302815818359006
196200.0	3000.0	1310.6182113209766	0.0	0	145.9412374928943	1510.6182113206305	1	0	1	3.302815818359006
197302.3705632086	3000.0	1208.2476481123645	0.0	0	0.0	1510.6182113206305	1	0	1	3.302815818359006
198499.36975730633	3000.0	1011.2484540146169	0.0	0	0.0	1510.6182113206014	1	0	1	3.302815818359007
200137.3678446923	2000.0	373.2503666286943	0.0	0	0.0	1510.6182113206014	1	0	1	2.2891530480885973
200724.7075938646	500.0	785.9106174564113	0.0	0	0.0	1510.6182113205723	1	0	1	-0.7711177466029615
201584.70342688344	1000.0	925.9147844375736	0.0	0	0.0	1510.6182113205432	1	0	1	0.9617502047969045
202200.0	1000.0	1310.618211321037	0.0	0	156.07204230481875	1510.6182113205432	1	0	1	1.65489738535685
203200.0	1000.0	1310.6182113210305	0.0	0	587.6558516126825	1510.6182113205723	1	0	1	1.6548973853568472
204200.0	1000.0	1310.6182113210657	0.0	0	544.912940269307	1510.6182113205723	1	0	1	1.6548973853568472
205200.0	1000.0	1310.618211321075	0.0	0	650.5972140055383	1510.6182113205723	1	0	1	1.6548973853568472
206200.0	2000.0	1310.6182113211082	0.0	0	485.6865747612319	1510.6182113205723	1	0	1	2.0014709756368196
207200.0	3000.0	1310.6182113211455	0.0	0	279.293279010948	1510.6182113205723	1	0	1	2.897350710250847
208200.0	3000.0	1310.6182113211444	0.0	0	257.9942656188505	1510.6182113205723	1	0	1	3.3028158183590115
209200.0	3000.0	1310.6182113211444	0.0	0	110.57113622876932	1510.6182113205723	1	0	1	3.3028158183590115
210301.7204676429	3000.0	1208.8977436782234	0.0	0	0.0	1510.6182113205432	1	0	1	3.3028158183590133
211200.0	3000.0	1310.6182113211462	0.0	0	259.7985671114584	1510.6182113205432	1	0	1	3.302815818359015
212200.0	3000.0	1310.6182113211464	0.0	0	296.8669522200071	1510.6182113205723	1	0	1	3.3028158183590115
213620.3955008408	3000.0	890.2227104803691	0.0	0	0.0	1510.6182113205723	1	0	1	3.3028158183590115
214358.60013936955	2000.0	1152.018071951636	0.0	0	0.0	1510.6182113206014	1	0	1	2.2891530480885973
215340.4954830614	2000.0	1170.122728259815	0.0	0	0.0	1510.6182113206014	1	0	1	2.694618156196762
216200.0	2000.0	1310.6182113212017	0.0	0	289.1939530704112	1510.6182113206014	1	0	1	2.694618156196762
217593.74752450082	3000.0	916.8706868203548	0.0	0	0.0	1510.6182113206014	1	0	1	2.8973507102508442
218200.0	1000.0	1310.6182113211776	0.0	0	170.73551765293814	1510.6182113206014	1	0	1	0.5562850966887343
219483.35566117906	2000.0	1027.262550142147	0.0	0	0.0	1510.6182113206305	1	0	1	2.001470975636815
220200.0	1000.0	1310.6182113211655	0.0	0	262.13979292000295	1510.6182113206305	1	0	1	0.9617502047968962
221200.0	2000.0	1310.618211321191	0.0	0	337.40728004989796	1510.6182113206305	1	0	1	2.001470975636814
222200.0	2000.0	1310.6182113211864	0.0	0	120.9841725618171	1510.6182113206305	1	0	1	2.6946181561967593
223410.14526548906	2000.0	1100.4729458321249	0.0	0	0.0	1510.6182113206305	1	0	1	2.6946181561967593
224764.97590845302	2000.0	745.6423028681752	0.0	0	0.0	1510.6182113206305	1	0	1	2.6946181561967593
225717.0574405562	1000.0	793.5607707649799	0.0	0	0.0	1510.6182113206596	1	0	1	0.9617502047968943
226545.29515357714	1000.0	965.3230577440144	0.0	0	0.0	1510.6182113206596	1	0	1	1.6548973853568383
227200.0	1000.0	1310.6182113211567	0.0	0	131.4792983115476	1510.6182113206596	1	0	1	1.6548973853568383
228200.0	1000.0	1310.618211321142	0.0	0	629.3216869856406	1510.6182113206596	1	0	1	1.6548973853568383
229200.0	1000.0	1310.6182113211155	0.0	0	514.2341442945471	1510.6182113206305	1	0	1	1.6548973853568414
230200.0	1000.0	1310.618211321101	0.0	0	492.2966320695996	1510.6182113206305	1	0	1	1.6548973853568414
231200.0	2000.0	1310.6182113211082	0.0	0	248.0392131676781	1510.6182113206305	1	0	1	2.001470975636814
232200.0	2000.0	1310.61821132112	0.0	0	105.78062422684161	1510.6182113206305	1	0	1	2.6946181561967593
233200.0	2000.0	1310.6182113211237	0.0	0	74.95424065500265	1510.6182113206305	1	0	1	2.6946181561967593
234200.0	2000.0	1310.6182113211044	0.0	0	247.53751444714726	1510.6182113206305	1	0	1	2.6946181561967593
235200.0	3000.0	1310.6182113210937	0.0	0	192.41805602997192	1510.6182113206014	1	0	1	2.8973507102508442
236610.01785872274	3000.0	900.6003525983356	0.0	0	0.0	1510.6182113205432	1	0	1	3.3028158183590137
237403.56404672808	2000.0	1107.0541645930366	0.0	0	0.0	1510.6182113205432	1	0	1	2.2891530480886035
238200.0	2000.0	1310.6182113210878	0.0	0	170.5312672664295	1510.618211320514	1	0	1	2.694618156196771
239200.0	3000.0	1310.6182113210548	0.0	0	116.71269770301296	1510.618211320514	1	0	1	2.897350710250853
240684.51249281995	3000.0	826.1057185010659	0.0	0	0.0	1510.618211320514	1	0	1	3.3028158183590177
241500.51937238165	2000.0	1010.0988389393838	0.0	0	0.0	1510.618211320514	1	0	1	2.289153048088606
242225.80498654945	2000.0	1284.813224771576	0.0	0	0.0	1510.618211320485	1	0	1	2.6946181561967735
243200.0	3000.0	1310.6182113210302	0.0	0	307.7925906876626	1510.618211320485	1	0	1	2.8973507102508558
244200.0	3000.0	1310.6182113210202	0.0	0	447.7240402449679	1510.618211320485	1	0	1	3.3028158183590204
245975.51542947924	3000.0	535.1027818417947	0.0	0	0.0	1510.618211320485	1	0	1	3.3028158183590204
246825.3903757169	1000.0	685.2278356041077	0.0	0	0.0	1510.618211320485	1	0	1	0.5562850966887459
247737.3739224049	1000.0	773.2442889161271	0.0	0	0.0	1510.618211320485	1	0	1	1.6548973853568558
248382.41149585045	1000.0	1128.2067154706028	0.0	0	0.0	1510.618211320485	1	0	1	1.6548973853568558
249200.0	1000.0	1310.6182113210577	0.0	0	339.68000705589657	1510.618211320485	1	0	1	1.6548973853568558
250200.0	1000.0	1310.6182113210614	0.0	0	551.4584541270742	1510.618211320485	1	0	1	1.6548973853568558
251200.0	1000.0	1310.6182113210302	0.0	0	501.60378477189806	1510.618211320485	1	0	1	1.6548973853568558
252200.0	2000.0	1310.6182113210334	0.0	0	75.35132367917686	1510.618211320485	1	0	1	2.0014709756368285
253200.0	2000.0	1310.6182113210325	0.0	0	208.44973306774045	1510.618211320485	1	0	1	2.6946181561967735
254200.0	2000.0	1310.6182113210589	0.0	0	143.9633942930377	1510.618211320485	1	0	1	2.6946181561967735
255200.0	2000.0	1310.6182113210637	0.0	0	296.879517954716	1510.618211320485	1	0	1	2.6946181561967735
256345.54373467938	2000.0	1165.0744766416888	0.0	0	0.0	1510.618211320485	1	0	1	2.6946181561967735
257228.30580127507	2000.0	1282.3124100460068	0.0	0	0.0	1510.618211320485	1	0	1	2.6946181561967735
258476.3313405751	2000.0	1034.2868707459488	0.0	0	0.0	1510.618211320485	1	0	1	2.6946181561967735
259200.0	1000.0	1310.6182113210473	0.0	0	247.49564205447678	1510.618211320485	1	0	1	0.9617502047969106
260755.5489350076	2000.0	755.0692763134684	0.0	0	0.0	1510.618211320485	1	0	1	2.0014709756368285
261511.15352426303	1000.0	999.4646870580375	0.0	0	0.0	1510.618211320514	1	0	1	0.9617502047969078
262200.0	1000.0	1310.6182113210289	0.0	0	49.48402864654781	1510.618211320514	1	0	1	1.654897385356853
263200.0	1000.0	1310.6182113210982	0.0	0	420.35653483256465	1510.6182113206014	1	0	1	1.6548973853568483
264200.0	1000.0	1310.6182113210764	0.0	0	477.1345998288016	1510.6182113206014	1	0	1	1.6548973853568434
265200.0	1000.0	1310.6182113210782	0.0	0	451.5413188219536	1510.6182113206014	1	0	1	1.654897385356844
266200.0	1000.0	1310.6182113210857	0.0	0	635.0956007365021	1510.6182113206596	1	0	1	1.6548973853568383
267200.0	1000.0	1310.6182113210436	0.0	0	512.7492326470092	1510.6182113207178	1	0	1	1.6548973853568325
268200.0	2000.0	1310.618211321026	0.0	0	434.26923249667743	1510.6182113207178	1	0	1	2.001470975636805
269200.0	2000.0	1310.6182113210914	0.0	0	164.81483098160243	1510.6182113207178	1	0	1	2.6946181561967504
270299.9025565391	2000.0	1210.71565478198	0.0	0	0.0	1510.6182113207178	1	0	1	2.694618156196754
271200.0	2000.0	1310.6182113211235	0.0	0	155.36238318128744	1510.6182113207178	1	0	1	2.6946181561967504
272200.0	2000.0	1310.6182113211464	0.0	0	267.38352377462434	1510.618211320776	1	0	1	2.6946181561967446
273368.71755336487	3000.0	1141.9006579562847	0.0	0	0.0	1510.618211320776	1	0	1	2.8973507102508274
274200.0	2000.0	1310.618211321167	0.0	0	118.86454389389837	1510.618211320776	1	0	1	2.28915304808858
275200.0	2000.0	1310.6182113212558	0.0	0	72.04257523268461	1510.618211320776	1	0	1	2.6946181561967446
276200.0	2000.0	1310.6182113212474	0.0	0	284.2247780006728	1510.618211320776	1	0	1	2.6946181561967446
277200.0	2000.0	1310.6182113212003	0.0	0	535.9610726857791	1510.618211320776	1	0	1	2.6946181561967446
278200.0	3000.0	1310.618211321179	0.0	0	244.0987443230697	1510.618211320776	1	0	1	2.8973507102508274
279200.0	3000.0	1310.6182113211814	0.0	0	419.7197308696341	1510.618211320776	1	0	1	3.302815818358992
280834.1903051877	3000.0	676.4279061334496	0.0	0	0.0	1510.618211320776	1	0	1	3.302815818358992
282508.2955831192	2000.0	208.5293806979705	206.20675249600308	0	0.0	1716.824963816849	1	0	1	1.0353510106815662
282863.6640294092	500.0	853.1609344080026	0.0	0	0.0	1716.824963816849	1	0	1	-0.7917384218525894
283284.7323516664	1000.0	1432.0926121508105	0.0	0	0.0	1716.824963816849	1	0	1	0.9411295295472741
284256.22833146725	2000.0	1460.5966323499676	0.0	0	0.0	1716.824963816849	1	0	1	1.9808503003871922
285200.0	2000.0	1516.8249638171671	0.0	0	303.52959630277473	1716.8249638167908	1	0	1	2.673997480947143
286200.0	3000.0	1516.8249638171724	0.0	0	221.8437796125654	1716.8249638167908	1	0	1	2.8767300350012253
287200.0	3000.0	1516.8249638171555	0.0	0	445.1631212956272	1716.8249638167908	1	0	1	3.28219514310939
288428.7724457672	3000.0	1288.0525180499412	0.0	0	0.0	1716.8249638167326	1	0	1	3.282195143109396
289816.3138655228	3000.0	900.5110982942688	0.0	0	0.0	1716.8249638167326	1	0	1	3.282195143109396
290999.87104548776	2000.0	716.9539183293037	0.0	0	0.0	1716.8249638166744	1	0	1	2.26853237283899
291353.6223411408	1000.0	1363.2026226762384	0.0	0	0.0	1716.8249638166744	1	0	1	0.9411295295472918
293218.67770991486	3000.0	498.14725390223737	0.0	0	0.0	1716.8249638167326	1	0	1	2.183582854441291
293442.2997189521	500.0	1274.5252448650322	0.0	0	0.0	1716.8249638167908	1	0	1	-1.197203529960748
294200.0	2000.0	1516.8249638171537	0.0	0	132.17332830530358	1716.8249638167908	1	0	1	1.2877031198272522
296107.93362735055	3000.0	608.8913364665893	0.0	0	0.0	1716.8249638167326	1	0	1	2.8767300350012306
296482.9272311476	1000.0	1233.8977326695413	0.0	0	0.0	1716.8249638166744	1	0	1	0.5356644214391271
297200.0	2000.0	1516.8249638171508	0.0	0	12.786430549749639	1716.8249638166744	1	0	1	1.9808503003872093
298200.0	3000.0	1516.824963817111	0.0	0	23.40768552920781	1716.8249638166162	1	0	1	2.876730035001243
299200.0	3000.0	1516.824963817102	0.0	0	361.0276444426854	1716.824963816558	1	0	1	3.282195143109413
300200.0	3000.0	1516.8249638170685	0.0	0	323.4927660903777	1716.8249638166162	1	0	1	3.2821951431094076
301264.7163250756	3000.0	1452.1086387415683	0.0	0	0.0	1716.8249638166744	1	0	1	3.2821951431094014
302774.75705044455	3000.0	942.0679133726453	0.0	0	0.0	1716.8249638167908	1	0	1	3.2821951431093925
303609.8408486945	2000.0	1106.9841151227224	0.0	0	0.0	1716.824963816849	1	0	1	2.2685323728389726
304587.74516161147	3000.0	1129.079802205786	0.0	0	0.0	1716.824963816849	1	0	1	2.87673003500122
305476.3726525315	2000.0	1240.45231128577	0.0	0	0.0	1716.8249638169073	1	0	1	2.2685323728389664
306200.0	2000.0	1516.824963817287	0.0	0	180.47112335974816	1716.8249638169073	1	0	1	2.673997480947131
307453.12515695323	3000.0	1263.699806864046	0.0	0	0.0	1716.8249638169073	1	0	1	2.8767300350012137
308200.0	2000.0	1516.8249638172747	0.0	0	171.31472987640882	1716.8249638169073	1	0	1	2.2685323728389664
309727.14930612803	3000.0	989.6756576892649	0.0	0	0.0	1716.8249638169073	1	0	1	2.8767300350012137
311020.5568868336	2000.0	696.2680769837062	0.0	0	0.0	1716.8249638169073	1	0	1	2.2685323728389664
311623.4177841542	1000.0	1093.4071796631608	0.0	0	0.0	1716.8249638169655	1	0	1	0.9411295295472626
312566.56648354203	2000.0	1150.2584802752974	0.0	0	0.0	1716.8249638169655	1	0	1	1.9808503003871805
313580.59634702676	2000.0	1136.228616790605	0.0	0	0.0	1716.8249638170237	1	0	1	2.6739974809471194
314200.0	1000.0	1516.8249638174148	0.0	0	123.8592377473251	1716.8249638170819	1	0	1	0.941129529547251
315200.0	2000.0	1516.8249638173882	0.0	0	431.73030300531536	1716.8249638170237	1	0	1	1.9808503003871745
316200.0	2000.0	1516.8249638173754	0.0	0	372.31467204150977	1716.8249638170237	1	0	1	2.6739974809471194
317452.62019774347	3000.0	1264.2047660739195	0.0	0	0.0	1716.8249638170819	1	0	1	2.8767300350011964
318200.0	2000.0	1516.8249638173465	0.0	0	43.975348362117074	1716.8249638170819	1	0	1	2.2685323728389495
319220.4323447771	3000.0	1496.3926190402422	0.0	0	0.0	1716.8249638170819	1	0	1	2.8767300350011964
320221.7875171133	3000.0	1495.0374467039976	0.0	0	0.0	1716.8249638170819	1	0	1	3.282195143109361
321200.0	2000.0	1516.8249638173445	0.0	0	381.591871941986	1716.8249638170237	1	0	1	2.268532372838955
322200.0	3000.0	1516.8249638173327	0.0	0	236.51495801017154	1716.8249638170237	1	0	1	2.876730035001202
323623.67146021797	3000.0	1093.1535035993768	0.0	0	0.0	1716.8249638170237	1	0	1	3.2821951431093668
325373.8762112914	2000.0	342.9487525259116	0.0	0	0.0	1716.8249638169655	1	0	1	2.2685323728389575
4.01	4.24	2.68	1.46	1.44	2.19	2.69	3.09	3.59	3.53	2.36	2.35	3.01	3.24	3.94	4.08	2.8	3.35	4.15	2.85	2.81	3.15	3.44	4.43	3.31	3.0	3.05	1.99	1.18	1.08	1.82	2.65	3.08	3.06	3.74	4.81	3.21	2.88	3.27	4.08	4.04	1.81	2.54	2.7	2.72	1.53	1.93	1.92	2.11	2.5	2.88	2.4	1.27	1.52	1.27	1.8	2.49	2.32	2.44	3.15	2.58	2.5	3.56	4.08	2.28	2.83	3.74	4.47	2.66	2.59	3.51	4.33	4.74	2.65	0.88	1.09	1.74	2.71	2.8	2.1	2.15	2.42	2.4	2.77	1.97	1.82	1.92	1.96	1.4	1.22	1.76	1.83	1.76	2.09	2.4	2.35	2.98	2.51	2.29	2.83	2.94	2.12	2.27	2.57	3.41	4.19	5.12	5.31	2.66	1.68	1.4	2.02	2.77	3.63	4.63	4.96	3.42	2.39	1.73	2.33	2.48	1.81	2.65	2.17	1.98	2.94	3.93	4.67	5.55	2.84	2.8	2.41	2.87	2.49	3.15	3.05	3.7	2.69	1.55	1.46	2.13	2.5	1.9	2.73	2.83	1.68	2.9	2.44	3.28	3.13	4.01	4.24	2.68	1.46	1.44	2.19	2.69	3.09	3.59	3.53	2.36	2.35	3.01	3.24	3.94	4.08	2.8	3.35	4.15	2.85	2.81	3.15	3.44	4.43	3.31	3.0	3.05	1.99	1.18	1.08	1.82	2.65	3.08	3.06	3.74	4.81	3.21	2.88	3.27	4.08	4.04	1.81	2.54	2.7	2.72	1.53	1.93	1.92	2.11	2.5	2.88	2.4	1.27	1.52	1.27	1.8	2.49	2.32	2.44	3.15	2.58	2.5	3.56	4.08	2.28	2.83	3.74	4.47	2.66	2.59	3.51	4.33	4.74	2.65	0.88	1.09	1.74	2.71	2.8	2.1	2.15	2.42	2.4	2.77	1.97	1.82	1.92	1.96	1.4	1.22	1.76	1.83	1.76	2.09	2.4	2.35	2.98	2.51	2.29	2.83	2.94	2.12	2.27	2.57	3.41	4.19	5.12	5.31	2.66	1.68	1.4	2.02	2.77	3.63	4.63	4.96	3.42	2.39	1.73	2.33	2.48	1.81	2.65	2.17	1.98	2.94	3.93	4.67	5.55	2.84	2.8	2.41	2.87	2.49	3.15	3.05	3.7	2.69	1.55	1.46	2.13	2.5	1.9	2.73	2.83	1.68	2.9	2.44	3.28	3.13	4.01	4.24	2.68	1.46	1.44	2.19	2.69	3.09	3.59	3.53	2.36	2.35	3.01	3.24	3.94	4.08	2.8	3.35	4.15	2.85	2.81	3.15	3.44	4.43	3.31	3.0
1.0	2.0	3.0	4.0	5.0	6.0	7.0	8.0	9.0	10.0	11.0	12.0	13.0	14.0	15.0	16.0	17.0	18.0	19.0	20.0	21.0	22.0	23.0	24.0	25.0	26.0	27.0	28.0	29.0	30.0	31.0	32.0	33.0	34.0	35.0	36.0	37.0	38.0	39.0	40.0	41.0	42.0	43.0	44.0	45.0	46.0	47.0	48.0	49.0	50.0	51.0	52.0	53.0	54.0	55.0	56.0	57.0	58.0	59.0	60.0	61.0	62.0	63.0	64.0	65.0	66.0	67.0	68.0	69.0	70.0	71.0	72.0	73.0	74.0	75.0	76.0	77.0	78.0	79.0	80.0	81.0	82.0	83.0	84.0	85.0	86.0	87.0	88.0	89.0	90.0	91.0	92.0	93.0	94.0	95.0	96.0	97.0	98.0	99.0	100.0	101.0	102.0	103.0	104.0	105.0	106.0	107.0	108.0	109.0	110.0	111.0	112.0	113.0	114.0	115.0	116.0	117.0	118.0	119.0	120.0	121.0	122.0	123.0	124.0	125.0	126.0	127.0	128.0	129.0	130.0	131.0	132.0	133.0	134.0	135.0	136.0	137.0	138.0	139.0	140.0	141.0	142.0	143.0	144.0	145.0	146.0	147.0	148.0	149.0	149.0	150.0	151.0	152.0	153.0	154.0	155.0	156.0	157.0	158.0	159.0	160.0	161.0	162.0	163.0	164.0	165.0	166.0	167.0	168.0	169.0	170.0	171.0	172.0	173.0	174.0	175.0	176.0	177.0	178.0	179.0	180.0	181.0	182.0	183.0	184.0	185.0	186.0	187.0	188.0	189.0	190.0	191.0	192.0	193.0	194.0	195.0	196.0	197.0	198.0	199.0	200.0	201.0	202.0	203.0	204.0	205.0	206.0	207.0	208.0	209.0	210.0	211.0	212.0	213.0	214.0	215.0	216.0	217.0	218.0	219.0	220.0	221.0	222.0	223.0	224.0	225.0	226.0	227.0	228.0	229.0	230.0	231.0	232.0	233.0	234.0	235.0	236.0	237.0	238.0	239.0	240.0	241.0	242.0	243.0	244.0	245.0	246.0	247.0	248.0	249.0	250.0	251.0	252.0	253.0	254.0	255.0	256.0	257.0	258.0	259.0	260.0	261.0	262.0	263.0	264.0	265.0	266.0	267.0	268.0	269.0	270.0	271.0	272.0	273.0	274.0	275.0	276.0	277.0	278.0	279.0	280.0	281.0	282.0	283.0	284.0	285.0	286.0	287.0	288.0	289.0	290.0	291.0	292.0	293.0	294.0	295.0	296.0	297.0	298.0	298.0	299.0	300.0	301.0	302.0	303.0	304.0	305.0	306.0	307.0	308.0	309.0	310.0	311.0	312.0	313.0	314.0	315.0	316.0	317.0	318.0	319.0	320.0	321.0	322.0	323.0	324.0
2023.9095682465065
