2709.958168141897	300.0	2000.0	94.96093902143639	0	0.0	2709.958168141897	1	0	1	-0.839078802915139
5509.471286990113	3000.0	200.0	118.5621960810208	0	0.0	709.4712869901132	1	0	2	-0.030349330720821632
6200.0	500.0	2578.524158291101	0.0	0	415.9255340849968	2778.524158291101	1	0	0	-1.7000641376604078
10009.180974155282	3000.0	200.0	555.9771938906464	0	0.0	1209.1809741552825	1	0	2	-2.38931777538478
10200.0	300.0	3028.262876739753	0.0	0	60.98360495602719	3228.2628767397546	1	0	0	-3.0246933608530693
13395.55487104108	3000.0	713.1525185945673	0.0	0	0.0	1108.7073896356487	1	0	2	0.437521630797847
14200.0	1000.0	2989.1519025315415	0.0	0	357.75021708042914	3189.151902531543	1	0	0	-0.008199444839807779
17552.229213676022	3000.0	501.6997674879188	0.0	0	0.0	1053.9289811639392	1	0	2	1.6463717755786047
18200.0	1000.0	2918.706059796338	0.0	0	271.9810444317409	3118.7060597963373	1	0	0	-0.0015294319397405887
22187.271139181958	3000.0	200.0	424.8110848216482	0	0.0	1387.271139181954	1	0	2	-0.9246197200683979
22330.62879130962	300.0	1056.6423478723373	0.0	0	0.0	1387.271139181954	1	0	1	-2.6413122069122417
23681.552931492006	2000.0	705.7182076899542	0.0	0	0.0	1387.2711391819576	1	0	1	0.8098328785247453
24309.292424997395	1000.0	1077.9787141845609	0.0	0	0.0	1387.271139181954	1	0	1	0.9740849120107639
25200.0	1000.0	1187.2711391819555	0.0	0	438.1716700467914	1387.271139181954	1	0	1	1.6672320925707091
26200.0	1000.0	1187.2711391819519	0.0	0	506.40311226718404	1387.271139181954	1	0	1	1.6672320925707091
27200.0	1000.0	1187.2711391819505	0.0	0	625.1032867337817	1387.271139181954	1	0	1	1.6672320925707091
28200.0	2000.0	1187.271139181948	0.0	0	70.20623316722413	1387.271139181954	1	0	1	2.0138056828506814
29680.307400987822	2000.0	706.9637381941302	0.0	0	0.0	1387.2711391819576	1	0	1	2.706952863410627
30711.265985315247	1000.0	676.0051538667051	0.0	0	0.0	1387.2711391819576	1	0	1	0.9740849120107633
31200.0	500.0	1187.2711391819519	0.0	0	125.94679747347982	1387.2711391819576	1	0	1	-0.06563585882915501
32200.0	1000.0	1187.2711391819541	0.0	0	455.1387181109276	1387.2711391819576	1	0	1	0.9740849120107631
33200.0	1000.0	1187.2711391819546	0.0	0	621.9008555040709	1387.2711391819576	1	0	1	1.6672320925707085
34200.0	1000.0	1187.2711391819546	0.0	0	635.7418423586132	1387.2711391819612	1	0	1	1.6672320925707085
35200.0	1000.0	1187.2711391819555	0.0	0	307.7878319195297	1387.2711391819685	1	0	1	1.6672320925707074
36200.0	1000.0	1187.2711391819557	0.0	0	304.0736995090556	1387.2711391819612	1	0	1	1.6672320925707083
37200.0	1000.0	1187.271139181952	0.0	0	401.6792634457088	1387.2711391819685	1	0	1	1.6672320925707074
38200.0	1000.0	1187.2711391819503	0.0	0	598.9127961576814	1387.2711391819757	1	0	1	1.667232092570707
39200.0	1000.0	1187.2711391819491	0.0	0	421.3387856648478	1387.2711391819685	1	0	1	1.6672320925707074
40200.0	1000.0	1187.2711391819453	0.0	0	439.00853314208507	1387.2711391819757	1	0	1	1.667232092570707
41200.0	1000.0	1187.2711391819414	0.0	0	578.3277535513844	1387.2711391819757	1	0	1	1.667232092570707
42200.0	2000.0	1187.271139181944	0.0	0	289.8941815759172	1387.271139181983	1	0	1	2.0138056828506787
43200.0	2000.0	1187.2711391819446	0.0	0	248.9346276072465	1387.271139181983	1	0	1	2.7069528634106237
44200.0	2000.0	1187.271139181945	0.0	0	92.12921280389128	1387.2711391819903	1	0	1	2.7069528634106232
45200.0	2000.0	1187.2711391819416	0.0	0	190.36362164722232	1387.2711391819903	1	0	1	2.7069528634106232
46229.90556767295	2000.0	1157.3655715089913	0.0	0	0.0	1387.271139181983	1	0	1	2.7069528634106237
47200.0	2000.0	1187.2711391819444	0.0	0	140.33785910928418	1387.271139181983	1	0	1	2.7069528634106237
48200.0	2000.0	1187.2711391819453	0.0	0	133.50258091318392	1387.271139181983	1	0	1	2.7069528634106237
49200.0	2000.0	1187.2711391819441	0.0	0	145.06539408739627	1387.271139181983	1	0	1	2.7069528634106237
50200.0	2000.0	1187.2711391819375	0.0	0	358.46889419851504	1387.271139181983	1	0	1	2.7069528634106237
51386.132989079655	2000.0	1001.1381501022772	0.0	0	0.0	1387.271139181983	1	0	1	2.7069528634106237
52743.71225148437	2000.0	643.5588876975535	0.0	0	0.0	1387.2711391819903	1	0	1	2.7069528634106232
53273.368208883905	1000.0	1113.9029302980193	0.0	0	0.0	1387.2711391819903	1	0	1	0.97408491201076
54200.0	1000.0	1187.2711391819203	0.0	0	249.26353651726822	1387.2711391819903	1	0	1	1.6672320925707051
55200.0	1000.0	1187.2711391819257	0.0	0	0.13515871098206844	1387.2711391819903	1	0	1	1.6672320925707051
56200.0	1000.0	1187.2711391819294	0.0	0	217.09221139482543	1387.2711391819903	1	0	1	1.6672320925707051
57200.0	1000.0	1187.2711391819303	0.0	0	596.2703787325954	1387.2711391819976	1	0	1	1.6672320925707047
58200.0	1000.0	1187.2711391819328	0.0	0	487.8893052119165	1387.2711391820048	1	0	1	1.6672320925707038
59200.0	1000.0	1187.2711391819375	0.0	0	623.6766477043202	1387.2711391820048	1	0	1	1.6672320925707038
60200.0	1000.0	1187.2711391819394	0.0	0	608.8365574134077	1387.2711391820048	1	0	1	1.6672320925707038
61200.0	2000.0	1187.2711391819353	0.0	0	156.45262393129815	1387.2711391820048	1	0	1	2.0138056828506765
62551.159937052646	2000.0	836.1112021292902	0.0	0	0.0	1387.2711391820048	1	0	1	2.7069528634106215
63571.30173118838	1000.0	815.9694079935559	0.0	0	0.0	1387.2711391819976	1	0	1	0.9740849120107594
64247.62036067366	1000.0	1139.6507785082883	0.0	0	0.0	1387.2711391820048	1	0	1	1.6672320925707038
65200.0	1000.0	1187.2711391819528	0.0	0	243.7239790625681	1387.2711391820048	1	0	1	1.6672320925707038
66200.0	1000.0	1187.2711391819562	0.0	0	213.27339077765646	1387.2711391820048	1	0	1	1.6672320925707045
67200.0	1000.0	1187.2711391819516	0.0	0	464.4934782547789	1387.2711391819903	1	0	1	1.667232092570705
68200.0	1000.0	1187.2711391819557	0.0	0	604.4613919468393	1387.2711391819903	1	0	1	1.6672320925707051
69200.0	1000.0	1187.2711391819644	0.0	0	576.659427465871	1387.2711391819903	1	0	1	1.6672320925707051
70200.0	1000.0	1187.2711391819737	0.0	0	685.3606434978428	1387.2711391820048	1	0	1	1.6672320925707038
71262.17281706247	2000.0	1125.0983221194945	0.0	0	57.082052368918085	1387.2711391819903	1	0	1	2.013805682850678
72289.26939835712	2000.0	1098.0017408248382	0.0	0	0.0	1387.2711391819757	1	0	1	2.706952863410624
73200.0	2000.0	1187.2711391819546	0.0	0	76.9187226165086	1387.2711391819757	1	0	1	2.706952863410624
74200.0	2000.0	1187.271139181953	0.0	0	383.3944457048783	1387.2711391819757	1	0	1	2.706952863410624
75200.0	2000.0	1187.2711391819475	0.0	0	230.99617603349907	1387.2711391819612	1	0	1	2.706952863410626
76200.0	2000.0	1187.2711391819432	0.0	0	369.08645673478895	1387.2711391819612	1	0	1	2.706952863410626
77260.93563504005	2000.0	1126.3355041418981	0.0	0	0.0	1387.2711391819612	1	0	1	2.706952863410626
78241.85292713532	2000.0	1145.4182120466144	0.0	0	0.0	1387.2711391819612	1	0	1	2.706952863410626
79200.0	2000.0	1187.2711391819316	0.0	0	238.25389810332854	1387.2711391819612	1	0	1	2.706952863410626
80200.0	2000.0	1187.271139181922	0.0	0	324.3617525517184	1387.2711391819612	1	0	1	2.706952863410626
81200.0	2000.0	1187.2711391819223	0.0	0	244.75897711089056	1387.2711391819612	1	0	1	2.706952863410626
82200.0	2000.0	1187.2711391819141	0.0	0	307.5306741345703	1387.2711391819466	1	0	1	2.7069528634106277
83200.0	2000.0	1187.2711391819173	0.0	0	338.3724369115225	1387.2711391819466	1	0	1	2.7069528634106277
84201.29111865532	2000.0	1185.9800205266004	0.0	0	49.24796097853687	1387.271139181932	1	0	1	2.7069528634106286
86065.87101858018	2000.0	321.4001206017549	0.0	0	0.0	1387.271139181932	1	0	1	2.7069528634106286
86592.74872463825	500.0	794.5224145436712	0.0	0	0.0	1387.2711391819175	1	0	1	-0.758783039389096
87625.16531281413	1000.0	762.1058263677849	0.0	0	0.0	1387.2711391819175	1	0	1	0.9740849120107673
88200.0	500.0	1187.2711391819244	0.0	0	7.2066293997486355	1387.2711391819175	1	0	1	-0.0656358588291509
89200.0	1000.0	1187.2711391819244	0.0	0	39.05754370539216	1387.2711391819175	1	0	1	0.9740849120107673
90200.0	1000.0	1187.2711391819134	0.0	0	515.7245800736127	1387.2711391819175	1	0	1	1.6672320925707127
91200.0	1000.0	1187.2711391819064	0.0	0	667.3021906589129	1387.2711391819175	1	0	1	1.6672320925707127
92200.0	1000.0	1187.2711391819091	0.0	0	652.0948203563021	1387.2711391819175	1	0	1	1.6672320925707127
93200.0	1000.0	1187.2711391819014	0.0	0	598.1373881136387	1387.2711391819175	1	0	1	1.6672320925707127
94806.05345459032	2000.0	581.2176845915801	0.0	0	0.0	1387.2711391819175	1	0	1	2.0138056828506854
95577.54308676405	1000.0	809.7280524178531	0.0	0	0.0	1387.2711391819175	1	0	1	0.9740849120107675
96435.21667134827	1000.0	952.0544678336329	0.0	0	0.0	1387.2711391819175	1	0	1	1.6672320925707127
97200.0	1000.0	1187.271139181898	0.0	0	20.883325524016982	1387.2711391819175	1	0	1	1.6672320925707127
98200.0	1000.0	1187.2711391818932	0.0	0	454.5132554696029	1387.2711391819175	1	0	1	1.6672320925707127
99200.0	1000.0	1187.2711391818832	0.0	0	529.2235678627185	1387.271139181903	1	0	1	1.667232092570714
100200.0	1000.0	1187.271139181895	0.0	0	521.4520947019046	1387.271139181903	1	0	1	1.667232092570714
101200.0	1000.0	1187.2711391818734	0.0	0	475.0685787433904	1387.271139181903	1	0	1	1.667232092570714
102218.98468584541	2000.0	1168.286453336458	0.0	0	0.0	1387.2711391818884	1	0	1	2.013805682850688
103200.0	2000.0	1187.2711391818677	0.0	0	180.92454494112462	1387.2711391818884	1	0	1	2.706952863410633
104200.0	2000.0	1187.2711391818707	0.0	0	331.1718309360731	1387.2711391818884	1	0	1	2.706952863410633
105496.18505888534	2000.0	891.0860802965346	0.0	0	0.0	1387.2711391818884	1	0	1	2.706952863410633
106232.82614002975	1000.0	1154.4449991521235	0.0	0	0.0	1387.2711391818884	1	0	1	0.9740849120107702
107200.0	1000.0	1187.271139181873	0.0	0	218.89005149716104	1387.2711391818884	1	0	1	1.6672320925707154
108200.0	1000.0	1187.271139181871	0.0	0	421.91695848263043	1387.271139181903	1	0	1	1.667232092570714
109200.0	1000.0	1187.271139181872	0.0	0	204.7460982270568	1387.271139181903	1	0	1	1.667232092570714
110200.0	1000.0	1187.2711391818718	0.0	0	287.3548944985523	1387.2711391819175	1	0	1	1.6672320925707127
111200.0	1000.0	1187.2711391818887	0.0	0	273.15368458777084	1387.2711391819175	1	0	1	1.6672320925707127
112200.0	1000.0	1187.2711391818852	0.0	0	583.804580003809	1387.2711391819175	1	0	1	1.6672320925707127
113200.0	1000.0	1187.2711391818882	0.0	0	490.813660163898	1387.2711391819175	1	0	1	1.6672320925707127
114200.0	1000.0	1187.2711391818882	0.0	0	628.9120446061715	1387.2711391819175	1	0	1	1.6672320925707127
115200.0	1000.0	1187.271139181887	0.0	0	659.0363839036436	1387.2711391819175	1	0	1	1.6672320925707127
116200.0	2000.0	1187.2711391818718	0.0	0	418.03202920776675	1387.271139181903	1	0	1	2.0138056828506867
117200.0	2000.0	1187.2711391818602	0.0	0	228.61193499893125	1387.271139181903	1	0	1	2.7069528634106317
118996.7504599363	2000.0	390.52067924556815	0.0	0	0.0	1387.2711391819175	1	0	1	2.7069528634106303
119265.56100280391	500.0	1121.710136377966	0.0	0	0.0	1387.271139181932	1	0	1	-0.7587830393890977
120200.0	1000.0	1187.2711391818766	0.0	0	170.27232627154444	1387.271139181932	1	0	1	0.9740849120107655
121200.0	1000.0	1187.271139181878	0.0	0	354.84426742224605	1387.2711391819175	1	0	1	1.6672320925707127
122200.0	1000.0	1187.2711391818752	0.0	0	357.3055649425223	1387.2711391819175	1	0	1	1.6672320925707127
123200.0	1000.0	1187.2711391818846	0.0	0	607.6287966345262	1387.2711391819175	1	0	1	1.6672320925707127
124200.0	1000.0	1187.2711391818832	0.0	0	644.4545819886553	1387.2711391819175	1	0	1	1.6672320925707127
125200.0	1000.0	1187.27113918188	0.0	0	486.3505926414218	1387.271139181932	1	0	1	1.667232092570711
126200.0	2000.0	1187.2711391818725	0.0	0	235.57148503696953	1387.271139181932	1	0	1	2.0138056828506836
127441.9830913131	2000.0	945.288047868773	0.0	0	0.0	1387.271139181932	1	0	1	2.7069528634106286
128200.0	1000.0	1187.2711391818743	0.0	0	140.6840486918809	1387.271139181932	1	0	1	0.9740849120107657
129341.13731712883	2000.0	1046.133822053044	0.0	0	0.0	1387.271139181932	1	0	1	2.0138056828506836
130234.53431162672	1000.0	1152.7368275551498	0.0	0	0.0	1387.271139181932	1	0	1	0.9740849120107657
131200.0	1000.0	1187.271139181872	0.0	0	369.45540131561575	1387.271139181932	1	0	1	1.667232092570711
132200.0	1000.0	1187.271139181857	0.0	0	231.28724645276088	1387.2711391819175	1	0	1	1.667232092570712
133200.0	1000.0	1187.271139181866	0.0	0	565.7215650213184	1387.2711391819175	1	0	1	1.6672320925707127
134200.0	1000.0	1187.2711391818225	0.0	0	446.71169933324563	1387.2711391818884	1	0	1	1.6672320925707154
135200.0	1000.0	1187.271139181842	0.0	0	262.4310110134247	1387.2711391818593	1	0	1	1.6672320925707185
136200.0	1000.0	1187.2711391818161	0.0	0	124.47129369643517	1387.2711391818302	1	0	1	1.6672320925707194
137200.0	1000.0	1187.271139181819	0.0	0	468.10413733817404	1387.2711391818302	1	0	1	1.6672320925707211
138200.0	1000.0	1187.2711391818073	0.0	0	533.174366791267	1387.2711391818011	1	0	1	1.6672320925707242
139200.0	1000.0	1187.2711391817802	0.0	0	623.0511723513482	1387.2711391818011	1	0	1	1.6672320925707242
140200.0	1000.0	1187.2711391817957	0.0	0	514.1207318701781	1387.2711391818011	1	0	1	1.6672320925707242
141200.0	1000.0	1187.2711391818218	0.0	0	519.3970608373056	1387.2711391818011	1	0	1	1.6672320925707242
142200.0	1000.0	1187.2711391818355	0.0	0	333.1079482703062	1387.2711391818011	1	0	1	1.6672320925707242
143200.0	1000.0	1187.2711391818366	0.0	0	252.07680558625725	1387.2711391818011	1	0	1	1.6672320925707242
144200.0	1000.0	1187.2711391818293	0.0	0	182.91914819082012	1387.2711391818011	1	0	1	1.6672320925707242
145200.0	1000.0	1187.271139181817	0.0	0	473.1293207206181	1387.2711391818011	1	0	1	1.6672320925707242
146200.0	1000.0	1187.2711391818036	0.0	0	276.33896564928	1387.2711391818011	1	0	1	1.6672320925707242
147200.0	1000.0	1187.2711391818038	0.0	0	384.92924345008214	1387.2711391818011	1	0	1	1.6672320925707242
148200.0	1000.0	1187.2711391818184	0.0	0	8.828133261908079	1387.271139181772	1	0	1	1.6672320925707271
149200.0	1000.0	1187.2711391818316	0.0	0	171.5946057686524	1387.2711391818011	1	0	1	1.6672320925707242
150200.0	1000.0	1187.271139181853	0.0	0	309.5408076860185	1387.2711391818011	1	0	1	1.6672320925707242
151200.0	1000.0	1187.2711391818366	0.0	0	104.69988973854925	1387.2711391818011	1	0	1	1.6672320925707242
152200.0	1000.0	1187.2711391818284	0.0	0	476.1958355878014	1387.2711391818011	1	0	1	1.6672320925707242
153200.0	1000.0	1187.2711391818555	0.0	0	555.0103464852436	1387.2711391818302	1	0	1	1.6672320925707211
154200.0	1000.0	1187.2711391818773	0.0	0	589.0178645311389	1387.2711391818302	1	0	1	1.6672320925707211
155200.0	1000.0	1187.271139181847	0.0	0	597.848899713601	1387.2711391818302	1	0	1	1.6672320925707211
156382.63808723688	2000.0	1004.6330519449843	0.0	0	0.0	1387.2711391818302	1	0	1	2.013805682850694
157200.0	2000.0	1187.2711391818707	0.0	0	151.22319675554172	1387.2711391818302	1	0	1	2.7069528634106392
158200.0	2000.0	1187.2711391818543	0.0	0	135.38926833300502	1387.2711391818302	1	0	1	2.7069528634106392
159200.0	2000.0	1187.2711391818348	0.0	0	314.0170532014454	1387.2711391818302	1	0	1	2.7069528634106392
160862.3300285831	2000.0	524.9411105987783	0.0	0	0.0	1387.2711391818302	1	0	1	2.7069528634106392
161200.0	500.0	1187.2711391818711	0.0	0	84.53710532817058	1387.2711391818302	1	0	1	-0.7587830393890875
162200.0	1000.0	1187.271139181912	0.0	0	618.7720208725368	1387.2711391818593	1	0	1	0.9740849120107731
163477.36492484552	2000.0	909.906214336368	0.0	0	0.0	1387.2711391818884	1	0	1	2.013805682850688
164200.0	1000.0	1187.2711391819134	0.0	0	30.770984168018913	1387.2711391818884	1	0	1	0.9740849120107702
165200.0	1000.0	1187.2711391819128	0.0	0	378.9203872985672	1387.2711391818884	1	0	1	1.6672320925707154
166200.0	2000.0	1187.2711391819132	0.0	0	94.13046443118947	1387.2711391819175	1	0	1	2.0138056828506867
167200.0	2000.0	1187.2711391819118	0.0	0	336.513972657267	1387.2711391819466	1	0	1	2.7069528634106277
168200.0	2000.0	1187.2711391819264	0.0	0	335.2303310110874	1387.2711391819466	1	0	1	2.7069528634106277
169200.0	2000.0	1187.2711391819498	0.0	0	381.90021393436473	1387.2711391819466	1	0	1	2.7069528634106277
170251.79284340498	2000.0	1135.4782957769546	0.0	0	0.0	1387.2711391819466	1	0	1	2.7069528634106277
171445.59956945924	2000.0	941.6715697226999	0.0	0	0.0	1387.2711391819466	1	0	1	2.7069528634106277
172200.0	1000.0	1187.2711391819491	0.0	0	359.28004950404284	1387.2711391819466	1	0	1	0.9740849120107644
173226.41721340088	2000.0	1160.853925781043	0.0	0	0.0	1387.2711391819466	1	0	1	2.0138056828506814
174200.0	1000.0	1187.2711391819487	0.0	0	474.66446630939026	1387.2711391819466	1	0	1	0.9740849120107644
175200.0	1000.0	1187.2711391819466	0.0	0	542.5800205893465	1387.2711391819175	1	0	1	1.6672320925707127
176200.0	2000.0	1187.2711391819787	0.0	0	349.3307985033025	1387.2711391819175	1	0	1	2.0138056828506854
177735.13818966746	2000.0	652.1329495145679	0.0	0	0.0	1387.2711391819466	1	0	1	2.7069528634106277
178430.98681413275	1000.0	956.2843250492442	0.0	0	0.0	1387.2711391819175	1	0	1	0.9740849120107675
179431.9357046474	1000.0	955.3354345346013	0.0	0	0.0	1387.2711391819175	1	0	1	1.6672320925707127
180361.12605455137	1000.0	1026.1450846306473	0.0	0	0.0	1387.2711391819175	1	0	1	1.6672320925707127
181200.0	1000.0	1187.2711391820076	0.0	0	322.9398360355408	1387.2711391819175	1	0	1	1.6672320925707127
182200.0	1000.0	1187.2711391819912	0.0	0	586.0468200833711	1387.2711391819175	1	0	1	1.6672320925707127
183200.0	1000.0	1187.2711391819862	0.0	0	629.9462169446051	1387.2711391819175	1	0	1	1.6672320925707127
184200.0	1000.0	1187.2711391819885	0.0	0	302.53936960553983	1387.2711391819175	1	0	1	1.6672320925707127
185200.0	1000.0	1187.271139181973	0.0	0	260.36547732783947	1387.2711391818884	1	0	1	1.6672320925707154
186200.0	1000.0	1187.2711391819582	0.0	0	550.6355730793148	1387.2711391818884	1	0	1	1.6672320925707154
187200.0	1000.0	1187.2711391819576	0.0	0	431.8583870762668	1387.2711391818884	1	0	1	1.6672320925707154
188200.0	1000.0	1187.271139181917	0.0	0	651.4947934288066	1387.2711391818593	1	0	1	1.6672320925707185
189200.0	1000.0	1187.2711391819198	0.0	0	567.6697396781528	1387.2711391818302	1	0	1	1.6672320925707211
190200.0	1000.0	1187.271139181892	0.0	0	653.5128062169242	1387.2711391818011	1	0	1	1.6672320925707242
191200.0	2000.0	1187.2711391819164	0.0	0	201.58997252921108	1387.2711391818011	1	0	1	2.013805682850697
192200.0	2000.0	1187.2711391819503	0.0	0	161.2567081664747	1387.2711391818302	1	0	1	2.7069528634106392
193243.03326887064	2000.0	1144.237870311294	0.0	0	0.0	1387.2711391818011	1	0	1	2.70695286341064
194200.0	2000.0	1187.2711391819323	0.0	0	48.54894132478512	1387.2711391818011	1	0	1	2.706952863410642
195200.0	2000.0	1187.271139181885	0.0	0	187.57474902214017	1387.271139181772	1	0	1	2.706952863410645
196200.0	2000.0	1187.2711391818968	0.0	0	201.8786741188378	1387.271139181772	1	0	1	2.706952863410645
197248.55069447582	2000.0	1138.7204447060767	0.0	0	0.0	1387.271139181743	1	0	1	2.706952863410647
198200.0	2000.0	1187.2711391819346	0.0	0	129.3601713728276	1387.271139181743	1	0	1	2.7069528634106477
199200.0	2000.0	1187.2711391819196	0.0	0	203.04350291503943	1387.271139181743	1	0	1	2.7069528634106477
200200.0	2000.0	1187.271139181933	0.0	0	195.20790605942602	1387.271139181743	1	0	1	2.7069528634106477
201718.42499041127	2000.0	668.8461487706647	0.0	0	0.0	1387.271139181743	1	0	1	2.7069528634106477
202348.80582687768	1000.0	1038.4653123042563	0.0	0	0.0	1387.271139181743	1	0	1	0.974084912010785
203200.0	1000.0	1187.2711391819712	0.0	0	119.34302225755528	1387.271139181743	1	0	1	1.66723209257073
204200.0	1000.0	1187.271139181966	0.0	0	105.19310690878774	1387.2711391817138	1	0	1	1.6672320925707313
205200.0	1000.0	1187.2711391819457	0.0	0	504.5815521522891	1387.2711391817138	1	0	1	1.667232092570733
206200.0	1000.0	1187.2711391819464	0.0	0	462.69418357114773	1387.2711391817138	1	0	1	1.667232092570733
207200.0	1000.0	1187.2711391819246	0.0	0	493.1367464653158	1387.2711391816847	1	0	1	1.667232092570736
208200.0	1000.0	1187.2711391819462	0.0	0	452.901023740269	1387.2711391816847	1	0	1	1.667232092570736
209200.0	1000.0	1187.2711391819573	0.0	0	671.6476947529009	1387.2711391817138	1	0	1	1.667232092570733
210317.62576080803	2000.0	1069.6453783739034	0.0	0	0.0	1387.2711391817138	1	0	1	2.013805682850706
211200.0	2000.0	1187.271139181948	0.0	0	36.586810528708156	1387.2711391817138	1	0	1	2.706952863410651
212899.73098767878	2000.0	487.54015150319503	0.0	0	0.0	1387.2711391817138	1	0	1	2.706952863410651
213252.44989907922	500.0	1134.821240102738	0.0	0	0.0	1387.2711391816847	1	0	1	-0.7587830393890729
214200.0	1000.0	1187.2711391819569	0.0	0	147.48722171131521	1387.2711391816847	1	0	1	0.9740849120107906
215200.0	1000.0	1187.2711391819566	0.0	0	130.04089245348587	1387.2711391816847	1	0	1	1.667232092570736
216200.0	1000.0	1187.2711391819148	0.0	0	147.79966614680598	1387.2711391816847	1	0	1	1.667232092570736
217200.0	1000.0	1187.2711391818812	0.0	0	494.90671493069385	1387.2711391816847	1	0	1	1.667232092570736
218200.0	1000.0	1187.2711391818991	0.0	0	718.7611935121531	1387.2711391816847	1	0	1	1.667232092570736
219200.0	1000.0	1187.2711391818855	0.0	0	714.3169606116135	1387.2711391816847	1	0	1	1.667232092570736
220769.35063738443	2000.0	617.920501797453	0.0	0	0.0	1387.2711391816847	1	0	1	2.0138056828507076
221225.63240212126	1000.0	1161.6387370605887	0.0	0	0.0	1387.2711391816556	1	0	1	0.9740849120107935
222200.0	2000.0	1187.2711391818427	0.0	0	91.3998746703437	1387.2711391816556	1	0	1	2.0138056828507116
223200.0	2000.0	1187.271139181864	0.0	0	234.0566442325071	1387.2711391816556	1	0	1	2.7069528634106566
224200.0	2000.0	1187.2711391818561	0.0	0	418.76146993614384	1387.2711391816556	1	0	1	2.7069528634106566
225200.0	2000.0	1187.2711391818616	0.0	0	152.97625217112363	1387.2711391816556	1	0	1	2.7069528634106566
226200.0	2000.0	1187.2711391818366	0.0	0	125.88461240049219	1387.2711391816556	1	0	1	2.7069528634106566
227200.0	2000.0	1187.2711391818711	0.0	0	155.71017502146424	1387.2711391816847	1	0	1	2.706952863410654
228200.0	2000.0	1187.271139181879	0.0	0	54.465574401197955	1387.2711391816847	1	0	1	2.706952863410654
229200.0	2000.0	1187.2711391818784	0.0	0	296.79436344860005	1387.2711391816847	1	0	1	2.706952863410654
230200.0	2000.0	1187.2711391818843	0.0	0	32.13405296948622	1387.2711391816556	1	0	1	2.7069528634106548
231200.0	2000.0	1187.2711391818943	0.0	0	31.87408434486133	1387.2711391816556	1	0	1	2.7069528634106566
232268.31829365197	2000.0	1118.9528455299212	0.0	0	0.0	1387.2711391816556	1	0	1	2.7069528634106566
234051.7195546622	2000.0	335.5515845196845	0.0	0	0.0	1387.2711391816847	1	0	1	2.7069528634106548
234442.47742429856	500.0	944.7937148833431	0.0	0	0.0	1387.2711391816847	1	0	1	-0.7587830393890729
235241.48347364823	1000.0	1145.7876655336734	0.0	0	0.0	1387.2711391816847	1	0	1	0.9740849120107906
236200.0	1000.0	1187.2711391819068	0.0	0	97.83941894193413	1387.2711391817138	1	0	1	1.6672320925707347
237200.0	1000.0	1187.2711391819112	0.0	0	179.58575994774583	1387.2711391817138	1	0	1	1.667232092570733
238200.0	1000.0	1187.2711391819114	0.0	0	293.2851588551421	1387.271139181743	1	0	1	1.66723209257073
239200.0	1000.0	1187.2711391819093	0.0	0	521.2957948604308	1387.271139181743	1	0	1	1.66723209257073
240200.0	1000.0	1187.271139181941	0.0	0	528.1302964324132	1387.271139181743	1	0	1	1.66723209257073
241200.0	1000.0	1187.271139181926	0.0	0	626.6306619561219	1387.271139181743	1	0	1	1.66723209257073
242200.0	1000.0	1187.2711391819153	0.0	0	619.9375034461555	1387.271139181743	1	0	1	1.66723209257073
243952.16349941265	2000.0	435.1076397692714	0.0	0	0.0	1387.271139181743	1	0	1	2.0138056828507027
244327.86817320646	500.0	1059.40296597543	0.0	0	0.0	1387.271139181772	1	0	1	-0.7587830393890813
245200.0	1000.0	1187.2711391819237	0.0	0	212.62703482669895	1387.271139181772	1	0	1	0.9740849120107817
246200.0	1000.0	1187.2711391819328	0.0	0	263.6814316265227	1387.271139181772	1	0	1	1.6672320925707271
247200.0	1000.0	1187.2711391819557	0.0	0	614.9975033831724	1387.271139181772	1	0	1	1.6672320925707271
248200.0	1000.0	1187.271139181967	0.0	0	543.5685850442969	1387.2711391818011	1	0	1	1.6672320925707242
249200.0	1000.0	1187.2711391819855	0.0	0	323.62248501117574	1387.2711391818011	1	0	1	1.6672320925707242
250200.0	1000.0	1187.2711391820014	0.0	0	509.6123648311477	1387.2711391818302	1	0	1	1.6672320925707211
251200.0	1000.0	1187.271139181993	0.0	0	565.4004134616698	1387.2711391818302	1	0	1	1.6672320925707211
252203.5920647856	2000.0	1183.679074396382	0.0	0	0.0	1387.2711391818593	1	0	1	2.0138056828506907
253200.0	2000.0	1187.2711391819976	0.0	0	195.39256453700364	1387.2711391818884	1	0	1	2.706952863410633
254200.0	2000.0	1187.2711391820312	0.0	0	81.06818354126881	1387.2711391818884	1	0	1	2.706952863410633
255993.3976116091	2000.0	393.873527572915	0.0	0	0.0	1387.2711391818884	1	0	1	2.706952863410633
256365.08714870756	500.0	1022.1839904744354	0.0	0	0.0	1387.2711391818593	1	0	1	-0.7587830393890902
257200.0	1000.0	1187.2711391819898	0.0	0	216.333394354966	1387.2711391818593	1	0	1	0.9740849120107731
258200.0	1000.0	1187.2711391820226	0.0	0	224.34271169194835	1387.2711391818593	1	0	1	1.6672320925707185
259200.0	1000.0	1187.2711391820255	0.0	0	303.0442554039182	1387.2711391818593	1	0	1	1.6672320925707185
260200.0	1000.0	1187.2711391820221	0.0	0	23.049023889558157	1387.2711391818593	1	0	1	1.6672320925707185
261200.0	1000.0	1187.2711391820287	0.0	0	531.0703348818643	1387.2711391818593	1	0	1	1.6672320925707185
262200.0	1000.0	1187.2711391819955	0.0	0	611.0354554031801	1387.2711391818593	1	0	1	1.6672320925707185
263200.0	1000.0	1187.2711391819662	0.0	0	598.2205936301034	1387.2711391818302	1	0	1	1.6672320925707185
264200.0	1000.0	1187.271139181938	0.0	0	614.8399536735378	1387.2711391818011	1	0	1	1.6672320925707236
265200.0	2000.0	1187.271139181974	0.0	0	362.93489711615257	1387.2711391818011	1	0	1	2.013805682850697
266472.84774255066	2000.0	914.4233966313456	0.0	0	0.0	1387.2711391818011	1	0	1	2.706952863410642
268243.5018343893	2000.0	200.0	56.23069520729799	0	0.0	1443.5018343891716	1	0	1	2.36758398252063
268411.302929709	300.0	1032.1989046802864	0.0	0	0.0	1443.5018343892298	1	0	1	-2.041470168324804
269200.0	1000.0	1243.5018343892523	0.0	0	217.05945450806757	1443.5018343892298	1	0	1	0.45763621872404514
270200.0	1000.0	1243.5018343892418	0.0	0	391.43836066761287	1443.5018343892298	1	0	1	1.6616090230499814
271200.0	1000.0	1243.5018343892525	0.0	0	384.62559769587824	1443.5018343892298	1	0	1	1.6616090230499814
272200.0	1000.0	1243.5018343892334	0.0	0	413.40308784064837	1443.5018343892298	1	0	1	1.6616090230499814
273200.0	1000.0	1243.5018343892245	0.0	0	660.3369098323165	1443.5018343892298	1	0	1	1.6616090230499814
274200.0	2000.0	1243.5018343891736	0.0	0	164.90195325447712	1443.5018343891716	1	0	1	2.0081826133299563
275200.0	2000.0	1243.5018343891581	0.0	0	368.226915843552	1443.5018343891716	1	0	1	2.7013297938899052
276398.038598448	2000.0	1045.4632359412276	0.0	0	0.0	1443.5018343891716	1	0	1	2.7013297938899052
277200.0	1000.0	1243.5018343891827	0.0	0	332.00317606673343	1443.5018343891716	1	0	1	0.968461842490042
278200.0	2000.0	1243.5018343892252	0.0	0	93.04314840515144	1443.5018343891716	1	0	1	2.00818261332996
279206.84323963604	2000.0	1236.6585947531553	0.0	0	0.0	1443.5018343891716	1	0	1	2.7013297938899052
280200.0	1000.0	1243.5018343891534	0.0	0	152.642888524686	1443.5018343891134	1	0	1	0.9684618424900479
281200.0	1000.0	1243.5018343891668	0.0	0	358.5532812149613	1443.5018343891134	1	0	1	1.661609023049993
282200.0	1000.0	1243.501834389099	0.0	0	398.1894363430911	1443.5018343891134	1	0	1	1.661609023049993
283200.0	1000.0	1243.5018343890597	0.0	0	171.2438655573642	1443.5018343891134	1	0	1	1.661609023049993
284235.2238845143	1000.0	1208.2779498747254	0.0	0	0.0	1443.5018343890551	1	0	1	1.661609023049999
285200.0	1000.0	1243.5018343890167	0.0	0	118.26497935299994	1443.501834388997	1	0	1	1.6616090230500011
286200.0	1000.0	1243.5018343889813	0.0	0	500.8540101860999	1443.501834388997	1	0	1	1.6616090230500047
287200.0	1000.0	1243.50183438901	0.0	0	426.63969883474056	1443.5018343890551	1	0	1	1.661609023049999
288200.0	1000.0	1243.5018343889374	0.0	0	411.79597693221876	1443.5018343890551	1	0	1	1.661609023049999
289200.0	1000.0	1243.5018343889092	0.0	0	438.1458114007837	1443.5018343890551	1	0	1	1.661609023049999
290200.0	1000.0	1243.5018343888123	0.0	0	363.94568511948455	1443.501834388997	1	0	1	1.6616090230500047
291200.0	1000.0	1243.501834388856	0.0	0	424.380219284154	1443.5018343890551	1	0	1	1.661609023049999
292200.0	1000.0	1243.5018343888435	0.0	0	429.62452646909514	1443.5018343891134	1	0	1	1.661609023049993
293200.0	1000.0	1243.5018343888692	0.0	0	384.412282811536	1443.5018343891134	1	0	1	1.661609023049993
294200.0	1000.0	1243.5018343888703	0.0	0	328.32706956990296	1443.5018343891134	1	0	1	1.661609023049993
295200.0	1000.0	1243.501834388825	0.0	0	280.12018203310436	1443.5018343891134	1	0	1	1.661609023049993
296200.0	1000.0	1243.5018343888207	0.0	0	168.34088757733116	1443.5018343891134	1	0	1	1.661609023049993
297200.0	1000.0	1243.5018343887975	0.0	0	265.9690518619609	1443.5018343891134	1	0	1	1.661609023049993
298200.0	1000.0	1243.5018343888491	0.0	0	128.5741064613685	1443.5018343891134	1	0	1	1.661609023049993
299200.0	1000.0	1243.5018343888514	0.0	0	235.7242969929939	1443.5018343891134	1	0	1	1.661609023049993
300200.0	1000.0	1243.501834388867	0.0	0	418.0355659663328	1443.5018343891134	1	0	1	1.661609023049993
301200.0	1000.0	1243.5018343889183	0.0	0	610.3902613270911	1443.5018343890551	1	0	1	1.661609023049999
302200.0	1000.0	1243.5018343888785	0.0	0	585.7534933396382	1443.5018343890551	1	0	1	1.661609023049999
303200.0	1000.0	1243.5018343888523	0.0	0	723.809032554389	1443.5018343890551	1	0	1	1.661609023049999
304200.0	1000.0	1243.5018343888707	0.0	0	550.8462251628516	1443.5018343890551	1	0	1	1.661609023049999
305380.31410898746	2000.0	1063.1877254013407	0.0	0	0.0	1443.5018343889387	1	0	1	2.008182613329982
306291.62259270623	2000.0	1151.8792416826166	0.0	0	0.0	1443.5018343889387	1	0	1	2.7013297938899283
307386.63818227407	2000.0	1056.86365211472	0.0	0	0.0	1443.5018343889387	1	0	1	2.7013297938899283
308438.7185451883	2000.0	1004.7832892005148	0.0	0	0.0	1443.501834388997	1	0	1	2.7013297938899243
310152.671488838	2000.0	428.5713824128342	137.74103686191714	0	0.0	1581.2428712507826	1	0	1	1.8633658774020923
310294.0520823726	500.0	1287.190788878204	0.0	0	0.0	1581.2428712507826	1	0	1	-0.7781802125959827
3.76	2.21	1.89	1.84	2.6	2.78	3.06	2.78	1.71	2.03	2.24	1.73	2.2	2.42	2.48	2.09	1.42	1.25	1.04	1.78	2.47	3.2	1.75	1.3	2.11	2.53	2.41	2.21	2.27	3.06	2.29	2.75	2.37	2.33	2.65	2.28	2.61	3.5	2.17	1.88	1.46	1.91	1.18	1.62	2.12	2.51	2.48	2.76	1.85	2.07	1.85	1.01	1.71	1.54	1.42	2.31	3.2	3.44	2.51	0.98	3.1	3.27	3.58	3.2	2.51	2.11	2.39	2.44	2.39	2.37	2.56	1.83	0.93	1.24	1.32	1.23	1.27	1.71	2.53	3.34	3.72	1.74	1.19	1.26	1.42	2.17	2.77	1.67	2.57	2.49	2.19	2.41	2.24	1.14	1.3	1.87	1.67	1.81	1.19	1.99	2.58	2.75	3.53	3.51	2.42	1.38	1.46	1.63	1.97	2.09	2.44	2.56	1.74	2.73	2.12	2.07	2.34	1.58	1.42	1.71	1.96	1.78	1.1	1.52	1.74	2.1	2.29	1.81	2.21	1.69	1.85	1.62	1.67	1.99	1.37	1.36	1.11	1.25	1.42	2.17	3.13	3.73	3.28	1.9	2.51	2.55	2.58	1.1	1.2	3.46	3.76	2.21	1.89	1.84	2.6	2.78	3.06	2.78	1.71	2.03	2.24	1.73	2.2	2.42	2.48	2.09	1.42	1.25	1.04	1.78	2.47	3.2	1.75	1.3	2.11	2.53	2.41	2.21	2.27	3.06	2.29	2.75	2.37	2.33	2.65	2.28	2.61	3.5	2.17	1.88	1.46	1.91	1.18	1.62	2.12	2.51	2.48	2.76	1.85	2.07	1.85	1.01	1.71	1.54	1.42	2.31	3.2	3.44	2.51	0.98	3.1	3.27	3.58	3.2	2.51	2.11	2.39	2.44	2.39	2.37	2.56	1.83	0.93	1.24	1.32	1.23	1.27	1.71	2.53	3.34	3.72	1.74	1.19	1.26	1.42	2.17	2.77	1.67	2.57	2.49	2.19	2.41	2.24	1.14	1.3	1.87	1.67	1.81	1.19	1.99	2.58	2.75	3.53	3.51	2.42	1.38	1.46	1.63	1.97	2.09	2.44	2.56	1.74	2.73	2.12	2.07	2.34	1.58	1.42	1.71	1.96	1.78	1.1	1.52	1.74	2.1	2.29	1.81	2.21	1.69	1.85	1.62	1.67	1.99	1.37	1.36	1.11	1.25	1.42	2.17	3.13	3.73	3.28	1.9	2.51	2.55	2.58	1.1	1.2	3.46	3.76	2.21	1.89	1.84	2.6	2.78	3.06	2.78	1.71	2.03	2.24	1.73
1.0	2.0	3.0	4.0	5.0	6.0	7.0	8.0	9.0	10.0	11.0	12.0	13.0	14.0	15.0	16.0	17.0	18.0	19.0	20.0	21.0	22.0	23.0	24.0	25.0	26.0	27.0	28.0	29.0	30.0	31.0	32.0	33.0	34.0	35.0	36.0	37.0	38.0	39.0	40.0	41.0	42.0	43.0	44.0	45.0	46.0	47.0	48.0	49.0	50.0	51.0	52.0	53.0	54.0	55.0	56.0	57.0	58.0	59.0	60.0	61.0	62.0	63.0	64.0	65.0	66.0	67.0	68.0	69.0	70.0	71.0	72.0	73.0	74.0	75.0	76.0	77.0	78.0	79.0	80.0	81.0	82.0	83.0	84.0	85.0	86.0	87.0	88.0	89.0	90.0	91.0	92.0	93.0	94.0	95.0	96.0	97.0	98.0	99.0	100.0	101.0	102.0	103.0	104.0	105.0	106.0	107.0	108.0	109.0	110.0	111.0	112.0	113.0	114.0	115.0	116.0	117.0	118.0	119.0	120.0	121.0	122.0	123.0	124.0	125.0	126.0	127.0	128.0	129.0	130.0	131.0	132.0	133.0	134.0	135.0	136.0	137.0	138.0	139.0	140.0	141.0	142.0	143.0	144.0	145.0	146.0	147.0	148.0	149.0	149.0	150.0	151.0	152.0	153.0	154.0	155.0	156.0	157.0	158.0	159.0	160.0	161.0	162.0	163.0	164.0	165.0	166.0	167.0	168.0	169.0	170.0	171.0	172.0	173.0	174.0	175.0	176.0	177.0	178.0	179.0	180.0	181.0	182.0	183.0	184.0	185.0	186.0	187.0	188.0	189.0	190.0	191.0	192.0	193.0	194.0	195.0	196.0	197.0	198.0	199.0	200.0	201.0	202.0	203.0	204.0	205.0	206.0	207.0	208.0	209.0	210.0	211.0	212.0	213.0	214.0	215.0	216.0	217.0	218.0	219.0	220.0	221.0	222.0	223.0	224.0	225.0	226.0	227.0	228.0	229.0	230.0	231.0	232.0	233.0	234.0	235.0	236.0	237.0	238.0	239.0	240.0	241.0	242.0	243.0	244.0	245.0	246.0	247.0	248.0	249.0	250.0	251.0	252.0	253.0	254.0	255.0	256.0	257.0	258.0	259.0	260.0	261.0	262.0	263.0	264.0	265.0	266.0	267.0	268.0	269.0	270.0	271.0	272.0	273.0	274.0	275.0	276.0	277.0	278.0	279.0	280.0	281.0	282.0	283.0	284.0	285.0	286.0	287.0	288.0	289.0	290.0	291.0	292.0	293.0	294.0	295.0	296.0	297.0	298.0	298.0	299.0	300.0	301.0	302.0	303.0	304.0	305.0	306.0	307.0	308.0	309.0	310.0
2477.3884973656204
