2671.1899762931157	300.0	2000.0	158.79585201765047	0	0.0	2671.1899762931157	1	0	1	-1.216436717892462
5200.0	2000.0	371.1999999999988	0.0	0	28.92547063238544	571.1999999999989	1	0	2	0.4881428364728305
6200.0	500.0	2471.1999999999975	0.0	0	513.8052633065827	2671.1999999999975	1	0	0	-1.2832878147113649
9441.157610811855	2000.0	220.4302618991401	104.09421253834694	0	0.0	661.5878727109957	1	0	2	0.1650614193336155
10200.0	300.0	2537.4721116298097	0.0	0	497.6137440275015	2737.4721116298088	1	0	0	-2.5672141306689866
13748.01527988812	2000.0	200.0	332.13154204284	0	0.0	948.0152798881209	1	0	2	-1.7416355605373608
14200.0	300.0	2793.2137518993077	0.0	0	265.6825714078277	2993.2137518993077	1	0	0	-2.5940776355329938
17200.0	2000.0	693.2137518993075	0.0	0	261.0329491614102	893.2137518993113	1	0	2	0.2556275435217683
18200.0	500.0	2793.2137518993095	0.0	0	748.3393927409561	2993.213751899313	1	0	0	-1.3153773006608358
21440.04742401687	3000.0	429.1615854807514	0.0	0	0.0	869.2090094976229	1	0	2	0.9724905423379138
22200.0	500.0	2745.2042670959363	0.0	0	469.8263173890591	2945.2042670959418	1	0	0	-1.7164810260098142
25648.809690279333	3000.0	200.0	44.07853837393557	0	0.0	848.8096902793404	1	0	2	0.7117485740941636
26200.0	300.0	2703.928721251402	0.0	0	375.6434135988238	2903.92872125141	1	0	0	-2.9899844202888493
29384.513205971703	3000.0	400.96419468252356	0.0	0	0.0	785.477400654232	1	0	2	0.4692387731474479
30200.0	500.0	2667.026080057057	0.0	0	604.5555866886389	2867.026080057065	1	0	0	-1.7084222544982206
34336.478940698864	3000.0	200.0	802.8188679197201	0	0.0	1536.4789406988784	1	0	2	-3.8816910196473877
34632.63273576269	300.0	903.8462049361833	0.0	0	0.0	1536.4789406988784	1	0	1	-2.6562329870639343
35448.61428416988	1000.0	1087.8646565289914	0.0	0	0.0	1536.4789406988784	1	0	1	0.4483385080930803
36200.0	1000.0	1336.4789406988825	0.0	0	130.1198144571099	1536.4789406988712	1	0	1	1.6523113124190172
37200.0	1000.0	1336.4789406988823	0.0	0	517.3051082015227	1536.4789406988784	1	0	1	1.6523113124190165
38200.0	1000.0	1336.4789406988848	0.0	0	641.3023178252115	1536.4789406988784	1	0	1	1.6523113124190165
39200.0	1000.0	1336.4789406988855	0.0	0	462.21633657666825	1536.4789406988784	1	0	1	1.6523113124190165
40713.31516594233	2000.0	823.1637747565625	0.0	0	0.0	1536.4789406988784	1	0	1	1.9988849026989892
41540.53492048408	1000.0	995.9440202148116	0.0	0	0.0	1536.4789406988784	1	0	1	0.9591641318590712
42201.44247330251	1000.0	1335.0364673963818	0.0	0	0.0	1536.4789406988712	1	0	1	1.6523113124190172
43200.0	1000.0	1336.4789406988841	0.0	0	386.4266819613913	1536.4789406988712	1	0	1	1.6523113124190172
44200.0	1000.0	1336.4789406988828	0.0	0	650.6706293878378	1536.4789406988712	1	0	1	1.6523113124190172
45200.0	1000.0	1336.4789406988812	0.0	0	660.0895979466659	1536.4789406988639	1	0	1	1.6523113124190179
46200.0	2000.0	1336.4789406988687	0.0	0	120.1233779584436	1536.4789406988566	1	0	1	1.998884902698991
47200.0	2000.0	1336.4789406988702	0.0	0	238.87664640573348	1536.4789406988566	1	0	1	2.692032083258937
48200.0	2000.0	1336.4789406988716	0.0	0	122.21316063949052	1536.4789406988566	1	0	1	2.692032083258937
49475.65920992013	3000.0	1060.8197307787366	0.0	0	0.0	1536.4789406988493	1	0	1	2.8947646373130196
50666.27728794707	2000.0	870.2016527517977	0.0	0	0.0	1536.4789406988493	1	0	1	2.2865669751507727
51200.0	1000.0	1336.478940698868	0.0	0	47.21124145924114	1536.4789406988493	1	0	1	0.9591641318590742
52200.0	2000.0	1336.478940698868	0.0	0	35.794222813579836	1536.4789406988493	1	0	1	1.998884902698992
53857.734122340444	2000.0	678.7448183584286	0.0	0	0.0	1536.4789406988493	1	0	1	2.6920320832589373
54603.43319024097	1000.0	933.0457504579064	0.0	0	0.0	1536.4789406988493	1	0	1	0.9591641318590742
55211.15609657487	1000.0	1325.3228441240008	0.0	0	0.0	1536.4789406988493	1	0	1	1.6523113124190194
56200.0	1000.0	1336.4789406988737	0.0	0	388.631568921337	1536.4789406988493	1	0	1	1.6523113124190194
57200.0	1000.0	1336.478940698875	0.0	0	353.46844861538557	1536.4789406988493	1	0	1	1.6523113124190194
58200.0	1000.0	1336.4789406988784	0.0	0	294.0583434583896	1536.4789406988493	1	0	1	1.6523113124190194
59200.0	1000.0	1336.4789406988791	0.0	0	439.5376638874368	1536.4789406988493	1	0	1	1.6523113124190194
60200.0	1000.0	1336.4789406988773	0.0	0	315.8167326204275	1536.4789406988493	1	0	1	1.6523113124190194
61200.0	1000.0	1336.4789406988737	0.0	0	296.3445067911889	1536.4789406988493	1	0	1	1.6523113124190194
62200.0	1000.0	1336.4789406988702	0.0	0	451.8438672269767	1536.4789406988493	1	0	1	1.6523113124190194
63200.0	1000.0	1336.47894069886	0.0	0	556.111920977186	1536.4789406988493	1	0	1	1.6523113124190194
64200.0	1000.0	1336.4789406988607	0.0	0	356.7080682908854	1536.4789406988493	1	0	1	1.6523113124190194
65253.42790430236	1000.0	1283.0510363964993	0.0	0	0.0	1536.4789406988566	1	0	1	1.6523113124190187
66200.0	1000.0	1336.478940698869	0.0	0	255.87603739023325	1536.4789406988639	1	0	1	1.6523113124190187
67200.0	1000.0	1336.4789406988684	0.0	0	459.2526063194382	1536.4789406988712	1	0	1	1.6523113124190176
68200.0	1000.0	1336.4789406988573	0.0	0	363.39624154659396	1536.4789406988712	1	0	1	1.6523113124190172
69200.0	1000.0	1336.4789406988702	0.0	0	499.223452303675	1536.4789406988712	1	0	1	1.6523113124190172
70200.0	1000.0	1336.4789406988702	0.0	0	505.493195706862	1536.4789406988712	1	0	1	1.6523113124190172
71200.0	1000.0	1336.4789406988732	0.0	0	425.5058745970309	1536.4789406988712	1	0	1	1.6523113124190172
72200.0	1000.0	1336.4789406988598	0.0	0	353.4709877778514	1536.4789406988712	1	0	1	1.6523113124190172
73200.0	1000.0	1336.4789406988748	0.0	0	328.7810022954509	1536.4789406988712	1	0	1	1.6523113124190172
74200.0	1000.0	1336.478940698872	0.0	0	404.66206377281924	1536.4789406988566	1	0	1	1.6523113124190187
75200.0	1000.0	1336.4789406988543	0.0	0	400.64318360140896	1536.478940698842	1	0	1	1.65231131241902
76200.0	1000.0	1336.4789406988696	0.0	0	492.0652743597457	1536.478940698842	1	0	1	1.65231131241902
77200.0	1000.0	1336.4789406988564	0.0	0	442.8558329621883	1536.478940698842	1	0	1	1.65231131241902
78200.0	1000.0	1336.4789406988618	0.0	0	513.1422275465884	1536.478940698842	1	0	1	1.65231131241902
79200.0	1000.0	1336.4789406988484	0.0	0	346.33742685649486	1536.4789406988275	1	0	1	1.6523113124190216
80200.0	1000.0	1336.4789406988375	0.0	0	451.2703714114177	1536.4789406988275	1	0	1	1.6523113124190216
81200.0	1000.0	1336.4789406988436	0.0	0	234.17438587533252	1536.4789406988275	1	0	1	1.6523113124190216
82200.0	1000.0	1336.4789406988498	0.0	0	246.8915026326431	1536.4789406988275	1	0	1	1.6523113124190216
83200.0	1000.0	1336.4789406988584	0.0	0	382.30669146553555	1536.4789406988275	1	0	1	1.6523113124190216
84200.0	1000.0	1336.4789406988536	0.0	0	510.13197338003374	1536.478940698813	1	0	1	1.6523113124190232
85200.0	1000.0	1336.4789406988548	0.0	0	395.7835335320415	1536.478940698813	1	0	1	1.6523113124190232
86200.0	1000.0	1336.4789406988489	0.0	0	435.63681711697427	1536.4789406987984	1	0	1	1.6523113124190245
87200.0	1000.0	1336.4789406988298	0.0	0	380.64139483759936	1536.4789406987984	1	0	1	1.6523113124190245
89052.60146558056	2000.0	483.87747511826956	0.0	0	0.0	1536.4789406987838	1	0	1	1.9988849026989988
89481.71145472146	500.0	1054.7674859773674	0.0	0	0.0	1536.4789406987838	1	0	1	-0.7737038195407828
90200.0	1000.0	1336.4789406988277	0.0	0	2.964018142229179	1536.4789406987838	1	0	1	0.9591641318590804
91200.0	1000.0	1336.4789406988223	0.0	0	377.5084637100372	1536.4789406987838	1	0	1	1.6523113124190258
92200.0	1000.0	1336.478940698832	0.0	0	231.26366709636932	1536.4789406987838	1	0	1	1.6523113124190258
93200.0	1000.0	1336.4789406988452	0.0	0	94.820282493587	1536.4789406987838	1	0	1	1.6523113124190258
94200.0	1000.0	1336.4789406988457	0.0	0	234.81659477116773	1536.4789406987838	1	0	1	1.6523113124190258
95200.0	1000.0	1336.4789406988598	0.0	0	530.7939445814554	1536.4789406987693	1	0	1	1.6523113124190276
96200.0	1000.0	1336.4789406988411	0.0	0	639.6086113343481	1536.4789406987547	1	0	1	1.652311312419029
97200.0	1000.0	1336.4789406988446	0.0	0	612.0882138512097	1536.4789406987547	1	0	1	1.652311312419029
98287.24348427469	2000.0	1249.2354564241577	0.0	0	0.0	1536.4789406987547	1	0	1	1.9988849026990017
99200.0	2000.0	1336.4789406988493	0.0	0	224.79726247758663	1536.4789406987547	1	0	1	2.6920320832589466
100200.0	2000.0	1336.4789406988539	0.0	0	82.34344108321238	1536.4789406987547	1	0	1	2.6920320832589466
101668.24882460777	2000.0	868.230116091102	0.0	0	0.0	1536.4789406987547	1	0	1	2.6920320832589466
102200.0	1000.0	1336.4789406988828	0.0	0	113.70333041150298	1536.4789406987547	1	0	1	0.9591641318590838
103200.0	2000.0	1336.4789406988834	0.0	0	278.41398723552993	1536.4789406987547	1	0	1	1.9988849026990017
104200.0	2000.0	1336.4789406988707	0.0	0	270.7058989454963	1536.4789406987402	1	0	1	2.6920320832589484
105651.530272334	2000.0	884.9486683648639	0.0	0	0.0	1536.4789406987402	1	0	1	2.6920320832589484
106200.0	1000.0	1336.4789406988584	0.0	0	45.93133791140281	1536.4789406987547	1	0	1	0.9591641318590838
107200.0	1000.0	1336.478940698863	0.0	0	378.2666564921965	1536.4789406987547	1	0	1	1.652311312419029
108200.0	1000.0	1336.4789406988502	0.0	0	291.49747335781285	1536.4789406987547	1	0	1	1.652311312419029
109200.0	1000.0	1336.4789406988546	0.0	0	185.8201037174149	1536.4789406987547	1	0	1	1.652311312419029
110200.0	1000.0	1336.478940698848	0.0	0	289.94616612976824	1536.4789406987547	1	0	1	1.652311312419029
111200.0	1000.0	1336.4789406988573	0.0	0	537.2522283383878	1536.4789406987693	1	0	1	1.6523113124190276
112200.0	1000.0	1336.4789406988616	0.0	0	145.34861940659175	1536.4789406987693	1	0	1	1.6523113124190276
113200.0	1000.0	1336.4789406988596	0.0	0	516.9748588999355	1536.4789406987693	1	0	1	1.6523113124190276
114200.0	1000.0	1336.4789406988398	0.0	0	296.14320027628855	1536.4789406987547	1	0	1	1.652311312419029
115200.0	1000.0	1336.4789406988327	0.0	0	306.48678454605397	1536.4789406987402	1	0	1	1.6523113124190303
116200.0	1000.0	1336.4789406988325	0.0	0	455.81878873717505	1536.4789406987547	1	0	1	1.652311312419029
117200.0	1000.0	1336.4789406988348	0.0	0	177.61546552936488	1536.4789406987402	1	0	1	1.6523113124190303
118200.0	1000.0	1336.4789406988373	0.0	0	563.603860755873	1536.4789406987402	1	0	1	1.6523113124190303
119200.0	1000.0	1336.4789406988368	0.0	0	415.2183761993656	1536.4789406987256	1	0	1	1.6523113124190316
120200.0	1000.0	1336.4789406988414	0.0	0	529.5352982382028	1536.4789406987256	1	0	1	1.6523113124190316
121200.0	1000.0	1336.4789406988434	0.0	0	535.3293136859429	1536.4789406987256	1	0	1	1.6523113124190316
122200.0	2000.0	1336.4789406988507	0.0	0	292.45159646608226	1536.4789406987402	1	0	1	1.9988849026990032
124114.94337659968	2000.0	421.5355640991736	0.0	0	0.0	1536.4789406987402	1	0	1	2.6920320832589484
124730.48002188416	500.0	805.9989188147063	0.0	0	0.0	1536.4789406987256	1	0	1	-0.773703819540777
125550.1740140667	1000.0	986.3049266321585	0.0	0	0.0	1536.4789406987256	1	0	1	0.9591641318590862
126453.28073630818	1000.0	1083.1982043906874	0.0	0	0.0	1536.4789406987256	1	0	1	1.6523113124190316
127200.0	1000.0	1336.4789406988716	0.0	0	116.74951091775438	1536.4789406987256	1	0	1	1.6523113124190316
128200.0	1000.0	1336.4789406988712	0.0	0	407.73300783244486	1536.4789406987256	1	0	1	1.6523113124190316
129200.0	1000.0	1336.4789406988702	0.0	0	311.7317388583324	1536.478940698711	1	0	1	1.652311312419033
130200.0	1000.0	1336.4789406988587	0.0	0	604.3694191445393	1536.478940698711	1	0	1	1.652311312419033
131200.0	1000.0	1336.4789406988639	0.0	0	449.7841180039686	1536.478940698711	1	0	1	1.652311312419033
132200.0	1000.0	1336.4789406988857	0.0	0	550.123517000844	1536.4789406987402	1	0	1	1.6523113124190323
133200.0	1000.0	1336.4789406988946	0.0	0	426.32632570690475	1536.4789406987838	1	0	1	1.6523113124190267
134200.0	2000.0	1336.4789406988975	0.0	0	128.38593956732075	1536.478940698813	1	0	1	1.9988849026989954
135209.42627021912	2000.0	1327.0526704797662	0.0	0	0.0	1536.478940698813	1	0	1	2.6920320832589404
136436.49560908088	2000.0	1099.9833316180093	0.0	0	0.0	1536.4789406987838	1	0	1	2.6920320832589426
137200.0	1000.0	1336.4789406988793	0.0	0	22.819188435183605	1536.4789406987547	1	0	1	0.9591641318590838
138200.0	1000.0	1336.4789406988607	0.0	0	441.833377576957	1536.4789406987547	1	0	1	1.652311312419029
139200.0	1000.0	1336.4789406988632	0.0	0	275.0816586021392	1536.4789406987547	1	0	1	1.652311312419029
140200.0	1000.0	1336.4789406988534	0.0	0	243.60245007497724	1536.4789406987547	1	0	1	1.652311312419029
141200.0	1000.0	1336.4789406988357	0.0	0	286.03358867485076	1536.4789406987547	1	0	1	1.652311312419029
142200.0	1000.0	1336.4789406988011	0.0	0	401.6371016613848	1536.4789406987547	1	0	1	1.652311312419029
143200.0	1000.0	1336.4789406987893	0.0	0	295.75794506364036	1536.4789406987838	1	0	1	1.6523113124190258
144200.0	1000.0	1336.4789406987911	0.0	0	380.47722584425355	1536.4789406987838	1	0	1	1.6523113124190258
145200.0	1000.0	1336.478940698758	0.0	0	396.66883374375175	1536.4789406987547	1	0	1	1.652311312419029
146200.0	1000.0	1336.4789406987763	0.0	0	577.1551279549312	1536.4789406987838	1	0	1	1.6523113124190258
147200.0	1000.0	1336.4789406988034	0.0	0	459.5312747154967	1536.478940698813	1	0	1	1.6523113124190232
148200.0	1000.0	1336.4789406988032	0.0	0	263.8949699533405	1536.478940698813	1	0	1	1.6523113124190232
149200.0	1000.0	1336.4789406988336	0.0	0	116.7287486999121	1536.4789406987838	1	0	1	1.6523113124190258
150200.0	1000.0	1336.4789406988205	0.0	0	155.7989505532605	1536.4789406987547	1	0	1	1.652311312419029
151200.0	1000.0	1336.4789406987938	0.0	0	319.1702098438982	1536.4789406987547	1	0	1	1.652311312419029
152200.0	1000.0	1336.4789406987804	0.0	0	427.330887235119	1536.4789406987547	1	0	1	1.652311312419029
153200.0	1000.0	1336.478940698775	0.0	0	578.3769611107418	1536.4789406987547	1	0	1	1.652311312419029
154200.0	1000.0	1336.4789406987736	0.0	0	387.5155249701929	1536.4789406987547	1	0	1	1.652311312419029
155200.0	1000.0	1336.4789406988	0.0	0	197.65588792433846	1536.4789406987547	1	0	1	1.652311312419029
156200.0	1000.0	1336.4789406988118	0.0	0	431.4561366389389	1536.4789406987547	1	0	1	1.652311312419029
157200.0	1000.0	1336.4789406988457	0.0	0	408.3677574484318	1536.4789406987838	1	0	1	1.6523113124190258
158200.0	1000.0	1336.4789406988336	0.0	0	539.3848609570414	1536.4789406987838	1	0	1	1.6523113124190258
159200.0	1000.0	1336.478940698834	0.0	0	610.7029428667156	1536.4789406987838	1	0	1	1.6523113124190258
160237.44743409898	2000.0	1299.0315065998313	0.0	0	0.0	1536.4789406987838	1	0	1	1.9988849026989988
161200.0	2000.0	1336.4789406988084	0.0	0	154.16286607296206	1536.4789406987547	1	0	1	2.6920320832589466
162249.7855421488	2000.0	1286.6933985500457	0.0	0	0.0	1536.4789406987838	1	0	1	2.692032083258944
163200.0	2000.0	1336.478940698856	0.0	0	59.134697711560875	1536.478940698813	1	0	1	2.6920320832589404
164344.58035251245	2000.0	1191.8985881864003	0.0	0	0.0	1536.478940698842	1	0	1	2.6920320832589377
165596.30429496555	2000.0	940.174645733264	0.0	0	0.0	1536.478940698813	1	0	1	2.6920320832589404
166200.0	1000.0	1336.4789406988132	0.0	0	81.97814278749865	1536.4789406987838	1	0	1	0.9591641318590807
167366.06329481505	2000.0	1170.4156458837756	0.0	0	0.0	1536.4789406987838	1	0	1	1.9988849026989988
168771.04754340998	2000.0	765.4313972888647	0.0	0	0.0	1536.4789406987838	1	0	1	2.692032083258944
169506.91704870143	1000.0	1029.5618919973945	0.0	0	0.0	1536.4789406987838	1	0	1	0.9591641318590807
170244.53469463976	1000.0	1291.9442460590576	0.0	0	0.0	1536.4789406987838	1	0	1	1.6523113124190258
171220.79809193793	1000.0	1315.6808487608537	0.0	0	0.0	1536.4789406987547	1	0	1	1.6523113124190278
172324.59329641185	1000.0	1211.885644286922	0.0	0	0.0	1536.4789406987547	1	0	1	1.652311312419029
173200.0	1000.0	1336.4789406987613	0.0	0	196.66595500154654	1536.4789406987547	1	0	1	1.652311312419029
174200.0	1000.0	1336.4789406987518	0.0	0	401.83883975082426	1536.4789406987256	1	0	1	1.6523113124190316
175200.0	1000.0	1336.478940698768	0.0	0	557.5872511539492	1536.4789406987256	1	0	1	1.6523113124190316
176200.0	1000.0	1336.4789406987452	0.0	0	514.3912034076639	1536.4789406987256	1	0	1	1.6523113124190316
177200.0	1000.0	1336.4789406987197	0.0	0	658.5230063177296	1536.4789406987256	1	0	1	1.6523113124190316
178200.0	2000.0	1336.478940698701	0.0	0	255.50772659902577	1536.4789406987256	1	0	1	1.9988849026990043
179200.0	2000.0	1336.4789406986765	0.0	0	38.809245639888104	1536.4789406987256	1	0	1	2.6920320832589493
180200.0	2000.0	1336.4789406987056	0.0	0	85.78559398517245	1536.4789406987256	1	0	1	2.6920320832589493
181200.0	2000.0	1336.4789406987295	0.0	0	86.84548795418232	1536.4789406987256	1	0	1	2.6920320832589493
182623.39722130072	2000.0	913.0817193980232	0.0	0	0.0	1536.4789406987256	1	0	1	2.69203208325895
183200.0	1000.0	1336.4789406987456	0.0	0	34.676352366106585	1536.4789406987256	1	0	1	0.9591641318590864
184200.0	1000.0	1336.4789406987165	0.0	0	150.85987851631944	1536.4789406987256	1	0	1	1.6523113124190316
185200.0	1000.0	1336.4789406987213	0.0	0	419.36560666625155	1536.4789406987256	1	0	1	1.6523113124190316
186200.0	1000.0	1336.478940698726	0.0	0	522.628295406379	1536.4789406986965	1	0	1	1.6523113124190347
187200.0	1000.0	1336.4789406987	0.0	0	679.7913370653405	1536.4789406986674	1	0	1	1.6523113124190374
188200.0	1000.0	1336.478940698681	0.0	0	466.63062386756064	1536.4789406986674	1	0	1	1.6523113124190374
189531.11262591512	2000.0	1005.3663147835383	0.0	0	0.0	1536.4789406986674	1	0	1	1.99888490269901
190391.5992145861	1000.0	1144.8797261125492	0.0	0	0.0	1536.4789406986383	1	0	1	0.9591641318590953
191200.0	1000.0	1336.478940698645	0.0	0	73.33838113947422	1536.4789406986383	1	0	1	1.6523113124190405
192200.0	1000.0	1336.4789406986497	0.0	0	404.028212869016	1536.4789406986383	1	0	1	1.6523113124190405
193200.0	1000.0	1336.4789406986272	0.0	0	466.7219589493179	1536.4789406986092	1	0	1	1.6523113124190434
194200.0	1000.0	1336.4789406986329	0.0	0	633.9941643190396	1536.4789406986092	1	0	1	1.6523113124190434
195200.0	2000.0	1336.4789406986147	0.0	0	351.6627285449067	1536.4789406986092	1	0	1	1.9988849026990159
196200.0	2000.0	1336.4789406986233	0.0	0	429.248734203662	1536.4789406986092	1	0	1	2.6920320832589613
197200.0	2000.0	1336.4789406986129	0.0	0	210.9701550488826	1536.4789406986092	1	0	1	2.6920320832589613
198937.32802217876	3000.0	599.1509185198722	0.0	0	0.0	1536.4789406986092	1	0	1	2.8947646373130436
199516.67537152415	1000.0	1019.803569174462	0.0	0	0.0	1536.4789406986092	1	0	1	0.5536990237509335
200483.37957301442	2000.0	1053.0993676841804	0.0	0	0.0	1536.4789406986383	1	0	1	1.9988849026990132
201200.0	1000.0	1336.4789406985874	0.0	0	11.81831851392053	1536.4789406986092	1	0	1	0.9591641318590982
202918.64344017374	2000.0	617.8355005248543	0.0	0	0.0	1536.4789406986092	1	0	1	1.9988849026990159
203304.9408378682	500.0	1231.5381028304032	0.0	0	0.0	1536.4789406986092	1	0	1	-0.7737038195407651
204200.0	1000.0	1336.478940698603	0.0	0	420.19885113535565	1536.4789406986092	1	0	1	0.959164131859098
205200.0	1000.0	1336.47894069859	0.0	0	538.59270877979	1536.4789406985801	1	0	1	1.6523113124190463
206200.0	1000.0	1336.4789406985822	0.0	0	616.1242064688995	1536.4789406986092	1	0	1	1.6523113124190434
207200.0	1000.0	1336.4789406985976	0.0	0	558.0903915227682	1536.4789406986092	1	0	1	1.6523113124190434
208200.0	1000.0	1336.478940698639	0.0	0	542.9802533207112	1536.4789406986092	1	0	1	1.6523113124190434
209200.0	1000.0	1336.4789406986383	0.0	0	307.6464692729933	1536.4789406986092	1	0	1	1.6523113124190434
210200.0	1000.0	1336.478940698661	0.0	0	307.6341568346834	1536.4789406986383	1	0	1	1.6523113124190405
211200.0	1000.0	1336.4789406986363	0.0	0	598.2974114815006	1536.4789406986092	1	0	1	1.6523113124190434
212200.0	1000.0	1336.4789406986408	0.0	0	535.4710164859716	1536.4789406986383	1	0	1	1.6523113124190405
213200.0	1000.0	1336.478940698641	0.0	0	155.40843040609616	1536.4789406986383	1	0	1	1.6523113124190405
214200.0	1000.0	1336.4789406986629	0.0	0	138.13349069881951	1536.4789406986383	1	0	1	1.652311312419041
215200.0	1000.0	1336.4789406986579	0.0	0	161.43716084287735	1536.4789406986383	1	0	1	1.6523113124190405
216200.0	1000.0	1336.4789406986497	0.0	0	380.7968342367385	1536.4789406986383	1	0	1	1.6523113124190405
217200.0	1000.0	1336.4789406986279	0.0	0	440.9600599522237	1536.4789406986092	1	0	1	1.6523113124190434
218200.0	1000.0	1336.4789406985992	0.0	0	408.604551547789	1536.4789406985801	1	0	1	1.6523113124190463
219200.0	1000.0	1336.478940698607	0.0	0	374.1052776178112	1536.4789406985801	1	0	1	1.6523113124190463
220200.0	1000.0	1336.4789406986242	0.0	0	504.9929773355834	1536.4789406985801	1	0	1	1.6523113124190463
221200.0	1000.0	1336.4789406986245	0.0	0	484.762658745487	1536.4789406985801	1	0	1	1.6523113124190463
222200.0	1000.0	1336.478940698594	0.0	0	473.88948371773586	1536.4789406985801	1	0	1	1.6523113124190463
223200.0	1000.0	1336.4789406985724	0.0	0	440.8398029466043	1536.4789406985801	1	0	1	1.6523113124190463
224200.0	1000.0	1336.478940698561	0.0	0	551.7816329217458	1536.4789406985801	1	0	1	1.6523113124190463
225200.0	1000.0	1336.4789406985628	0.0	0	449.394882304623	1536.4789406986092	1	0	1	1.6523113124190434
226200.0	1000.0	1336.4789406985662	0.0	0	203.96132884494727	1536.4789406986092	1	0	1	1.6523113124190434
227200.0	1000.0	1336.4789406985817	0.0	0	412.63678503767005	1536.4789406986092	1	0	1	1.6523113124190434
228200.0	1000.0	1336.4789406985772	0.0	0	359.14221900652046	1536.4789406986383	1	0	1	1.6523113124190405
229200.0	1000.0	1336.4789406985894	0.0	0	575.358736774011	1536.4789406986383	1	0	1	1.6523113124190405
230200.0	1000.0	1336.4789406985697	0.0	0	371.93644898958155	1536.4789406986383	1	0	1	1.6523113124190405
231200.0	1000.0	1336.4789406985265	0.0	0	326.83237998653203	1536.4789406986383	1	0	1	1.6523113124190405
232200.0	1000.0	1336.4789406985321	0.0	0	356.35624994142563	1536.4789406986674	1	0	1	1.6523113124190374
233200.0	1000.0	1336.4789406985367	0.0	0	336.4007696167391	1536.4789406986674	1	0	1	1.6523113124190374
234200.0	1000.0	1336.4789406985158	0.0	0	405.9414918735565	1536.4789406986674	1	0	1	1.6523113124190374
235200.0	1000.0	1336.4789406985021	0.0	0	545.2815066917392	1536.4789406986965	1	0	1	1.6523113124190347
236200.0	1000.0	1336.4789406984785	0.0	0	482.7479686657025	1536.4789406986965	1	0	1	1.6523113124190347
237268.63229316927	2000.0	1267.8466475292187	0.0	0	0.0	1536.4789406986965	1	0	1	1.9988849026990074
238200.0	1000.0	1336.4789406984669	0.0	0	74.8591106669046	1536.4789406986965	1	0	1	0.9591641318590896
239200.0	1000.0	1336.4789406984683	0.0	0	137.05626853107242	1536.4789406987256	1	0	1	1.6523113124190316
240200.0	1000.0	1336.4789406984228	0.0	0	42.6103745829314	1536.4789406987256	1	0	1	1.6523113124190316
241200.0	1000.0	1336.4789406984314	0.0	0	86.15679220712627	1536.4789406987256	1	0	1	1.6523113124190316
242200.0	1000.0	1336.4789406984592	0.0	0	236.5952964205644	1536.4789406987256	1	0	1	1.6523113124190316
243200.0	1000.0	1336.4789406984464	0.0	0	484.5283756174904	1536.4789406987256	1	0	1	1.6523113124190316
244200.0	1000.0	1336.47894069844	0.0	0	449.1084933204693	1536.4789406987256	1	0	1	1.6523113124190316
245200.0	1000.0	1336.4789406984316	0.0	0	736.22509095844	1536.4789406986965	1	0	1	1.6523113124190347
246200.0	1000.0	1336.4789406984466	0.0	0	482.47579101563315	1536.4789406986965	1	0	1	1.6523113124190347
247348.28170441775	2000.0	1188.1972362806991	0.0	0	0.0	1536.4789406986674	1	0	1	1.99888490269901
248304.00131963496	2000.0	1232.4776210634946	0.0	0	0.0	1536.4789406986674	1	0	1	2.6920320832589555
249200.0	2000.0	1336.4789406984612	0.0	0	12.994452779821586	1536.4789406986674	1	0	1	2.6920320832589555
250265.90894605007	2000.0	1270.5699946484067	0.0	0	0.0	1536.4789406986674	1	0	1	2.6920320832589555
251499.82126647438	2000.0	1036.6576742240998	0.0	0	0.0	1536.4789406986674	1	0	1	2.6920320832589555
252200.0	1000.0	1336.478940698471	0.0	0	144.7513177692599	1536.4789406986965	1	0	1	0.9591641318590896
253200.0	2000.0	1336.4789406984617	0.0	0	13.13383862815681	1536.4789406986674	1	0	1	1.99888490269901
254230.4616577538	2000.0	1306.0172829446253	0.0	0	0.0	1536.4789406986674	1	0	1	2.6920320832589555
255200.0	1000.0	1336.4789406984096	0.0	0	328.46643541936646	1536.4789406986674	1	0	1	0.9591641318590923
256200.0	1000.0	1336.4789406984303	0.0	0	381.01076456389274	1536.4789406986674	1	0	1	1.6523113124190374
257200.0	1000.0	1336.478940698448	0.0	0	93.96639898995636	1536.4789406986965	1	0	1	1.6523113124190347
258200.0	1000.0	1336.4789406984441	0.0	0	213.33078866481083	1536.4789406986965	1	0	1	1.6523113124190334
259200.0	1000.0	1336.4789406984519	0.0	0	348.10393196347286	1536.4789406986965	1	0	1	1.6523113124190347
260200.0	1000.0	1336.4789406984446	0.0	0	427.7353719837847	1536.4789406986674	1	0	1	1.6523113124190374
261200.0	1000.0	1336.4789406984887	0.0	0	415.34007579053286	1536.4789406986674	1	0	1	1.6523113124190374
262200.0	1000.0	1336.4789406984921	0.0	0	513.6679380599817	1536.4789406986674	1	0	1	1.6523113124190374
263200.0	1000.0	1336.478940698463	0.0	0	452.342863654485	1536.4789406986092	1	0	1	1.6523113124190436
264200.0	1000.0	1336.4789406984955	0.0	0	559.2377426009043	1536.4789406986092	1	0	1	1.6523113124190434
265200.0	1000.0	1336.4789406984564	0.0	0	356.0483078137622	1536.4789406986092	1	0	1	1.6523113124190434
266200.0	1000.0	1336.4789406984983	0.0	0	493.23226649075514	1536.4789406986092	1	0	1	1.6523113124190434
267200.0	1000.0	1336.4789406985083	0.0	0	559.360852297279	1536.4789406986674	1	0	1	1.6523113124190374
268200.0	1000.0	1336.4789406984978	0.0	0	444.96347989386413	1536.4789406986674	1	0	1	1.6523113124190374
269200.0	1000.0	1336.4789406984569	0.0	0	375.54095268331	1536.4789406986674	1	0	1	1.6523113124190374
270200.0	1000.0	1336.4789406984548	0.0	0	509.9477419857285	1536.4789406986674	1	0	1	1.6523113124190374
271323.77565115795	2000.0	1212.703289540472	0.0	0	0.0	1536.4789406986674	1	0	1	1.99888490269901
273421.4426564211	2000.0	200.0	84.96371572265451	0	0.0	1621.4426564213354	1	0	1	2.180550514608575
273759.58427235787	300.0	861.8583840632309	0.0	0	0.0	1621.4426564213354	1	0	1	-2.059264250528015
274365.1483761747	1000.0	1256.2942802464613	0.0	0	0.0	1621.4426564213354	1	0	1	0.43984213652083465
275200.0	1000.0	1421.4426564211353	0.0	0	47.3613286523032	1621.4426564213354	1	0	1	1.6438149408467708
276200.0	1000.0	1421.4426564210949	0.0	0	388.04287040646886	1621.4426564213354	1	0	1	1.6438149408467708
277200.0	1000.0	1421.4426564210098	0.0	0	411.93129468895495	1621.4426564212772	1	0	1	1.6438149408467768
278200.0	1000.0	1421.4426564210087	0.0	0	254.65024859335972	1621.4426564213354	1	0	1	1.6438149408467708
279200.0	1000.0	1421.442656421078	0.0	0	412.15931777021615	1621.4426564213936	1	0	1	1.643814940846765
280200.0	1000.0	1421.4426564210546	0.0	0	534.3496448930237	1621.4426564213936	1	0	1	1.643814940846765
281200.0	1000.0	1421.4426564210705	0.0	0	435.9159193566302	1621.4426564213936	1	0	1	1.643814940846765
282200.0	2000.0	1421.442656421117	0.0	0	74.06672204344068	1621.44265642151	1	0	1	1.9903885311267282
283200.0	2000.0	1421.4426564211326	0.0	0	157.63393403287046	1621.44265642151	1	0	1	2.683535711686671
284398.15186292125	2000.0	1223.2907934999275	0.0	0	0.0	1621.44265642151	1	0	1	2.683535711686671
285834.38357596303	2000.0	787.0590804581357	0.0	0	0.0	1621.44265642151	1	0	1	2.683535711686671
286625.2357901398	1000.0	996.2068662813541	0.0	0	0.0	1621.44265642151	1	0	1	0.9506677602868082
287556.1312942475	1000.0	1065.3113621736431	0.0	0	0.0	1621.4426564214518	1	0	1	1.6438149408467593
288704.43768127635	1000.0	917.0049751448171	0.0	0	0.0	1621.4426564214518	1	0	1	1.6438149408467593
289545.9008060791	1000.0	1075.541850342059	0.0	0	0.0	1621.4426564214518	1	0	1	1.6438149408467593
290200.0	1000.0	1421.4426564211806	0.0	0	166.568015943747	1621.44265642151	1	0	1	1.6438149408467533
291200.0	1000.0	1421.4426564211012	0.0	0	389.7728242567391	1621.4426564214518	1	0	1	1.6438149408467593
292200.0	1000.0	1421.442656421054	0.0	0	209.1614476054092	1621.4426564214518	1	0	1	1.6438149408467593
293200.0	1000.0	1421.4426564210728	0.0	0	434.7418736310792	1621.4426564214518	1	0	1	1.6438149408467593
294200.0	1000.0	1421.4426564210967	0.0	0	514.5938096592436	1621.4426564214518	1	0	1	1.6438149408467593
295200.0	1000.0	1421.4426564211294	0.0	0	588.9678476559347	1621.4426564214518	1	0	1	1.6438149408467593
296200.0	1000.0	1421.4426564210823	0.0	0	437.9825797120575	1621.4426564214518	1	0	1	1.6438149408467593
297200.0	1000.0	1421.4426564211024	0.0	0	525.5552368729841	1621.4426564214518	1	0	1	1.6438149408467593
298200.0	1000.0	1421.4426564210976	0.0	0	459.42951006640214	1621.4426564214518	1	0	1	1.6438149408467593
299200.0	1000.0	1421.4426564210405	0.0	0	174.92829210939817	1621.4426564214518	1	0	1	1.6438149408467593
300200.0	1000.0	1421.4426564210073	0.0	0	498.08876870927634	1621.4426564213936	1	0	1	1.643814940846765
301200.0	1000.0	1421.4426564210041	0.0	0	380.68678111198824	1621.4426564213936	1	0	1	1.643814940846765
302469.58760642353	2000.0	1151.855049997517	0.0	0	0.0	1621.4426564214518	1	0	1	1.990388531126733
303200.0	1000.0	1421.4426564210269	0.0	0	185.22866874479223	1621.4426564214518	1	0	1	0.9506677602868141
304200.0	1000.0	1421.4426564210216	0.0	0	287.2288098614081	1621.4426564214518	1	0	1	1.6438149408467593
305200.0	1000.0	1421.442656421015	0.0	0	460.04874669387937	1621.4426564214518	1	0	1	1.6438149408467593
306200.0	1000.0	1421.4426564210046	0.0	0	585.6097994997399	1621.4426564213936	1	0	1	1.643814940846765
307200.0	1000.0	1421.4426564209705	0.0	0	631.6473881892161	1621.4426564213936	1	0	1	1.643814940846765
308200.0	1000.0	1421.442656421024	0.0	0	480.05267190991435	1621.4426564214518	1	0	1	1.6438149408467593
309336.8335064864	2000.0	1284.6091499346576	0.0	0	0.0	1621.4426564214518	1	0	1	1.9903885311267318
310200.0	2000.0	1421.4426564210487	0.0	0	151.37722894072067	1621.4426564214518	1	0	1	2.683535711686677
311245.9784661244	2000.0	1375.4641902966434	0.0	0	0.0	1621.4426564214518	1	0	1	2.683535711686677
312271.6588647931	2000.0	1349.7837916279268	0.0	0	0.0	1621.44265642151	1	0	1	2.6835357116866723
313603.82422598783	2000.0	1017.6184304330975	0.0	0	0.0	1621.4426564214518	1	0	1	2.6835357116866763
314673.05794964737	2000.0	948.3847067736066	0.0	0	0.0	1621.44265642151	1	0	1	2.683535711686671
315200.0	1000.0	1421.4426564209145	0.0	0	37.735804711526725	1621.44265642151	1	0	1	0.9506677602868082
316200.0	2000.0	1421.4426564209284	0.0	0	254.06039347639307	1621.44265642151	1	0	1	1.9903885311267258
1.85	1.25	1.7	1.47	1.12	1.4	2.05	2.48	1.61	2.49	2.47	2.68	2.47	2.11	2.22	1.29	1.44	1.68	2.24	2.65	3.0	1.6	1.44	1.67	1.81	2.41	2.98	2.78	2.68	2.8	1.63	2.53	2.13	1.52	1.9	1.33	1.7	1.96	2.13	1.89	1.84	1.63	1.49	2.27	3.17	2.1	0.97	1.37	1.56	1.46	1.97	2.04	2.15	1.67	1.7	1.83	2.06	2.75	1.76	1.62	1.91	1.81	2.04	1.47	1.32	2.06	2.12	2.1	2.5	1.8	1.17	1.58	1.34	1.4	1.4	1.59	2.32	3.15	3.37	1.2	2.35	2.57	1.99	1.42	2.28	2.54	1.96	1.17	1.89	1.33	1.63	1.98	1.87	1.37	2.06	1.91	1.83	2.2	1.58	1.91	2.15	2.04	2.32	2.79	1.49	1.25	0.81	1.58	1.26	1.56	1.63	2.03	2.28	2.33	2.49	1.8	1.85	1.97	0.74	1.56	1.39	1.04	1.25	1.92	1.68	1.8	1.62	1.83	2.68	1.89	1.62	1.15	1.6	2.06	2.72	1.8	1.51	1.7	2.39	2.21	2.72	2.37	2.33	2.56	2.31	2.79	1.67	2.05	2.87	2.58	1.85	1.25	1.7	1.47	1.12	1.4	2.05	2.48	1.61	2.49	2.47	2.68	2.47	2.11	2.22	1.29	1.44	1.68	2.24	2.65	3.0	1.6	1.44	1.67	1.81	2.41	2.98	2.78	2.68	2.8	1.63	2.53	2.13	1.52	1.9	1.33	1.7	1.96	2.13	1.89	1.84	1.63	1.49	2.27	3.17	2.1	0.97	1.37	1.56	1.46	1.97	2.04	2.15	1.67	1.7	1.83	2.06	2.75	1.76	1.62	1.91	1.81	2.04	1.47	1.32	2.06	2.12	2.1	2.5	1.8	1.17	1.58	1.34	1.4	1.4	1.59	2.32	3.15	3.37	1.2	2.35	2.57	1.99	1.42	2.28	2.54	1.96	1.17	1.89	1.33	1.63	1.98	1.87	1.37	2.06	1.91	1.83	2.2	1.58	1.91	2.15	2.04	2.32	2.79	1.49	1.25	0.81	1.58	1.26	1.56	1.63	2.03	2.28	2.33	2.49	1.8	1.85	1.97	0.74	1.56	1.39	1.04	1.25	1.92	1.68	1.8	1.62	1.83	2.68	1.89	1.62	1.15	1.6	2.06	2.72	1.8	1.51	1.7	2.39	2.21	2.72	2.37	2.33	2.56	2.31	2.79	1.67	2.05	2.87	2.58	1.85	1.25	1.7	1.47	1.12	1.4	2.05	2.48	1.61	2.49	2.47	2.68	2.47	2.11	2.22	1.29	1.44	1.68
1.0	2.0	3.0	4.0	5.0	6.0	7.0	8.0	9.0	10.0	11.0	12.0	13.0	14.0	15.0	16.0	17.0	18.0	19.0	20.0	21.0	22.0	23.0	24.0	25.0	26.0	27.0	28.0	29.0	30.0	31.0	32.0	33.0	34.0	35.0	36.0	37.0	38.0	39.0	40.0	41.0	42.0	43.0	44.0	45.0	46.0	47.0	48.0	49.0	50.0	51.0	52.0	53.0	54.0	55.0	56.0	57.0	58.0	59.0	60.0	61.0	62.0	63.0	64.0	65.0	66.0	67.0	68.0	69.0	70.0	71.0	72.0	73.0	74.0	75.0	76.0	77.0	78.0	79.0	80.0	81.0	82.0	83.0	84.0	85.0	86.0	87.0	88.0	89.0	90.0	91.0	92.0	93.0	94.0	95.0	96.0	97.0	98.0	99.0	100.0	101.0	102.0	103.0	104.0	105.0	106.0	107.0	108.0	109.0	110.0	111.0	112.0	113.0	114.0	115.0	116.0	117.0	118.0	119.0	120.0	121.0	122.0	123.0	124.0	125.0	126.0	127.0	128.0	129.0	130.0	131.0	132.0	133.0	134.0	135.0	136.0	137.0	138.0	139.0	140.0	141.0	142.0	143.0	144.0	145.0	146.0	147.0	148.0	149.0	149.0	150.0	151.0	152.0	153.0	154.0	155.0	156.0	157.0	158.0	159.0	160.0	161.0	162.0	163.0	164.0	165.0	166.0	167.0	168.0	169.0	170.0	171.0	172.0	173.0	174.0	175.0	176.0	177.0	178.0	179.0	180.0	181.0	182.0	183.0	184.0	185.0	186.0	187.0	188.0	189.0	190.0	191.0	192.0	193.0	194.0	195.0	196.0	197.0	198.0	199.0	200.0	201.0	202.0	203.0	204.0	205.0	206.0	207.0	208.0	209.0	210.0	211.0	212.0	213.0	214.0	215.0	216.0	217.0	218.0	219.0	220.0	221.0	222.0	223.0	224.0	225.0	226.0	227.0	228.0	229.0	230.0	231.0	232.0	233.0	234.0	235.0	236.0	237.0	238.0	239.0	240.0	241.0	242.0	243.0	244.0	245.0	246.0	247.0	248.0	249.0	250.0	251.0	252.0	253.0	254.0	255.0	256.0	257.0	258.0	259.0	260.0	261.0	262.0	263.0	264.0	265.0	266.0	267.0	268.0	269.0	270.0	271.0	272.0	273.0	274.0	275.0	276.0	277.0	278.0	279.0	280.0	281.0	282.0	283.0	284.0	285.0	286.0	287.0	288.0	289.0	290.0	291.0	292.0	293.0	294.0	295.0	296.0	297.0	298.0	298.0	299.0	300.0	301.0	302.0	303.0	304.0	305.0	306.0	307.0	308.0	309.0	310.0	311.0	312.0	313.0	314.0	315.0	316.0
2262.6780769566517
