3118.52218592427	300.0	2000.0	299.2440305378463	0	0.0	3118.52218592427	1	0	1	-2.1002756585372575
5200.0	1000.0	818.4999999999991	0.0	0	238.7428830506251	1018.4999999999991	1	0	2	0.0967382754361415
6200.0	500.0	2918.499999999999	0.0	0	554.0490357738845	3118.499999999999	1	0	0	-0.6347587449109593
9760.22864310316	2000.0	218.25723362311575	14.553400942356518	0	0.0	978.485876726274	1	0	2	0.6713317390067676
10200.0	300.0	2822.4630124159607	0.0	0	254.21747195458192	3022.4630124159585	1	0	0	-2.597071243418422
13200.0	2000.0	722.463012415961	0.0	0	130.32205432712726	922.4630124159594	1	0	2	0.2530671872673358
14200.0	500.0	2822.4630124159617	0.0	0	571.3336873382195	3022.463012415961	1	0	0	-1.3183022267125006
17357.06487927188	2000.0	549.6916452168946	0.0	0	0.0	906.7565244887701	1	0	2	0.7659579871733837
18200.0	500.0	2791.050036561587	0.0	0	507.05912527594046	2991.0500365615862	1	0	0	-1.3153710961865932
22274.810514859953	2000.0	200.0	628.4013907130584	0	0.0	1474.810514859957	1	0	2	-3.047606785576393
22591.14722325083	300.0	883.6632916091226	0.0	0	0.0	1474.810514859957	1	0	1	-2.2446010363718774
23200.0	500.0	1274.8105148599516	0.0	0	79.17671799119125	1474.810514859957	1	0	1	0.10793176039699984
24397.97077676293	1000.0	1076.839738097021	0.0	0	0.0	1474.810514859957	1	0	1	0.9653309744429633
25384.98088374116	1000.0	1089.8296311187942	0.0	0	0.0	1474.8105148599607	1	0	1	1.6584781550029082
26877.578030614266	1000.0	597.2324842456844	0.0	0	0.0	1474.8105148599607	1	0	1	1.6584781550029082
27526.980174101463	500.0	947.8303407584855	0.0	0	0.0	1474.8105148599643	1	0	1	-0.07438979639695564
28200.0	500.0	1274.810514859945	0.0	0	332.29726020290036	1474.810514859968	1	0	1	0.6187573841629894
29200.0	1000.0	1274.810514859944	0.0	0	337.52887921303045	1474.810514859968	1	0	1	0.9653309744429622
30200.0	1000.0	1274.8105148599432	0.0	0	109.46697851925273	1474.810514859968	1	0	1	1.6584781550029075
31200.0	1000.0	1274.8105148599432	0.0	0	3.992262635802035	1474.810514859968	1	0	1	1.6584781550029075
32208.649189704032	1000.0	1266.1613251559097	0.0	0	0.0	1474.8105148599643	1	0	1	1.658478155002908
33200.0	1000.0	1274.810514859943	0.0	0	305.30813130135357	1474.810514859968	1	0	1	1.6584781550029075
34200.0	1000.0	1274.8105148599425	0.0	0	431.8584302026502	1474.8105148599643	1	0	1	1.6584781550029075
35200.0	1000.0	1274.8105148599461	0.0	0	314.7007640540178	1474.8105148599643	1	0	1	1.658478155002908
36200.0	1000.0	1274.8105148599466	0.0	0	204.05064616838354	1474.810514859957	1	0	1	1.6584781550029088
37932.243902404276	1000.0	542.5666124556715	0.0	0	0.0	1474.8105148599716	1	0	1	1.6584781550029075
38434.44735635674	500.0	1040.363158503218	0.0	0	0.0	1474.8105148599716	1	0	1	-0.0743897963969564
39200.0	500.0	1274.8105148599507	0.0	0	206.11672431678744	1474.8105148599716	1	0	1	0.6187573841629891
40200.0	500.0	1274.8105148599552	0.0	0	498.67063740660524	1474.8105148599716	1	0	1	0.6187573841629891
41200.0	500.0	1274.8105148599523	0.0	0	229.66796354025428	1474.8105148599716	1	0	1	0.6187573841629891
42200.0	500.0	1274.81051485995	0.0	0	511.4216558456246	1474.8105148599643	1	0	1	0.6187573841629899
43200.0	500.0	1274.8105148599561	0.0	0	404.89579323431826	1474.8105148599643	1	0	1	0.6187573841629899
44200.0	500.0	1274.8105148599545	0.0	0	599.5014385922914	1474.8105148599643	1	0	1	0.6187573841629899
45200.0	500.0	1274.8105148599589	0.0	0	394.2924118979645	1474.8105148599643	1	0	1	0.6187573841629899
46200.0	500.0	1274.8105148599616	0.0	0	242.19374387278367	1474.8105148599643	1	0	1	0.6187573841629899
47200.0	500.0	1274.8105148599625	0.0	0	364.5735276979249	1474.8105148599643	1	0	1	0.6187573841629899
48200.0	500.0	1274.8105148599607	0.0	0	467.5355635310625	1474.8105148599716	1	0	1	0.6187573841629891
49200.0	500.0	1274.810514859961	0.0	0	562.8847248630045	1474.8105148599716	1	0	1	0.6187573841629891
50200.0	500.0	1274.8105148599625	0.0	0	527.9684450330897	1474.8105148599789	1	0	1	0.6187573841629883
51200.0	500.0	1274.8105148599552	0.0	0	557.6295092154905	1474.8105148599716	1	0	1	0.6187573841629891
52200.0	500.0	1274.8105148599561	0.0	0	703.1184118819656	1474.8105148599716	1	0	1	0.6187573841629891
53200.0	1000.0	1274.810514859953	0.0	0	339.8218189589097	1474.8105148599716	1	0	1	0.9653309744429617
54200.0	1000.0	1274.8105148599532	0.0	0	121.93511918795411	1474.8105148599716	1	0	1	1.658478155002907
55200.0	1000.0	1274.8105148599511	0.0	0	54.671724436906516	1474.8105148599716	1	0	1	1.658478155002907
56200.0	1000.0	1274.8105148599457	0.0	0	101.37882068971521	1474.8105148599716	1	0	1	1.658478155002907
57688.9565167898	1000.0	785.8539980701395	0.0	0	0.0	1474.8105148599716	1	0	1	1.658478155002907
58346.842996180654	500.0	1127.9675186792938	0.0	0	0.0	1474.8105148599716	1	0	1	-0.0743897963969564
59200.0	500.0	1274.8105148599473	0.0	0	309.0376127342897	1474.8105148599789	1	0	1	0.6187573841629883
60200.0	500.0	1274.8105148599493	0.0	0	577.6005942879274	1474.8105148599716	1	0	1	0.6187573841629891
61200.0	500.0	1274.8105148599482	0.0	0	564.1405797336411	1474.8105148599716	1	0	1	0.6187573841629891
62200.0	500.0	1274.8105148599393	0.0	0	403.0723976549343	1474.8105148599716	1	0	1	0.6187573841629891
63373.36722037154	1000.0	1101.4432944884036	0.0	0	0.0	1474.8105148599716	1	0	1	0.9653309744429617
64527.31743925931	1000.0	947.4930756006318	0.0	0	0.0	1474.8105148599716	1	0	1	1.658478155002907
65200.0	500.0	1274.8105148599388	0.0	0	40.6677925142867	1474.8105148599643	1	0	1	-0.07438979639695564
66454.84285626549	1000.0	1019.9676585944476	0.0	0	0.0	1474.8105148599643	1	0	1	0.9653309744429621
67200.0	500.0	1274.8105148599348	0.0	0	319.7612031378958	1474.8105148599716	1	0	1	-0.07438979639695596
68200.0	500.0	1274.8105148599354	0.0	0	574.670204987633	1474.8105148599716	1	0	1	0.6187573841629891
69200.0	500.0	1274.810514859937	0.0	0	502.76248913811287	1474.8105148599716	1	0	1	0.6187573841629891
70200.0	500.0	1274.8105148599525	0.0	0	579.8061158313067	1474.8105148599716	1	0	1	0.6187573841629891
71200.0	500.0	1274.8105148599773	0.0	0	565.3188205439365	1474.8105148599716	1	0	1	0.6187573841629891
72200.0	500.0	1274.8105148599993	0.0	0	569.01003275931	1474.8105148599716	1	0	1	0.6187573841629891
73282.32527465122	1000.0	1192.4852402087913	0.0	0	0.0	1474.810514859957	1	0	1	0.9653309744429633
74479.1629985074	1000.0	995.647516352609	0.0	0	0.0	1474.8105148599425	1	0	1	1.6584781550029102
75200.0	500.0	1274.8105148599898	0.0	0	201.8640923563944	1474.8105148599425	1	0	1	-0.07438979639695344
76200.0	1000.0	1274.8105148599736	0.0	0	53.09827265924832	1474.810514859928	1	0	1	0.9653309744429659
77510.8402400434	1000.0	963.9702748165975	0.0	0	0.0	1474.810514859928	1	0	1	1.6584781550029115
78200.0	500.0	1274.8105148600005	0.0	0	319.5136015120079	1474.810514859928	1	0	1	-0.07438979639695198
79200.0	1000.0	1274.8105148600084	0.0	0	409.60278833450866	1474.810514859928	1	0	1	0.9653309744429661
80200.0	1000.0	1274.8105148600246	0.0	0	125.91080928184965	1474.8105148599425	1	0	1	1.6584781550029102
81690.14755137236	1000.0	784.6629634876676	0.0	0	0.0	1474.8105148599425	1	0	1	1.6584781550029102
82469.21216696176	500.0	1005.5983478982494	0.0	0	0.0	1474.8105148599425	1	0	1	-0.07438979639695344
83200.0	500.0	1274.810514860006	0.0	0	237.89673841925105	1474.810514859928	1	0	1	0.6187573841629934
84200.0	500.0	1274.8105148600168	0.0	0	563.0124491286551	1474.810514859928	1	0	1	0.6187573841629934
85200.0	500.0	1274.8105148600157	0.0	0	506.0345632152603	1474.810514859928	1	0	1	0.6187573841629934
86200.0	500.0	1274.8105148600084	0.0	0	489.5355657347827	1474.810514859928	1	0	1	0.6187573841629934
87200.0	500.0	1274.8105148599975	0.0	0	419.317979498519	1474.810514859928	1	0	1	0.6187573841629934
88703.90810732823	1000.0	770.9024075317709	0.0	0	0.0	1474.8105148599134	1	0	1	0.9653309744429674
89290.84478357136	500.0	1183.9657312886497	0.0	0	0.0	1474.810514859928	1	0	1	-0.07438979639695198
90200.0	500.0	1274.8105148600087	0.0	0	301.0558625066624	1474.810514859928	1	0	1	0.6187573841629934
91200.0	500.0	1274.810514860012	0.0	0	542.6917166766361	1474.810514859928	1	0	1	0.6187573841629934
92200.0	500.0	1274.810514860006	0.0	0	624.3637201311794	1474.810514859928	1	0	1	0.6187573841629934
93200.0	500.0	1274.810514860017	0.0	0	623.5889397825958	1474.8105148599425	1	0	1	0.618757384162992
94200.0	1000.0	1274.8105148600057	0.0	0	309.61078528854705	1474.810514859957	1	0	1	0.9653309744429633
95200.0	1000.0	1274.8105148600234	0.0	0	275.36750099812343	1474.810514859957	1	0	1	1.6584781550029088
96200.0	1000.0	1274.810514860019	0.0	0	297.63547077773546	1474.810514859957	1	0	1	1.6584781550029088
97200.0	1000.0	1274.8105148600239	0.0	0	313.1314041401929	1474.8105148599716	1	0	1	1.658478155002907
98200.0	1000.0	1274.81051486003	0.0	0	485.58474591886625	1474.8105148599716	1	0	1	1.658478155002907
99200.0	1000.0	1274.8105148600175	0.0	0	357.79288694755815	1474.8105148599716	1	0	1	1.658478155002907
100200.0	1000.0	1274.8105148600232	0.0	0	451.9199809072161	1474.8105148599716	1	0	1	1.658478155002907
101200.0	1000.0	1274.8105148600273	0.0	0	605.2088580119016	1474.8105148599716	1	0	1	1.658478155002907
102200.0	1000.0	1274.8105148600305	0.0	0	220.5796670988202	1474.8105148599861	1	0	1	1.6584781550029057
103865.29373479876	1000.0	609.5167800612563	0.0	0	0.0	1474.8105148599716	1	0	1	1.658478155002907
104318.8591196566	500.0	1155.9513952034083	0.0	0	0.0	1474.8105148599716	1	0	1	-0.0743897963969564
105750.9662836123	1000.0	723.8442312477058	0.0	0	0.0	1474.8105148599861	1	0	1	0.9653309744429603
106454.53446767118	500.0	1020.2760471888407	0.0	0	0.0	1474.8105148600007	1	0	1	-0.0743897963969593
107200.0	500.0	1274.8105148600368	0.0	0	179.54147352298605	1474.8105148600152	1	0	1	0.6187573841629846
108200.0	500.0	1274.8105148600578	0.0	0	523.2830731262511	1474.8105148600152	1	0	1	0.6187573841629846
109200.0	500.0	1274.810514860046	0.0	0	600.4477741800365	1474.8105148600152	1	0	1	0.6187573841629846
110200.0	500.0	1274.8105148600496	0.0	0	742.3040988259163	1474.8105148600152	1	0	1	0.6187573841629846
111200.0	1000.0	1274.8105148600653	0.0	0	171.82255257392535	1474.8105148600152	1	0	1	0.9653309744429575
112200.0	1000.0	1274.8105148600544	0.0	0	71.33584307759884	1474.8105148600007	1	0	1	1.6584781550029044
113294.88744215683	1000.0	1179.9230727032295	0.0	0	0.0	1474.8105148600007	1	0	1	1.6584781550029044
114200.0	1000.0	1274.8105148600546	0.0	0	21.40014640490699	1474.8105148600152	1	0	1	1.6584781550029029
115200.0	1000.0	1274.8105148600482	0.0	0	13.776872281436226	1474.8105148600152	1	0	1	1.6584781550029029
116200.0	1000.0	1274.8105148600478	0.0	0	23.03147502853244	1474.8105148600152	1	0	1	1.6584781550029029
117314.86620152502	1000.0	1159.9443133350378	0.0	0	0.0	1474.8105148600007	1	0	1	1.6584781550029044
118573.79810295337	1000.0	901.0124119067009	0.0	0	0.0	1474.8105148600007	1	0	1	1.6584781550029044
119202.28839283151	500.0	1272.5221220285446	0.0	0	0.0	1474.8105148600007	1	0	1	-0.0743897963969593
120229.92636679228	1000.0	1244.884148067776	0.0	0	0.0	1474.8105148600007	1	0	1	0.9653309744429589
121200.0	1000.0	1274.8105148600525	0.0	0	89.41489372687647	1474.8105148600007	1	0	1	1.6584781550029044
122200.0	1000.0	1274.8105148600584	0.0	0	93.96003956841014	1474.8105148600007	1	0	1	1.6584781550029044
123841.4973024848	1000.0	633.313212375241	0.0	0	0.0	1474.8105148600007	1	0	1	1.6584781550029044
124213.36656275108	500.0	1261.443952108954	0.0	0	0.0	1474.8105148600007	1	0	1	-0.0743897963969593
125200.0	1000.0	1274.8105148600373	0.0	0	286.20968401961727	1474.8105148600007	1	0	1	0.9653309744429589
126200.0	1000.0	1274.8105148600514	0.0	0	248.272140333298	1474.8105148600007	1	0	1	1.6584781550029044
127200.0	1000.0	1274.8105148600566	0.0	0	237.1639833010122	1474.8105148600152	1	0	1	1.6584781550029029
128200.0	1000.0	1274.8105148600616	0.0	0	134.71755130242673	1474.8105148600298	1	0	1	1.6584781550029013
129200.0	1000.0	1274.8105148600607	0.0	0	61.40385441554827	1474.8105148600443	1	0	1	1.6584781550029
130274.91661554405	1000.0	1199.8938993160082	0.0	0	0.0	1474.8105148600443	1	0	1	1.6584781550029
131200.0	1000.0	1274.8105148600569	0.0	0	164.0964292162389	1474.8105148600443	1	0	1	1.6584781550029
132200.0	1000.0	1274.810514860065	0.0	0	89.49186370760435	1474.810514860059	1	0	1	1.6584781550029
133310.78202662538	1000.0	1164.0284882346873	0.0	0	0.0	1474.810514860059	1	0	1	1.6584781550028984
134387.63965737703	1000.0	1087.1708574830232	0.0	0	0.0	1474.810514860059	1	0	1	1.6584781550028984
135200.0	500.0	1274.810514860079	0.0	0	374.5564928036765	1474.810514860059	1	0	1	-0.0743897963969651
136276.3459745577	1000.0	1198.4645403023444	0.0	0	0.0	1474.8105148600298	1	0	1	0.9653309744429559
137200.0	500.0	1274.810514860075	0.0	0	322.49841692493646	1474.8105148600298	1	0	1	-0.07438979639696229
138200.0	1000.0	1274.8105148600741	0.0	0	249.8065402666398	1474.8105148600298	1	0	1	0.9653309744429559
139200.0	1000.0	1274.8105148600962	0.0	0	326.4316328942077	1474.810514860059	1	0	1	1.6584781550028989
140200.0	1000.0	1274.8105148600748	0.0	0	260.57646324383677	1474.810514860059	1	0	1	1.6584781550028984
141200.0	1000.0	1274.8105148600769	0.0	0	84.93998769138125	1474.810514860059	1	0	1	1.6584781550028984
142419.86243869932	1000.0	1054.9480761607574	0.0	0	0.0	1474.810514860059	1	0	1	1.6584781550028984
143200.0	500.0	1274.810514860071	0.0	0	269.86259519137093	1474.810514860059	1	0	1	-0.0743897963969651
144200.0	1000.0	1274.81051486004	0.0	0	47.23702466094983	1474.8105148600298	1	0	1	0.9653309744429559
145200.0	500.0	1274.810514860034	0.0	0	491.1057764508296	1474.8105148600007	1	0	1	-0.0743897963969593
146200.0	500.0	1274.8105148600089	0.0	0	524.0399359310395	1474.8105148600007	1	0	1	0.6187573841629862
147200.0	500.0	1274.8105148599975	0.0	0	642.2213774039992	1474.8105148600007	1	0	1	0.6187573841629862
148200.0	500.0	1274.8105148600077	0.0	0	533.9637129601324	1474.8105148600007	1	0	1	0.6187573841629862
149200.0	1000.0	1274.81051486003	0.0	0	214.0694270846725	1474.8105148600007	1	0	1	0.9653309744429589
150200.0	1000.0	1274.8105148600107	0.0	0	179.28604144765995	1474.8105148600007	1	0	1	1.6584781550029044
151200.0	1000.0	1274.8105148600005	0.0	0	129.92497478757286	1474.8105148599716	1	0	1	1.658478155002907
152545.5170000223	1000.0	929.2935148377384	0.0	0	0.0	1474.8105148599716	1	0	1	1.658478155002907
153200.0	500.0	1274.8105148600048	0.0	0	58.43931203332613	1474.8105148599716	1	0	1	-0.0743897963969564
154200.0	1000.0	1274.810514860027	0.0	0	324.5750760626106	1474.8105148599716	1	0	1	0.9653309744429617
155200.0	1000.0	1274.8105148600212	0.0	0	136.17526553900097	1474.8105148599716	1	0	1	1.658478155002907
156200.0	1000.0	1274.8105148600046	0.0	0	364.0620156703808	1474.8105148599425	1	0	1	1.6584781550029102
157389.76006151357	1000.0	1085.050453346467	0.0	0	0.0	1474.8105148599425	1	0	1	1.6584781550029102
158200.0	1000.0	1274.8105148600462	0.0	0	281.84161195502384	1474.8105148599425	1	0	1	1.6584781550029102
159200.0	1000.0	1274.8105148600448	0.0	0	291.7939195629151	1474.8105148599425	1	0	1	1.6584781550029102
160277.03483707306	1000.0	1197.775677787009	0.0	0	0.0	1474.8105148599425	1	0	1	1.6584781550029102
161200.0	1000.0	1274.8105148601055	0.0	0	176.03468543375493	1474.8105148599425	1	0	1	1.6584781550029102
162200.0	1000.0	1274.810514860086	0.0	0	256.91307497562957	1474.8105148599425	1	0	1	1.6584781550029102
163200.0	1000.0	1274.8105148600853	0.0	0	49.50157079467317	1474.8105148599425	1	0	1	1.6584781550029102
164200.0	1000.0	1274.8105148600894	0.0	0	54.84997275497881	1474.8105148599425	1	0	1	1.6584781550029102
165200.0	1000.0	1274.8105148600864	0.0	0	175.52247402086505	1474.8105148599425	1	0	1	1.6584781550029102
166200.0	1000.0	1274.810514860074	0.0	0	399.363499361556	1474.8105148599134	1	0	1	1.6584781550029128
167200.0	1000.0	1274.8105148601016	0.0	0	487.4889204581268	1474.8105148599134	1	0	1	1.6584781550029128
168200.0	1000.0	1274.8105148600853	0.0	0	117.9777334878163	1474.8105148598843	1	0	1	1.658478155002916
169200.0	1000.0	1274.810514860095	0.0	0	205.91065711635747	1474.8105148598843	1	0	1	1.6584781550029164
170426.45593169637	1000.0	1048.3545831637375	0.0	0	0.0	1474.8105148599134	1	0	1	1.6584781550029128
171366.4585946136	1000.0	1108.3519202465268	0.0	0	0.0	1474.8105148599134	1	0	1	1.6584781550029128
172200.0	1000.0	1274.8105148600948	0.0	0	158.56316200413858	1474.8105148598843	1	0	1	1.658478155002916
173200.0	1000.0	1274.810514860101	0.0	0	218.33015042194165	1474.8105148599134	1	0	1	1.6584781550029128
174200.0	1000.0	1274.8105148601267	0.0	0	235.9620799353288	1474.8105148599134	1	0	1	1.6584781550029128
175472.9078121716	1000.0	1001.9027026885232	0.0	0	0.0	1474.8105148598843	1	0	1	1.658478155002916
176200.0	500.0	1274.8105148600896	0.0	0	68.52479971855064	1474.8105148598552	1	0	1	-0.07438979639694475
177226.66206308448	1000.0	1248.1484517756116	0.0	0	0.0	1474.8105148598843	1	0	1	0.9653309744429706
178200.0	1000.0	1274.8105148601169	0.0	0	273.53939979401184	1474.8105148598843	1	0	1	1.658478155002916
179200.0	1000.0	1274.810514860127	0.0	0	203.79900070946314	1474.8105148598843	1	0	1	1.658478155002916
180200.0	1000.0	1274.8105148601383	0.0	0	366.7024373461318	1474.8105148599134	1	0	1	1.6584781550029128
181200.0	1000.0	1274.8105148601396	0.0	0	36.8468356760568	1474.8105148599425	1	0	1	1.6584781550029108
182200.0	1000.0	1274.810514860136	0.0	0	215.7902538885537	1474.8105148599134	1	0	1	1.6584781550029128
183200.0	1000.0	1274.8105148601392	0.0	0	266.2689196584979	1474.8105148599134	1	0	1	1.6584781550029128
184200.0	1000.0	1274.8105148601514	0.0	0	302.0495467140281	1474.8105148599134	1	0	1	1.6584781550029128
185200.0	1000.0	1274.810514860145	0.0	0	351.00376959805726	1474.8105148598843	1	0	1	1.658478155002916
186867.05724355084	1000.0	607.753271309306	0.0	0	0.0	1474.8105148598552	1	0	1	1.6584781550029186
187378.90092007664	500.0	1095.9095947835308	0.0	0	0.0	1474.8105148598552	1	0	1	-0.07438979639694475
188591.57369994262	1000.0	883.2368149175577	0.0	0	0.0	1474.810514859826	1	0	1	0.9653309744429763
189493.63678299502	500.0	981.173731865188	0.0	0	0.0	1474.810514859826	1	0	1	-0.07438979639694178
190200.0	500.0	1274.8105148602012	0.0	0	156.20622003471362	1474.810514859826	1	0	1	0.6187573841630036
191200.0	500.0	1274.8105148602087	0.0	0	366.9948335478257	1474.810514859797	1	0	1	0.618757384163006
192200.0	500.0	1274.8105148602215	0.0	0	323.10521152988076	1474.810514859797	1	0	1	0.6187573841630065
193200.0	500.0	1274.8105148602276	0.0	0	519.540754075133	1474.810514859797	1	0	1	0.6187573841630065
194200.0	500.0	1274.81051486025	0.0	0	567.9372972580022	1474.810514859826	1	0	1	0.6187573841630036
195200.0	500.0	1274.8105148602476	0.0	0	278.57414268748835	1474.810514859826	1	0	1	0.6187573841630036
196200.0	500.0	1274.8105148602287	0.0	0	268.30005048713065	1474.810514859797	1	0	1	0.618757384163006
197200.0	500.0	1274.8105148602306	0.0	0	359.0655081826844	1474.8105148597679	1	0	1	0.6187573841630094
198200.0	500.0	1274.810514860248	0.0	0	537.5309977355646	1474.8105148597679	1	0	1	0.6187573841630094
199200.0	500.0	1274.8105148602663	0.0	0	341.5164846003172	1474.8105148597388	1	0	1	0.6187573841630117
200200.0	500.0	1274.810514860235	0.0	0	488.36949983233353	1474.8105148597388	1	0	1	0.6187573841630124
201200.0	500.0	1274.8105148602483	0.0	0	524.015355769865	1474.8105148597388	1	0	1	0.6187573841630124
202200.0	1000.0	1274.8105148602704	0.0	0	141.46048115944723	1474.8105148597679	1	0	1	0.9653309744429828
203274.7205122523	1000.0	1200.0900026079732	0.0	0	0.0	1474.8105148597679	1	0	1	1.6584781550029275
204200.0	1000.0	1274.810514860261	0.0	0	204.09960017938283	1474.8105148597679	1	0	1	1.6584781550029275
205200.0	1000.0	1274.8105148602472	0.0	0	245.59963758316007	1474.8105148597388	1	0	1	1.65847815500293
206489.52272876637	1000.0	985.2877860938743	0.0	0	0.0	1474.8105148597388	1	0	1	1.6584781550029304
207200.0	500.0	1274.8105148602497	0.0	0	65.39673927531112	1474.8105148597388	1	0	1	-0.07438979639693309
208200.0	500.0	1274.8105148602551	0.0	0	383.0418845953536	1474.8105148597388	1	0	1	0.6187573841630124
209200.0	500.0	1274.8105148602426	0.0	0	559.8968084909138	1474.8105148597388	1	0	1	0.6187573841630124
210200.0	500.0	1274.810514860239	0.0	0	548.7051451880543	1474.8105148597388	1	0	1	0.6187573841630124
211200.0	500.0	1274.8105148602401	0.0	0	478.8135322461603	1474.8105148597388	1	0	1	0.6187573841630124
212416.18975651302	1000.0	1058.620758347205	0.0	0	0.0	1474.8105148597097	1	0	1	0.9653309744429881
213200.0	500.0	1274.8105148601962	0.0	0	310.7493271949934	1474.8105148597097	1	0	1	-0.07438979639693012
214200.0	1000.0	1274.8105148601858	0.0	0	50.00841072003823	1474.8105148597388	1	0	1	0.965330974442985
215860.63809248176	1000.0	614.1724223784338	0.0	0	0.0	1474.8105148597388	1	0	1	1.6584781550029304
216436.1582091892	500.0	1038.6523056709657	0.0	0	0.0	1474.8105148597388	1	0	1	-0.07438979639693309
217223.6009253851	500.0	1251.20958947504	0.0	0	0.0	1474.8105148597388	1	0	1	0.6187573841630124
218200.0	500.0	1274.8105148601644	0.0	0	223.1875732030312	1474.8105148597388	1	0	1	0.6187573841630124
219200.0	500.0	1274.8105148601628	0.0	0	417.2573283572565	1474.8105148597388	1	0	1	0.6187573841630124
220200.0	500.0	1274.8105148601842	0.0	0	651.8912548296503	1474.8105148597388	1	0	1	0.6187573841630124
221200.0	500.0	1274.8105148601794	0.0	0	555.8919458820601	1474.8105148597388	1	0	1	0.6187573841630124
222200.0	500.0	1274.8105148602028	0.0	0	599.7305233947409	1474.8105148597388	1	0	1	0.6187573841630124
223264.76833054706	1000.0	1210.0421843131164	0.0	0	0.0	1474.8105148597388	1	0	1	0.965330974442985
224245.55435083472	1000.0	1229.2561640254598	0.0	0	0.0	1474.8105148597679	1	0	1	1.6584781550029275
225317.13079883475	1000.0	1157.6797160254323	0.0	0	0.0	1474.8105148597679	1	0	1	1.6584781550029275
226200.0	500.0	1274.8105148601921	0.0	0	234.4022112241655	1474.8105148597679	1	0	1	-0.074389796396936
227200.0	500.0	1274.810514860191	0.0	0	399.5619794927188	1474.8105148597679	1	0	1	0.6187573841630094
228200.0	500.0	1274.810514860163	0.0	0	694.8923774857831	1474.8105148597679	1	0	1	0.6187573841630094
229455.71909142705	1000.0	1019.0914234331198	0.0	0	0.0	1474.8105148597679	1	0	1	0.9653309744429822
230649.33800419656	500.0	825.4725106636163	0.0	0	0.0	1474.8105148597679	1	0	1	-0.074389796396936
231247.38369192014	500.0	1227.4268229400404	0.0	0	0.0	1474.8105148597679	1	0	1	0.6187573841630094
232200.0	500.0	1274.8105148601835	0.0	0	386.4851466364926	1474.8105148597679	1	0	1	0.6187573841630101
233200.0	500.0	1274.8105148601942	0.0	0	333.45073765920824	1474.8105148597679	1	0	1	0.6187573841630094
234200.0	500.0	1274.8105148602003	0.0	0	408.3383183121914	1474.810514859797	1	0	1	0.6187573841630065
235200.0	500.0	1274.810514860194	0.0	0	589.3680860342283	1474.810514859797	1	0	1	0.6187573841630065
236200.0	500.0	1274.8105148601426	0.0	0	381.50628356219386	1474.8105148597679	1	0	1	0.6187573841630094
237200.0	500.0	1274.810514860154	0.0	0	370.82382278252044	1474.8105148597679	1	0	1	0.6187573841630094
238200.0	500.0	1274.8105148601658	0.0	0	353.6034422648372	1474.810514859797	1	0	1	0.6187573841630065
239200.0	500.0	1274.810514860141	0.0	0	393.1861052130407	1474.8105148597679	1	0	1	0.6187573841630094
240200.0	500.0	1274.810514860129	0.0	0	544.75382649331	1474.8105148597679	1	0	1	0.6187573841630094
241200.0	500.0	1274.8105148601248	0.0	0	670.5687083997182	1474.8105148597679	1	0	1	0.6187573841630094
242200.0	1000.0	1274.8105148601164	0.0	0	410.12975595894386	1474.8105148597679	1	0	1	0.9653309744429822
243200.0	1000.0	1274.8105148601155	0.0	0	203.37777664145688	1474.8105148597679	1	0	1	1.658478155002928
244464.6356561864	1000.0	1010.1748586737041	0.0	0	0.0	1474.8105148597679	1	0	1	1.6584781550029275
245607.37561289282	1000.0	867.4349019672635	0.0	0	0.0	1474.8105148597388	1	0	1	1.6584781550029304
246200.0	500.0	1274.8105148601023	0.0	0	266.59175581208547	1474.8105148597388	1	0	1	-0.07438979639693309
247200.0	1000.0	1274.8105148601178	0.0	0	448.3084350581339	1474.8105148597388	1	0	1	0.965330974442985
248200.0	1000.0	1274.8105148601246	0.0	0	359.20951750219683	1474.8105148597679	1	0	1	1.6584781550029275
249200.0	1000.0	1274.8105148601273	0.0	0	435.5199252261664	1474.810514859797	1	0	1	1.6584781550029246
250200.0	1000.0	1274.8105148601353	0.0	0	584.5027219898475	1474.8105148597679	1	0	1	1.6584781550029275
251217.49246887953	1000.0	1257.318045980607	0.0	0	94.40487369455514	1474.8105148597388	1	0	1	1.6584781550029304
252475.9543523982	1000.0	998.856162461924	0.0	0	0.0	1474.8105148597388	1	0	1	1.6584781550029304
253774.2615678459	1000.0	700.5489470142286	0.0	0	0.0	1474.8105148597097	1	0	1	1.6584781550029335
254394.91288732763	500.0	1079.8976275325012	0.0	0	0.0	1474.8105148597097	1	0	1	-0.07438979639693012
255390.236246497	500.0	1084.5742683631536	0.0	0	0.0	1474.8105148597097	1	0	1	0.6187573841630153
256200.0	500.0	1274.8105148601455	0.0	0	212.8591948164394	1474.8105148597388	1	0	1	0.6187573841630124
257200.0	500.0	1274.8105148601185	0.0	0	641.7697773916007	1474.8105148597388	1	0	1	0.6187573841630124
258200.0	500.0	1274.8105148600687	0.0	0	638.1906189089641	1474.8105148597388	1	0	1	0.6187573841630124
259200.0	500.0	1274.8105148600796	0.0	0	661.9248638185672	1474.8105148597388	1	0	1	0.6187573841630124
260200.0	1000.0	1274.810514860062	0.0	0	154.93953784415498	1474.8105148597388	1	0	1	0.965330974442985
261571.28031385358	1000.0	903.5302010064695	0.0	0	0.0	1474.8105148597679	1	0	1	1.6584781550029275
262528.27259868575	1000.0	946.5379161742793	0.0	0	0.0	1474.8105148597097	1	0	1	1.6584781550029306
263200.0	500.0	1274.8105148600075	0.0	0	284.588798943907	1474.8105148596806	1	0	1	-0.07438979639692955
264200.0	1000.0	1274.8105148600075	0.0	0	52.838609172205906	1474.8105148596806	1	0	1	0.9653309744429908
265200.0	1000.0	1274.810514859988	0.0	0	36.281795158050954	1474.8105148596806	1	0	1	1.6584781550029362
266200.0	1000.0	1274.81051485998	0.0	0	89.73278417839902	1474.8105148596223	1	0	1	1.6584781550029422
267292.70497269434	1000.0	1182.1055421656613	0.0	0	0.0	1474.8105148596223	1	0	1	1.6584781550029422
268239.6813334933	1000.0	1235.1291813666448	0.0	0	0.0	1474.8105148595641	1	0	1	1.658478155002948
269268.103416443	1000.0	1206.707098416991	0.0	0	0.0	1474.8105148595641	1	0	1	1.658478155002948
270200.0	1000.0	1274.8105148599757	0.0	0	114.97566372231813	1474.8105148596223	1	0	1	1.6584781550029422
271284.114938858	1000.0	1190.6955760019264	0.0	0	0.0	1474.8105148595641	1	0	1	1.658478155002948
272614.3287487235	1000.0	860.4817661364267	0.0	0	0.0	1474.8105148595641	1	0	1	1.658478155002948
273200.0	500.0	1274.810514859966	0.0	0	219.93489131768	1474.8105148596223	1	0	1	-0.07438979639692145
274200.0	500.0	1274.810514859945	0.0	0	604.1436711165006	1474.8105148596223	1	0	1	0.618757384163024
275266.7900661721	1000.0	1208.0204486878472	0.0	0	0.0	1474.8105148595641	1	0	1	0.9653309744430025
276200.0	500.0	1274.8105148598988	0.0	0	470.11258468049346	1474.8105148595641	1	0	1	-0.07438979639691568
277200.0	1000.0	1274.8105148599284	0.0	0	31.826128614484333	1474.8105148596223	1	0	1	0.9653309744429966
278200.0	1000.0	1274.8105148599366	0.0	0	228.57186681276653	1474.8105148596806	1	0	1	1.6584781550029362
279200.0	1000.0	1274.8105148599302	0.0	0	47.55660940596135	1474.8105148596806	1	0	1	1.6584781550029362
280200.0	1000.0	1274.810514859907	0.0	0	30.204161662550177	1474.8105148596223	1	0	1	1.6584781550029422
281200.0	1000.0	1274.8105148598845	0.0	0	179.47024165821495	1474.8105148596223	1	0	1	1.6584781550029422
282247.96397566696	1000.0	1226.8465391928269	0.0	0	0.0	1474.8105148595641	1	0	1	1.658478155002948
283550.13938471884	1000.0	924.6711301409227	0.0	0	0.0	1474.8105148595641	1	0	1	1.658478155002948
284200.0	500.0	1274.810514859766	0.0	0	61.95203788415529	1474.8105148595641	1	0	1	-0.07438979639691568
285200.0	1000.0	1274.8105148598133	0.0	0	230.84555991902016	1474.8105148596223	1	0	1	0.9653309744429978
286200.0	1000.0	1274.8105148598092	0.0	0	272.8482155086822	1474.8105148596223	1	0	1	1.6584781550029422
287200.0	1000.0	1274.8105148597663	0.0	0	109.10960915061878	1474.8105148596806	1	0	1	1.6584781550029362
288200.0	1000.0	1274.810514859766	0.0	0	65.57352213212289	1474.8105148596806	1	0	1	1.6584781550029362
289200.0	1000.0	1274.8105148597706	0.0	0	151.68425840808777	1474.8105148597388	1	0	1	1.6584781550029315
290205.28162058134	1000.0	1269.528894278423	0.0	0	0.0	1474.8105148597388	1	0	1	1.6584781550029304
291200.0	1000.0	1274.8105148597665	0.0	0	37.58469352783868	1474.8105148597388	1	0	1	1.6584781550029304
292310.55951034924	1000.0	1164.2510045104882	0.0	0	0.0	1474.8105148597388	1	0	1	1.6584781550029304
293200.0	500.0	1274.8105148597642	0.0	0	385.0658542380552	1474.8105148597388	1	0	1	-0.07438979639693309
294200.0	500.0	1274.8105148597588	0.0	0	288.6578417023993	1474.8105148597388	1	0	1	0.6187573841630124
295200.0	500.0	1274.8105148598004	0.0	0	529.5235251211561	1474.8105148596806	1	0	1	0.6187573841630181
296200.0	1000.0	1274.8105148597588	0.0	0	175.61962431919528	1474.8105148596223	1	0	1	0.9653309744429966
297200.0	1000.0	1274.810514859766	0.0	0	98.66011113644345	1474.8105148596806	1	0	1	1.6584781550029362
298200.0	1000.0	1274.810514859769	0.0	0	255.8039923790493	1474.8105148596806	1	0	1	1.6584781550029362
299200.0	1000.0	1274.8105148597062	0.0	0	40.669830903352704	1474.8105148596806	1	0	1	1.6584781550029362
300200.0	1000.0	1274.8105148596114	0.0	0	255.94670937367482	1474.8105148596223	1	0	1	1.6584781550029422
301644.5761325558	1000.0	830.2343823038277	0.0	0	0.0	1474.8105148595641	1	0	1	1.658478155002948
302200.0	500.0	1274.8105148596837	0.0	0	104.51263666438172	1474.8105148595641	1	0	1	-0.07438979639691568
303297.84920354263	1000.0	1176.9613113170826	0.0	0	0.0	1474.8105148595641	1	0	1	0.9653309744430025
304200.0	1000.0	1274.8105148596155	0.0	0	394.88887548516504	1474.8105148595641	1	0	1	1.658478155002948
305200.0	1000.0	1274.810514859574	0.0	0	392.38198003114667	1474.8105148595641	1	0	1	1.658478155002948
306208.89430096914	1000.0	1265.9162138904483	0.0	0	0.0	1474.8105148596223	1	0	1	1.6584781550029422
307200.0	1000.0	1274.8105148595778	0.0	0	365.44573945883894	1474.8105148596806	1	0	1	1.6584781550029362
308200.0	1000.0	1274.8105148595619	0.0	0	482.2221016586409	1474.8105148596806	1	0	1	1.6584781550029362
309200.0	1000.0	1274.8105148595764	0.0	0	77.7595990083064	1474.8105148596806	1	0	1	1.6584781550029362
310397.44906574173	1000.0	1077.3614491178332	0.0	0	0.0	1474.8105148596223	1	0	1	1.6584781550029422
1.15	1.42	1.07	1.41	1.88	1.77	1.46	1.65	1.1	1.04	1.18	1.11	1.18	1.47	0.68	0.92	1.41	1.58	1.23	1.38	1.04	1.38	1.92	1.54	1.56	0.43	0.81	0.94	0.75	0.89	0.93	1.11	1.22	0.85	0.78	0.9	1.18	0.93	0.95	1.44	1.67	1.41	1.22	0.97	1.23	0.76	0.72	1.05	1.45	1.05	1.38	0.98	1.0	0.87	0.72	1.02	0.78	0.94	1.26	1.09	1.36	1.17	1.0	1.27	0.67	1.0	1.34	1.39	0.88	0.5	0.79	1.05	1.02	0.93	1.17	1.08	0.67	0.68	1.29	1.83	1.34	1.42	1.04	1.1	1.17	1.4	1.68	2.13	2.18	1.92	0.54	0.82	1.03	0.75	0.67	1.23	1.49	1.98	1.3	1.42	0.83	0.82	1.66	1.03	1.08	1.01	0.98	1.05	1.17	1.15	1.1	0.53	1.54	1.26	1.19	1.4	1.32	1.14	1.08	0.96	1.17	1.0	0.98	1.07	1.02	1.11	1.14	1.27	0.83	0.86	1.18	1.1	0.8	1.02	1.09	1.16	1.33	1.16	1.09	1.08	0.8	1.22	1.25	1.82	1.56	0.8	1.82	1.76	0.89	0.65	1.15	1.42	1.07	1.41	1.88	1.77	1.46	1.65	1.1	1.04	1.18	1.11	1.18	1.47	0.68	0.92	1.41	1.58	1.23	1.38	1.04	1.38	1.92	1.54	1.56	0.43	0.81	0.94	0.75	0.89	0.93	1.11	1.22	0.85	0.78	0.9	1.18	0.93	0.95	1.44	1.67	1.41	1.22	0.97	1.23	0.76	0.72	1.05	1.45	1.05	1.38	0.98	1.0	0.87	0.72	1.02	0.78	0.94	1.26	1.09	1.36	1.17	1.0	1.27	0.67	1.0	1.34	1.39	0.88	0.5	0.79	1.05	1.02	0.93	1.17	1.08	0.67	0.68	1.29	1.83	1.34	1.42	1.04	1.1	1.17	1.4	1.68	2.13	2.18	1.92	0.54	0.82	1.03	0.75	0.67	1.23	1.49	1.98	1.3	1.42	0.83	0.82	1.66	1.03	1.08	1.01	0.98	1.05	1.17	1.15	1.1	0.53	1.54	1.26	1.19	1.4	1.32	1.14	1.08	0.96	1.17	1.0	0.98	1.07	1.02	1.11	1.14	1.27	0.83	0.86	1.18	1.1	0.8	1.02	1.09	1.16	1.33	1.16	1.09	1.08	0.8	1.22	1.25	1.82	1.56	0.8	1.82	1.76	0.89	0.65	1.15	1.42	1.07	1.41	1.88	1.77	1.46	1.65	1.1	1.04	1.18
1.0	2.0	3.0	4.0	5.0	6.0	7.0	8.0	9.0	10.0	11.0	12.0	13.0	14.0	15.0	16.0	17.0	18.0	19.0	20.0	21.0	22.0	23.0	24.0	25.0	26.0	27.0	28.0	29.0	30.0	31.0	32.0	33.0	34.0	35.0	36.0	37.0	38.0	39.0	40.0	41.0	42.0	43.0	44.0	45.0	46.0	47.0	48.0	49.0	50.0	51.0	52.0	53.0	54.0	55.0	56.0	57.0	58.0	59.0	60.0	61.0	62.0	63.0	64.0	65.0	66.0	67.0	68.0	69.0	70.0	71.0	72.0	73.0	74.0	75.0	76.0	77.0	78.0	79.0	80.0	81.0	82.0	83.0	84.0	85.0	86.0	87.0	88.0	89.0	90.0	91.0	92.0	93.0	94.0	95.0	96.0	97.0	98.0	99.0	100.0	101.0	102.0	103.0	104.0	105.0	106.0	107.0	108.0	109.0	110.0	111.0	112.0	113.0	114.0	115.0	116.0	117.0	118.0	119.0	120.0	121.0	122.0	123.0	124.0	125.0	126.0	127.0	128.0	129.0	130.0	131.0	132.0	133.0	134.0	135.0	136.0	137.0	138.0	139.0	140.0	141.0	142.0	143.0	144.0	145.0	146.0	147.0	148.0	149.0	149.0	150.0	151.0	152.0	153.0	154.0	155.0	156.0	157.0	158.0	159.0	160.0	161.0	162.0	163.0	164.0	165.0	166.0	167.0	168.0	169.0	170.0	171.0	172.0	173.0	174.0	175.0	176.0	177.0	178.0	179.0	180.0	181.0	182.0	183.0	184.0	185.0	186.0	187.0	188.0	189.0	190.0	191.0	192.0	193.0	194.0	195.0	196.0	197.0	198.0	199.0	200.0	201.0	202.0	203.0	204.0	205.0	206.0	207.0	208.0	209.0	210.0	211.0	212.0	213.0	214.0	215.0	216.0	217.0	218.0	219.0	220.0	221.0	222.0	223.0	224.0	225.0	226.0	227.0	228.0	229.0	230.0	231.0	232.0	233.0	234.0	235.0	236.0	237.0	238.0	239.0	240.0	241.0	242.0	243.0	244.0	245.0	246.0	247.0	248.0	249.0	250.0	251.0	252.0	253.0	254.0	255.0	256.0	257.0	258.0	259.0	260.0	261.0	262.0	263.0	264.0	265.0	266.0	267.0	268.0	269.0	270.0	271.0	272.0	273.0	274.0	275.0	276.0	277.0	278.0	279.0	280.0	281.0	282.0	283.0	284.0	285.0	286.0	287.0	288.0	289.0	290.0	291.0	292.0	293.0	294.0	295.0	296.0	297.0	298.0	298.0	299.0	300.0	301.0	302.0	303.0	304.0	305.0	306.0	307.0	308.0	309.0
2515.172009469804
