2957.2054003923226	300.0	2000.0	168.6561247043121	0	0.0	2957.2054003923226	1	0	1	-1.3039800472940875
5200.0	2000.0	657.2000000000006	0.0	0	284.0026697913827	857.2000000000007	1	0	2	0.45922390319117945
6200.0	1000.0	2757.200000000001	0.0	0	532.4323921163268	2957.200000000001	1	0	0	0.4210336967065532
9749.168575550231	3000.0	200.0	133.53221191386433	0	0.0	949.1685755502313	1	0	2	0.8564083653383142
10200.0	300.0	2794.251717995208	0.0	0	278.9756090194169	2994.2517179952065	1	0	0	-2.9996077999094126
13200.0	3000.0	694.2517179952087	0.0	0	174.53100729936523	894.2517179952065	1	0	2	0.4585711628588176
14200.0	1000.0	2794.2517179952083	0.0	0	650.138412167671	2994.2517179952047	1	0	0	0.01192174602127366
17200.0	3000.0	694.2517179952082	0.0	0	45.95820832660684	894.2517179952047	1	0	2	1.6629449972131358
18200.0	1000.0	2794.2517179952097	0.0	0	658.7452714071951	2994.2517179952065	1	0	0	0.011921746021273605
21889.165091202165	6000.0	200.0	239.84534757015427	0	0.0	1089.165091202165	1	0	2	0.560210881882372
22200.0	300.0	2920.2485820819484	0.0	0	116.5494292661424	3120.2485820819493	1	0	0	-3.7064101900060615
26077.54410296832	3000.0	200.0	313.6817556210985	0	0.0	1277.5441029683207	1	0	2	-1.444267320995533
26347.840337743226	300.0	2956.733388702589	0.0	0	0.0	3304.573726445811	1	0	0	-3.032423388739329
29790.520029083298	3000.0	354.9613567109585	0.0	0	0.0	1145.4813857942536	1	0	2	0.43302168429780186
30200.0	500.0	2986.429382885925	0.0	0	118.94485553625054	3186.429382885919	1	0	0	-1.7425606783034278
33334.99000950362	3000.0	737.9403724319466	0.0	0	0.0	1072.9303819355664	1	0	2	0.9516282391198977
34200.0	1000.0	2959.4313809852038	0.0	0	219.30071989427233	3159.431380985203	1	0	0	-0.005592932181482713
37950.9707612771	3000.0	200.0	151.48768765418913	0	0.0	1150.9707612771017	1	0	2	0.736710761120568
38200.0	300.0	2975.8736851493977	0.0	0	93.8086639939429	3175.873685149396	1	0	0	-3.01908444975647
41769.02375082173	3000.0	249.9475592454953	0.0	0	0.0	1018.9713100672307	1	0	2	0.4456200168094163
42200.0	300.0	2862.068934985052	0.0	0	331.51827185401635	3062.068934985051	1	0	0	-3.006247970197375
45200.0	3000.0	762.0689349850486	0.0	0	284.2702477985731	962.0689349850509	1	0	2	0.4514141535524344
46200.0	1000.0	2862.0689349850404	0.0	0	646.0977919487705	3062.0689349850363	1	0	0	0.005140024322290271
49384.59872338789	3000.0	559.0103392583583	0.0	0	0.0	943.6090626462392	1	0	2	1.6576405457917447
50200.0	1000.0	2825.149190307467	0.0	0	104.86727862394036	3025.1491903074493	1	0	0	0.007699028167389044
53661.17685083238	3000.0	217.85465439184608	0.0	0	0.0	879.0315052242076	1	0	2	1.6635102628721719
54200.0	300.0	2732.9138201409883	0.0	0	270.0872997536353	2932.913820140966	1	0	0	-2.9932703071762465
58233.44293069185	3000.0	200.0	639.8849123818604	0	0.0	1433.4429306918464	1	0	2	-3.4217081484557075
58549.30204066348	500.0	884.140890028365	0.0	0	0.0	1433.4429306918464	1	0	1	-1.3688653266482536
59205.8403344453	1000.0	1227.6025962465412	0.0	0	0.0	1433.4429306918464	1	0	1	0.9694677328597743
60200.0	1000.0	1233.4429306918464	0.0	0	451.0395619427072	1433.4429306918464	1	0	1	1.6626149134197197
61200.0	1000.0	1233.4429306918498	0.0	0	457.4731100728022	1433.4429306918537	1	0	1	1.662614913419719
62200.0	1000.0	1233.4429306918485	0.0	0	525.0226200444595	1433.4429306918464	1	0	1	1.6626149134197197
63200.0	1000.0	1233.4429306918541	0.0	0	401.993492192305	1433.4429306918464	1	0	1	1.6626149134197197
64200.0	1000.0	1233.4429306918573	0.0	0	220.0733916908357	1433.4429306918464	1	0	1	1.6626149134197197
65200.0	1000.0	1233.4429306918623	0.0	0	508.5256209332583	1433.4429306918464	1	0	1	1.6626149134197197
66200.0	1000.0	1233.4429306918541	0.0	0	504.6242154262509	1433.4429306918319	1	0	1	1.6626149134197208
67200.0	1000.0	1233.4429306918644	0.0	0	505.483893868397	1433.4429306918464	1	0	1	1.6626149134197203
68200.0	1000.0	1233.4429306918535	0.0	0	463.66604402833036	1433.4429306918464	1	0	1	1.6626149134197197
69242.10614692766	2000.0	1191.3367837642015	0.0	0	0.0	1433.4429306918464	1	0	1	2.009188503699692
70848.45982667664	2000.0	584.9831040152204	0.0	0	0.0	1433.442930691861	1	0	1	2.7023356842596358
71399.19911699167	1000.0	1034.2438137001675	0.0	0	0.0	1433.442930691861	1	0	1	0.9694677328597731
72200.0	1000.0	1233.4429306918391	0.0	0	412.296170385438	1433.442930691861	1	0	1	1.6626149134197181
73200.0	2000.0	1233.4429306918328	0.0	0	307.95753456125385	1433.4429306918464	1	0	1	2.009188503699692
74200.0	2000.0	1233.442930691838	0.0	0	206.93893831476453	1433.4429306918464	1	0	1	2.7023356842596375
75200.0	2000.0	1233.4429306918375	0.0	0	60.2503923985787	1433.4429306918319	1	0	1	2.702335684259639
76305.44798390713	2000.0	1127.9949467846986	0.0	0	0.0	1433.4429306918319	1	0	1	2.702335684259639
77200.0	1000.0	1233.442930691829	0.0	0	210.5405417179718	1433.4429306918319	1	0	1	0.9694677328597758
78200.0	1000.0	1233.4429306918364	0.0	0	548.0243876834138	1433.4429306918464	1	0	1	1.6626149134197197
79200.0	1000.0	1233.4429306918412	0.0	0	662.9250256882369	1433.442930691861	1	0	1	1.6626149134197181
80200.0	1000.0	1233.4429306918278	0.0	0	580.2052552474197	1433.442930691861	1	0	1	1.6626149134197181
81200.0	2000.0	1233.4429306918169	0.0	0	274.7630955384666	1433.442930691861	1	0	1	2.009188503699691
82386.85150818386	2000.0	1046.5914225079605	0.0	0	0.0	1433.442930691861	1	0	1	2.7023356842596358
83200.0	2000.0	1233.4429306918234	0.0	0	258.9494324424304	1433.4429306918319	1	0	1	2.702335684259639
84200.0	2000.0	1233.442930691818	0.0	0	474.93344316098955	1433.4429306918319	1	0	1	2.702335684259639
85200.0	2000.0	1233.4429306918025	0.0	0	437.6530861423089	1433.4429306918319	1	0	1	2.702335684259639
86200.0	2000.0	1233.4429306918112	0.0	0	207.94936311311903	1433.4429306918319	1	0	1	2.702335684259639
87211.81515858318	2000.0	1221.6277721086522	0.0	0	0.0	1433.4429306918319	1	0	1	2.702335684259639
88442.64115674938	2000.0	990.8017739424453	0.0	0	0.0	1433.4429306918028	1	0	1	2.702335684259642
89430.73328323939	2000.0	1002.7096474524412	0.0	0	0.0	1433.4429306918173	1	0	1	2.702335684259641
90214.64513174669	2000.0	1218.7977989451524	0.0	0	0.0	1433.4429306918173	1	0	1	2.70233568425964
91200.0	2000.0	1233.4429306918191	0.0	0	145.26076337099948	1433.4429306918173	1	0	1	2.70233568425964
92200.0	2000.0	1233.4429306918196	0.0	0	316.11786380237027	1433.4429306918028	1	0	1	2.7023356842596415
93200.0	2000.0	1233.4429306918094	0.0	0	416.64110324585636	1433.4429306918028	1	0	1	2.702335684259642
94200.0	2000.0	1233.4429306918062	0.0	0	212.91469441592926	1433.4429306917882	1	0	1	2.7023356842596433
95321.39255023183	2000.0	1112.0503804599584	0.0	0	0.0	1433.4429306917737	1	0	1	2.7023356842596447
96293.94521801345	2000.0	1139.497712678332	0.0	0	0.0	1433.4429306917737	1	0	1	2.7023356842596447
97290.21411678247	2000.0	1143.2288139093152	0.0	0	0.0	1433.4429306917737	1	0	1	2.7023356842596447
98735.66318947302	2000.0	697.7797412187577	0.0	0	0.0	1433.442930691759	1	0	1	2.7023356842596464
99241.51867064883	1000.0	1191.9242600429502	0.0	0	0.0	1433.442930691759	1	0	1	0.9694677328597834
100200.0	2000.0	1233.4429306917968	0.0	0	227.3017718996707	1433.442930691759	1	0	1	2.009188503699701
101200.0	2000.0	1233.442930691801	0.0	0	66.01542997331126	1433.442930691759	1	0	1	2.7023356842596464
102478.38946623211	2000.0	955.0534644597044	0.0	0	0.0	1433.442930691759	1	0	1	2.7023356842596464
103200.0	1000.0	1233.4429306918269	0.0	0	276.9249418301479	1433.442930691759	1	0	1	0.9694677328597834
104200.0	2000.0	1233.442930691831	0.0	0	130.29147150354402	1433.442930691759	1	0	1	2.009188503699701
105200.0	2000.0	1233.4429306918362	0.0	0	303.39499723512563	1433.4429306917737	1	0	1	2.7023356842596447
106200.0	2000.0	1233.4429306918346	0.0	0	255.91112417863042	1433.4429306917737	1	0	1	2.7023356842596447
107200.0	2000.0	1233.442930691835	0.0	0	2.290598481646157	1433.4429306917737	1	0	1	2.7023356842596447
108200.0	2000.0	1233.4429306918298	0.0	0	36.50992696276808	1433.4429306917737	1	0	1	2.7023356842596447
109200.0	2000.0	1233.4429306918237	0.0	0	241.08390659715224	1433.4429306917737	1	0	1	2.7023356842596447
110200.0	2000.0	1233.4429306918328	0.0	0	320.4960283448163	1433.4429306917737	1	0	1	2.7023356842596447
111200.0	2000.0	1233.4429306918423	0.0	0	205.16839880889165	1433.4429306917737	1	0	1	2.7023356842596447
112588.3001737225	2000.0	845.1427569693374	0.0	0	0.0	1433.4429306917737	1	0	1	2.7023356842596447
113485.7963745006	1000.0	947.646556191238	0.0	0	0.0	1433.4429306917737	1	0	1	0.9694677328597816
114200.0	1000.0	1233.4429306918375	0.0	0	174.68431877181865	1433.4429306917737	1	0	1	1.6626149134197268
115200.0	1000.0	1233.44293069182	0.0	0	440.0424864928791	1433.442930691759	1	0	1	1.6626149134197286
116200.0	1000.0	1233.4429306918305	0.0	0	588.463900577146	1433.442930691759	1	0	1	1.6626149134197286
117200.0	1000.0	1233.442930691835	0.0	0	436.5184966636298	1433.442930691759	1	0	1	1.6626149134197286
118200.0	1000.0	1233.4429306918266	0.0	0	470.315357372514	1433.442930691759	1	0	1	1.6626149134197286
119200.0	1000.0	1233.442930691827	0.0	0	514.2105342756695	1433.442930691759	1	0	1	1.6626149134197286
120200.0	2000.0	1233.4429306918234	0.0	0	44.7918976949004	1433.442930691759	1	0	1	2.009188503699701
121200.0	2000.0	1233.4429306918094	0.0	0	247.9779491591471	1433.442930691759	1	0	1	2.7023356842596464
122200.0	2000.0	1233.4429306918125	0.0	0	133.114913515863	1433.442930691759	1	0	1	2.7023356842596464
123200.0	2000.0	1233.442930691797	0.0	0	101.75743059233355	1433.442930691759	1	0	1	2.7023356842596464
124200.0	2000.0	1233.4429306918	0.0	0	230.63812470708217	1433.442930691759	1	0	1	2.7023356842596464
125200.0	2000.0	1233.4429306917962	0.0	0	274.6402078565734	1433.4429306917737	1	0	1	2.7023356842596447
126200.0	2000.0	1233.4429306918032	0.0	0	84.81273698757286	1433.4429306917737	1	0	1	2.7023356842596447
127477.98567516798	2000.0	955.4572555238163	0.0	0	0.0	1433.442930691759	1	0	1	2.7023356842596464
128551.66967616229	2000.0	881.7732545295041	0.0	0	0.0	1433.442930691759	1	0	1	2.7023356842596464
129239.92660540514	1000.0	1193.5163252866503	0.0	0	0.0	1433.442930691759	1	0	1	0.9694677328597834
130200.0	1000.0	1233.4429306918166	0.0	0	313.00443994141824	1433.442930691759	1	0	1	1.6626149134197286
131200.0	1000.0	1233.442930691802	0.0	0	499.2483057725185	1433.442930691759	1	0	1	1.6626149134197286
132200.0	1000.0	1233.4429306918125	0.0	0	668.3682746286504	1433.4429306917737	1	0	1	1.6626149134197286
133200.0	1000.0	1233.4429306918062	0.0	0	602.8863539627346	1433.442930691759	1	0	1	1.6626149134197286
134301.58359365034	2000.0	1131.8593370414414	0.0	0	0.0	1433.44293069173	1	0	1	2.0091885036997033
135200.0	1000.0	1233.44293069179	0.0	0	253.39594137418317	1433.44293069173	1	0	1	0.9694677328597867
136200.0	2000.0	1233.4429306917652	0.0	0	77.68547472983482	1433.44293069173	1	0	1	2.0091885036997046
137200.0	2000.0	1233.4429306917882	0.0	0	370.75119920485304	1433.44293069173	1	0	1	2.702335684259649
138200.0	2000.0	1233.4429306917757	0.0	0	215.20616685354616	1433.44293069173	1	0	1	2.702335684259649
139200.0	2000.0	1233.442930691744	0.0	0	255.50595670193434	1433.44293069173	1	0	1	2.702335684259649
140200.0	2000.0	1233.4429306917098	0.0	0	293.27774120113463	1433.44293069173	1	0	1	2.702335684259649
141200.0	2000.0	1233.442930691696	0.0	0	17.352209660748485	1433.44293069173	1	0	1	2.702335684259649
142200.0	2000.0	1233.4429306917102	0.0	0	144.5944049177051	1433.44293069173	1	0	1	2.702335684259649
143200.0	2000.0	1233.44293069173	0.0	0	310.1408033443149	1433.442930691759	1	0	1	2.7023356842596464
144200.0	2000.0	1233.4429306917173	0.0	0	479.5300505836203	1433.442930691759	1	0	1	2.7023356842596464
145200.0	3000.0	1233.4429306916923	0.0	0	322.2629113268631	1433.442930691759	1	0	1	2.9050682383137287
146231.77066991178	3000.0	1201.6722607799377	0.0	0	0.0	1433.442930691759	1	0	1	3.3105333464218933
147679.6934376504	3000.0	753.7494930413206	0.0	0	0.0	1433.442930691759	1	0	1	3.3105333464218933
148829.76285564998	1000.0	603.6800750416965	0.0	0	0.0	1433.4429306917882	1	0	1	0.5640026247516181
149809.97510650454	500.0	623.4678241871743	0.0	0	0.0	1433.4429306917882	1	0	1	-0.07025303798013803
150200.0	500.0	1233.4429306917016	0.0	0	1.0484760012477636	1433.4429306917882	1	0	1	0.6228941425798075
151200.0	1000.0	1233.4429306917239	0.0	0	221.13729590838193	1433.4429306917882	1	0	1	0.96946773285978
152200.0	500.0	1233.4429306916954	0.0	0	576.3921466142347	1433.4429306917882	1	0	1	-0.07025303798013803
153200.0	500.0	1233.4429306917202	0.0	0	665.3871420279902	1433.4429306917882	1	0	1	0.6228941425798075
154200.0	1000.0	1233.4429306917004	0.0	0	296.39491616952	1433.4429306917882	1	0	1	0.9694677328597813
155200.0	1000.0	1233.442930691707	0.0	0	512.2155343029299	1433.4429306917882	1	0	1	1.6626149134197254
156200.0	1000.0	1233.4429306917314	0.0	0	437.1453545373224	1433.4429306918173	1	0	1	1.6626149134197226
157200.0	1000.0	1233.4429306917596	0.0	0	480.12965556126437	1433.4429306918464	1	0	1	1.6626149134197197
158200.0	1000.0	1233.4429306918148	0.0	0	529.8508582469076	1433.4429306918464	1	0	1	1.6626149134197197
159200.0	1000.0	1233.4429306918184	0.0	0	468.502867528121	1433.4429306918464	1	0	1	1.6626149134197197
160200.0	1000.0	1233.4429306918157	0.0	0	376.2885442933475	1433.4429306918464	1	0	1	1.6626149134197197
161200.0	1000.0	1233.4429306918314	0.0	0	415.24200951485545	1433.4429306918464	1	0	1	1.6626149134197197
162200.0	1000.0	1233.4429306918387	0.0	0	299.3119139992923	1433.4429306918173	1	0	1	1.6626149134197226
163200.0	1000.0	1233.4429306918114	0.0	0	618.9450111584156	1433.4429306917882	1	0	1	1.6626149134197254
164200.0	1000.0	1233.4429306918314	0.0	0	478.6586774804164	1433.4429306917882	1	0	1	1.6626149134197254
165200.0	1000.0	1233.4429306917891	0.0	0	381.4929052682419	1433.4429306917882	1	0	1	1.6626149134197254
166200.0	1000.0	1233.4429306917991	0.0	0	198.24222623495734	1433.4429306917882	1	0	1	1.6626149134197254
167200.0	1000.0	1233.442930691771	0.0	0	42.8653947962448	1433.4429306917882	1	0	1	1.6626149134197254
168200.0	1000.0	1233.4429306917787	0.0	0	290.43999016977614	1433.4429306917882	1	0	1	1.6626149134197254
169200.0	1000.0	1233.4429306917625	0.0	0	282.7899451313715	1433.4429306917882	1	0	1	1.6626149134197254
170200.0	1000.0	1233.4429306917677	0.0	0	422.06926950562047	1433.442930691759	1	0	1	1.6626149134197286
171200.0	1000.0	1233.442930691807	0.0	0	340.43652800566633	1433.442930691759	1	0	1	1.6626149134197286
172237.4493986029	1000.0	1195.9935320889194	0.0	0	0.0	1433.442930691759	1	0	1	1.6626149134197286
173200.0	1000.0	1233.442930691833	0.0	0	225.07780104270205	1433.442930691759	1	0	1	1.6626149134197286
174200.0	1000.0	1233.442930691827	0.0	0	319.95243308114004	1433.44293069173	1	0	1	1.6626149134197312
175200.0	1000.0	1233.4429306918246	0.0	0	198.8036418313859	1433.44293069173	1	0	1	1.6626149134197312
176200.0	1000.0	1233.4429306918146	0.0	0	314.66303140233504	1433.44293069173	1	0	1	1.6626149134197312
177200.0	1000.0	1233.4429306918437	0.0	0	348.6271311924502	1433.442930691759	1	0	1	1.6626149134197286
178200.0	1000.0	1233.4429306918369	0.0	0	439.3117576993536	1433.4429306917882	1	0	1	1.6626149134197254
179200.0	1000.0	1233.442930691832	0.0	0	578.3049619529629	1433.4429306918173	1	0	1	1.6626149134197226
180200.0	1000.0	1233.4429306918296	0.0	0	537.3486701180518	1433.4429306918173	1	0	1	1.6626149134197226
181200.0	1000.0	1233.4429306918234	0.0	0	416.7476892628474	1433.4429306918173	1	0	1	1.6626149134197226
182224.44446923936	2000.0	1208.9984614524883	0.0	0	0.0	1433.4429306918173	1	0	1	2.0091885036996953
183200.0	2000.0	1233.4429306918576	0.0	0	423.0861611511209	1433.4429306918173	1	0	1	2.70233568425964
184200.0	2000.0	1233.4429306918566	0.0	0	176.88286767731188	1433.4429306918464	1	0	1	2.7023356842596375
185200.0	2000.0	1233.4429306918585	0.0	0	80.1019191024534	1433.4429306918464	1	0	1	2.7023356842596375
186200.0	2000.0	1233.4429306918628	0.0	0	83.13208042067708	1433.4429306918464	1	0	1	2.7023356842596375
187680.62013713643	3000.0	752.8227935554578	0.0	0	0.0	1433.4429306918755	1	0	1	2.905068238313717
188200.0	1000.0	1233.4429306918978	0.0	0	179.36156351078534	1433.4429306918755	1	0	1	0.564002624751607
189237.058853316	2000.0	1196.3840773758657	0.0	0	0.0	1433.4429306918173	1	0	1	2.0091885036996944
190200.0	2000.0	1233.4429306918435	0.0	0	117.07303394813789	1433.4429306917882	1	0	1	2.7023356842596433
191819.2336771952	2000.0	614.2092534966662	0.0	0	0.0	1433.4429306918173	1	0	1	2.70233568425964
192395.13322885413	1000.0	1038.309701837728	0.0	0	0.0	1433.4429306918173	1	0	1	0.9694677328597775
193200.0	1000.0	1233.4429306918305	0.0	0	308.714662267128	1433.4429306918173	1	0	1	1.6626149134197226
194200.0	1000.0	1233.4429306918464	0.0	0	627.0150153539435	1433.4429306918173	1	0	1	1.6626149134197226
195200.0	1000.0	1233.4429306918507	0.0	0	344.42753918029484	1433.4429306918173	1	0	1	1.6626149134197226
196200.0	1000.0	1233.4429306918717	0.0	0	546.392587942566	1433.4429306918173	1	0	1	1.6626149134197226
197520.15064825845	2000.0	913.2922824334385	0.0	0	0.0	1433.4429306918173	1	0	1	2.0091885036996953
198200.0	1000.0	1233.4429306919108	0.0	0	140.59966208884725	1433.4429306918173	1	0	1	0.9694677328597775
199200.0	2000.0	1233.442930691922	0.0	0	253.60454762511654	1433.4429306918464	1	0	1	2.0091885036996935
200200.0	2000.0	1233.44293069188	0.0	0	326.69275693327654	1433.4429306918464	1	0	1	2.7023356842596375
201200.0	2000.0	1233.442930691866	0.0	0	130.48713552363915	1433.4429306918173	1	0	1	2.70233568425964
202491.7240166881	2000.0	941.7189140037758	0.0	0	0.0	1433.4429306918173	1	0	1	2.70233568425964
203877.49043495295	2000.0	555.9524957389261	0.0	0	0.0	1433.4429306918173	1	0	1	2.70233568425964
204763.06697397848	1000.0	670.3759567133823	0.0	0	0.0	1433.4429306918173	1	0	1	0.9694677328597775
205621.89209910604	1000.0	811.5508315858378	0.0	0	0.0	1433.4429306918173	1	0	1	1.6626149134197226
206200.0	1000.0	1233.4429306918637	0.0	0	51.70157520766952	1433.4429306917882	1	0	1	1.6626149134197254
207200.0	1000.0	1233.4429306918837	0.0	0	476.7983736113529	1433.4429306917882	1	0	1	1.6626149134197254
208200.0	1000.0	1233.4429306918748	0.0	0	409.2475630088884	1433.4429306917882	1	0	1	1.6626149134197254
209200.0	1000.0	1233.442930691844	0.0	0	508.9085456620669	1433.4429306917882	1	0	1	1.6626149134197254
210200.0	1000.0	1233.4429306918364	0.0	0	387.32463913518586	1433.442930691759	1	0	1	1.6626149134197286
211200.0	1000.0	1233.442930691829	0.0	0	333.14842624933226	1433.442930691759	1	0	1	1.6626149134197286
212200.0	1000.0	1233.4429306918328	0.0	0	159.30715308251092	1433.442930691759	1	0	1	1.6626149134197286
213200.0	1000.0	1233.442930691811	0.0	0	440.5783357945038	1433.442930691759	1	0	1	1.6626149134197286
214200.0	1000.0	1233.442930691836	0.0	0	298.4972880097339	1433.4429306917882	1	0	1	1.6626149134197268
215200.0	1000.0	1233.442930691844	0.0	0	613.1078752700705	1433.4429306917882	1	0	1	1.6626149134197254
216200.0	1000.0	1233.4429306918792	0.0	0	479.33439696390997	1433.4429306917882	1	0	1	1.6626149134197254
217200.0	1000.0	1233.4429306919008	0.0	0	573.3602800664958	1433.4429306917882	1	0	1	1.6626149134197254
218200.0	2000.0	1233.4429306919128	0.0	0	209.20288286433788	1433.4429306917882	1	0	1	2.0091885036996984
219897.92381227564	2000.0	535.5191184162688	0.0	0	0.0	1433.4429306917882	1	0	1	2.7023356842596415
220268.06122292165	1000.0	1165.3817077702345	0.0	0	0.0	1433.442930691759	1	0	1	0.9694677328597834
221200.0	2000.0	1233.442930691862	0.0	0	39.069190291746054	1433.4429306917882	1	0	1	2.0091885036996984
222200.0	2000.0	1233.4429306918444	0.0	0	414.29458681397955	1433.4429306917882	1	0	1	2.7023356842596433
223200.0	2000.0	1233.442930691853	0.0	0	36.84711148319184	1433.442930691759	1	0	1	2.7023356842596464
224432.86270840702	2000.0	1000.5802222848486	0.0	0	0.0	1433.44293069173	1	0	1	2.702335684259649
225200.0	1000.0	1233.442930691865	0.0	0	63.53863521598396	1433.44293069173	1	0	1	0.969467732859786
226200.0	1000.0	1233.442930691863	0.0	0	508.51963721596985	1433.44293069173	1	0	1	1.6626149134197312
227200.0	1000.0	1233.4429306918576	0.0	0	622.9925193655363	1433.44293069173	1	0	1	1.6626149134197312
228200.0	1000.0	1233.4429306918212	0.0	0	542.4657169333368	1433.44293069173	1	0	1	1.6626149134197312
229200.0	1000.0	1233.4429306918494	0.0	0	723.2895782136475	1433.44293069173	1	0	1	1.6626149134197312
230200.0	2000.0	1233.442930691856	0.0	0	150.06604005821282	1433.44293069173	1	0	1	2.009188503699704
231200.0	2000.0	1233.4429306918355	0.0	0	73.18130043029669	1433.44293069173	1	0	1	2.702335684259649
232200.0	2000.0	1233.4429306918755	0.0	0	360.31090486003086	1433.442930691759	1	0	1	2.7023356842596464
233200.0	2000.0	1233.442930691883	0.0	0	382.9048507233383	1433.442930691759	1	0	1	2.7023356842596464
234200.0	2000.0	1233.4429306918896	0.0	0	312.78517600378837	1433.442930691759	1	0	1	2.7023356842596464
235217.03072674177	2000.0	1216.4122039501476	0.0	0	0.0	1433.442930691759	1	0	1	2.7023356842596464
236200.0	2000.0	1233.442930691892	0.0	0	195.41946204510168	1433.442930691759	1	0	1	2.7023356842596464
237341.5410976941	2000.0	1091.9018329978098	0.0	0	0.0	1433.442930691759	1	0	1	2.7023356842596464
238201.42254431258	2000.0	1232.0203863793429	0.0	0	0.0	1433.442930691759	1	0	1	2.7023356842596464
239200.0	2000.0	1233.4429306919242	0.0	0	181.04830762569327	1433.44293069173	1	0	1	2.702335684259648
240200.0	2000.0	1233.4429306919037	0.0	0	38.92283400479937	1433.44293069173	1	0	1	2.702335684259649
241200.0	2000.0	1233.442930691899	0.0	0	147.4577929021034	1433.442930691759	1	0	1	2.7023356842596473
242200.0	2000.0	1233.4429306918873	0.0	0	458.30505287915	1433.442930691759	1	0	1	2.7023356842596464
243208.586485435	2000.0	1224.8564452568876	0.0	0	0.0	1433.4429306917882	1	0	1	2.7023356842596433
244200.0	2000.0	1233.4429306918582	0.0	0	148.4005940242787	1433.4429306918173	1	0	1	2.70233568425964
245200.0	2000.0	1233.4429306918416	0.0	0	163.5298137961945	1433.4429306917882	1	0	1	2.7023356842596433
246200.0	2000.0	1233.4429306918073	0.0	0	281.4714281411725	1433.4429306917882	1	0	1	2.7023356842596433
247526.9350956231	2000.0	906.5078350687229	0.0	0	0.0	1433.4429306917882	1	0	1	2.7023356842596433
248200.0	1000.0	1233.4429306917903	0.0	0	152.62031305365963	1433.4429306917882	1	0	1	0.9694677328597803
249256.1782928562	2000.0	1177.2646378355712	0.0	0	0.0	1433.4429306917882	1	0	1	2.0091885036996984
250200.0	2000.0	1233.4429306917846	0.0	0	104.8717513991287	1433.4429306917882	1	0	1	2.7023356842596433
251232.14037762547	2000.0	1201.3025530662999	0.0	0	0.0	1433.442930691759	1	0	1	2.702335684259646
252200.0	1000.0	1233.4429306917696	0.0	0	491.281703019602	1433.442930691759	1	0	1	0.9694677328597834
253200.0	1000.0	1233.4429306917668	0.0	0	471.3513331404538	1433.442930691759	1	0	1	1.6626149134197286
254200.0	2000.0	1233.4429306917991	0.0	0	470.85830761221587	1433.442930691759	1	0	1	2.009188503699701
255200.0	2000.0	1233.4429306918016	0.0	0	252.65833478563582	1433.442930691759	1	0	1	2.7023356842596464
256200.0	2000.0	1233.4429306918112	0.0	0	225.07987259415677	1433.44293069173	1	0	1	2.702335684259648
257225.7665949664	2000.0	1207.6763357253917	0.0	0	0.0	1433.442930691759	1	0	1	2.7023356842596464
258200.0	2000.0	1233.4429306917689	0.0	0	276.1616930323653	1433.442930691759	1	0	1	2.7023356842596464
259200.0	2000.0	1233.442930691785	0.0	0	254.16946609437582	1433.442930691759	1	0	1	2.7023356842596464
260200.0	2000.0	1233.4429306917798	0.0	0	44.98298983700806	1433.442930691759	1	0	1	2.7023356842596464
261377.8435072359	2000.0	1055.5994234558962	0.0	0	0.0	1433.442930691759	1	0	1	2.7023356842596464
262859.95566953963	2000.0	573.4872611522135	0.0	0	0.0	1433.4429306917882	1	0	1	2.702335684259645
263552.1879356246	1000.0	881.2549950672018	0.0	0	0.0	1433.442930691759	1	0	1	0.9694677328597838
264200.0	1000.0	1233.4429306918723	0.0	0	47.14923689200077	1433.442930691701	1	0	1	1.6626149134197343
265200.0	1000.0	1233.4429306919533	0.0	0	375.79614680440864	1433.442930691759	1	0	1	1.6626149134197286
266200.0	1000.0	1233.4429306919396	0.0	0	600.0967946969322	1433.442930691759	1	0	1	1.6626149134197286
267200.0	1000.0	1233.442930691878	0.0	0	326.8302616692381	1433.442930691759	1	0	1	1.6626149134197286
268200.0	2000.0	1233.442930691871	0.0	0	258.5058259679936	1433.4429306918173	1	0	1	2.0091885036996975
269200.0	2000.0	1233.4429306918514	0.0	0	162.60400016215863	1433.442930691701	1	0	1	2.7023356842596504
270200.0	2000.0	1233.4429306918237	0.0	0	54.2902192628826	1433.442930691701	1	0	1	2.7023356842596518
271216.96952360775	2000.0	1216.4734070841278	0.0	0	0.0	1433.442930691701	1	0	1	2.7023356842596518
272200.0	2000.0	1233.442930691903	0.0	0	339.7348870797432	1433.442930691759	1	0	1	2.7023356842596464
273200.0	2000.0	1233.4429306919003	0.0	0	356.8536307211616	1433.442930691759	1	0	1	2.7023356842596464
274200.0	2000.0	1233.442930691899	0.0	0	400.73197059123777	1433.4429306918173	1	0	1	2.70233568425964
275200.0	2000.0	1233.4429306918496	0.0	0	398.1298168199719	1433.4429306918755	1	0	1	2.7023356842596344
276429.28472323465	2000.0	1004.1582074571587	0.0	0	0.0	1433.4429306918755	1	0	1	2.7023356842596344
277773.67901915795	2000.0	659.7639115338826	0.0	0	0.0	1433.4429306918173	1	0	1	2.7023356842596358
278344.8179958047	1000.0	1088.6249348871197	0.0	0	0.0	1433.4429306918173	1	0	1	0.9694677328597775
279200.0	1000.0	1233.4429306918942	0.0	0	301.4953295995947	1433.4429306918755	1	0	1	1.6626149134197168
280200.0	1000.0	1233.442930691947	0.0	0	589.8382786302245	1433.4429306918755	1	0	1	1.6626149134197168
281200.0	1000.0	1233.4429306919942	0.0	0	537.3235773162451	1433.4429306918755	1	0	1	1.6626149134197168
282200.0	1000.0	1233.4429306919726	0.0	0	444.1475868913112	1433.4429306918755	1	0	1	1.6626149134197168
283283.8212201607	2000.0	1149.6217105312617	0.0	0	0.0	1433.4429306918755	1	0	1	2.0091885036996895
284200.0	1000.0	1233.442930691882	0.0	0	257.5221365765319	1433.4429306918755	1	0	1	0.9694677328597716
285200.0	2000.0	1233.4429306918482	0.0	0	18.840943307208363	1433.4429306918173	1	0	1	2.0091885036996953
286200.0	2000.0	1233.4429306918787	0.0	0	119.2109796119039	1433.4429306918173	1	0	1	2.70233568425964
287278.9233242499	2000.0	1154.5196064419877	0.0	0	0.0	1433.4429306918173	1	0	1	2.70233568425964
288200.0	2000.0	1233.4429306918826	0.0	0	173.37900395382894	1433.4429306918173	1	0	1	2.70233568425964
289242.4123246933	2000.0	1191.030605998611	0.0	0	0.0	1433.442930691759	1	0	1	2.7023356842596455
290436.5850633785	2000.0	996.8578673133594	0.0	0	0.0	1433.442930691759	1	0	1	2.7023356842596464
291277.3441471509	2000.0	1156.0987835409578	0.0	0	0.0	1433.442930691759	1	0	1	2.7023356842596464
292200.0	2000.0	1233.4429306918878	0.0	0	287.24336189928	1433.442930691701	1	0	1	2.7023356842596518
293200.0	2000.0	1233.4429306919023	0.0	0	542.3515262817964	1433.442930691701	1	0	1	2.7023356842596518
294200.0	2000.0	1233.4429306919276	0.0	0	543.1335345864063	1433.442930691701	1	0	1	2.7023356842596518
295200.0	3000.0	1233.442930691918	0.0	0	333.8856288376264	1433.442930691701	1	0	1	2.905068238313734
297354.85361814976	3000.0	200.0	121.41068745786765	0	0.0	1554.8536181495874	1	0	1	2.5796410079255354
297712.58219731	300.0	842.2714208398538	0.0	0	0.0	1554.8536181495874	1	0	1	-2.4580704548090058
298869.2201274356	1000.0	685.6334907142502	0.0	0	0.0	1554.8536181496456	1	0	1	0.44650104034800353
299307.901711288	500.0	1246.9519068617058	0.0	0	0.0	1554.8536181495874	1	0	1	-0.08239410672591796
300200.0	1000.0	1354.853618149715	0.0	0	141.35708668280859	1554.8536181495874	1	0	1	0.9573266641140001
301200.0	1000.0	1354.8536181496922	0.0	0	446.152528278355	1554.8536181495292	1	0	1	1.6504738446739515
302200.0	1000.0	1354.8536181496431	0.0	0	205.24614049110096	1554.853618149471	1	0	1	1.6504738446739573
303200.0	1000.0	1354.8536181495977	0.0	0	309.3334209633176	1554.853618149471	1	0	1	1.6504738446739573
304200.0	1000.0	1354.8536181496504	0.0	0	395.83802190131973	1554.8536181495292	1	0	1	1.6504738446739515
305200.0	1000.0	1354.853618149605	0.0	0	312.1953219095594	1554.8536181495292	1	0	1	1.6504738446739515
306200.0	1000.0	1354.8536181496183	0.0	0	613.5912599401781	1554.8536181495292	1	0	1	1.6504738446739515
307200.0	1000.0	1354.8536181496727	0.0	0	495.49256115581375	1554.8536181495292	1	0	1	1.6504738446739515
308644.8431986347	2000.0	910.0104195150096	0.0	0	0.0	1554.8536181495874	1	0	1	1.9970474349539182
309340.21739267505	1000.0	1214.6362254746114	0.0	0	0.0	1554.8536181495292	1	0	1	0.9573266641140062
310200.0	1000.0	1354.8536181496277	0.0	0	243.45251548016677	1554.8536181495292	1	0	1	1.6504738446739515
311200.0	1000.0	1354.8536181496027	0.0	0	326.1861531768227	1554.8536181495874	1	0	1	1.6504738446739455
312200.0	1000.0	1354.8536181495879	0.0	0	580.856823891052	1554.8536181495874	1	0	1	1.6504738446739455
313200.0	1000.0	1354.853618149572	0.0	0	610.5107343613054	1554.8536181495874	1	0	1	1.6504738446739455
314811.34900837985	2000.0	743.5046097697211	0.0	0	0.0	1554.8536181496456	1	0	1	1.9970474349539122
315606.3951556294	1000.0	948.4584625202294	0.0	0	0.0	1554.8536181496456	1	0	1	0.9573266641139946
316218.5958491321	1000.0	1336.2577690175403	0.0	0	0.0	1554.8536181496456	1	0	1	1.6504738446739398
317200.0	1000.0	1354.8536181495565	0.0	0	372.48772379604634	1554.8536181496456	1	0	1	1.6504738446739398
318200.0	1000.0	1354.8536181495115	0.0	0	205.12878717679996	1554.8536181495874	1	0	1	1.6504738446739455
319200.0	1000.0	1354.8536181494799	0.0	0	378.73615324217826	1554.8536181495874	1	0	1	1.6504738446739455
320200.0	1000.0	1354.8536181494487	0.0	0	436.9912948200945	1554.8536181495874	1	0	1	1.6504738446739455
321200.0	1000.0	1354.8536181494858	0.0	0	324.06429709348595	1554.8536181495874	1	0	1	1.6504738446739455
322200.0	1000.0	1354.85361814946	0.0	0	390.3294617147185	1554.8536181495292	1	0	1	1.6504738446739515
323200.0	1000.0	1354.8536181494399	0.0	0	488.7939964013058	1554.8536181495292	1	0	1	1.6504738446739515
324200.0	1000.0	1354.8536181494526	0.0	0	209.04706330911722	1554.8536181495874	1	0	1	1.6504738446739455
325200.0	1000.0	1354.853618149434	0.0	0	182.84643208084162	1554.8536181495292	1	0	1	1.6504738446739515
326200.0	1000.0	1354.8536181494283	0.0	0	541.2929832058726	1554.8536181495292	1	0	1	1.6504738446739515
327200.0	1000.0	1354.8536181494221	0.0	0	564.6539144975832	1554.8536181495292	1	0	1	1.6504738446739515
328200.0	1000.0	1354.8536181493996	0.0	0	570.3790610957076	1554.8536181495874	1	0	1	1.6504738446739455
2.29	1.67	2.27	2.66	3.23	3.24	2.65	2.64	2.69	2.65	2.18	1.93	1.23	1.83	2.57	1.9	2.28	1.97	1.92	2.75	3.39	3.45	2.34	1.99	1.68	1.58	1.25	2.02	1.98	2.04	1.93	2.05	1.61	1.66	1.64	2.22	2.48	2.63	2.81	1.47	1.44	2.25	3.22	2.4	1.56	1.74	1.56	2.17	3.03	3.35	2.56	1.88	2.41	3.09	3.49	2.22	2.35	2.53	1.68	2.78	1.91	2.35	3.16	2.62	2.05	2.42	2.68	1.85	1.83	2.42	2.72	1.42	1.67	2.31	3.17	3.31	1.92	2.33	2.72	3.53	2.9	1.93	1.56	1.15	1.82	2.12	2.7	1.81	2.5	2.39	2.36	2.19	2.59	2.88	2.98	2.65	2.28	1.77	1.41	1.88	1.99	2.68	2.41	2.04	1.74	2.09	2.54	2.5	2.36	2.78	2.31	2.19	2.97	3.65	4.7	4.66	2.73	1.05	0.83	0.66	1.1	1.7	1.23	1.63	2.04	1.59	2.31	2.75	1.67	1.34	1.87	1.83	2.09	2.53	2.21	1.26	1.02	1.4	1.71	1.81	1.89	1.08	1.48	1.66	1.47	1.33	1.99	1.99	2.68	2.35	2.29	1.67	2.27	2.66	3.23	3.24	2.65	2.64	2.69	2.65	2.18	1.93	1.23	1.83	2.57	1.9	2.28	1.97	1.92	2.75	3.39	3.45	2.34	1.99	1.68	1.58	1.25	2.02	1.98	2.04	1.93	2.05	1.61	1.66	1.64	2.22	2.48	2.63	2.81	1.47	1.44	2.25	3.22	2.4	1.56	1.74	1.56	2.17	3.03	3.35	2.56	1.88	2.41	3.09	3.49	2.22	2.35	2.53	1.68	2.78	1.91	2.35	3.16	2.62	2.05	2.42	2.68	1.85	1.83	2.42	2.72	1.42	1.67	2.31	3.17	3.31	1.92	2.33	2.72	3.53	2.9	1.93	1.56	1.15	1.82	2.12	2.7	1.81	2.5	2.39	2.36	2.19	2.59	2.88	2.98	2.65	2.28	1.77	1.41	1.88	1.99	2.68	2.41	2.04	1.74	2.09	2.54	2.5	2.36	2.78	2.31	2.19	2.97	3.65	4.7	4.66	2.73	1.05	0.83	0.66	1.1	1.7	1.23	1.63	2.04	1.59	2.31	2.75	1.67	1.34	1.87	1.83	2.09	2.53	2.21	1.26	1.02	1.4	1.71	1.81	1.89	1.08	1.48	1.66	1.47	1.33	1.99	1.99	2.68	2.35	2.29	1.67	2.27	2.66	3.23	3.24	2.65	2.64	2.69	2.65	2.18	1.93	1.23	1.83	2.57	1.9	2.28	1.97	1.92	2.75	3.39	3.45	2.34	1.99	1.68	1.58	1.25	2.02	1.98
1.0	2.0	3.0	4.0	5.0	6.0	7.0	8.0	9.0	10.0	11.0	12.0	13.0	14.0	15.0	16.0	17.0	18.0	19.0	20.0	21.0	22.0	23.0	24.0	25.0	26.0	27.0	28.0	29.0	30.0	31.0	32.0	33.0	34.0	35.0	36.0	37.0	38.0	39.0	40.0	41.0	42.0	43.0	44.0	45.0	46.0	47.0	48.0	49.0	50.0	51.0	52.0	53.0	54.0	55.0	56.0	57.0	58.0	59.0	60.0	61.0	62.0	63.0	64.0	65.0	66.0	67.0	68.0	69.0	70.0	71.0	72.0	73.0	74.0	75.0	76.0	77.0	78.0	79.0	80.0	81.0	82.0	83.0	84.0	85.0	86.0	87.0	88.0	89.0	90.0	91.0	92.0	93.0	94.0	95.0	96.0	97.0	98.0	99.0	100.0	101.0	102.0	103.0	104.0	105.0	106.0	107.0	108.0	109.0	110.0	111.0	112.0	113.0	114.0	115.0	116.0	117.0	118.0	119.0	120.0	121.0	122.0	123.0	124.0	125.0	126.0	127.0	128.0	129.0	130.0	131.0	132.0	133.0	134.0	135.0	136.0	137.0	138.0	139.0	140.0	141.0	142.0	143.0	144.0	145.0	146.0	147.0	148.0	149.0	149.0	150.0	151.0	152.0	153.0	154.0	155.0	156.0	157.0	158.0	159.0	160.0	161.0	162.0	163.0	164.0	165.0	166.0	167.0	168.0	169.0	170.0	171.0	172.0	173.0	174.0	175.0	176.0	177.0	178.0	179.0	180.0	181.0	182.0	183.0	184.0	185.0	186.0	187.0	188.0	189.0	190.0	191.0	192.0	193.0	194.0	195.0	196.0	197.0	198.0	199.0	200.0	201.0	202.0	203.0	204.0	205.0	206.0	207.0	208.0	209.0	210.0	211.0	212.0	213.0	214.0	215.0	216.0	217.0	218.0	219.0	220.0	221.0	222.0	223.0	224.0	225.0	226.0	227.0	228.0	229.0	230.0	231.0	232.0	233.0	234.0	235.0	236.0	237.0	238.0	239.0	240.0	241.0	242.0	243.0	244.0	245.0	246.0	247.0	248.0	249.0	250.0	251.0	252.0	253.0	254.0	255.0	256.0	257.0	258.0	259.0	260.0	261.0	262.0	263.0	264.0	265.0	266.0	267.0	268.0	269.0	270.0	271.0	272.0	273.0	274.0	275.0	276.0	277.0	278.0	279.0	280.0	281.0	282.0	283.0	284.0	285.0	286.0	287.0	288.0	289.0	290.0	291.0	292.0	293.0	294.0	295.0	296.0	297.0	298.0	298.0	299.0	300.0	301.0	302.0	303.0	304.0	305.0	306.0	307.0	308.0	309.0	310.0	311.0	312.0	313.0	314.0	315.0	316.0	317.0	318.0	319.0	320.0	321.0	322.0	323.0	324.0	325.0	326.0	327.0
2627.0043503771485
