2337.4603301710067	300.0	2000.0	154.37614295351196	0	0.0	2337.4603301710067	1	0	1	-1.1566041011425507
5302.374898989288	2000.0	394.36044593303234	426.79348620113524	0	0.0	696.7353449223201	1	0	2	-2.084669339114957
6200.0	500.0	2586.4978550233914	0.0	0	629.3108804527892	2786.497855023391	1	0	0	-1.2948092226264194
9200.0	3000.0	486.49785502339216	0.0	0	198.13218721236262	686.4978550233936	1	0	2	0.9901472505210751
10200.0	1000.0	2586.4978550233905	0.0	0	656.6002072724223	2786.4978550233927	1	0	0	0.03269713231845511
13200.0	3000.0	486.4978550233907	0.0	0	370.3061073853405	686.4978550233918	1	0	2	1.6828958659872701
14200.0	1000.0	2586.4978550233914	0.0	0	743.2391047837191	2786.49785502339	1	0	0	0.032697132318455224
18977.538504736698	6000.0	200.0	1517.0859092608869	0	0.0	2177.538504736698	1	0	2	-7.18281043226467
19175.50953252908	500.0	982.2318694283848	0.0	0	0.0	2157.7414019574644	1	0	2	-2.1348490594232428
19734.26339467302	2000.0	1367.602621070048	0.0	0	0.0	2101.8660157430677	1	0	2	1.0478180467398164
20692.58694628928	3000.0	1313.4467142921562	0.0	0	0.0	2006.0336605814373	1	0	2	2.6454009354993735
21481.090417170828	2000.0	1446.0928963224521	0.0	0	0.0	1927.1833134932858	1	0	2	2.045578468330209
22200.0	2000.0	1655.2923552103607	0.0	0	251.53053999712574	1855.2923552103603	1	0	2	2.457245485459027
23200.0	3000.0	1555.292355210362	0.0	0	1.4056450710777426	1755.292355210364	1	0	2	2.669673750244691
24551.099524722908	3000.0	1069.0828780151603	0.0	0	0.0	1620.1824027380753	1	0	2	3.088248129786158
25245.021016517774	2000.0	1375.1613862202912	0.0	0	0.0	1620.1824027380753	1	0	1	2.07819662894685
26200.0	3000.0	1420.1824027380637	0.0	0	111.78618985230423	1620.182402738079	1	0	1	2.8863942911090965
27200.0	2000.0	1420.182402738061	0.0	0	275.4743596411827	1620.182402738079	1	0	1	2.2781966289468496
28236.709974236703	2000.0	1383.4724285013604	0.0	0	0.0	1620.1824027380826	1	0	1	2.6836617370550138
30060.27051333881	2000.0	559.9118893992489	0.0	0	0.0	1620.1824027380826	1	0	1	2.6836617370550138
30583.25178959051	1000.0	1036.930613147552	0.0	0	0.0	1620.1824027380862	1	0	1	0.9507937856551504
31200.0	1000.0	1420.1824027380644	0.0	0	67.72173411972108	1620.1824027380862	1	0	1	1.6439409662150957
32200.0	2000.0	1420.1824027380655	0.0	0	152.25337323364874	1620.1824027380899	1	0	1	1.990514556495068
33200.0	2000.0	1420.1824027380596	0.0	0	340.27263296628735	1620.1824027380862	1	0	1	2.6836617370550133
34200.0	2000.0	1420.182402738064	0.0	0	621.4610483016368	1620.1824027380862	1	0	1	2.6836617370550133
35200.0	3000.0	1420.1824027380592	0.0	0	239.77497160925122	1620.1824027380935	1	0	1	2.886394291109095
36416.71138551554	3000.0	1203.4710172225186	0.0	0	105.1186105462184	1620.1824027380935	1	0	1	3.29185939921726
38053.3453146565	3000.0	566.8370880815534	0.0	0	0.0	1620.1824027380862	1	0	1	3.2918593992172607
38557.34009473404	1000.0	1062.842308004013	0.0	0	0.0	1620.1824027380935	1	0	1	0.5453286775469851
39822.82989422148	2000.0	797.3525085165682	0.0	0	0.0	1620.1824027380862	1	0	1	1.9905145564950684
40454.33945239669	1000.0	1165.8429503413647	0.0	0	0.0	1620.1824027380862	1	0	1	0.9507937856551504
41241.633421178005	2000.0	1378.5489815600486	0.0	0	0.0	1620.1824027380862	1	0	1	1.9905145564950688
42200.0	2000.0	1420.1824027380555	0.0	0	318.51733998657437	1620.1824027380862	1	0	1	2.6836617370550138
43200.0	2000.0	1420.1824027380594	0.0	0	463.0698598139061	1620.1824027380935	1	0	1	2.6836617370550124
44200.0	3000.0	1420.1824027380535	0.0	0	207.35106840897788	1620.1824027380935	1	0	1	2.886394291109095
45200.0	3000.0	1420.1824027380521	0.0	0	309.69889354237966	1620.1824027380862	1	0	1	3.2918593992172607
46880.51376588159	3000.0	739.6686368564581	0.0	0	0.0	1620.1824027380862	1	0	1	3.2918593992172607
48142.20945076068	2000.0	477.9729519773679	0.0	0	0.0	1620.1824027380935	1	0	1	2.278196628946848
49139.056548903594	1000.0	490.6199191338352	9.49406529938534	0	0.0	1629.6764680374763	1	0	1	0.8928799873288993
49498.60948289085	500.0	1131.0669851465755	0.0	0	0.0	1629.6764680374763	1	0	1	-0.0898763917147068
50355.570876385595	1000.0	1274.105591651829	0.0	0	0.0	1629.6764680374763	1	0	1	0.9498443791252111
51200.0	1000.0	1429.6764680374274	0.0	0	289.1213595176014	1629.6764680374763	1	0	1	1.6429915596851565
52200.0	1000.0	1429.6764680374263	0.0	0	564.9716356075805	1629.6764680374836	1	0	1	1.642991559685156
53207.344462354326	2000.0	1422.3320056831008	0.0	0	0.0	1629.6764680374836	1	0	1	1.9895651499651286
54200.0	1000.0	1429.676468037424	0.0	0	581.7099670976531	1629.6764680374836	1	0	1	0.9498443791252109
55200.0	2000.0	1429.676468037415	0.0	0	59.19450089959719	1629.6764680374763	1	0	1	1.9895651499651292
56365.599159288315	2000.0	1264.0773087491027	0.0	0	0.0	1629.6764680374763	1	0	1	2.6827123305250744
57200.0	2000.0	1429.6764680374142	0.0	0	184.77306974042585	1629.6764680374763	1	0	1	2.6827123305250744
58200.0	3000.0	1429.6764680374108	0.0	0	53.56656767390814	1629.6764680374763	1	0	1	2.8854448845791567
59200.0	3000.0	1429.6764680374104	0.0	0	291.661826889409	1629.6764680374763	1	0	1	3.2909099926873213
60200.0	3000.0	1429.676468037418	0.0	0	367.18286958834506	1629.6764680374836	1	0	1	3.290909992687321
61200.0	3000.0	1429.6764680374254	0.0	0	365.69888559298124	1629.6764680374836	1	0	1	3.290909992687321
62200.0	3000.0	1429.6764680374179	0.0	0	388.3245738026817	1629.6764680374836	1	0	1	3.290909992687321
63200.0	3000.0	1429.6764680374092	0.0	0	117.9058647414713	1629.6764680374763	1	0	1	3.2909099926873213
64269.44599646323	3000.0	1360.2304715741834	0.0	0	0.0	1629.6764680374836	1	0	1	3.290909992687321
65200.0	3000.0	1429.6764680374226	0.0	0	124.54073454440368	1629.6764680374908	1	0	1	3.2909099926873204
66200.0	3000.0	1429.676468037431	0.0	0	71.8756597754691	1629.6764680375054	1	0	1	3.2909099926873187
67516.96067504362	3000.0	1112.7157929938112	0.0	0	0.0	1629.6764680375054	1	0	1	3.2909099926873187
68221.40113220224	2000.0	1408.2753358351897	0.0	0	0.0	1629.6764680375054	1	0	1	2.277247222416907
69200.0	3000.0	1429.6764680374315	0.0	0	133.8388023852749	1629.6764680375054	1	0	1	2.885444884579153
70200.0	3000.0	1429.6764680374201	0.0	0	173.57247316128633	1629.6764680374908	1	0	1	3.2909099926873195
71200.0	3000.0	1429.6764680374247	0.0	0	192.61735554764164	1629.6764680374908	1	0	1	3.2909099926873204
72200.0	3000.0	1429.6764680374224	0.0	0	278.08581265315297	1629.6764680374908	1	0	1	3.2909099926873204
73697.97524753593	3000.0	931.7012205014705	0.0	0	0.0	1629.6764680374763	1	0	1	3.2909099926873213
74565.65745702435	2000.0	1064.0190110130306	0.0	0	0.0	1629.6764680374763	1	0	1	2.27724722241691
75377.00335459322	2000.0	1252.6731134441538	0.0	0	0.0	1629.6764680374908	1	0	1	2.6827123305250735
76335.17606538438	2000.0	1294.5004026529934	0.0	0	0.0	1629.6764680374763	1	0	1	2.6827123305250744
77200.0	2000.0	1429.6764680373763	0.0	0	190.87213243794395	1629.6764680374763	1	0	1	2.6827123305250744
78758.91193323028	2000.0	870.7645348071098	0.0	0	0.0	1629.6764680374763	1	0	1	2.6827123305250744
79439.82146295342	1000.0	1189.855005083959	0.0	0	0.0	1629.6764680374908	1	0	1	0.94984437912521
80864.01460043041	2000.0	765.6618676069656	0.0	0	0.0	1629.6764680374908	1	0	1	1.9895651499651281
81219.18249646392	1000.0	1410.4939715734643	0.0	0	0.0	1629.6764680374908	1	0	1	0.94984437912521
82200.0	2000.0	1429.6764680373772	0.0	0	278.67979294230463	1629.6764680374763	1	0	1	1.9895651499651292
83200.0	2000.0	1429.6764680373697	0.0	0	428.2134580539423	1629.6764680374763	1	0	1	2.6827123305250744
84200.0	2000.0	1429.6764680373735	0.0	0	572.5236014220136	1629.6764680374908	1	0	1	2.6827123305250735
85200.0	3000.0	1429.676468037388	0.0	0	234.60979978983232	1629.6764680375054	1	0	1	2.885444884579154
86200.0	3000.0	1429.6764680373872	0.0	0	494.9628810902068	1629.67646803752	1	0	1	3.290909992687317
87200.0	3000.0	1429.6764680373951	0.0	0	277.7000532709644	1629.6764680375054	1	0	1	3.2909099926873187
88200.0	3000.0	1429.6764680373858	0.0	0	408.1978446619614	1629.6764680375054	1	0	1	3.2909099926873187
89200.0	3000.0	1429.6764680373983	0.0	0	302.80914841176127	1629.6764680375054	1	0	1	3.2909099926873187
90200.0	3000.0	1429.6764680374165	0.0	0	104.34208734467393	1629.6764680375054	1	0	1	3.2909099926873187
91398.47354812133	6000.0	1231.2029199160936	0.0	0	0.0	1629.6764680375054	1	0	1	3.6374835829672914
92325.7819538539	3000.0	1303.894514183511	0.0	0	0.0	1629.6764680375054	1	0	1	2.5977628121273737
93344.65552009358	3000.0	1285.0209479438329	0.0	0	0.0	1629.6764680375054	1	0	1	3.2909099926873187
94200.0	3000.0	1429.676468037421	0.0	0	89.62685142563714	1629.6764680374908	1	0	1	3.2909099926873204
95200.0	3000.0	1429.676468037433	0.0	0	315.6768516955344	1629.6764680375054	1	0	1	3.2909099926873187
96597.34959558249	3000.0	1032.326872454946	0.0	0	0.0	1629.6764680374908	1	0	1	3.2909099926873204
97566.78456287066	3000.0	1062.8919051667776	0.0	0	0.0	1629.6764680374908	1	0	1	3.2909099926873204
98552.21002677172	2000.0	1077.4664412657032	0.0	0	0.0	1629.6764680374908	1	0	1	2.277247222416909
99531.63494698431	2000.0	1098.0415210531162	0.0	0	0.0	1629.6764680374763	1	0	1	2.6827123305250744
100443.50562924168	2000.0	1186.1708387957615	0.0	0	0.0	1629.6764680374763	1	0	1	2.6827123305250744
101202.33995742872	2000.0	1427.3365106087433	0.0	0	0.0	1629.6764680374763	1	0	1	2.6827123305250744
102738.5716506947	3000.0	891.1048173427471	0.0	0	0.0	1629.6764680374763	1	0	1	2.8854448845791567
103200.0	1000.0	1429.6764680374433	0.0	0	121.50438909932564	1629.6764680374617	1	0	1	0.5443792710170484
104200.0	3000.0	1429.6764680374422	0.0	0	142.10613290639594	1629.6764680374472	1	0	1	2.1922977040192144
105279.97273893005	3000.0	1349.703729107393	0.0	0	0.0	1629.6764680374472	1	0	1	3.2909099926873244
106200.0	2000.0	1429.6764680374326	0.0	0	200.7294980813458	1629.6764680374326	1	0	1	2.2772472224169142
107548.80812683358	3000.0	1080.8683412038536	0.0	0	0.0	1629.6764680374472	1	0	1	2.88544488457916
108200.0	2000.0	1429.6764680374276	0.0	0	0.6961046497308416	1629.6764680374472	1	0	1	2.2772472224169125
109200.0	2000.0	1429.6764680374329	0.0	0	432.6305686802225	1629.6764680374617	1	0	1	2.682712330525076
110528.58390084098	3000.0	1101.0925671964505	0.0	0	0.0	1629.6764680374617	1	0	1	2.8854448845791585
111392.87203864238	2000.0	1236.8044293950468	0.0	0	0.0	1629.6764680374472	1	0	1	2.2772472224169125
112674.77948858972	2000.0	954.8969794477044	0.0	0	0.0	1629.6764680374472	1	0	1	2.682712330525077
113200.0	1000.0	1429.6764680374147	0.0	0	151.05243440941558	1629.6764680374472	1	0	1	0.9498443791252145
114200.0	2000.0	1429.6764680374122	0.0	0	201.7480982253619	1629.6764680374326	1	0	1	1.9895651499651337
115200.0	2000.0	1429.6764680374044	0.0	0	174.33418296992022	1629.6764680374326	1	0	1	2.682712330525079
116200.0	2000.0	1429.676468037419	0.0	0	17.275594995488063	1629.6764680374326	1	0	1	2.682712330525079
117609.64191789173	3000.0	1020.0345501456926	0.0	0	0.0	1629.6764680374326	1	0	1	2.885444884579161
118215.21072171819	2000.0	1414.4657463192254	0.0	0	0.0	1629.6764680374326	1	0	1	2.2772472224169142
119200.0	2000.0	1429.6764680374074	0.0	0	372.32690896351414	1629.676468037418	1	0	1	2.6827123305250806
120200.0	3000.0	1429.6764680374065	0.0	0	377.1313339292974	1629.676468037418	1	0	1	2.885444884579163
121200.0	3000.0	1429.6764680374154	0.0	0	116.72291913887602	1629.6764680374326	1	0	1	3.2909099926873258
122436.18211928767	3000.0	1193.4943487497353	0.0	0	0.0	1629.6764680374326	1	0	1	3.2909099926873258
123355.33580119567	3000.0	1274.340666841712	0.0	0	0.0	1629.676468037418	1	0	1	3.2909099926873275
124408.72357704042	3000.0	1220.9528909969665	0.0	0	0.0	1629.676468037418	1	0	1	3.2909099926873275
125679.1362493104	3000.0	950.5402187270037	0.0	0	0.0	1629.676468037418	1	0	1	3.2909099926873275
126224.64664643163	2000.0	1405.0298216057615	0.0	0	0.0	1629.676468037418	1	0	1	2.277247222416916
127329.30267283111	3000.0	1300.3737952062909	0.0	0	0.0	1629.676468037418	1	0	1	2.885444884579163
128200.0	3000.0	1429.6764680373792	0.0	0	138.67490770826407	1629.676468037418	1	0	1	3.2909099926873275
129200.0	3000.0	1429.6764680373756	0.0	0	140.96137080577319	1629.676468037418	1	0	1	3.2909099926873275
130396.64731932314	3000.0	1233.0291487142383	0.0	0	0.0	1629.676468037418	1	0	1	3.2909099926873275
131542.74405817667	3000.0	1086.9324098607028	0.0	0	0.0	1629.676468037418	1	0	1	3.2909099926873284
132200.0	2000.0	1429.676468037361	0.0	0	157.7894519835536	1629.6764680374035	1	0	1	2.2772472224169165
133200.0	3000.0	1429.6764680373435	0.0	0	331.9077257204044	1629.676468037389	1	0	1	2.885444884579165
134200.0	3000.0	1429.6764680373406	0.0	0	248.78559433764894	1629.676468037389	1	0	1	3.29090999268733
135281.19725688122	3000.0	1348.4792111561333	0.0	0	0.0	1629.6764680373599	1	0	1	3.2909099926873333
136633.84813540295	3000.0	995.8283326343696	0.0	0	0.0	1629.676468037389	1	0	1	3.29090999268733
137374.62003482948	2000.0	1255.056433207871	0.0	0	0.0	1629.676468037418	1	0	1	2.277247222416916
138414.51284145567	3000.0	1215.1636265817247	0.0	0	0.0	1629.676468037418	1	0	1	2.885444884579163
139200.0	3000.0	1429.6764680373929	0.0	0	87.31997120394954	1629.676468037418	1	0	1	3.2909099926873275
140262.52256203102	3000.0	1367.1539060063458	0.0	0	0.0	1629.676468037418	1	0	1	3.2909099926873275
141428.42838856953	3000.0	1201.248079467808	0.0	0	0.0	1629.676468037418	1	0	1	3.2909099926873275
142200.0	3000.0	1429.6764680373064	0.0	0	29.792929656628985	1629.676468037418	1	0	1	3.2909099926873275
143200.0	3000.0	1429.6764680373067	0.0	0	105.1370278027025	1629.676468037418	1	0	1	3.2909099926873275
144385.5983136246	3000.0	1244.0781544127244	0.0	0	0.0	1629.676468037418	1	0	1	3.2909099926873275
145315.0352695294	2000.0	1314.6411985078996	0.0	0	0.0	1629.676468037418	1	0	1	2.277247222416916
146806.95346116959	2000.0	822.7230068677219	0.0	0	0.0	1629.676468037418	1	0	1	2.6827123305250806
147239.07547836052	1000.0	1390.6009896768137	0.0	0	0.0	1629.6764680374472	1	0	1	0.9498443791252145
148202.5994635482	2000.0	1427.077004489105	0.0	0	0.0	1629.676468037418	1	0	1	1.9895651499651352
149200.0	2000.0	1429.67646803728	0.0	0	521.7509983167402	1629.6764680374472	1	0	1	2.682712330525077
150200.0	2000.0	1429.6764680372908	0.0	0	510.80019356371486	1629.6764680374472	1	0	1	2.682712330525077
151965.85402562827	3000.0	663.8224424090012	0.0	0	0.0	1629.6764680374472	1	0	1	2.88544488457916
152491.3751376516	1000.0	1138.3013303856596	0.0	0	0.0	1629.6764680374472	1	0	1	0.5443792710170497
153220.90254354797	2000.0	1408.7739244892994	0.0	0	0.0	1629.676468037418	1	0	1	1.9895651499651352
154357.87179360003	3000.0	1271.8046744372393	0.0	0	0.0	1629.6764680374472	1	0	1	2.88544488457916
155229.97847440946	2000.0	1399.6979936277937	0.0	0	0.0	1629.6764680374472	1	0	1	2.2772472224169125
156835.22145207427	3000.0	794.455015962985	0.0	0	0.0	1629.6764680374472	1	0	1	2.88544488457916
157200.0	1000.0	1429.6764680372517	0.0	0	9.145996664301492	1629.6764680374472	1	0	1	0.5443792710170497
158950.67714443107	3000.0	678.9993236061683	0.0	0	0.0	1629.6764680374472	1	0	1	2.1922977040192144
159365.7871209106	1000.0	1263.8893471266624	0.0	0	0.0	1629.6764680374763	1	0	1	0.5443792710170468
160460.23097159038	2000.0	1169.4454964468914	0.0	0	0.0	1629.6764680375054	1	0	1	1.9895651499651272
161475.50950581345	2000.0	1154.1669622238162	0.0	0	0.0	1629.6764680375345	1	0	1	2.682712330525069
162200.0	2000.0	1429.6764680372435	0.0	0	142.14547568038688	1629.6764680375345	1	0	1	2.682712330525069
163200.0	3000.0	1429.6764680372507	0.0	0	80.63034014464938	1629.6764680375345	1	0	1	2.8854448845791514
164200.0	3000.0	1429.676468037271	0.0	0	164.71866453875555	1629.6764680375345	1	0	1	3.290909992687314
165200.0	3000.0	1429.6764680372728	0.0	0	370.16313851901214	1629.6764680375054	1	0	1	3.2909099926873187
166200.0	3000.0	1429.6764680373012	0.0	0	238.8076176981558	1629.6764680374763	1	0	1	3.2909099926873213
167218.78075379855	3000.0	1410.8957142387317	0.0	0	0.0	1629.6764680374472	1	0	1	3.2909099926873235
168619.766168571	3000.0	1009.9102994663037	0.0	0	0.0	1629.6764680374472	1	0	1	3.2909099926873244
169510.8607955847	2000.0	1118.8156724525716	0.0	0	0.0	1629.6764680374472	1	0	1	2.2772472224169125
170200.0	2000.0	1429.6764680372628	0.0	0	65.14955849136459	1629.676468037418	1	0	1	2.68271233052508
171200.0	3000.0	1429.6764680372842	0.0	0	333.2612053634075	1629.676468037418	1	0	1	2.885444884579163
172200.0	3000.0	1429.6764680372714	0.0	0	175.78076292280457	1629.676468037418	1	0	1	3.2909099926873275
173865.11985239392	3000.0	764.5566156433492	0.0	0	0.0	1629.676468037418	1	0	1	3.2909099926873275
174200.0	1000.0	1429.6764680372992	0.0	0	25.72241319096065	1629.676468037418	1	0	1	0.5443792710170526
175200.0	3000.0	1429.6764680373253	0.0	0	158.9930299402331	1629.676468037418	1	0	1	2.192297704019218
176750.74471173168	3000.0	878.9317563056212	0.0	0	0.0	1629.676468037389	1	0	1	3.29090999268733
178775.57565311913	2000.0	200.0	345.8991850818228	0	0.0	1975.5756531192455	1	0	1	0.17926402964179133
179006.68296921227	300.0	945.7819522975485	0.0	0	0.0	1952.4649215099344	1	0	2	-2.4928071023607155
179681.6195748005	1000.0	1203.3516861504706	0.0	0	0.0	1884.9712609511043	1	0	2	0.21181622938584732
180200.0	1000.0	1633.1332184310456	0.0	0	79.91077185689937	1833.133218431176	1	0	2	1.4210734976907922
181200.0	2000.0	1533.1332184310415	0.0	0	238.9565394402598	1733.133218431176	1	0	2	1.77567128596557
182200.0	2000.0	1433.1332184310086	0.0	0	567.7562120577786	1633.1332184311468	1	0	2	2.4783841596753375
183200.0	3000.0	1433.133218430988	0.0	0	307.9535871872504	1633.1332184311177	1	0	1	2.6850992095397923
184200.0	3000.0	1433.1332184309756	0.0	0	198.6075466942857	1633.1332184311177	1	0	1	3.290564317647957
186252.13583872962	3000.0	380.9973797013896	0.0	0	0.0	1633.1332184311468	1	0	1	3.2905643176479553
186570.4958249572	1000.0	1062.637393473818	0.0	0	0.0	1633.1332184311468	1	0	1	0.5440335959776799
187496.0676152049	2000.0	1137.0656032261447	0.0	0	0.0	1633.1332184311468	1	0	1	1.9892194749257621
188325.41437431917	2000.0	1307.7188441118674	0.0	0	0.0	1633.1332184311177	1	0	1	2.6823666554857093
189278.31779160793	2000.0	1354.8154268231015	0.0	0	0.0	1633.1332184310886	1	0	1	2.6823666554857133
190257.9155525493	2000.0	1375.2176658817075	0.0	0	0.0	1633.1332184310886	1	0	1	2.6823666554857133
191200.0	2000.0	1433.1332184310095	0.0	0	170.2756773206347	1633.1332184310595	1	0	1	2.6823666554857164
192200.0	3000.0	1433.1332184310295	0.0	0	19.655349278793437	1633.1332184310595	1	0	1	2.8850992095397987
193200.0	3000.0	1433.1332184310188	0.0	0	319.1390547307383	1633.1332184310595	1	0	1	3.2905643176479633
194200.0	3000.0	1433.1332184310113	0.0	0	202.87525054087746	1633.1332184310595	1	0	1	3.2905643176479633
195764.26167198995	3000.0	868.8715464410382	0.0	0	0.0	1633.1332184310304	1	0	1	3.2905643176479655
197249.3372295388	2000.0	383.7959888921977	0.0	0	0.0	1633.1332184310304	1	0	1	2.2769015473775545
197755.76666837672	500.0	877.3665500542648	0.0	0	0.0	1633.1332184310304	1	0	1	-0.7833692473140073
198619.20197056315	1000.0	1013.9312478678145	0.0	0	0.0	1633.1332184310304	1	0	1	0.949498704085856
199277.4878644415	1000.0	1355.6453539894508	0.0	0	0.0	1633.1332184310013	1	0	1	1.642645884645804
200200.0	1000.0	1433.1332184309672	0.0	0	262.0588400592678	1633.1332184310013	1	0	1	1.642645884645804
201200.0	1000.0	1433.1332184310256	0.0	0	568.0994059692312	1633.1332184310304	1	0	1	1.6426458846458014
202200.0	1000.0	1433.1332184310377	0.0	0	639.0587049594615	1633.1332184310304	1	0	1	1.6426458846458014
203200.0	1000.0	1433.1332184310606	0.0	0	526.9153383310477	1633.1332184310595	1	0	1	1.6426458846457983
204268.7862720357	2000.0	1364.3469463953704	0.0	0	0.0	1633.1332184310595	1	0	1	1.9892194749257721
205308.24136295894	2000.0	1324.8918554721263	0.0	0	0.0	1633.1332184310886	1	0	1	2.6823666554857133
206288.26380339067	2000.0	1344.8694150403942	0.0	0	0.0	1633.1332184310595	1	0	1	2.6823666554857164
207200.0	2000.0	1433.1332184310822	0.0	0	262.37900242503383	1633.1332184310886	1	0	1	2.6823666554857133
208200.0	3000.0	1433.1332184310736	0.0	0	152.69115528397379	1633.1332184310886	1	0	1	2.8850992095397956
209200.0	3000.0	1433.1332184310643	0.0	0	300.8374288332998	1633.1332184310886	1	0	1	3.29056431764796
210200.0	3000.0	1433.1332184310832	0.0	0	498.2966752712091	1633.1332184310886	1	0	1	3.29056431764796
211200.0	3000.0	1433.1332184310766	0.0	0	387.0540158820513	1633.1332184310886	1	0	1	3.29056431764796
212200.0	3000.0	1433.1332184310354	0.0	0	81.03598108919687	1633.1332184310886	1	0	1	3.29056431764796
213200.0	3000.0	1433.133218431056	0.0	0	59.535086252493784	1633.1332184310886	1	0	1	3.29056431764796
214380.17323234671	3000.0	1252.9599860843305	0.0	0	0.0	1633.1332184310595	1	0	1	3.2905643176479633
215539.10657682942	3000.0	1094.0266416016343	0.0	0	0.0	1633.1332184310886	1	0	1	3.29056431764796
216957.9047309992	3000.0	675.2284874318682	0.0	0	0.0	1633.1332184311177	1	0	1	3.2905643176479598
217232.00761115478	1000.0	1401.1256072763006	0.0	0	0.0	1633.1332184311177	1	0	1	0.5440335959776827
218200.0	3000.0	1433.1332184310618	0.0	0	153.31948895083042	1633.1332184311468	1	0	1	2.1919520289798444
219200.0	3000.0	1433.1332184310495	0.0	0	107.08013095048955	1633.1332184311468	1	0	1	3.2905643176479544
220200.0	3000.0	1433.1332184310309	0.0	0	402.58510705581284	1633.1332184311468	1	0	1	3.2905643176479544
221200.0	3000.0	1433.1332184310522	0.0	0	104.69354303760338	1633.1332184311468	1	0	1	3.2905643176479544
222243.85316046394	3000.0	1389.2800579671302	0.0	0	127.1275472403504	1633.1332184311468	1	0	1	3.2905643176479544
223781.33382444165	3000.0	851.7993939894529	0.0	0	0.0	1633.133218431176	1	0	1	3.2905643176479513
224819.18708822626	2000.0	813.9461302048471	0.0	0	0.0	1633.1332184311468	1	0	1	2.276901547377543
225221.31297283154	1000.0	1411.8202455995768	0.0	0	0.0	1633.1332184311468	1	0	1	0.9494987040858446
227177.64289552427	3000.0	455.4903229068275	0.0	0	0.0	1633.1332184311177	1	0	1	2.1919520289798458
227395.8850143043	500.0	1237.2482041268192	0.0	0	0.0	1633.1332184311177	1	0	1	-1.1888343554221807
228200.0	1000.0	1433.133218431107	0.0	0	269.20771493334905	1633.1332184311177	1	0	1	0.9494987040858471
229671.50171603382	2000.0	961.6315023973165	0.0	0	0.0	1633.1332184310886	1	0	1	1.9892194749257683
230229.70832332555	1000.0	1403.424895105562	0.0	0	0.0	1633.1332184310886	1	0	1	0.9494987040858501
231200.0	2000.0	1433.1332184310809	0.0	0	158.71842778116115	1633.1332184310886	1	0	1	1.9892194749257683
232200.0	2000.0	1433.1332184311052	0.0	0	509.08886328563676	1633.1332184310886	1	0	1	2.6823666554857133
233200.0	3000.0	1433.133218431112	0.0	0	355.52829614118673	1633.1332184310886	1	0	1	2.8850992095397956
234200.0	3000.0	1433.1332184311025	0.0	0	362.10541032851324	1633.1332184310886	1	0	1	3.29056431764796
235200.0	3000.0	1433.1332184311168	0.0	0	221.84145598034956	1633.1332184310886	1	0	1	3.29056431764796
236200.0	3000.0	1433.1332184311575	0.0	0	345.82014749533846	1633.1332184311177	1	0	1	3.290564317647957
237200.0	3000.0	1433.1332184311657	0.0	0	484.26411469228333	1633.1332184311177	1	0	1	3.290564317647957
238200.0	3000.0	1433.1332184311825	0.0	0	537.3878390357131	1633.1332184311177	1	0	1	3.290564317647957
239204.3181722234	3000.0	1428.8150462077813	0.0	0	0.0	1633.1332184311177	1	0	1	3.290564317647957
240626.99744697544	6000.0	1006.1357714557689	0.0	0	0.0	1633.1332184311177	1	0	1	3.6371379079279302
241462.14154807045	3000.0	1170.9916703607691	0.0	0	0.0	1633.1332184311177	1	0	1	2.597417137088012
242202.3603145512	3000.0	1430.77290388003	0.0	0	0.0	1633.1332184311177	1	0	1	3.290564317647957
243200.0	3000.0	1433.1332184312319	0.0	0	338.3812844672939	1633.1332184311177	1	0	1	3.290564317647957
244200.0	3000.0	1433.1332184312053	0.0	0	40.21659279477899	1633.1332184311177	1	0	1	3.290564317647957
245289.73161610885	3000.0	1343.401602322348	0.0	0	0.0	1633.1332184311177	1	0	1	3.290564317647957
246486.9422749876	3000.0	1146.1909434436056	0.0	0	0.0	1633.1332184311177	1	0	1	3.290564317647957
247393.478482148	3000.0	1239.654736283207	0.0	0	0.0	1633.1332184310886	1	0	1	3.29056431764796
248229.4784927292	2000.0	1403.6547257020145	0.0	0	0.0	1633.1332184310886	1	0	1	2.2769015473775487
249200.0	2000.0	1433.1332184312134	0.0	0	181.3443569165247	1633.1332184310595	1	0	1	2.6823666554857146
250200.0	2000.0	1433.1332184311937	0.0	0	173.16579185650335	1633.1332184310595	1	0	1	2.6823666554857164
251988.50028263452	3000.0	644.6329357966725	0.0	0	0.0	1633.1332184310595	1	0	1	2.8850992095397987
252476.8478801071	1000.0	1156.2853383240795	0.0	0	0.0	1633.1332184310595	1	0	1	0.5440335959776885
253283.276782907	2000.0	1349.8564355242074	0.0	0	0.0	1633.1332184310595	1	0	1	1.9892194749257703
254200.0	3000.0	1433.1332184312068	0.0	0	211.32235280086752	1633.1332184310595	1	0	1	2.8850992095397987
255200.0	2000.0	1433.133218431182	0.0	0	149.17914146138355	1633.1332184310595	1	0	1	2.276901547377552
256200.0	2000.0	1433.1332184311693	0.0	0	132.17273544770433	1633.1332184310886	1	0	1	2.682366655485715
257508.18285939435	3000.0	1124.950359036807	0.0	0	0.0	1633.1332184310886	1	0	1	2.8850992095397956
258200.21216905396	2000.0	1432.9210493771857	0.0	0	0.0	1633.1332184311177	1	0	1	2.276901547377546
259673.37436461955	3000.0	959.7588538116215	0.0	0	0.0	1633.1332184311177	1	0	1	2.8850992095397925
260689.27140832297	2000.0	943.8618101082155	0.0	0	0.0	1633.1332184311177	1	0	1	2.276901547377546
261305.5222040809	1000.0	1327.6110143502888	0.0	0	0.0	1633.1332184311468	1	0	1	0.9494987040858446
262427.86160281603	2000.0	1205.2716156151478	0.0	0	0.0	1633.133218431176	1	0	1	1.9892194749257608
263244.8031835711	2000.0	1388.330034860001	0.0	0	0.0	1633.1332184310595	1	0	1	2.682366655485712
264200.0	2000.0	1433.1332184310606	0.0	0	76.71823696943466	1633.1332184309722	1	0	1	2.682366655485721
265200.0	2000.0	1433.1332184310247	0.0	0	294.43163214455126	1633.1332184309722	1	0	1	2.6823666554857253
266200.0	3000.0	1433.133218431011	0.0	0	13.76533136505168	1633.1332184310304	1	0	1	2.8850992095398014
267239.0647645271	3000.0	1394.0684539039348	0.0	0	0.0	1633.1332184310304	1	0	1	3.290564317647966
268200.0	2000.0	1433.1332184310056	0.0	0	313.0461594154476	1633.1332184310304	1	0	1	2.2769015473775545
269200.0	3000.0	1433.1332184310186	0.0	0	337.0960993450135	1633.1332184310304	1	0	1	2.8850992095398014
270200.0	3000.0	1433.1332184309588	0.0	0	89.94431602867553	1633.1332184310304	1	0	1	3.290564317647966
271516.3110067104	3000.0	1116.8222117205264	0.0	0	0.0	1633.1332184310304	1	0	1	3.290564317647966
272501.16798691807	3000.0	1131.9652315129124	0.0	0	0.0	1633.1332184309722	1	0	1	3.290564317647972
273448.35522460187	3000.0	1184.7779938290885	0.0	0	0.0	1633.1332184309722	1	0	1	3.290564317647972
274417.11635302246	3000.0	1216.0168654084964	0.0	0	0.0	1633.1332184309722	1	0	1	3.290564317647972
275200.0	2000.0	1433.1332184309763	0.0	0	211.2780760676833	1633.1332184309722	1	0	1	2.2769015473775607
276200.0	3000.0	1433.1332184309822	0.0	0	342.57713369687553	1633.1332184309722	1	0	1	2.8850992095398076
277231.80184906384	3000.0	1401.3313693671155	0.0	0	0.0	1633.1332184310304	1	0	1	3.2905643176479686
278438.25814304146	3000.0	1194.8750753894965	0.0	0	0.0	1633.1332184310304	1	0	1	3.290564317647966
279628.4570733851	3000.0	1004.6761450458492	0.0	0	0.0	1633.1332184310304	1	0	1	3.290564317647966
280287.24352039513	2000.0	1345.8896980358136	0.0	0	0.0	1633.1332184310304	1	0	1	2.2769015473775545
281200.0	3000.0	1433.1332184309088	0.0	0	215.0569580841111	1633.1332184310886	1	0	1	2.885099209539799
282200.0	3000.0	1433.1332184308806	0.0	0	307.1084250067943	1633.1332184310304	1	0	1	3.290564317647966
283200.0	3000.0	1433.1332184309017	0.0	0	43.83355273969937	1633.1332184310304	1	0	1	3.2905643176479695
284520.71359545464	3000.0	1112.4196229762902	0.0	0	0.0	1633.1332184310304	1	0	1	3.290564317647966
285850.0968493646	3000.0	783.0363690663482	0.0	0	0.0	1633.1332184310886	1	0	1	3.29056431764796
286590.3896081797	2000.0	1042.7436102512575	0.0	0	0.0	1633.1332184310886	1	0	1	2.2769015473775487
287203.730524721	2000.0	1429.402693709916	0.0	0	0.0	1633.1332184310886	1	0	1	2.6823666554857133
288200.0	3000.0	1433.133218430909	0.0	0	347.9213691932382	1633.1332184310886	1	0	1	2.8850992095397956
289417.60373195854	3000.0	1215.5294864724206	0.0	0	0.0	1633.1332184310886	1	0	1	3.29056431764796
290394.3911599848	3000.0	1238.7420584461377	0.0	0	0.0	1633.1332184311468	1	0	1	3.2905643176479558
291200.0	3000.0	1433.1332184309347	0.0	0	155.28385205130326	1633.1332184310886	1	0	1	3.2905643176479566
292546.5292770784	3000.0	1086.6039413524932	0.0	0	0.0	1633.1332184310886	1	0	1	3.29056431764796
293267.5250863513	2000.0	1365.6081320795495	0.0	0	0.0	1633.1332184310886	1	0	1	2.2769015473775487
294200.0	2000.0	1433.133218430809	0.0	0	178.25287040445255	1633.1332184310886	1	0	1	2.6823666554857133
296171.0280362991	3000.0	462.1051821317259	0.0	0	0.0	1633.1332184310886	1	0	1	2.8850992095397956
296353.88545558497	500.0	1279.2477628459517	0.0	0	0.0	1633.1332184311468	1	0	1	-1.188834355422184
297200.0	2000.0	1433.1332184308933	0.0	0	213.0141402176232	1633.1332184311468	1	0	1	1.2960722943658167
298200.0	2000.0	1433.1332184308387	0.0	0	518.5010553741013	1633.1332184311468	1	0	1	2.6823666554857075
299200.0	2000.0	1433.1332184308656	0.0	0	555.8062717730063	1633.133218431205	1	0	1	2.6823666554857017
300290.2801689455	3000.0	1342.8530494853242	0.0	0	0.0	1633.1332184311468	1	0	1	2.8850992095397876
301593.184803058	3000.0	1039.9484153728006	0.0	0	0.0	1633.1332184311468	1	0	1	3.2905643176479544
302504.76924983034	2000.0	1128.3639686004326	0.0	0	0.0	1633.1332184311468	1	0	1	2.276901547377543
303200.0	2000.0	1433.1332184307043	0.0	0	204.14000775059685	1633.1332184311468	1	0	1	2.6823666554857075
304464.9879690914	3000.0	1168.1452493393301	0.0	0	0.0	1633.1332184311468	1	0	1	2.88509920953979
305639.2024316639	2000.0	993.9307867668209	0.0	0	0.0	1633.1332184310886	1	0	1	2.2769015473775487
306406.4733517886	2000.0	1226.6598666421482	0.0	0	0.0	1633.1332184310886	1	0	1	2.6823666554857133
307583.17208413983	2000.0	1049.961134290873	0.0	0	0.0	1633.1332184310886	1	0	1	2.6823666554857133
308487.4836919861	2000.0	1145.6495264446285	0.0	0	0.0	1633.1332184311468	1	0	1	2.6823666554857075
2.53	2.37	2.92	3.67	4.42	5.26	3.28	2.42	2.73	2.7	2.88	3.61	3.83	2.28	2.22	2.72	3.22	2.11	1.16	1.29	2.11	2.9	3.86	4.58	4.22	3.16	0.79	2.8	2.83	1.7	2.11	2.93	3.85	4.54	3.57	2.59	1.87	1.74	1.3	1.51	1.61	2.11	2.56	2.78	2.36	2.05	2.54	3.13	4.18	4.78	4.62	4.07	4.19	3.43	2.92	3.07	2.72	2.7	3.58	4.29	5.28	4.65	3.24	1.31	1.8	2.55	2.61	1.37	2.04	1.68	1.99	2.77	3.6	4.47	4.74	4.82	5.24	6.08	5.44	3.54	4.11	3.71	3.34	4.04	3.64	3.65	1.99	2.76	2.2	3.05	2.8	1.54	1.98	2.92	3.42	2.58	2.95	2.12	3.48	1.88	1.75	1.89	2.27	2.27	3.05	2.47	2.55	3.1	3.98	4.92	3.6	2.92	2.54	2.9	3.07	3.31	4.15	3.26	3.2	3.01	3.24	3.22	3.79	4.1	3.22	2.66	3.05	3.61	4.15	3.48	3.06	3.66	3.07	2.36	2.26	1.3	1.81	2.46	3.31	4.25	2.48	1.49	2.21	3.04	3.7	1.59	2.22	2.4	2.2	3.2	2.53	2.37	2.92	3.67	4.42	5.26	3.28	2.42	2.73	2.7	2.88	3.61	3.83	2.28	2.22	2.72	3.22	2.11	1.16	1.29	2.11	2.9	3.86	4.58	4.22	3.16	0.79	2.8	2.83	1.7	2.11	2.93	3.85	4.54	3.57	2.59	1.87	1.74	1.3	1.51	1.61	2.11	2.56	2.78	2.36	2.05	2.54	3.13	4.18	4.78	4.62	4.07	4.19	3.43	2.92	3.07	2.72	2.7	3.58	4.29	5.28	4.65	3.24	1.31	1.8	2.55	2.61	1.37	2.04	1.68	1.99	2.77	3.6	4.47	4.74	4.82	5.24	6.08	5.44	3.54	4.11	3.71	3.34	4.04	3.64	3.65	1.99	2.76	2.2	3.05	2.8	1.54	1.98	2.92	3.42	2.58	2.95	2.12	3.48	1.88	1.75	1.89	2.27	2.27	3.05	2.47	2.55	3.1	3.98	4.92	3.6	2.92	2.54	2.9	3.07	3.31	4.15	3.26	3.2	3.01	3.24	3.22	3.79	4.1	3.22	2.66	3.05	3.61	4.15	3.48	3.06	3.66	3.07	2.36	2.26	1.3	1.81	2.46	3.31	4.25	2.48	1.49	2.21	3.04	3.7	1.59	2.22	2.4	2.2	3.2	2.53	2.37	2.92	3.67	4.42	5.26	3.28	2.42	2.73	2.7
1.0	2.0	3.0	4.0	5.0	6.0	7.0	8.0	9.0	10.0	11.0	12.0	13.0	14.0	15.0	16.0	17.0	18.0	19.0	20.0	21.0	22.0	23.0	24.0	25.0	26.0	27.0	28.0	29.0	30.0	31.0	32.0	33.0	34.0	35.0	36.0	37.0	38.0	39.0	40.0	41.0	42.0	43.0	44.0	45.0	46.0	47.0	48.0	49.0	50.0	51.0	52.0	53.0	54.0	55.0	56.0	57.0	58.0	59.0	60.0	61.0	62.0	63.0	64.0	65.0	66.0	67.0	68.0	69.0	70.0	71.0	72.0	73.0	74.0	75.0	76.0	77.0	78.0	79.0	80.0	81.0	82.0	83.0	84.0	85.0	86.0	87.0	88.0	89.0	90.0	91.0	92.0	93.0	94.0	95.0	96.0	97.0	98.0	99.0	100.0	101.0	102.0	103.0	104.0	105.0	106.0	107.0	108.0	109.0	110.0	111.0	112.0	113.0	114.0	115.0	116.0	117.0	118.0	119.0	120.0	121.0	122.0	123.0	124.0	125.0	126.0	127.0	128.0	129.0	130.0	131.0	132.0	133.0	134.0	135.0	136.0	137.0	138.0	139.0	140.0	141.0	142.0	143.0	144.0	145.0	146.0	147.0	148.0	149.0	149.0	150.0	151.0	152.0	153.0	154.0	155.0	156.0	157.0	158.0	159.0	160.0	161.0	162.0	163.0	164.0	165.0	166.0	167.0	168.0	169.0	170.0	171.0	172.0	173.0	174.0	175.0	176.0	177.0	178.0	179.0	180.0	181.0	182.0	183.0	184.0	185.0	186.0	187.0	188.0	189.0	190.0	191.0	192.0	193.0	194.0	195.0	196.0	197.0	198.0	199.0	200.0	201.0	202.0	203.0	204.0	205.0	206.0	207.0	208.0	209.0	210.0	211.0	212.0	213.0	214.0	215.0	216.0	217.0	218.0	219.0	220.0	221.0	222.0	223.0	224.0	225.0	226.0	227.0	228.0	229.0	230.0	231.0	232.0	233.0	234.0	235.0	236.0	237.0	238.0	239.0	240.0	241.0	242.0	243.0	244.0	245.0	246.0	247.0	248.0	249.0	250.0	251.0	252.0	253.0	254.0	255.0	256.0	257.0	258.0	259.0	260.0	261.0	262.0	263.0	264.0	265.0	266.0	267.0	268.0	269.0	270.0	271.0	272.0	273.0	274.0	275.0	276.0	277.0	278.0	279.0	280.0	281.0	282.0	283.0	284.0	285.0	286.0	287.0	288.0	289.0	290.0	291.0	292.0	293.0	294.0	295.0	296.0	297.0	298.0	298.0	299.0	300.0	301.0	302.0	303.0	304.0	305.0	306.0	307.0	308.0
2040.0229412880221
