3270.9625600038953	300.0	2000.0	172.4759454201553	0	0.0	3270.9625600038953	1	0	1	-1.3582936963691117
5200.0	2000.0	971.0000000000003	0.0	0	24.511849367748255	1171.0000000000005	1	0	2	0.4286325089626114
6200.0	1000.0	3071.0000000000014	0.0	0	466.27996767002514	3271.0000000000014	1	0	0	0.3895913937309895
9872.565049556295	3000.0	231.17844548807753	0.0	0	0.0	1103.743495044373	1	0	2	1.6405079877478896
10200.0	300.0	2936.4869900887425	0.0	0	115.56045767349315	3136.4869900887425	1	0	0	-3.014800331470045
13437.13535620219	3000.0	575.6380982663325	0.0	0	0.0	1012.7734544685227	1	0	2	0.44711690598874443
14200.0	1000.0	2889.0599188483025	0.0	0	357.3865477806394	3089.0599188483047	1	0	0	0.0017485569629927533
17734.56812930696	3000.0	201.03497661064063	0.0	0	0.0	935.6031059176057	1	0	2	1.6580035140885006
18200.0	300.0	2782.1462929869044	0.0	0	351.5796376577928	2982.1462929869103	1	0	0	-2.9980948120405926
21492.827813305135	3000.0	360.0356983512594	0.0	0	0.0	852.8635116564001	1	0	2	0.46236751335370574
22200.0	500.0	2723.5807303258784	0.0	0	423.8902837114256	2923.580730325888	1	0	0	-1.714556382921179
25203.78587802264	3000.0	619.4162645009766	0.0	0	0.0	823.2021425236308	1	0	2	0.9767134120698048
26200.0	1000.0	2722.8235547213535	0.0	0	451.2133050242119	2922.8235547213626	1	0	0	0.018903311335340733
29804.515755123168	3000.0	202.8149776046234	222.68977592613945	0	0.0	1007.3307327277944	1	0	2	0.3147442546692457
30200.0	300.0	2846.879157215475	0.0	0	239.31916421943606	3046.879157215477	1	0	0	-3.005161402252235
34193.063818153605	3000.0	200.0	495.9009479577129	0	0.0	1393.063818153605	1	0	2	-2.5386910724025964
34386.49976523039	300.0	1006.5640529232264	0.0	0	0.0	1393.063818153605	1	0	1	-2.6418914748094067
35200.0	1000.0	1193.06381815361	0.0	0	113.3324975976866	1393.063818153605	1	0	1	0.4626800203476075
36200.0	1000.0	1193.0638181536112	0.0	0	477.7113952810396	1393.063818153605	1	0	1	1.6666528246735437
37200.0	1000.0	1193.0638181536096	0.0	0	362.87904907678603	1393.063818153605	1	0	1	1.6666528246735433
38200.0	1000.0	1193.063818153604	0.0	0	96.2117262381289	1393.0638181536124	1	0	1	1.6666528246735435
39200.0	1000.0	1193.0638181536033	0.0	0	139.68976197087613	1393.0638181536124	1	0	1	1.6666528246735433
40200.0	1000.0	1193.0638181536015	0.0	0	186.90213915413187	1393.0638181536124	1	0	1	1.6666528246735433
41200.0	1000.0	1193.0638181535976	0.0	0	617.2857354999287	1393.0638181536124	1	0	1	1.6666528246735433
42200.0	1000.0	1193.063818153587	0.0	0	320.9604374757182	1393.0638181535978	1	0	1	1.6666528246735441
43200.0	1000.0	1193.0638181535955	0.0	0	567.6419355465332	1393.0638181535978	1	0	1	1.6666528246735446
44200.0	1000.0	1193.0638181535992	0.0	0	414.5084752013063	1393.0638181535978	1	0	1	1.6666528246735446
45200.0	1000.0	1193.0638181535949	0.0	0	442.31916219230334	1393.0638181535978	1	0	1	1.6666528246735446
46200.0	1000.0	1193.063818153598	0.0	0	645.1858935426499	1393.0638181535978	1	0	1	1.6666528246735446
47200.0	2000.0	1193.0638181535921	0.0	0	287.70674526225775	1393.0638181535978	1	0	1	2.0132264149535173
48451.86329514739	2000.0	941.2005230061984	0.0	0	0.0	1393.0638181535978	1	0	1	2.7063735955134622
49200.0	1000.0	1193.0638181535844	0.0	0	198.06553101317695	1393.0638181535905	1	0	1	0.9735056441136
50529.2800663175	2000.0	863.7837518360853	0.0	0	0.0	1393.0638181535905	1	0	1	2.013226414953518
51200.0	1000.0	1193.063818153581	0.0	0	97.80124129408796	1393.0638181535905	1	0	1	0.9735056441136
52200.0	1000.0	1193.0638181535871	0.0	0	539.7497042383329	1393.0638181535905	1	0	1	1.666652824673545
53200.0	1000.0	1193.0638181535921	0.0	0	348.465078817404	1393.0638181535905	1	0	1	1.666652824673545
54766.17805384132	1000.0	626.8857643122647	0.0	0	0.0	1393.0638181535905	1	0	1	1.666652824673545
55409.4462280384	500.0	983.6175901151905	0.0	0	0.0	1393.0638181535978	1	0	1	-0.06621512672631902
56427.61644244478	1000.0	965.4473757088035	0.0	0	0.0	1393.0638181535978	1	0	1	0.9735056441135992
57200.0	1000.0	1193.0638181535828	0.0	0	6.41426411861903	1393.0638181535978	1	0	1	1.6666528246735446
58200.0	1000.0	1193.0638181535871	0.0	0	468.35161570335913	1393.0638181535978	1	0	1	1.6666528246735446
59200.0	1000.0	1193.0638181535885	0.0	0	715.2418447636228	1393.0638181535905	1	0	1	1.666652824673545
60200.0	1000.0	1193.0638181535821	0.0	0	644.2159639543606	1393.0638181535978	1	0	1	1.6666528246735446
61200.0	2000.0	1193.063818153586	0.0	0	322.4899972562853	1393.0638181535978	1	0	1	2.0132264149535173
62200.0	2000.0	1193.063818153585	0.0	0	340.55816777213477	1393.063818153605	1	0	1	2.706373595513462
63200.0	3000.0	1193.0638181535949	0.0	0	86.85316119480558	1393.063818153605	1	0	1	2.909106149567544
64200.0	3000.0	1193.0638181535987	0.0	0	271.00881351823045	1393.0638181536124	1	0	1	3.3145712576757083
65207.631119264785	3000.0	1185.4326988888101	0.0	0	0.0	1393.0638181536124	1	0	1	3.3145712576757083
67425.05761312594	3000.0	200.0	231.99379497235182	0	0.0	1625.0576131259586	1	0	1	1.9159934290077303
67736.67615882469	300.0	888.3814543012543	0.0	0	0.0	1625.0576131259586	1	0	1	-2.4650908543066428
68421.0461512794	1000.0	1204.0114618465482	0.0	0	0.0	1625.0576131259586	1	0	1	0.4394806408503722
69200.0	1000.0	1425.0576131259506	0.0	0	202.61271001165733	1625.0576131259586	1	0	1	1.6434534451763083
70200.0	1000.0	1425.0576131259709	0.0	0	288.6690501325065	1625.0576131259586	1	0	1	1.6434534451763083
71200.0	1000.0	1425.0576131259745	0.0	0	471.1959869951388	1625.0576131259586	1	0	1	1.6434534451763083
72200.0	1000.0	1425.0576131259638	0.0	0	571.9132257432066	1625.0576131259586	1	0	1	1.6434534451763083
73234.82564358569	2000.0	1390.2319695402643	0.0	0	233.44349803809018	1625.0576131259586	1	0	1	1.9900270354562812
74663.88716620526	2000.0	961.1704469206854	0.0	0	0.0	1625.0576131259586	1	0	1	2.6831742160162264
75200.0	1000.0	1425.0576131259313	0.0	0	23.050025595221086	1625.0576131259586	1	0	1	0.9503062646163631
76458.36314768509	2000.0	1166.6944654408576	0.0	0	0.0	1625.0576131259731	1	0	1	1.9900270354562801
77646.22864872696	2000.0	978.8289643989784	0.0	0	0.0	1625.0576131259586	1	0	1	2.6831742160162264
78395.03043417833	1000.0	1230.0271789475912	0.0	0	0.0	1625.0576131259586	1	0	1	0.9503062646163631
79200.0	1000.0	1425.0576131259186	0.0	0	193.7621405715472	1625.0576131259586	1	0	1	1.6434534451763083
80332.61561018386	1000.0	1292.442002942069	0.0	0	0.0	1625.0576131259731	1	0	1	1.643453445176307
81296.93432172509	1000.0	1328.1232914008317	0.0	0	0.0	1625.0576131259586	1	0	1	1.6434534451763083
82200.0	1000.0	1425.0576131259104	0.0	0	245.66199575792416	1625.0576131259586	1	0	1	1.6434534451763083
83200.0	1000.0	1425.0576131259136	0.0	0	75.31975761758804	1625.0576131259731	1	0	1	1.643453445176307
84200.0	1000.0	1425.057613125926	0.0	0	248.69437755341642	1625.0576131259731	1	0	1	1.643453445176307
85200.0	1000.0	1425.0576131259259	0.0	0	169.66297501903318	1625.0576131259731	1	0	1	1.643453445176307
86200.0	1000.0	1425.0576131259263	0.0	0	526.5885516029666	1625.0576131259877	1	0	1	1.6434534451763056
87200.0	1000.0	1425.0576131259215	0.0	0	637.0939287662623	1625.0576131260023	1	0	1	1.643453445176304
88200.0	2000.0	1425.0576131258968	0.0	0	236.08494383211655	1625.0576131259877	1	0	1	1.990027035456278
89200.0	1000.0	1425.0576131258995	0.0	0	521.1017056584824	1625.0576131259731	1	0	1	0.9503062646163618
90283.19157986158	2000.0	1341.866033264302	0.0	0	0.0	1625.0576131259586	1	0	1	1.9900270354562812
91200.0	2000.0	1425.0576131258708	0.0	0	76.0658986736671	1625.0576131259586	1	0	1	2.6831742160162264
92200.0	2000.0	1425.05761312587	0.0	0	414.99809174796974	1625.0576131259731	1	0	1	2.6831742160162246
93902.2102779622	2000.0	722.8473351636911	0.0	0	0.0	1625.0576131259731	1	0	1	2.6831742160162246
94392.84149870463	1000.0	1232.2161144212466	0.0	0	0.0	1625.0576131259731	1	0	1	0.9503062646163618
95200.0	1000.0	1425.0576131258708	0.0	0	365.97646897489903	1625.0576131259731	1	0	1	1.643453445176307
96321.572630067	2000.0	1303.484983058866	0.0	0	0.0	1625.0576131259586	1	0	1	1.9900270354562812
97221.13442746067	1000.0	1403.92318566519	0.0	0	0.0	1625.0576131259586	1	0	1	0.9503062646163631
98716.93461507044	2000.0	908.122998055416	0.0	0	0.0	1625.057613125944	1	0	1	1.9900270354562823
99323.78055376641	1000.0	1301.277059359439	0.0	0	0.0	1625.057613125944	1	0	1	0.9503062646163648
100200.0	1000.0	1425.057613125858	0.0	0	173.67588399992383	1625.057613125944	1	0	1	1.64345344517631
101200.0	1000.0	1425.0576131258576	0.0	0	518.6765461664327	1625.057613125944	1	0	1	1.64345344517631
102238.11858929243	2000.0	1386.9390238334115	0.0	0	0.0	1625.0576131259295	1	0	1	1.9900270354562841
103200.0	1000.0	1425.0576131258315	0.0	0	552.9738923868426	1625.0576131259295	1	0	1	0.9503062646163662
104200.0	1000.0	1425.0576131258256	0.0	0	129.45276566689427	1625.0576131259295	1	0	1	1.6434534451763114
105298.56176303852	1000.0	1326.4958500872933	0.0	0	0.0	1625.0576131259295	1	0	1	1.6434534451763114
106200.0	1000.0	1425.057613125818	0.0	0	156.84206098232244	1625.0576131259295	1	0	1	1.6434534451763114
107200.0	1000.0	1425.0576131258126	0.0	0	609.5284136716946	1625.057613125915	1	0	1	1.6434534451763128
108200.0	1000.0	1425.0576131258133	0.0	0	570.2396952503623	1625.057613125915	1	0	1	1.6434534451763128
109200.0	1000.0	1425.0576131258256	0.0	0	578.932881812987	1625.0576131259295	1	0	1	1.6434534451763114
110200.0	1000.0	1425.05761312582	0.0	0	523.1345077740552	1625.0576131259295	1	0	1	1.6434534451763114
111200.0	2000.0	1425.0576131258213	0.0	0	181.431658089743	1625.0576131259295	1	0	1	1.9900270354562841
112200.0	2000.0	1425.057613125806	0.0	0	369.8631971562136	1625.057613125915	1	0	1	2.683174216016231
113299.63544810258	3000.0	1325.422165023252	0.0	0	0.0	1625.057613125915	1	0	1	2.885906770070313
114200.0	3000.0	1425.0576131258172	0.0	0	164.8799952721165	1625.0576131259004	1	0	1	3.291371878178479
115200.0	3000.0	1425.0576131258008	0.0	0	7.122830844877171	1625.0576131259004	1	0	1	3.291371878178479
116509.97061217038	3000.0	1115.0870009554249	0.0	0	0.0	1625.0576131259004	1	0	1	3.291371878178479
117752.2529178069	2000.0	872.8046953189113	0.0	0	0.0	1625.0576131259004	1	0	1	2.277709107908067
118531.59780109541	2000.0	1093.459812030399	0.0	0	0.0	1625.0576131259004	1	0	1	2.6831742160162317
119297.79043003502	2000.0	1327.2671830908082	0.0	0	0.0	1625.0576131259004	1	0	1	2.6831742160162317
120200.0	2000.0	1425.057613125832	0.0	0	289.90311461161764	1625.0576131259004	1	0	1	2.6831742160162317
121200.0	3000.0	1425.0576131258347	0.0	0	169.04387554255663	1625.0576131259004	1	0	1	2.8859067700703145
122200.0	2000.0	1425.0576131258395	0.0	0	406.46885132670286	1625.0576131259004	1	0	1	2.277709107908067
124361.98974974557	3000.0	263.0678633802728	0.0	0	0.0	1625.0576131259004	1	0	1	2.8859067700703145
124803.8509165276	500.0	821.2066965982272	0.0	0	0.0	1625.0576131259004	1	0	1	-1.1880267948916594
125590.82092027988	1000.0	1034.2366928459714	0.0	0	0.0	1625.057613125915	1	0	1	0.9503062646163674
126200.0	1000.0	1425.0576131258438	0.0	0	175.07921142216946	1625.057613125915	1	0	1	1.6434534451763128
127200.0	1000.0	1425.0576131258388	0.0	0	564.5615473381622	1625.057613125915	1	0	1	1.6434534451763128
128200.0	2000.0	1425.0576131258317	0.0	0	109.79515559866559	1625.057613125915	1	0	1	1.9900270354562857
129200.0	1000.0	1425.057613125826	0.0	0	664.34000847688	1625.057613125915	1	0	1	0.9503062646163676
130200.0	2000.0	1425.0576131258215	0.0	0	326.09154778801894	1625.0576131259004	1	0	1	1.9900270354562868
132031.25753815882	2000.0	593.8000749669966	0.0	0	0.0	1625.057613125915	1	0	1	2.683174216016231
132444.09872434603	1000.0	1180.958888779797	0.0	0	0.0	1625.057613125915	1	0	1	0.9503062646163674
133200.0	2000.0	1425.0576131258213	0.0	0	41.12317627493758	1625.057613125944	1	0	1	1.990027035456283
134744.57223232125	3000.0	880.485380804543	0.0	0	0.0	1625.057613125944	1	0	1	2.88590677007031
135466.8740319282	1000.0	1158.1835811975984	0.0	0	0.0	1625.057613125944	1	0	1	0.5448411565082001
136200.0	1000.0	1425.0576131257792	0.0	0	225.79222535761073	1625.057613125915	1	0	1	1.6434534451763128
137200.0	2000.0	1425.0576131257885	0.0	0	13.540822317183483	1625.057613125915	1	0	1	1.9900270354562857
138200.0	2000.0	1425.057613125787	0.0	0	155.3053511743201	1625.0576131258858	1	0	1	2.6831742160162317
139200.0	2000.0	1425.0576131257897	0.0	0	165.38385859015398	1625.0576131258858	1	0	1	2.6831742160162335
140363.10658265537	2000.0	1261.951030470469	0.0	0	0.0	1625.0576131258858	1	0	1	2.6831742160162335
141784.2395963266	2000.0	840.8180167992064	0.0	0	0.0	1625.0576131258858	1	0	1	2.6831742160162335
142200.0	1000.0	1425.0576131257965	0.0	0	3.9949319743027445	1625.057613125915	1	0	1	0.9503062646163676
143200.0	2000.0	1425.0576131257696	0.0	0	136.01387537067058	1625.057613125944	1	0	1	1.9900270354562823
144200.0	2000.0	1425.0576131257842	0.0	0	143.62120549936662	1625.057613125944	1	0	1	2.6831742160162273
145200.0	2000.0	1425.0576131257978	0.0	0	168.27204185104347	1625.057613125944	1	0	1	2.6831742160162273
146200.0	2000.0	1425.0576131258106	0.0	0	193.34283529411186	1625.0576131259731	1	0	1	2.6831742160162246
147389.94871395561	3000.0	1235.1088991702134	0.0	0	0.0	1625.0576131260023	1	0	1	2.8859067700703043
148394.63220612681	2000.0	1230.425406999024	0.0	0	0.0	1625.0576131260314	1	0	1	2.2777091079080547
149424.36732961886	2000.0	1200.6902835069359	0.0	0	0.0	1625.0576131260023	1	0	1	2.683174216016222
150592.49636417773	2000.0	1032.561248948068	0.0	0	0.0	1625.0576131260023	1	0	1	2.683174216016222
152001.55529815902	2000.0	623.502314966791	0.0	0	0.0	1625.0576131260314	1	0	1	2.6831742160162193
152606.25817677716	1000.0	1018.7994363486498	0.0	0	0.0	1625.0576131260605	1	0	1	0.9503062646163531
153200.0	1000.0	1425.057613125794	0.0	0	144.19438950542826	1625.0576131260605	1	0	1	1.6434534451762983
154200.0	1000.0	1425.057613125785	0.0	0	194.56356328821857	1625.0576131260605	1	0	1	1.6434534451762983
155200.0	1000.0	1425.0576131257835	0.0	0	516.4649022437807	1625.0576131260314	1	0	1	1.6434534451763012
156200.0	2000.0	1425.0576131257803	0.0	0	369.4333544326946	1625.0576131260314	1	0	1	1.990027035456274
157200.0	2000.0	1425.0576131257958	0.0	0	440.87087480427	1625.0576131260023	1	0	1	2.683174216016222
158200.0	2000.0	1425.057613125775	0.0	0	594.1503738480096	1625.0576131260023	1	0	1	2.683174216016222
159200.0	2000.0	1425.0576131257624	0.0	0	204.81777208307176	1625.0576131260023	1	0	1	2.683174216016222
160200.0	3000.0	1425.0576131257849	0.0	0	146.4364063036046	1625.0576131260314	1	0	1	2.8859067700703016
161200.0	3000.0	1425.0576131258297	0.0	0	66.29822653433075	1625.0576131260605	1	0	1	3.291371878178463
162200.0	3000.0	1425.0576131258113	0.0	0	224.87091930155293	1625.0576131260605	1	0	1	3.291371878178463
163754.31394382543	3000.0	870.7436693003364	0.0	0	0.0	1625.0576131260605	1	0	1	3.291371878178463
164707.56359051837	2000.0	917.494022607374	0.0	0	0.0	1625.0576131260605	1	0	1	2.277709107908051
165999.43963607628	2000.0	625.6179770494632	0.0	0	0.0	1625.0576131260605	1	0	1	2.6831742160162158
166406.6883682555	1000.0	1218.3692448702452	0.0	0	0.0	1625.0576131260605	1	0	1	0.9503062646163531
167200.0	2000.0	1425.0576131257671	0.0	0	15.375087322900072	1625.0576131260896	1	0	1	1.990027035456268
168200.0	2000.0	1425.0576131257583	0.0	0	187.37105486128712	1625.0576131260896	1	0	1	2.683174216016213
169200.0	2000.0	1425.0576131257499	0.0	0	174.28728756937198	1625.0576131260896	1	0	1	2.683174216016215
170200.0	2000.0	1425.0576131257667	0.0	0	66.40269367949804	1625.0576131260896	1	0	1	2.683174216016213
171260.1829396765	2000.0	1364.8746734492402	0.0	0	0.0	1625.0576131260896	1	0	1	2.683174216016213
172200.0	2000.0	1425.057613125727	0.0	0	42.427551423199475	1625.0576131260896	1	0	1	2.683174216016213
173200.0	2000.0	1425.0576131257055	0.0	0	38.743610164819984	1625.0576131260605	1	0	1	2.683174216016214
174200.0	2000.0	1425.0576131257444	0.0	0	189.65741578978486	1625.0576131260605	1	0	1	2.6831742160162158
175567.88725114978	3000.0	1057.170361975985	0.0	0	0.0	1625.0576131260605	1	0	1	2.8859067700702985
176234.6502786466	2000.0	1390.4073344791816	0.0	0	0.0	1625.0576131260605	1	0	1	2.277709107908051
177458.3298622771	3000.0	1166.7277508487084	0.0	0	0.0	1625.0576131260896	1	0	1	2.8859067700702954
178200.0	2000.0	1425.0576131258374	0.0	0	140.8270286504412	1625.0576131260605	1	0	1	2.2777091079080494
179945.86008703028	3000.0	679.1975260955342	0.0	0	0.0	1625.0576131260314	1	0	1	2.885906770070299
180274.64898200668	1000.0	1350.4086311191236	0.0	0	0.0	1625.0576131260605	1	0	1	0.5448411565081884
181200.0	2000.0	1425.0576131257951	0.0	0	221.1910821692145	1625.0576131260605	1	0	1	1.9900270354562708
182200.0	2000.0	1425.0576131258085	0.0	0	109.89442574777058	1625.0576131260896	1	0	1	2.683174216016215
183933.05774229098	2000.0	691.9998708348528	0.0	0	0.0	1625.0576131261187	1	0	1	2.6831742160162104
184631.757096735	1000.0	993.300516390863	0.0	0	0.0	1625.0576131261187	1	0	1	0.9503062646163474
185343.30488026576	1000.0	1281.7527328600993	0.0	0	0.0	1625.0576131261187	1	0	1	1.6434534451762925
186200.0	1000.0	1425.0576131258513	0.0	0	209.10754283855204	1625.0576131261187	1	0	1	1.6434534451762925
187200.0	1000.0	1425.0576131258695	0.0	0	206.3691982573655	1625.0576131261478	1	0	1	1.6434534451762912
188200.0	1000.0	1425.0576131258501	0.0	0	171.08067855832633	1625.0576131261478	1	0	1	1.6434534451762894
189200.0	1000.0	1425.0576131258501	0.0	0	130.93719360345858	1625.0576131261478	1	0	1	1.6434534451762894
190200.0	1000.0	1425.0576131258229	0.0	0	573.3626290801913	1625.0576131261187	1	0	1	1.6434534451762925
191200.0	1000.0	1425.057613125846	0.0	0	533.5049442788877	1625.0576131261187	1	0	1	1.6434534451762925
192200.0	2000.0	1425.0576131258135	0.0	0	114.37454629127751	1625.0576131260896	1	0	1	1.990027035456268
193200.0	1000.0	1425.0576131257826	0.0	0	583.4522443347087	1625.0576131260896	1	0	1	0.95030626461635
194200.0	2000.0	1425.05761312577	0.0	0	370.99711143484456	1625.0576131260605	1	0	1	1.9900270354562708
195200.0	2000.0	1425.057613125762	0.0	0	298.93392712651985	1625.0576131260605	1	0	1	2.6831742160162158
196200.0	2000.0	1425.0576131257794	0.0	0	129.02057266695192	1625.0576131260896	1	0	1	2.683174216016213
197200.0	2000.0	1425.0576131257942	0.0	0	41.66316111476044	1625.0576131260896	1	0	1	2.683174216016213
198490.70977724035	2000.0	1134.3478358854254	0.0	0	0.0	1625.0576131260896	1	0	1	2.683174216016213
199754.80280329825	2000.0	870.2548098275175	0.0	0	0.0	1625.0576131260896	1	0	1	2.683174216016213
200200.0	1000.0	1425.0576131257862	0.0	0	66.73030257847859	1625.0576131260896	1	0	1	0.95030626461635
201204.57199271026	2000.0	1420.4856204155096	0.0	0	0.0	1625.0576131260896	1	0	1	1.990027035456268
203019.12055371495	2000.0	605.937059410813	0.0	0	0.0	1625.0576131260896	1	0	1	2.6831742160162118
203763.6382852109	500.0	861.4193279148593	0.0	0	0.0	1625.0576131261187	1	0	1	-0.7825616867835163
204340.6361973305	500.0	1284.4214157952638	0.0	0	0.0	1625.0576131261187	1	0	1	0.6037326743363743
205200.0	1000.0	1425.057613125761	0.0	0	146.22884752674145	1625.0576131261478	1	0	1	0.950306264616344
206200.0	1000.0	1425.0576131257785	0.0	0	432.32090737627004	1625.057613126206	1	0	1	1.6434534451762854
207200.0	1000.0	1425.057613125754	0.0	0	416.2094518162776	1625.0576131261769	1	0	1	1.6434534451762866
208200.0	1000.0	1425.0576131257305	0.0	0	594.1399507747556	1625.057613126206	1	0	1	1.6434534451762837
209200.0	1000.0	1425.0576131257096	0.0	0	680.7293160841509	1625.057613126235	1	0	1	1.6434534451762808
210200.0	2000.0	1425.05761312573	0.0	0	495.6863352554792	1625.057613126235	1	0	1	1.9900270354562535
211200.0	3000.0	1425.0576131257083	0.0	0	182.5097224348865	1625.057613126235	1	0	1	2.885906770070281
212200.0	3000.0	1425.0576131257178	0.0	0	247.18650133229676	1625.057613126235	1	0	1	3.291371878178446
213262.08128773954	3000.0	1362.9763253861734	0.0	0	0.0	1625.057613126235	1	0	1	3.291371878178446
214479.22237861936	3000.0	1145.8352345063524	0.0	0	0.0	1625.057613126235	1	0	1	3.291371878178446
215844.39616469888	2000.0	780.661448426844	0.0	0	0.0	1625.057613126235	1	0	1	2.2777091079080343
216691.4043680351	1000.0	933.6532450906324	0.0	0	0.0	1625.057613126206	1	0	1	0.9503062646163385
217304.54461885535	1000.0	1320.5129942703875	0.0	0	0.0	1625.0576131261769	1	0	1	1.6434534451762866
218200.0	1000.0	1425.0576131257326	0.0	0	344.05363282645703	1625.0576131261769	1	0	1	1.6434534451762866
219200.0	1000.0	1425.0576131257571	0.0	0	494.76557299494743	1625.0576131261769	1	0	1	1.6434534451762866
220200.0	1000.0	1425.0576131257355	0.0	0	551.676363247796	1625.0576131261769	1	0	1	1.6434534451762866
221200.0	1000.0	1425.0576131257833	0.0	0	544.3525426825217	1625.057613126206	1	0	1	1.6434534451762837
222211.54312802028	2000.0	1413.5144851055018	0.0	0	240.67075281235157	1625.057613126206	1	0	1	1.9900270354562561
223689.45732626054	2000.0	935.600286865237	0.0	0	0.0	1625.057613126235	1	0	1	2.683174216016199
224200.0	1000.0	1425.05761312575	0.0	0	66.2842376199842	1625.057613126235	1	0	1	0.9503062646163356
225200.0	2000.0	1425.0576131257558	0.0	0	211.3797028621484	1625.057613126206	1	0	1	1.9900270354562561
226612.62690691193	2000.0	1012.4307062138099	0.0	0	0.0	1625.057613126235	1	0	1	2.683174216016199
227200.0	1000.0	1425.057613125746	0.0	0	46.35029358166503	1625.057613126235	1	0	1	0.9503062646163356
228200.0	1000.0	1425.0576131257312	0.0	0	570.1291372965788	1625.057613126235	1	0	1	1.6434534451762808
229200.0	1000.0	1425.0576131257444	0.0	0	226.36002099871985	1625.057613126206	1	0	1	1.6434534451762821
230392.8971693387	1000.0	1232.1604437870358	0.0	0	0.0	1625.057613126235	1	0	1	1.6434534451762808
231200.0	1000.0	1425.0576131257492	0.0	0	139.7340211061819	1625.057613126206	1	0	1	1.6434534451762826
232200.0	1000.0	1425.0576131257387	0.0	0	137.9088890652929	1625.057613126206	1	0	1	1.6434534451762837
233200.0	1000.0	1425.0576131257044	0.0	0	92.31670475946157	1625.0576131261769	1	0	1	1.6434534451762852
234200.0	1000.0	1425.057613125688	0.0	0	421.2511785077804	1625.0576131261769	1	0	1	1.6434534451762866
235200.0	1000.0	1425.0576131256755	0.0	0	524.9069766305038	1625.0576131261769	1	0	1	1.6434534451762866
236200.0	1000.0	1425.0576131256234	0.0	0	618.1471044110949	1625.0576131261478	1	0	1	1.6434534451762894
237273.7034721697	2000.0	1351.3541409559043	0.0	0	0.0	1625.0576131261187	1	0	1	1.990027035456265
238200.0	1000.0	1425.057613125603	0.0	0	559.4494370979373	1625.0576131261478	1	0	1	0.9503062646163443
239230.42331190553	2000.0	1394.6343012200728	0.0	0	0.0	1625.0576131261187	1	0	1	1.990027035456265
240385.05835451436	2000.0	1239.9992586112403	0.0	0	0.0	1625.0576131261187	1	0	1	2.6831742160162104
241515.024132996	2000.0	1110.0334801295828	0.0	0	0.0	1625.0576131261187	1	0	1	2.6831742160162104
242890.21996313336	2000.0	734.8376499922152	0.0	0	0.0	1625.0576131260605	1	0	1	2.6831742160162135
243417.82019718533	1000.0	1207.2374159402384	0.0	0	0.0	1625.0576131260314	1	0	1	0.9503062646163559
244200.0	1000.0	1425.0576131255768	0.0	0	325.89748724736273	1625.0576131260314	1	0	1	1.6434534451763012
245391.0981175959	2000.0	1233.9594955296843	0.0	0	0.0	1625.0576131260314	1	0	1	1.990027035456274
246200.0	1000.0	1425.0576131255784	0.0	0	258.72665346143185	1625.0576131260314	1	0	1	0.9503062646163559
247200.0	1000.0	1425.0576131255525	0.0	0	105.43750969745452	1625.0576131260314	1	0	1	1.6434534451763012
248200.0	1000.0	1425.0576131255532	0.0	0	532.1762620723166	1625.0576131260314	1	0	1	1.6434534451763012
249200.0	1000.0	1425.0576131255552	0.0	0	444.4261323811952	1625.0576131260023	1	0	1	1.643453445176304
250200.0	1000.0	1425.057613125558	0.0	0	408.01600601919927	1625.0576131259731	1	0	1	1.6434534451763054
251200.0	1000.0	1425.057613125542	0.0	0	446.13698926128563	1625.0576131259731	1	0	1	1.643453445176307
252200.0	1000.0	1425.0576131255284	0.0	0	360.478234020964	1625.0576131259731	1	0	1	1.643453445176307
253200.0	1000.0	1425.0576131255239	0.0	0	212.28377310704673	1625.0576131260023	1	0	1	1.643453445176304
254267.6903669242	1000.0	1357.367246201325	0.0	0	0.0	1625.0576131260023	1	0	1	1.6434534451763045
255200.0	1000.0	1425.0576131254945	0.0	0	357.960000346764	1625.0576131259731	1	0	1	1.643453445176307
256200.0	1000.0	1425.0576131254907	0.0	0	408.8096076079237	1625.0576131259731	1	0	1	1.643453445176307
257200.0	1000.0	1425.0576131255195	0.0	0	354.08246573628276	1625.0576131260023	1	0	1	1.643453445176304
258200.0	1000.0	1425.0576131255089	0.0	0	441.93073184377863	1625.0576131260023	1	0	1	1.643453445176304
259200.0	1000.0	1425.057613125537	0.0	0	517.7227011350042	1625.0576131260023	1	0	1	1.643453445176304
260200.0	2000.0	1425.0576131255586	0.0	0	179.4029798838601	1625.0576131260023	1	0	1	1.9900270354562768
261200.0	2000.0	1425.0576131255893	0.0	0	337.9101741704799	1625.0576131260314	1	0	1	2.683174216016221
262520.01836667804	3000.0	1105.0392464474944	0.0	0	0.0	1625.0576131259731	1	0	1	2.885906770070304
263200.0	2000.0	1425.0576131255023	0.0	0	208.16246434184723	1625.057613125915	1	0	1	2.2777091079080667
264200.0	3000.0	1425.0576131254911	0.0	0	123.22295037383446	1625.057613125944	1	0	1	2.8859067700703114
265258.4707245063	3000.0	1366.5868886191477	0.0	0	0.0	1625.057613125944	1	0	1	3.2913718781784747
266592.9362450543	2000.0	1032.121368071128	0.0	0	0.0	1625.057613125944	1	0	1	2.2777091079080627
267222.0258217894	2000.0	1403.0317913360805	0.0	0	0.0	1625.057613125944	1	0	1	2.6831742160162273
268482.85210623476	3000.0	1142.205506890718	0.0	0	0.0	1625.0576131258858	1	0	1	2.8859067700703154
269226.1688633875	2000.0	1398.8887497379412	0.0	0	0.0	1625.0576131258858	1	0	1	2.277709107908069
270200.0	3000.0	1425.0576131254786	0.0	0	19.906698727689218	1625.057613125944	1	0	1	2.88590677007031
271200.0	2000.0	1425.0576131255157	0.0	0	486.0275073746452	1625.0576131260023	1	0	1	2.2777091079080574
272786.4376526882	3000.0	838.6199604373865	0.0	0	0.0	1625.0576131260023	1	0	1	2.8859067700703043
274712.6561739934	2000.0	200.0	287.59856086785413	0	0.0	1912.6561739938334	1	0	1	0.5279782068006454
274923.3673666453	300.0	968.2176880829252	0.0	0	0.0	1891.5850547286682	1	0	2	-2.486693584190874
275314.3763408978	1000.0	1538.1078164051555	0.0	0	0.0	1852.4841573034064	1	0	2	0.21579495763133183
276416.6882796698	2000.0	1325.5646837559923	0.0	0	0.0	1742.2529634261737	1	0	2	1.7756283917764715
277200.0	1000.0	1463.9217913927698	0.0	0	330.3340686617885	1663.9217913931934	1	0	2	0.743197034387723
278200.0	2000.0	1463.9217913927803	0.0	0	285.46789176843595	1663.9217913931934	1	0	1	1.7861406176295573
279200.11568000907	3000.0	1463.8061113836811	0.0	0	77.71484085253906	1663.9217913931934	1	0	1	2.882020352243585
281086.4850936554	2000.0	577.4366977373577	0.0	0	0.0	1663.9217913931934	1	0	1	2.2738226900813383
281413.25248625776	1000.0	1250.669305135072	0.0	0	0.0	1663.9217913932516	1	0	1	0.9464198467896339
282242.10774757207	2000.0	1421.8140438207688	0.0	0	0.0	1663.9217913932516	1	0	1	1.9861406176295517
284149.83061079786	3000.0	514.0911805950082	0.0	0	0.0	1663.9217913933098	1	0	1	2.882020352243578
284467.4366329492	500.0	1196.4851584436005	0.0	0	0.0	1663.9217913932516	1	0	1	-1.1919132127183945
285200.0	1000.0	1463.9217913927296	0.0	0	234.3161989444052	1663.9217913931352	1	0	1	0.9464198467896419
286200.0	2000.0	1463.9217913926936	0.0	0	32.338866869336925	1663.921791393077	1	0	1	1.986140617629567
287200.0	2000.0	1463.921791392688	0.0	0	368.53986097412417	1663.921791393077	1	0	1	2.679287798189515
288200.0	2000.0	1463.921791392727	0.0	0	485.08939190523233	1663.921791393077	1	0	1	2.679287798189515
289249.84147201444	2000.0	1414.0803193782615	0.0	0	0.0	1663.9217913930188	1	0	1	2.679287798189518
290415.8709710228	2000.0	1248.050820369834	0.0	0	0.0	1663.9217913929606	1	0	1	2.6792877981895264
291324.470213675	2000.0	1339.4515777176437	0.0	0	0.0	1663.9217913929606	1	0	1	2.6792877981895264
292200.0	2000.0	1463.9217913926166	0.0	0	112.82137110974872	1663.9217913929024	1	0	1	2.6792877981895318
293200.0	2000.0	1463.9217913926254	0.0	0	268.80150768667227	1663.9217913929024	1	0	1	2.6792877981895318
294200.0	2000.0	1463.921791392632	0.0	0	234.3603482291801	1663.9217913929024	1	0	1	2.6792877981895318
295200.0	2000.0	1463.9217913926404	0.0	0	435.8304030270083	1663.9217913929024	1	0	1	2.6792877981895318
296200.0	3000.0	1463.9217913925597	0.0	0	115.8007098751259	1663.9217913929024	1	0	1	2.8820203522436145
297200.0	2000.0	1463.921791392536	0.0	0	1.7974514068919234	1663.9217913929024	1	0	1	2.273822690081367
299191.625091551	3000.0	472.2966998415727	0.0	0	0.0	1663.9217913929024	1	0	1	2.8820203522436145
300131.9039648348	1000.0	532.0178265577711	0.0	0	0.0	1663.9217913929606	1	0	1	0.5409547386815008
300916.3624127427	1000.0	747.5593786499276	0.0	0	0.0	1663.9217913929606	1	0	1	1.6395670273496084
301422.3562895694	1000.0	1241.5655018231957	0.0	0	0.0	1663.9217913929024	1	0	1	1.6395670273496141
302200.0	1000.0	1463.9217913926552	0.0	0	230.3118872459745	1663.9217913929024	1	0	1	1.6395670273496141
303200.0	1000.0	1463.9217913926373	0.0	0	244.6743043846218	1663.9217913929024	1	0	1	1.6395670273496141
304200.0	1000.0	1463.9217913926502	0.0	0	614.2589463366894	1663.9217913929024	1	0	1	1.6395670273496141
305200.0	2000.0	1463.9217913926607	0.0	0	194.76628217176767	1663.9217913929606	1	0	1	1.9861406176295846
306200.0	2000.0	1463.9217913927157	0.0	0	240.44863065663958	1663.9217913929024	1	0	1	2.6792877981895318
307200.0	3000.0	1463.921791392717	0.0	0	364.79254992783535	1663.9217913929606	1	0	1	2.8820203522436088
308200.0	2000.0	1463.9217913927243	0.0	0	367.714511253871	1663.9217913929024	1	0	1	2.273822690081367
309200.0	3000.0	1463.9217913927232	0.0	0	133.63073249929585	1663.9217913928442	1	0	1	2.8820203522436176
310200.0	3000.0	1463.9217913927387	0.0	0	246.02406779193552	1663.9217913929024	1	0	1	3.2874854603517827
311200.0	3000.0	1463.9217913927855	0.0	0	142.03718004387338	1663.9217913929606	1	0	1	3.287485460351777
312624.81722142024	3000.0	1039.1045699724857	0.0	0	0.0	1663.9217913929606	1	0	1	3.2874854603517734
313447.7212055116	2000.0	1216.2005858810412	0.0	0	0.0	1663.9217913929024	1	0	1	2.273822690081367
314410.4315349492	2000.0	1253.490256443442	0.0	0	0.0	1663.9217913929606	1	0	1	2.679287798189528
315760.6405590488	2000.0	903.2812323437929	0.0	0	0.0	1663.9217913929606	1	0	1	2.6792877981895264
316394.4245305315	1000.0	1269.4972608610794	0.0	0	0.0	1663.9217913929606	1	0	1	0.9464198467896631
2.15	1.82	2.37	2.28	2.19	2.85	2.39	2.72	3.19	2.51	2.87	2.08	1.77	2.35	2.7	1.66	1.52	1.84	1.3	1.34	1.56	1.33	2.36	1.69	1.78	2.33	2.39	3.08	2.72	2.19	1.42	1.62	2.22	2.27	1.84	1.19	0.65	1.02	1.52	2.15	2.94	3.85	3.81	3.83	3.74	3.29	2.71	1.74	1.88	1.34	2.17	1.99	2.29	2.56	2.84	0.98	2.17	2.29	1.47	1.27	2.07	1.18	0.75	1.59	1.61	1.22	1.46	1.87	2.25	2.48	2.53	2.17	2.12	2.66	2.17	1.1	2.27	1.66	1.4	1.4	1.75	1.48	2.0	2.35	2.29	1.47	0.9	1.29	2.14	2.0	2.4	2.58	2.81	2.69	2.63	3.43	3.43	2.44	1.81	2.32	2.44	2.83	3.57	4.44	2.98	1.02	1.15	1.64	2.32	2.46	3.2	4.1	1.97	0.66	2.7	3.13	1.29	1.59	2.17	2.87	3.28	2.15	1.26	1.89	2.06	2.32	2.58	3.08	4.12	2.94	1.97	2.05	1.42	1.42	2.09	1.54	2.83	2.66	3.39	4.17	3.2	2.99	3.74	4.27	3.61	1.88	2.04	1.77	2.03	2.25	2.15	1.82	2.37	2.28	2.19	2.85	2.39	2.72	3.19	2.51	2.87	2.08	1.77	2.35	2.7	1.66	1.52	1.84	1.3	1.34	1.56	1.33	2.36	1.69	1.78	2.33	2.39	3.08	2.72	2.19	1.42	1.62	2.22	2.27	1.84	1.19	0.65	1.02	1.52	2.15	2.94	3.85	3.81	3.83	3.74	3.29	2.71	1.74	1.88	1.34	2.17	1.99	2.29	2.56	2.84	0.98	2.17	2.29	1.47	1.27	2.07	1.18	0.75	1.59	1.61	1.22	1.46	1.87	2.25	2.48	2.53	2.17	2.12	2.66	2.17	1.1	2.27	1.66	1.4	1.4	1.75	1.48	2.0	2.35	2.29	1.47	0.9	1.29	2.14	2.0	2.4	2.58	2.81	2.69	2.63	3.43	3.43	2.44	1.81	2.32	2.44	2.83	3.57	4.44	2.98	1.02	1.15	1.64	2.32	2.46	3.2	4.1	1.97	0.66	2.7	3.13	1.29	1.59	2.17	2.87	3.28	2.15	1.26	1.89	2.06	2.32	2.58	3.08	4.12	2.94	1.97	2.05	1.42	1.42	2.09	1.54	2.83	2.66	3.39	4.17	3.2	2.99	3.74	4.27	3.61	1.88	2.04	1.77	2.03	2.25	2.15	1.82	2.37	2.28	2.19	2.85	2.39	2.72	3.19	2.51	2.87	2.08	1.77	2.35	2.7	1.66	1.52
1.0	2.0	3.0	4.0	5.0	6.0	7.0	8.0	9.0	10.0	11.0	12.0	13.0	14.0	15.0	16.0	17.0	18.0	19.0	20.0	21.0	22.0	23.0	24.0	25.0	26.0	27.0	28.0	29.0	30.0	31.0	32.0	33.0	34.0	35.0	36.0	37.0	38.0	39.0	40.0	41.0	42.0	43.0	44.0	45.0	46.0	47.0	48.0	49.0	50.0	51.0	52.0	53.0	54.0	55.0	56.0	57.0	58.0	59.0	60.0	61.0	62.0	63.0	64.0	65.0	66.0	67.0	68.0	69.0	70.0	71.0	72.0	73.0	74.0	75.0	76.0	77.0	78.0	79.0	80.0	81.0	82.0	83.0	84.0	85.0	86.0	87.0	88.0	89.0	90.0	91.0	92.0	93.0	94.0	95.0	96.0	97.0	98.0	99.0	100.0	101.0	102.0	103.0	104.0	105.0	106.0	107.0	108.0	109.0	110.0	111.0	112.0	113.0	114.0	115.0	116.0	117.0	118.0	119.0	120.0	121.0	122.0	123.0	124.0	125.0	126.0	127.0	128.0	129.0	130.0	131.0	132.0	133.0	134.0	135.0	136.0	137.0	138.0	139.0	140.0	141.0	142.0	143.0	144.0	145.0	146.0	147.0	148.0	149.0	149.0	150.0	151.0	152.0	153.0	154.0	155.0	156.0	157.0	158.0	159.0	160.0	161.0	162.0	163.0	164.0	165.0	166.0	167.0	168.0	169.0	170.0	171.0	172.0	173.0	174.0	175.0	176.0	177.0	178.0	179.0	180.0	181.0	182.0	183.0	184.0	185.0	186.0	187.0	188.0	189.0	190.0	191.0	192.0	193.0	194.0	195.0	196.0	197.0	198.0	199.0	200.0	201.0	202.0	203.0	204.0	205.0	206.0	207.0	208.0	209.0	210.0	211.0	212.0	213.0	214.0	215.0	216.0	217.0	218.0	219.0	220.0	221.0	222.0	223.0	224.0	225.0	226.0	227.0	228.0	229.0	230.0	231.0	232.0	233.0	234.0	235.0	236.0	237.0	238.0	239.0	240.0	241.0	242.0	243.0	244.0	245.0	246.0	247.0	248.0	249.0	250.0	251.0	252.0	253.0	254.0	255.0	256.0	257.0	258.0	259.0	260.0	261.0	262.0	263.0	264.0	265.0	266.0	267.0	268.0	269.0	270.0	271.0	272.0	273.0	274.0	275.0	276.0	277.0	278.0	279.0	280.0	281.0	282.0	283.0	284.0	285.0	286.0	287.0	288.0	289.0	290.0	291.0	292.0	293.0	294.0	295.0	296.0	297.0	298.0	298.0	299.0	300.0	301.0	302.0	303.0	304.0	305.0	306.0	307.0	308.0	309.0	310.0	311.0	312.0	313.0	314.0	315.0
2946.677412426702
