3164.6152217840795	300.0	2000.0	292.1245185426309	0	0.0	3164.6152217840795	1	0	1	-2.06236336083356
5202.7103623129415	1000.0	861.6186014557643	0.0	0	0.0	1064.3289637687058	1	0	2	0.09227990281179904
6200.0	500.0	2964.057927537412	0.0	0	437.3712836621662	3164.057927537412	1	0	0	-0.6394904789416416
10113.289033773777	2000.0	200.0	309.6000087397658	0	0.0	1313.2890337737772	1	0	2	-1.127939616120945
10412.363897492385	300.0	900.9251362813918	0.0	0	0.0	1313.2890337737772	1	0	1	-2.2284488882632587
11200.0	500.0	1113.2890337737795	0.0	0	466.3510061168163	1313.2890337737772	1	0	1	0.12408390850561782
12200.0	1000.0	1113.2890337737808	0.0	0	333.8889787395583	1313.289033773779	1	0	1	0.981483122551581
13200.0	1000.0	1113.289033773781	0.0	0	87.37975971169726	1313.289033773779	1	0	1	1.6746303031115264
14200.0	1000.0	1113.2890337737829	0.0	0	225.42156778366916	1313.289033773779	1	0	1	1.6746303031115264
15200.0	1000.0	1113.289033773783	0.0	0	355.99017936850396	1313.2890337737772	1	0	1	1.6746303031115266
16200.0	1000.0	1113.2890337737829	0.0	0	262.61288103383595	1313.2890337737772	1	0	1	1.6746303031115266
17200.0	1000.0	1113.2890337737851	0.0	0	400.2574646487046	1313.289033773779	1	0	1	1.6746303031115266
18200.0	1000.0	1113.2890337737895	0.0	0	485.19742276860416	1313.2890337737772	1	0	1	1.6746303031115266
19200.0	1000.0	1113.2890337737915	0.0	0	519.5847049352524	1313.2890337737808	1	0	1	1.6746303031115262
20200.0	1000.0	1113.28903377379	0.0	0	702.0437103807199	1313.2890337737808	1	0	1	1.6746303031115262
21200.0	1000.0	1113.2890337737908	0.0	0	306.3633382822918	1313.2890337737772	1	0	1	1.6746303031115266
22200.0	1000.0	1113.2890337737908	0.0	0	386.1831495869628	1313.2890337737772	1	0	1	1.6746303031115266
23200.0	2000.0	1113.28903377379	0.0	0	357.28826632036726	1313.2890337737772	1	0	1	2.0212038933914993
24200.0	2000.0	1113.2890337737888	0.0	0	322.7664814841337	1313.2890337737772	1	0	1	2.7143510739514443
25200.0	2000.0	1113.2890337737867	0.0	0	286.3304022584525	1313.2890337737772	1	0	1	2.7143510739514443
26267.59234766169	2000.0	1045.6966861120954	0.0	0	0.0	1313.2890337737772	1	0	1	2.7143510739514443
27778.556560305038	2000.0	534.7324734687429	0.0	0	0.0	1313.2890337737772	1	0	1	2.7143510739514443
28385.835911052596	1000.0	927.453122721183	0.0	0	0.0	1313.2890337737772	1	0	1	0.9814831225515815
29200.0	1000.0	1113.2890337737751	0.0	0	316.95755738798834	1313.2890337737772	1	0	1	1.6746303031115266
30200.0	1000.0	1113.289033773776	0.0	0	522.65481646443	1313.2890337737772	1	0	1	1.6746303031115266
31200.0	1000.0	1113.289033773772	0.0	0	538.6850069566171	1313.2890337737772	1	0	1	1.6746303031115266
32200.0	1000.0	1113.289033773775	0.0	0	614.3288383651961	1313.2890337737772	1	0	1	1.6746303031115266
33200.0	1000.0	1113.2890337737754	0.0	0	618.4204430793652	1313.2890337737808	1	0	1	1.6746303031115266
34200.0	2000.0	1113.2890337737815	0.0	0	108.1259155284497	1313.2890337737845	1	0	1	2.0212038933914984
35383.93361007957	2000.0	929.3554236942073	0.0	0	0.0	1313.2890337737845	1	0	1	2.714351073951444
36200.0	1000.0	1113.2890337737767	0.0	0	170.48370697916107	1313.2890337737772	1	0	1	0.9814831225515815
37221.622950157915	2000.0	1091.6660836158683	0.0	0	0.0	1313.2890337737845	1	0	1	2.0212038933914984
38200.0	2000.0	1113.2890337737817	0.0	0	147.38880414971936	1313.2890337737917	1	0	1	2.714351073951443
39200.0	2000.0	1113.2890337737783	0.0	0	278.7774156752639	1313.2890337737845	1	0	1	2.714351073951444
40501.239980226084	2000.0	812.0490535476941	0.0	0	0.0	1313.2890337737917	1	0	1	2.714351073951443
41200.0	1000.0	1113.289033773781	0.0	0	178.50795238730643	1313.2890337737917	1	0	1	0.9814831225515799
42200.0	2000.0	1113.2890337737713	0.0	0	88.5426804746312	1313.2890337737845	1	0	1	2.0212038933914984
43200.0	2000.0	1113.2890337737663	0.0	0	227.67682784613135	1313.2890337737845	1	0	1	2.714351073951444
44200.0	1000.0	1113.2890337737576	0.0	0	358.25987817493296	1313.2890337737845	1	0	1	0.9814831225515808
45200.0	1000.0	1113.289033773759	0.0	0	490.0891453224176	1313.2890337737845	1	0	1	1.674630303111526
46200.0	1000.0	1113.289033773755	0.0	0	602.4609703729366	1313.2890337737845	1	0	1	1.674630303111526
47200.0	1000.0	1113.2890337737533	0.0	0	485.91368193237577	1313.2890337737845	1	0	1	1.674630303111526
48200.0	1000.0	1113.2890337737533	0.0	0	461.21353361460933	1313.2890337737845	1	0	1	1.674630303111526
49200.0	1000.0	1113.289033773751	0.0	0	546.3516595719484	1313.2890337737845	1	0	1	1.674630303111526
50200.0	1000.0	1113.2890337737526	0.0	0	686.6793956874972	1313.2890337737845	1	0	1	1.674630303111526
51366.115157000524	2000.0	947.1738767732297	0.0	0	0.0	1313.2890337737845	1	0	1	2.0212038933914984
52200.0	1000.0	1113.28903377376	0.0	0	211.1343452224537	1313.2890337737917	1	0	1	0.9814831225515799
53200.0	2000.0	1113.28903377377	0.0	0	119.35499708645511	1313.289033773799	1	0	1	2.0212038933914966
54200.0	1000.0	1113.2890337737701	0.0	0	258.8571846460254	1313.289033773799	1	0	1	0.9814831225515793
55200.0	1000.0	1113.2890337737747	0.0	0	433.3883378861501	1313.289033773799	1	0	1	1.6746303031115244
56200.0	1000.0	1113.2890337737788	0.0	0	436.04177356826403	1313.289033773799	1	0	1	1.6746303031115244
57200.0	1000.0	1113.289033773779	0.0	0	446.5571671027428	1313.289033773799	1	0	1	1.6746303031115244
58200.0	1000.0	1113.2890337737842	0.0	0	350.519362258965	1313.2890337738063	1	0	1	1.674630303111524
59200.0	1000.0	1113.2890337737872	0.0	0	521.649896391762	1313.2890337738063	1	0	1	1.6746303031115237
60200.0	1000.0	1113.289033773795	0.0	0	407.8914705975985	1313.2890337738136	1	0	1	1.6746303031115228
61200.0	1000.0	1113.2890337737904	0.0	0	241.69588350450067	1313.2890337738136	1	0	1	1.6746303031115228
62200.0	1000.0	1113.289033773783	0.0	0	251.42609668767545	1313.2890337738136	1	0	1	1.6746303031115228
63200.0	1000.0	1113.2890337737895	0.0	0	365.0884049525339	1313.2890337738136	1	0	1	1.6746303031115228
64200.0	1000.0	1113.2890337737922	0.0	0	344.29553430141823	1313.2890337738136	1	0	1	1.6746303031115228
65200.0	1000.0	1113.2890337738017	0.0	0	491.23564441381313	1313.2890337738136	1	0	1	1.6746303031115228
66200.0	1000.0	1113.2890337738006	0.0	0	499.2362967428053	1313.2890337738136	1	0	1	1.6746303031115228
67200.0	1000.0	1113.2890337737992	0.0	0	333.6799647214648	1313.2890337738208	1	0	1	1.6746303031115222
68200.0	1000.0	1113.2890337738113	0.0	0	315.30941696680384	1313.2890337738208	1	0	1	1.6746303031115222
69200.0	1000.0	1113.2890337738008	0.0	0	308.40227427045465	1313.2890337738208	1	0	1	1.6746303031115222
70200.0	1000.0	1113.2890337737997	0.0	0	325.0440606299526	1313.2890337738208	1	0	1	1.6746303031115222
71200.0	1000.0	1113.2890337737974	0.0	0	578.8990726136544	1313.2890337738208	1	0	1	1.6746303031115222
72200.0	1000.0	1113.2890337737783	0.0	0	360.38354200005415	1313.2890337738208	1	0	1	1.6746303031115222
73200.0	1000.0	1113.289033773773	0.0	0	312.0796113698598	1313.2890337738354	1	0	1	1.6746303031115208
74200.0	1000.0	1113.2890337737808	0.0	0	488.11758521277807	1313.2890337738354	1	0	1	1.6746303031115208
75200.0	1000.0	1113.2890337737733	0.0	0	477.7306845791027	1313.2890337738354	1	0	1	1.6746303031115208
76200.0	1000.0	1113.2890337737638	0.0	0	263.68479560707055	1313.2890337738354	1	0	1	1.6746303031115208
77200.0	1000.0	1113.2890337737579	0.0	0	293.7960479083122	1313.2890337738354	1	0	1	1.6746303031115208
78200.0	1000.0	1113.2890337737526	0.0	0	254.7622508868517	1313.28903377385	1	0	1	1.6746303031115193
79200.0	1000.0	1113.2890337737374	0.0	0	409.2976437506004	1313.28903377385	1	0	1	1.6746303031115193
80200.0	1000.0	1113.289033773729	0.0	0	616.6303615588258	1313.28903377385	1	0	1	1.6746303031115193
81200.0	1000.0	1113.289033773718	0.0	0	319.31002764220466	1313.28903377385	1	0	1	1.6746303031115193
82200.0	1000.0	1113.289033773705	0.0	0	299.6118474588293	1313.28903377385	1	0	1	1.6746303031115193
83200.0	1000.0	1113.2890337736887	0.0	0	378.460593515003	1313.28903377385	1	0	1	1.6746303031115193
84200.0	1000.0	1113.289033773703	0.0	0	151.62274326385523	1313.28903377385	1	0	1	1.6746303031115193
85200.0	1000.0	1113.2890337737126	0.0	0	426.0612177294097	1313.28903377385	1	0	1	1.6746303031115193
86200.0	1000.0	1113.2890337737192	0.0	0	463.5729312443291	1313.28903377385	1	0	1	1.6746303031115193
87200.0	1000.0	1113.289033773708	0.0	0	272.19014399578737	1313.28903377385	1	0	1	1.6746303031115193
88200.0	1000.0	1113.2890337737208	0.0	0	418.035201254781	1313.28903377385	1	0	1	1.6746303031115193
89200.0	1000.0	1113.289033773733	0.0	0	555.3194221177109	1313.28903377385	1	0	1	1.6746303031115193
90200.0	1000.0	1113.2890337737267	0.0	0	569.7659252966987	1313.28903377385	1	0	1	1.6746303031115193
91200.0	1000.0	1113.2890337737174	0.0	0	513.2060795303405	1313.2890337738354	1	0	1	1.6746303031115208
92200.0	1000.0	1113.289033773709	0.0	0	604.6639889859798	1313.2890337738354	1	0	1	1.6746303031115208
93200.0	1000.0	1113.289033773694	0.0	0	445.8724016287015	1313.2890337738354	1	0	1	1.6746303031115208
94200.0	2000.0	1113.2890337736894	0.0	0	355.8170535075478	1313.28903377385	1	0	1	2.0212038933914918
95200.0	2000.0	1113.2890337736978	0.0	0	344.8186684734537	1313.28903377385	1	0	1	2.714351073951437
96301.62833512579	2000.0	1011.6606986479047	0.0	0	0.0	1313.2890337738354	1	0	1	2.7143510739514385
97200.0	2000.0	1113.2890337736883	0.0	0	252.1290321773704	1313.2890337738354	1	0	1	2.7143510739514385
98200.0	2000.0	1113.2890337736935	0.0	0	372.1361082716612	1313.2890337738208	1	0	1	2.71435107395144
99200.0	2000.0	1113.2890337736983	0.0	0	23.19133783511643	1313.2890337738208	1	0	1	2.71435107395144
100356.06260458636	2000.0	957.2264291873462	0.0	0	0.0	1313.2890337738208	1	0	1	2.71435107395144
101200.0	1000.0	1113.2890337736933	0.0	0	360.1398084288958	1313.2890337738208	1	0	1	0.9814831225515771
102200.0	2000.0	1113.2890337736712	0.0	0	92.36348186986288	1313.2890337738063	1	0	1	2.021203893391496
103200.0	1000.0	1113.2890337736585	0.0	0	436.81522048520856	1313.2890337738063	1	0	1	0.9814831225515785
104200.0	1000.0	1113.2890337736628	0.0	0	393.97415101656225	1313.2890337738063	1	0	1	1.6746303031115237
105200.0	1000.0	1113.289033773659	0.0	0	522.5659997909534	1313.2890337737917	1	0	1	1.674630303111525
106200.0	1000.0	1113.2890337736626	0.0	0	313.51554428103555	1313.2890337737917	1	0	1	1.674630303111525
107200.0	1000.0	1113.2890337736683	0.0	0	510.4578099624341	1313.2890337737917	1	0	1	1.674630303111525
108200.0	1000.0	1113.2890337736553	0.0	0	643.4102169110993	1313.2890337737917	1	0	1	1.674630303111525
109200.0	1000.0	1113.28903377366	0.0	0	420.1413735412789	1313.2890337737917	1	0	1	1.674630303111525
110200.0	1000.0	1113.2890337736687	0.0	0	366.4607331163861	1313.2890337737917	1	0	1	1.674630303111525
111200.0	1000.0	1113.2890337736794	0.0	0	456.55286105381674	1313.2890337737917	1	0	1	1.674630303111525
112200.0	1000.0	1113.2890337736612	0.0	0	378.78645694204897	1313.2890337737772	1	0	1	1.6746303031115266
113200.0	1000.0	1113.2890337736526	0.0	0	152.98369718066533	1313.2890337737772	1	0	1	1.6746303031115266
114200.0	1000.0	1113.2890337736537	0.0	0	287.35210841281514	1313.2890337737772	1	0	1	1.6746303031115266
115200.0	1000.0	1113.2890337736385	0.0	0	385.0983678695193	1313.2890337737626	1	0	1	1.6746303031115282
116200.0	1000.0	1113.2890337736321	0.0	0	289.4923777410877	1313.2890337737626	1	0	1	1.6746303031115282
117200.0	1000.0	1113.2890337736335	0.0	0	451.4908472177194	1313.2890337737626	1	0	1	1.6746303031115282
118200.0	1000.0	1113.2890337736335	0.0	0	342.1061038959597	1313.2890337737772	1	0	1	1.6746303031115266
119200.0	1000.0	1113.2890337736446	0.0	0	562.0243840206967	1313.2890337737772	1	0	1	1.6746303031115266
120200.0	1000.0	1113.2890337736508	0.0	0	493.38370626633696	1313.2890337737772	1	0	1	1.6746303031115266
121200.0	1000.0	1113.2890337736437	0.0	0	574.985895254169	1313.2890337737626	1	0	1	1.6746303031115282
122200.0	1000.0	1113.2890337736517	0.0	0	463.55506618310756	1313.2890337737626	1	0	1	1.6746303031115282
123200.0	1000.0	1113.2890337736453	0.0	0	277.0486471948825	1313.2890337737626	1	0	1	1.6746303031115282
124244.59673787416	1000.0	1068.6922958994683	0.0	0	0.0	1313.289033773748	1	0	1	1.6746303031115295
125200.0	1000.0	1113.2890337736483	0.0	0	377.49095942689746	1313.2890337737626	1	0	1	1.6746303031115282
126200.0	1000.0	1113.289033773659	0.0	0	614.7348327267391	1313.2890337737772	1	0	1	1.6746303031115266
127200.0	1000.0	1113.2890337736624	0.0	0	649.1546143585147	1313.2890337737626	1	0	1	1.6746303031115282
128200.0	1000.0	1113.2890337736724	0.0	0	515.9289408714831	1313.2890337737626	1	0	1	1.6746303031115282
129200.0	1000.0	1113.2890337736758	0.0	0	310.06187155593943	1313.2890337737626	1	0	1	1.6746303031115282
130200.0	2000.0	1113.2890337736858	0.0	0	138.71750077157049	1313.2890337737626	1	0	1	2.0212038933915006
131214.769077534	2000.0	1098.5199562396908	0.0	0	0.0	1313.2890337737626	1	0	1	2.714351073951446
132200.0	2000.0	1113.2890337736637	0.0	0	81.32870909871417	1313.289033773719	1	0	1	2.7143510739514496
133200.0	2000.0	1113.2890337736353	0.0	0	271.13780933091766	1313.2890337737044	1	0	1	2.7143510739514505
134200.0	1000.0	1113.2890337736003	0.0	0	440.9705357842904	1313.2890337737044	1	0	1	0.9814831225515888
135232.85231221822	2000.0	1080.4367215553234	0.0	0	1.0069062695256434	1313.2890337737044	1	0	1	2.0212038933915064
136200.0	1000.0	1113.289033773521	0.0	0	207.71152037390857	1313.2890337737044	1	0	1	0.9814831225515888
137200.0	1000.0	1113.289033773513	0.0	0	282.4847364538	1313.2890337737626	1	0	1	1.6746303031115288
138200.0	1000.0	1113.2890337735212	0.0	0	507.21329888817854	1313.2890337737917	1	0	1	1.674630303111525
139200.0	1000.0	1113.2890337735219	0.0	0	707.4468763671757	1313.2890337737626	1	0	1	1.6746303031115282
140200.0	1000.0	1113.2890337735244	0.0	0	722.0841856057232	1313.2890337737626	1	0	1	1.6746303031115282
141200.0	1000.0	1113.289033773526	0.0	0	676.509185047762	1313.2890337737626	1	0	1	1.6746303031115282
142200.0	2000.0	1113.289033773542	0.0	0	516.7807420578029	1313.2890337737626	1	0	1	2.0212038933915006
143200.0	2000.0	1113.289033773556	0.0	0	449.67914889304666	1313.2890337737917	1	0	1	2.714351073951443
144200.0	3000.0	1113.2890337735469	0.0	0	288.739544094773	1313.2890337737917	1	0	1	2.9170836280055257
145508.9390936015	3000.0	804.3499401720521	0.0	0	0.0	1313.2890337737917	1	0	1	3.3225487361136903
146302.593573686	2000.0	1010.6954600875488	0.0	0	0.0	1313.2890337738208	1	0	1	2.308885965843275
147200.0	2000.0	1113.2890337735525	0.0	0	4.585498919564998	1313.2890337738208	1	0	1	2.71435107395144
149125.2564146368	2000.0	205.42374515311465	17.39112601639882	0	0.0	1330.6801597901795	1	0	1	2.60901417375104
149341.0557902013	300.0	989.624369588622	0.0	0	0.0	1330.6801597901795	1	0	1	-2.030188000864899
150200.0	1000.0	1130.6801597899332	0.0	0	96.92212104864302	1330.6801597901795	1	0	1	0.4689183861839502
151200.0	1000.0	1130.6801597898996	0.0	0	503.024322494166	1330.6801597901795	1	0	1	1.6728911905098864
152200.0	1000.0	1130.6801597899039	0.0	0	342.35517632137635	1330.6801597901795	1	0	1	1.6728911905098864
153200.0	1000.0	1130.6801597898948	0.0	0	366.1706169982499	1330.6801597901795	1	0	1	1.6728911905098864
154200.0	1000.0	1130.6801597898996	0.0	0	459.2162459104147	1330.6801597902086	1	0	1	1.6728911905098833
155200.0	1000.0	1130.6801597898861	0.0	0	533.817360839952	1330.6801597902086	1	0	1	1.6728911905098833
156330.16979978635	1000.0	1000.5103600035069	0.0	0	0.0	1330.6801597902086	1	0	1	1.6728911905098833
157434.39094452022	1000.0	896.2892152696286	0.0	0	0.0	1330.6801597902377	1	0	1	1.6728911905098807
158785.30118571414	1000.0	545.3789740756828	0.0	0	0.0	1330.6801597902377	1	0	1	1.6728911905098807
159200.0	500.0	1130.680159789815	0.0	0	124.22530566723435	1330.6801597902377	1	0	1	-0.05997676088998294
160200.0	1000.0	1130.6801597898143	0.0	0	495.08417263196316	1330.6801597902668	1	0	1	0.9797440099499322
161200.0	1000.0	1130.680159789801	0.0	0	221.66609705792507	1330.6801597902377	1	0	1	1.6728911905098807
162200.0	1000.0	1130.6801597897922	0.0	0	16.237732015666552	1330.6801597902377	1	0	1	1.6728911905098807
163200.0	1000.0	1130.6801597897859	0.0	0	270.22158885665704	1330.6801597902377	1	0	1	1.6728911905098807
164200.0	1000.0	1130.680159789788	0.0	0	223.32328200893244	1330.6801597902377	1	0	1	1.6728911905098807
165200.0	1000.0	1130.6801597897695	0.0	0	179.10395645702374	1330.6801597902377	1	0	1	1.6728911905098807
166200.0	1000.0	1130.6801597897343	0.0	0	436.5131528955535	1330.6801597902086	1	0	1	1.6728911905098833
167200.0	1000.0	1130.6801597897113	0.0	0	557.5053751341475	1330.6801597902086	1	0	1	1.6728911905098833
168200.0	1000.0	1130.680159789665	0.0	0	481.44634854447213	1330.6801597902086	1	0	1	1.6728911905098833
169200.0	1000.0	1130.6801597896476	0.0	0	628.7708416464448	1330.6801597902377	1	0	1	1.6728911905098807
170200.0	1000.0	1130.6801597896763	0.0	0	302.9721472664387	1330.6801597902377	1	0	1	1.6728911905098807
171200.0	1000.0	1130.680159789696	0.0	0	616.516050018603	1330.6801597902668	1	0	1	1.6728911905098776
172200.0	2000.0	1130.6801597896983	0.0	0	109.96002864511684	1330.6801597902377	1	0	1	2.0194647807898534
173200.0	2000.0	1130.6801597896758	0.0	0	337.1947742343182	1330.6801597902377	1	0	1	2.7126119613497983
174200.0	2000.0	1130.68015978966	0.0	0	247.12303095380776	1330.6801597902377	1	0	1	2.7126119613497983
175200.0	2000.0	1130.6801597896697	0.0	0	324.7949652480311	1330.6801597902086	1	0	1	2.7126119613498014
176773.37646342692	2000.0	557.3036963627412	0.0	0	0.0	1330.6801597902086	1	0	1	2.7126119613498014
177280.69038463378	1000.0	1049.9897751558901	0.0	0	0.0	1330.6801597902086	1	0	1	0.9797440099499382
178374.61016900808	2000.0	956.0699907816165	0.0	0	0.0	1330.6801597902086	1	0	1	2.019464780789856
179200.0	1000.0	1130.6801597897102	0.0	0	376.19052156058024	1330.6801597902086	1	0	1	0.9797440099499382
180200.0	1000.0	1130.6801597896992	0.0	0	352.22026338180876	1330.6801597902086	1	0	1	1.6728911905098833
181200.0	1000.0	1130.6801597896938	0.0	0	664.090974111401	1330.6801597902086	1	0	1	1.6728911905098833
182200.0	1000.0	1130.6801597896645	0.0	0	667.3592890074942	1330.6801597902086	1	0	1	1.6728911905098833
183200.0	2000.0	1130.680159789657	0.0	0	170.808753327874	1330.6801597902086	1	0	1	2.019464780789856
184236.9673242154	2000.0	1093.7128355742611	0.0	0	0.0	1330.6801597902086	1	0	1	2.7126119613498014
185278.56282817878	2000.0	1052.1173316109184	0.0	0	0.0	1330.6801597902377	1	0	1	2.7126119613497983
186241.6429190933	2000.0	1089.0372406963966	0.0	0	0.0	1330.6801597902668	1	0	1	2.7126119613497957
187200.0	2000.0	1130.680159789711	0.0	0	350.76254004600924	1330.6801597902668	1	0	1	2.7126119613497957
188200.0	2000.0	1130.6801597897145	0.0	0	180.78942805097904	1330.6801597902668	1	0	1	2.7126119613497957
189483.40677058382	2000.0	847.2733892058951	0.0	0	0.0	1330.6801597902668	1	0	1	2.7126119613497957
190214.33244006793	1000.0	1116.3477197217671	0.0	0	0.0	1330.6801597902668	1	0	1	0.9797440099499324
191213.1759227064	2000.0	1117.504237083273	0.0	0	0.0	1330.6801597902377	1	0	1	2.0194647807898534
192200.0	2000.0	1130.6801597896952	0.0	0	159.67669305801974	1330.6801597902086	1	0	1	2.7126119613498014
193200.0	1000.0	1130.680159789685	0.0	0	492.94045029429253	1330.6801597902086	1	0	1	0.9797440099499382
194200.0	1000.0	1130.6801597896883	0.0	0	211.91523139670608	1330.6801597902377	1	0	1	1.6728911905098813
195200.0	1000.0	1130.6801597896733	0.0	0	535.9081413905369	1330.6801597902377	1	0	1	1.6728911905098807
196200.0	1000.0	1130.6801597897102	0.0	0	592.2992041877587	1330.6801597902377	1	0	1	1.6728911905098807
197200.0	1000.0	1130.6801597897272	0.0	0	506.56719214847544	1330.6801597902086	1	0	1	1.6728911905098833
198200.0	1000.0	1130.6801597897306	0.0	0	565.3634323529259	1330.6801597902086	1	0	1	1.6728911905098833
199200.0	2000.0	1130.6801597897238	0.0	0	171.69655253869132	1330.6801597902377	1	0	1	2.0194647807898543
200571.93856911588	2000.0	758.7415906737945	0.0	0	0.0	1330.6801597902086	1	0	1	2.7126119613498014
201284.96260828312	1000.0	1045.7175515065755	0.0	0	0.0	1330.6801597902377	1	0	1	0.9797440099499355
202525.01179756635	2000.0	805.6683622233671	0.0	0	0.0	1330.6801597902086	1	0	1	2.019464780789856
203200.0	1000.0	1130.680159789721	0.0	0	160.76490729753277	1330.6801597902086	1	0	1	0.9797440099499382
204200.0	1000.0	1130.6801597897306	0.0	0	236.6273104706197	1330.6801597902086	1	0	1	1.6728911905098822
205200.0	1000.0	1130.6801597897456	0.0	0	472.08198234491283	1330.6801597902086	1	0	1	1.6728911905098833
206200.0	1000.0	1130.6801597897515	0.0	0	445.6064303588355	1330.6801597902086	1	0	1	1.6728911905098833
207200.0	1000.0	1130.6801597897452	0.0	0	446.85707782334066	1330.6801597902086	1	0	1	1.6728911905098833
208200.0	1000.0	1130.68015978976	0.0	0	396.5626630365732	1330.6801597902377	1	0	1	1.6728911905098818
209200.0	1000.0	1130.6801597897484	0.0	0	324.4288962020073	1330.6801597902086	1	0	1	1.6728911905098822
210200.0	1000.0	1130.6801597897365	0.0	0	121.41767191753024	1330.6801597902086	1	0	1	1.6728911905098833
211200.0	1000.0	1130.6801597897374	0.0	0	128.6949409697554	1330.6801597902377	1	0	1	1.6728911905098807
212200.0	1000.0	1130.6801597897663	0.0	0	208.83013070523157	1330.6801597902377	1	0	1	1.6728911905098818
213200.0	1000.0	1130.680159789805	0.0	0	155.14989307618816	1330.6801597902377	1	0	1	1.6728911905098807
214200.0	1000.0	1130.680159789835	0.0	0	323.33948704871	1330.6801597902668	1	0	1	1.6728911905098776
215200.0	1000.0	1130.6801597898527	0.0	0	416.84592187491944	1330.6801597902668	1	0	1	1.6728911905098776
216200.0	1000.0	1130.6801597898436	0.0	0	568.8621907461493	1330.6801597902668	1	0	1	1.6728911905098776
217200.0	1000.0	1130.6801597898461	0.0	0	107.24795774245285	1330.6801597902959	1	0	1	1.672891190509875
218200.0	1000.0	1130.6801597898577	0.0	0	231.11345330887707	1330.6801597902959	1	0	1	1.672891190509875
219200.0	1000.0	1130.6801597898389	0.0	0	403.0553626429464	1330.680159790325	1	0	1	1.6728911905098718
220200.0	1000.0	1130.6801597898261	0.0	0	621.9632177448366	1330.680159790325	1	0	1	1.6728911905098718
221200.0	1000.0	1130.6801597898375	0.0	0	375.2928278845502	1330.680159790354	1	0	1	1.672891190509869
222200.0	1000.0	1130.6801597898645	0.0	0	364.72491528792307	1330.680159790354	1	0	1	1.672891190509869
223200.0	1000.0	1130.680159789834	0.0	0	406.95221186059644	1330.680159790354	1	0	1	1.672891190509869
224200.0	1000.0	1130.680159789816	0.0	0	246.3197757230373	1330.6801597903832	1	0	1	1.672891190509866
225200.0	1000.0	1130.6801597898207	0.0	0	531.1605397530657	1330.6801597903832	1	0	1	1.672891190509866
226200.0	1000.0	1130.6801597897897	0.0	0	249.97999550472014	1330.680159790354	1	0	1	1.6728911905098676
227200.0	1000.0	1130.6801597897831	0.0	0	431.6678707858082	1330.680159790354	1	0	1	1.672891190509869
228200.0	1000.0	1130.680159789728	0.0	0	530.8287881883443	1330.680159790354	1	0	1	1.672891190509869
229200.0	1000.0	1130.680159789717	0.0	0	309.0665826590557	1330.680159790354	1	0	1	1.6728911905098676
230200.0	1000.0	1130.6801597897272	0.0	0	458.28603497566655	1330.680159790354	1	0	1	1.672891190509869
231200.0	1000.0	1130.6801597897354	0.0	0	453.4440245155711	1330.6801597903832	1	0	1	1.672891190509866
232200.0	1000.0	1130.6801597897722	0.0	0	148.37551767833065	1330.6801597903832	1	0	1	1.672891190509866
233200.0	1000.0	1130.6801597897615	0.0	0	117.65420122237992	1330.6801597903832	1	0	1	1.672891190509866
234200.0	1000.0	1130.680159789735	0.0	0	487.7859952834842	1330.6801597903832	1	0	1	1.672891190509866
235200.0	1000.0	1130.6801597897372	0.0	0	303.3950613370107	1330.6801597903832	1	0	1	1.672891190509866
236200.0	1000.0	1130.68015978974	0.0	0	18.587833211378893	1330.6801597903832	1	0	1	1.672891190509866
237200.0	1000.0	1130.680159789751	0.0	0	162.73249489927548	1330.6801597903832	1	0	1	1.672891190509866
238200.0	1000.0	1130.6801597897563	0.0	0	319.37312653669505	1330.6801597904123	1	0	1	1.6728911905098642
239200.0	1000.0	1130.6801597897233	0.0	0	479.9759457191685	1330.6801597904123	1	0	1	1.6728911905098631
240200.0	1000.0	1130.6801597897093	0.0	0	509.40633758244803	1330.6801597903832	1	0	1	1.672891190509866
241200.0	1000.0	1130.6801597897227	0.0	0	709.5408208781737	1330.6801597903832	1	0	1	1.672891190509866
242200.0	2000.0	1130.6801597897	0.0	0	363.20718553400366	1330.6801597904123	1	0	1	2.019464780789837
243200.0	2000.0	1130.680159789704	0.0	0	57.63943765650038	1330.6801597904123	1	0	1	2.7126119613497806
244221.76512051528	2000.0	1108.915039274431	0.0	0	0.0	1330.6801597904123	1	0	1	2.7126119613497806
245200.0	2000.0	1130.6801597897302	0.0	0	203.26744147454156	1330.6801597904123	1	0	1	2.7126119613497806
246200.0	2000.0	1130.6801597897525	0.0	0	44.34801843870082	1330.6801597903832	1	0	1	2.712611961349784
247200.0	2000.0	1130.680159789757	0.0	0	273.63831700908486	1330.6801597903832	1	0	1	2.712611961349784
248733.6437542008	2000.0	597.0364055889603	0.0	0	0.0	1330.680159790354	1	0	1	2.7126119613497846
249306.569005792	1000.0	1024.1111539977812	0.0	0	0.0	1330.680159790354	1	0	1	0.9797440099499237
250200.0	1000.0	1130.6801597897534	0.0	0	322.25625469876104	1330.6801597903832	1	0	1	1.672891190509866
251200.0	1000.0	1130.6801597897731	0.0	0	601.375228414021	1330.6801597904123	1	0	1	1.6728911905098631
252200.0	1000.0	1130.680159789769	0.0	0	494.13541975809494	1330.6801597904123	1	0	1	1.6728911905098631
253200.0	1000.0	1130.6801597897534	0.0	0	445.44014350755606	1330.6801597904414	1	0	1	1.67289119050986
254200.0	1000.0	1130.680159789776	0.0	0	257.2586875424895	1330.6801597904705	1	0	1	1.6728911905098585
255200.0	1000.0	1130.680159789764	0.0	0	297.91042310438934	1330.6801597904996	1	0	1	1.6728911905098542
256200.0	1000.0	1130.680159789752	0.0	0	592.3683747916948	1330.6801597904996	1	0	1	1.6728911905098542
257200.0	1000.0	1130.6801597897568	0.0	0	476.16312580386875	1330.6801597904996	1	0	1	1.6728911905098542
258200.0	1000.0	1130.680159789742	0.0	0	457.9939067316882	1330.6801597904996	1	0	1	1.6728911905098542
259200.0	1000.0	1130.680159789739	0.0	0	328.2078503926168	1330.6801597904705	1	0	1	1.6728911905098562
260200.0	2000.0	1130.680159789764	0.0	0	294.83789228010573	1330.6801597904996	1	0	1	2.019464780789827
261200.0	2000.0	1130.6801597897606	0.0	0	16.91416364075849	1330.6801597904996	1	0	1	2.712611961349772
262200.0	1000.0	1130.680159789742	0.0	0	482.15235928754555	1330.6801597904705	1	0	1	0.9797440099499122
263200.0	1000.0	1130.680159789728	0.0	0	285.5292154077324	1330.6801597904414	1	0	1	1.6728911905098571
264200.0	1000.0	1130.6801597897186	0.0	0	326.81643575255293	1330.6801597903832	1	0	1	1.672891190509866
265200.0	1000.0	1130.680159789788	0.0	0	216.3046030869009	1330.6801597904414	1	0	1	1.67289119050986
266200.0	1000.0	1130.6801597897575	0.0	0	434.00084726838395	1330.6801597903832	1	0	1	1.672891190509866
267200.0	1000.0	1130.6801597896988	0.0	0	562.3553301370703	1330.680159790325	1	0	1	1.6728911905098718
268200.0	1000.0	1130.6801597896988	0.0	0	526.4324469394633	1330.680159790325	1	0	1	1.6728911905098718
269200.0	1000.0	1130.6801597897045	0.0	0	594.4794088084018	1330.6801597902668	1	0	1	1.6728911905098776
270200.0	1000.0	1130.6801597896958	0.0	0	518.0078040228109	1330.6801597902668	1	0	1	1.6728911905098776
271200.0	1000.0	1130.6801597896704	0.0	0	466.894191623549	1330.6801597902668	1	0	1	1.6728911905098776
272200.0	1000.0	1130.68015978973	0.0	0	274.2351228057523	1330.6801597902668	1	0	1	1.6728911905098776
273200.0	1000.0	1130.680159789728	0.0	0	440.1773988039349	1330.6801597902668	1	0	1	1.6728911905098776
274200.0	1000.0	1130.680159789708	0.0	0	261.2305888304836	1330.6801597902668	1	0	1	1.6728911905098776
275200.0	1000.0	1130.680159789684	0.0	0	521.6828241050825	1330.680159790325	1	0	1	1.6728911905098718
276200.0	1000.0	1130.680159789687	0.0	0	682.3858381859027	1330.680159790325	1	0	1	1.6728911905098718
277200.0	1000.0	1130.6801597896863	0.0	0	475.9743309353362	1330.6801597902668	1	0	1	1.6728911905098776
278200.0	1000.0	1130.6801597896722	0.0	0	521.543466107396	1330.6801597902668	1	0	1	1.6728911905098776
279200.0	2000.0	1130.6801597896745	0.0	0	189.58523077709833	1330.6801597902086	1	0	1	2.019464780789855
280274.72515202797	2000.0	1055.9550077616839	0.0	0	0.0	1330.6801597902086	1	0	1	2.7126119613498014
281273.11392411776	2000.0	1057.566235671825	0.0	0	0.0	1330.6801597902086	1	0	1	2.7126119613498014
282200.0	1000.0	1130.6801597896	0.0	0	568.4000227230135	1330.6801597902086	1	0	1	0.9797440099499382
283200.0	1000.0	1130.680159789635	0.0	0	581.5511194925057	1330.6801597902086	1	0	1	1.6728911905098833
284722.4348599422	2000.0	608.2452998474605	0.0	0	0.0	1330.680159790325	1	0	1	2.0194647807898494
285758.1421709995	1000.0	572.5379887901827	0.0	0	0.0	1330.6801597903832	1	0	1	0.9797440099499207
286200.0	500.0	1130.6801597896651	0.0	0	216.2050412435783	1330.6801597903832	1	0	1	-0.05997676088999754
287200.0	1000.0	1130.6801597896545	0.0	0	423.5636065140134	1330.6801597903832	1	0	1	0.9797440099499205
288200.0	1000.0	1130.68015978971	0.0	0	518.5295283767045	1330.6801597904414	1	0	1	1.67289119050986
289200.0	1000.0	1130.6801597897697	0.0	0	680.3972829033155	1330.6801597904996	1	0	1	1.6728911905098542
290200.0	1000.0	1130.6801597896972	0.0	0	711.1713933538995	1330.6801597904996	1	0	1	1.6728911905098542
291200.0	2000.0	1130.6801597896924	0.0	0	464.35888914501993	1330.6801597904996	1	0	1	2.019464780789827
292200.0	2000.0	1130.6801597897186	0.0	0	133.39154554606648	1330.6801597904996	1	0	1	2.712611961349772
293200.0	3000.0	1130.6801597896808	0.0	0	74.92049789830344	1330.6801597905578	1	0	1	2.9153445154038495
294337.96406694176	3000.0	992.7160928479285	0.0	0	0.0	1330.6801597904414	1	0	1	3.3208096235120226
295407.72140580637	2000.0	922.9587539832954	0.0	0	0.0	1330.6801597904414	1	0	1	2.3071468532416133
296269.15962550725	2000.0	1061.5205342823792	0.0	0	0.0	1330.6801597904414	1	0	1	2.712611961349778
297691.79234908335	2000.0	638.8878107062718	0.0	0	0.0	1330.6801597904996	1	0	1	2.712611961349772
298417.1045777306	1000.0	913.5755820590558	0.0	0	0.0	1330.6801597904996	1	0	1	0.9797440099499091
299200.0	1000.0	1130.6801597896438	0.0	0	91.62089407339226	1330.6801597904996	1	0	1	1.6728911905098542
300200.0	1000.0	1130.6801597896033	0.0	0	355.56335502432194	1330.6801597904414	1	0	1	1.6728911905098576
301200.0	1000.0	1130.680159789634	0.0	0	291.6788664883934	1330.6801597904414	1	0	1	1.67289119050986
302200.0	1000.0	1130.6801597897006	0.0	0	461.70685908180894	1330.6801597904414	1	0	1	1.67289119050986
303200.0	1000.0	1130.6801597896779	0.0	0	444.7906860774383	1330.6801597904996	1	0	1	1.6728911905098542
304200.0	1000.0	1130.6801597896838	0.0	0	469.53049875737634	1330.6801597904996	1	0	1	1.6728911905098542
1.23	0.83	1.0	0.9	1.44	2.15	1.27	1.48	1.88	1.37	1.66	1.85	2.59	3.43	1.85	1.91	2.86	3.0	3.85	3.19	1.34	1.8	2.02	1.75	1.88	2.51	3.34	2.92	1.73	2.22	1.99	2.7	3.2	2.9	1.51	1.78	2.18	2.43	1.69	1.92	2.19	2.1	2.75	3.71	2.51	1.52	1.96	1.62	1.96	1.55	1.61	1.34	1.66	2.05	1.33	1.41	1.81	1.23	1.95	2.07	2.48	1.45	1.62	1.62	2.21	2.33	1.96	1.92	1.59	1.73	1.84	1.77	1.71	2.1	1.71	2.28	1.31	1.36	1.69	2.06	1.31	1.44	1.89	2.1	2.36	3.26	2.31	2.64	2.58	2.24	2.27	3.02	2.37	1.44	2.07	2.13	2.04	1.99	1.88	1.66	2.2	2.77	2.24	1.73	2.39	1.83	1.63	1.61	1.84	1.52	1.78	1.68	1.95	1.96	2.09	2.06	1.89	1.55	1.07	2.65	2.47	2.81	2.02	1.76	2.62	2.06	2.22	2.4	2.78	1.23	1.22	1.97	2.63	3.64	4.58	4.04	2.75	3.67	3.86	1.62	2.31	1.84	1.04	1.88	1.62	1.62	1.91	2.14	2.58	2.51	1.23	0.83	1.0	0.9	1.44	2.15	1.27	1.48	1.88	1.37	1.66	1.85	2.59	3.43	1.85	1.91	2.86	3.0	3.85	3.19	1.34	1.8	2.02	1.75	1.88	2.51	3.34	2.92	1.73	2.22	1.99	2.7	3.2	2.9	1.51	1.78	2.18	2.43	1.69	1.92	2.19	2.1	2.75	3.71	2.51	1.52	1.96	1.62	1.96	1.55	1.61	1.34	1.66	2.05	1.33	1.41	1.81	1.23	1.95	2.07	2.48	1.45	1.62	1.62	2.21	2.33	1.96	1.92	1.59	1.73	1.84	1.77	1.71	2.1	1.71	2.28	1.31	1.36	1.69	2.06	1.31	1.44	1.89	2.1	2.36	3.26	2.31	2.64	2.58	2.24	2.27	3.02	2.37	1.44	2.07	2.13	2.04	1.99	1.88	1.66	2.2	2.77	2.24	1.73	2.39	1.83	1.63	1.61	1.84	1.52	1.78	1.68	1.95	1.96	2.09	2.06	1.89	1.55	1.07	2.65	2.47	2.81	2.02	1.76	2.62	2.06	2.22	2.4	2.78	1.23	1.22	1.97	2.63	3.64	4.58	4.04	2.75	3.67	3.86	1.62	2.31	1.84	1.04	1.88	1.62	1.62	1.91	2.14	2.58	2.51	1.23	0.83	1.0	0.9	1.44
1.0	2.0	3.0	4.0	5.0	6.0	7.0	8.0	9.0	10.0	11.0	12.0	13.0	14.0	15.0	16.0	17.0	18.0	19.0	20.0	21.0	22.0	23.0	24.0	25.0	26.0	27.0	28.0	29.0	30.0	31.0	32.0	33.0	34.0	35.0	36.0	37.0	38.0	39.0	40.0	41.0	42.0	43.0	44.0	45.0	46.0	47.0	48.0	49.0	50.0	51.0	52.0	53.0	54.0	55.0	56.0	57.0	58.0	59.0	60.0	61.0	62.0	63.0	64.0	65.0	66.0	67.0	68.0	69.0	70.0	71.0	72.0	73.0	74.0	75.0	76.0	77.0	78.0	79.0	80.0	81.0	82.0	83.0	84.0	85.0	86.0	87.0	88.0	89.0	90.0	91.0	92.0	93.0	94.0	95.0	96.0	97.0	98.0	99.0	100.0	101.0	102.0	103.0	104.0	105.0	106.0	107.0	108.0	109.0	110.0	111.0	112.0	113.0	114.0	115.0	116.0	117.0	118.0	119.0	120.0	121.0	122.0	123.0	124.0	125.0	126.0	127.0	128.0	129.0	130.0	131.0	132.0	133.0	134.0	135.0	136.0	137.0	138.0	139.0	140.0	141.0	142.0	143.0	144.0	145.0	146.0	147.0	148.0	149.0	149.0	150.0	151.0	152.0	153.0	154.0	155.0	156.0	157.0	158.0	159.0	160.0	161.0	162.0	163.0	164.0	165.0	166.0	167.0	168.0	169.0	170.0	171.0	172.0	173.0	174.0	175.0	176.0	177.0	178.0	179.0	180.0	181.0	182.0	183.0	184.0	185.0	186.0	187.0	188.0	189.0	190.0	191.0	192.0	193.0	194.0	195.0	196.0	197.0	198.0	199.0	200.0	201.0	202.0	203.0	204.0	205.0	206.0	207.0	208.0	209.0	210.0	211.0	212.0	213.0	214.0	215.0	216.0	217.0	218.0	219.0	220.0	221.0	222.0	223.0	224.0	225.0	226.0	227.0	228.0	229.0	230.0	231.0	232.0	233.0	234.0	235.0	236.0	237.0	238.0	239.0	240.0	241.0	242.0	243.0	244.0	245.0	246.0	247.0	248.0	249.0	250.0	251.0	252.0	253.0	254.0	255.0	256.0	257.0	258.0	259.0	260.0	261.0	262.0	263.0	264.0	265.0	266.0	267.0	268.0	269.0	270.0	271.0	272.0	273.0	274.0	275.0	276.0	277.0	278.0	279.0	280.0	281.0	282.0	283.0	284.0	285.0	286.0	287.0	288.0	289.0	290.0	291.0	292.0	293.0	294.0	295.0	296.0	297.0	298.0	298.0	299.0	300.0	301.0	302.0	303.0
2639.4110628821504
