3434.3892738162285	300.0	2000.0	278.89845751753586	0	0.0	3434.3892738162285	1	0	1	-2.01062302144142
5200.0	1000.0	1134.3999999999992	0.0	0	284.61075884125694	1334.3999999999996	1	0	2	0.06491062316586277
6200.0	1000.0	1134.399999999999	0.0	0	429.8052259301694	1334.3999999999996	1	0	1	1.4725192064889043
7200.0	1000.0	1134.3999999999983	0.0	0	4.877683780649022	1334.3999999999996	1	0	1	1.6725192064889045
8200.0	1000.0	1134.3999999999983	0.0	0	287.0783473370657	1334.3999999999996	1	0	1	1.6725192064889045
9314.411534442059	1000.0	1019.98846555794	0.0	0	0.0	1334.4000000000005	1	0	1	1.6725192064889045
10200.0	1000.0	1134.4	0.0	0	16.621014250213193	1334.4000000000015	1	0	1	1.672519206488904
11200.0	1000.0	1134.4000000000005	0.0	0	392.2373584427187	1334.4000000000033	1	0	1	1.6725192064889038
12200.0	1000.0	1134.4000000000005	0.0	0	57.93738383305026	1334.400000000005	1	0	1	1.6725192064889038
13560.358214202664	1000.0	774.0417857973366	0.0	0	0.0	1334.400000000005	1	0	1	1.6725192064889038
14205.75339061575	500.0	1128.6466093842496	0.0	0	0.0	1334.400000000005	1	0	1	-0.06034874491095976
15200.0	500.0	1134.3999999999992	0.0	0	293.35078196181166	1334.400000000005	1	0	1	0.6327984356489857
16200.0	500.0	1134.3999999999999	0.0	0	547.0844622116219	1334.400000000005	1	0	1	0.6327984356489857
17200.0	500.0	1134.3999999999967	0.0	0	677.1406769982914	1334.4000000000015	1	0	1	0.6327984356489857
18200.0	500.0	1134.3999999999987	0.0	0	727.9137569941013	1334.400000000005	1	0	1	0.6327984356489857
19200.0	1000.0	1134.4000000000024	0.0	0	279.8113363357734	1334.4000000000087	1	0	1	0.9793720259289582
20201.20770156162	1000.0	1133.1922984383837	0.0	0	0.0	1334.4000000000087	1	0	1	1.6725192064889036
21472.187134073643	1000.0	862.2128659263593	0.0	0	0.0	1334.4000000000124	1	0	1	1.672519206488903
22200.0	500.0	1134.400000000005	0.0	0	173.63856701366603	1334.4000000000124	1	0	1	-0.06034874491096054
23200.0	1000.0	1134.4000000000058	0.0	0	266.74054651290135	1334.400000000016	1	0	1	0.9793720259289573
24200.0	500.0	1134.4000000000028	0.0	0	397.8289629027968	1334.4000000000124	1	0	1	-0.06034874491096054
25200.0	500.0	1134.400000000006	0.0	0	212.3828391598763	1334.400000000016	1	0	1	0.6327984356489846
26200.0	500.0	1134.4000000000055	0.0	0	317.13196375536427	1334.400000000016	1	0	1	0.6327984356489846
27200.0	500.0	1134.4000000000055	0.0	0	378.4771564138973	1334.400000000016	1	0	1	0.6327984356489846
28200.0	500.0	1134.4000000000058	0.0	0	689.6387898836692	1334.400000000016	1	0	1	0.6327984356489846
29200.0	500.0	1134.4000000000049	0.0	0	638.9370039249006	1334.400000000016	1	0	1	0.6327984356489846
30200.0	500.0	1134.40000000001	0.0	0	546.6552476737925	1334.400000000016	1	0	1	0.6327984356489846
31301.813732737897	1000.0	1032.5862672621156	0.0	0	0.0	1334.400000000016	1	0	1	0.9793720259289573
32249.23373531966	1000.0	1085.1662646803559	0.0	0	0.0	1334.400000000016	1	0	1	1.6725192064889027
33200.0	1000.0	1134.4000000000187	0.0	0	8.474501654927735	1334.400000000016	1	0	1	1.672519206488903
34200.0	1000.0	1134.4000000000237	0.0	0	5.757168467862357	1334.4000000000233	1	0	1	1.672519206488902
35200.0	1000.0	1134.4000000000258	0.0	0	315.6354731464089	1334.400000000016	1	0	1	1.6725192064889027
36200.0	1000.0	1134.4000000000221	0.0	0	329.95781525679195	1334.400000000016	1	0	1	1.6725192064889027
37308.096123873314	1000.0	1026.3038761267069	0.0	0	0.0	1334.400000000016	1	0	1	1.6725192064889027
38200.0	1000.0	1134.4000000000196	0.0	0	40.20307829856756	1334.400000000016	1	0	1	1.6725192064889027
39200.0	1000.0	1134.4000000000237	0.0	0	239.07405038287834	1334.400000000016	1	0	1	1.6725192064889027
40479.26005556847	1000.0	855.1399444315564	0.0	0	0.0	1334.400000000016	1	0	1	1.6725192064889027
41200.0	500.0	1134.400000000023	0.0	0	362.0960893547017	1334.4000000000233	1	0	1	-0.06034874491096148
42200.0	1000.0	1134.400000000022	0.0	0	180.10502945114422	1334.400000000016	1	0	1	0.9793720259289573
43200.0	1000.0	1134.4000000000242	0.0	0	199.8375513971696	1334.400000000016	1	0	1	1.6725192064889027
44200.0	1000.0	1134.4000000000221	0.0	0	163.92967559256067	1334.400000000016	1	0	1	1.6725192064889027
45318.439859898856	1000.0	1015.960140101168	0.0	0	0.0	1334.400000000016	1	0	1	1.6725192064889027
46200.0	1000.0	1134.4000000000203	0.0	0	21.773852197286033	1334.4000000000233	1	0	1	1.6725192064889018
47200.0	1000.0	1134.4000000000274	0.0	0	252.69114606617222	1334.4000000000306	1	0	1	1.6725192064889014
48200.0	500.0	1134.4000000000326	0.0	0	520.1260384077104	1334.4000000000306	1	0	1	-0.060348744910962204
49200.0	500.0	1134.4000000000317	0.0	0	647.7682281388188	1334.4000000000306	1	0	1	0.6327984356489833
50200.0	500.0	1134.4000000000324	0.0	0	638.045781243578	1334.4000000000306	1	0	1	0.6327984356489833
51894.656674812046	1000.0	439.7433251879871	0.0	0	0.0	1334.4000000000306	1	0	1	0.979372025928956
52429.95517853824	300.0	904.4448214617861	0.0	0	0.0	1334.4000000000306	1	0	1	-1.3374128043259397
53200.0	500.0	1134.4000000000322	0.0	0	114.34155289142655	1334.4000000000306	1	0	1	0.12197281188299253
54264.83477253172	500.0	1069.5652274683125	0.0	0	0.0	1334.4000000000306	1	0	1	0.6327984356489833
55200.0	500.0	1134.4000000000328	0.0	0	257.1459854469649	1334.4000000000233	1	0	1	0.632798435648984
56276.774488717965	500.0	1057.6255112820625	0.0	0	0.0	1334.4000000000233	1	0	1	0.632798435648984
57200.0	500.0	1134.40000000003	0.0	0	124.66898965551809	1334.400000000016	1	0	1	0.6327984356489846
58200.0	500.0	1134.400000000024	0.0	0	320.90236590198765	1334.400000000016	1	0	1	0.6327984356489846
59200.0	500.0	1134.4000000000287	0.0	0	257.5012969368181	1334.400000000016	1	0	1	0.6327984356489846
60200.0	500.0	1134.4000000000347	0.0	0	540.4723153647719	1334.400000000016	1	0	1	0.6327984356489846
61200.0	500.0	1134.4000000000362	0.0	0	306.2367486354851	1334.4000000000233	1	0	1	0.632798435648984
62200.0	500.0	1134.4000000000324	0.0	0	390.8580050367891	1334.400000000016	1	0	1	0.6327984356489846
63200.0	500.0	1134.4000000000315	0.0	0	412.0998395341303	1334.400000000016	1	0	1	0.6327984356489846
64200.0	500.0	1134.4000000000315	0.0	0	476.107635044129	1334.400000000016	1	0	1	0.6327984356489846
65200.0	500.0	1134.4000000000287	0.0	0	677.2733420614604	1334.4000000000087	1	0	1	0.6327984356489853
66200.0	500.0	1134.4000000000203	0.0	0	484.60831973929453	1334.4000000000015	1	0	1	0.6327984356489857
67200.0	500.0	1134.4000000000258	0.0	0	278.73755609666114	1334.3999999999942	1	0	1	0.632798435648987
68200.0	500.0	1134.4000000000208	0.0	0	620.865621975754	1334.3999999999942	1	0	1	0.6327984356489869
69200.0	1000.0	1134.4000000000078	0.0	0	563.9744839573686	1334.3999999999942	1	0	1	0.9793720259289596
70200.0	1000.0	1134.4000000000106	0.0	0	251.90951248076453	1334.4000000000087	1	0	1	1.6725192064889036
71200.0	1000.0	1134.4000000000142	0.0	0	38.135820824987604	1334.4000000000087	1	0	1	1.6725192064889036
72220.42689367512	1000.0	1113.9731063248944	0.0	0	0.0	1334.4000000000087	1	0	1	1.6725192064889036
73556.87277029498	1000.0	777.527229705032	0.0	0	0.0	1334.4000000000087	1	0	1	1.6725192064889036
74200.0	500.0	1134.4000000000196	0.0	0	213.3701131119451	1334.4000000000087	1	0	1	-0.06034874491096015
75200.0	500.0	1134.4000000000053	0.0	0	585.2000115946576	1334.4000000000087	1	0	1	0.6327984356489853
76200.0	500.0	1134.4000000000015	0.0	0	573.2304620807845	1334.4000000000087	1	0	1	0.6327984356489853
77200.0	500.0	1134.399999999992	0.0	0	637.5552276936069	1334.4000000000087	1	0	1	0.6327984356489853
78200.0	1000.0	1134.4000000000044	0.0	0	400.9304529699002	1334.4000000000087	1	0	1	0.9793720259289582
79200.0	1000.0	1134.4000000000162	0.0	0	366.57867551951495	1334.4000000000087	1	0	1	1.6725192064889036
80200.0	1000.0	1134.400000000016	0.0	0	281.4836793753784	1334.4000000000087	1	0	1	1.6725192064889036
81200.0	1000.0	1134.4000000000165	0.0	0	434.9769322311622	1334.4000000000233	1	0	1	1.6725192064889018
82200.0	1000.0	1134.400000000005	0.0	0	387.2471537000092	1334.4000000000378	1	0	1	1.6725192064889005
83243.83317604319	1000.0	1090.5668239568174	0.0	0	0.0	1334.4000000000378	1	0	1	1.6725192064889005
84349.41602731703	1000.0	984.9839726829855	0.0	0	0.0	1334.4000000000378	1	0	1	1.6725192064889005
85200.0	500.0	1134.4000000000087	0.0	0	304.3678597063117	1334.4000000000378	1	0	1	-0.06034874491096298
86200.0	1000.0	1134.3999999999992	0.0	0	112.53356418971089	1334.4000000000378	1	0	1	0.9793720259289551
87200.0	1000.0	1134.3999999999903	0.0	0	429.58377128599386	1334.4000000000233	1	0	1	1.6725192064889018
88200.0	1000.0	1134.3999999999912	0.0	0	95.3137815707305	1334.4000000000233	1	0	1	1.6725192064889018
89281.3846504853	1000.0	1053.015349514677	0.0	0	0.0	1334.4000000000233	1	0	1	1.6725192064889018
90200.0	1000.0	1134.3999999999874	0.0	0	30.515759072484798	1334.4000000000233	1	0	1	1.6725192064889018
91200.0	1000.0	1134.3999999999905	0.0	0	83.39200008717307	1334.4000000000233	1	0	1	1.6725192064889018
92881.51763549876	1000.0	452.8823645012327	0.0	0	0.0	1334.4000000000233	1	0	1	1.6725192064889018
93440.9730720375	300.0	893.4269279625046	0.0	0	0.0	1334.4000000000233	1	0	1	-1.3374128043259386
94200.0	500.0	1134.399999999998	0.0	0	135.73324008494092	1334.4000000000233	1	0	1	0.12197281188299317
95200.0	500.0	1134.3999999999883	0.0	0	218.56138371715497	1334.4000000000233	1	0	1	0.632798435648984
96200.0	500.0	1134.3999999999874	0.0	0	469.80829200216976	1334.4000000000233	1	0	1	0.632798435648984
97200.0	500.0	1134.3999999999742	0.0	0	322.6815961907414	1334.4000000000087	1	0	1	0.6327984356489853
98200.0	500.0	1134.3999999999653	0.0	0	396.3223067638464	1334.4000000000087	1	0	1	0.6327984356489853
99200.0	500.0	1134.3999999999853	0.0	0	596.0153867245972	1334.4000000000233	1	0	1	0.632798435648984
100200.0	500.0	1134.3999999999858	0.0	0	399.33536424775957	1334.4000000000233	1	0	1	0.632798435648984
101200.0	500.0	1134.3999999999946	0.0	0	642.4961645499279	1334.4000000000233	1	0	1	0.632798435648984
102200.0	500.0	1134.3999999999835	0.0	0	504.6840809729765	1334.4000000000233	1	0	1	0.632798435648984
103200.0	500.0	1134.3999999999926	0.0	0	655.6529616453336	1334.4000000000233	1	0	1	0.632798435648984
104211.97876719284	1000.0	1122.421232807154	0.0	0	0.0	1334.4000000000087	1	0	1	0.9793720259289582
105200.0	500.0	1134.4000000000017	0.0	0	443.09201397672587	1334.4000000000087	1	0	1	-0.06034874491096015
106200.0	500.0	1134.4000000000103	0.0	0	422.0489140992722	1334.4000000000087	1	0	1	0.6327984356489853
107200.0	500.0	1134.4000000000003	0.0	0	482.0775701651146	1334.3999999999942	1	0	1	0.6327984356489869
108200.0	500.0	1134.3999999999971	0.0	0	173.12275734676223	1334.3999999999796	1	0	1	0.6327984356489882
109200.0	500.0	1134.3999999999994	0.0	0	370.610168209736	1334.3999999999796	1	0	1	0.6327984356489882
110200.0	500.0	1134.400000000016	0.0	0	642.8080128398724	1334.3999999999796	1	0	1	0.6327984356489882
111200.0	500.0	1134.4000000000278	0.0	0	670.5771601894376	1334.3999999999796	1	0	1	0.6327984356489882
112200.0	500.0	1134.4000000000271	0.0	0	695.1721933712979	1334.3999999999796	1	0	1	0.6327984356489882
113200.0	1000.0	1134.4000000000233	0.0	0	4.343656753160758	1334.3999999999796	1	0	1	0.9793720259289609
114200.0	1000.0	1134.4000000000299	0.0	0	117.35134244684014	1334.3999999999796	1	0	1	1.6725192064889063
115200.0	1000.0	1134.400000000026	0.0	0	290.3570451295236	1334.3999999999796	1	0	1	1.6725192064889063
116200.0	1000.0	1134.4000000000315	0.0	0	96.51610856830666	1334.3999999999796	1	0	1	1.6725192064889063
117200.0	1000.0	1134.4000000000483	0.0	0	90.78593254293082	1334.3999999999942	1	0	1	1.672519206488905
118200.0	1000.0	1134.4000000000544	0.0	0	173.86848251851916	1334.3999999999942	1	0	1	1.672519206488905
119679.05476363482	1000.0	655.3452363652179	0.0	0	0.0	1334.3999999999942	1	0	1	1.672519206488905
120637.29200742046	500.0	697.107992579583	0.0	0	0.0	1334.3999999999942	1	0	1	-0.06034874491095865
121370.82861320446	500.0	963.5713867955882	0.0	0	0.0	1334.3999999999942	1	0	1	0.6327984356489869
122200.0	500.0	1134.4000000000374	0.0	0	396.18877484057157	1334.3999999999942	1	0	1	0.6327984356489869
123200.0	500.0	1134.4000000000362	0.0	0	366.6470721822261	1334.3999999999942	1	0	1	0.6327984356489869
124200.0	500.0	1134.400000000041	0.0	0	534.9286178790062	1334.3999999999942	1	0	1	0.6327984356489869
125200.0	500.0	1134.400000000033	0.0	0	492.5635912663274	1334.4000000000087	1	0	1	0.6327984356489853
126200.0	500.0	1134.400000000017	0.0	0	515.902975693185	1334.3999999999942	1	0	1	0.6327984356489869
127200.0	500.0	1134.4000000000322	0.0	0	387.8065173505165	1334.4000000000087	1	0	1	0.6327984356489853
128200.0	500.0	1134.4000000000417	0.0	0	589.4713294730027	1334.3999999999942	1	0	1	0.6327984356489869
129200.0	1000.0	1134.4000000000397	0.0	0	125.66679384143208	1334.3999999999942	1	0	1	0.9793720259289596
130200.0	1000.0	1134.4000000000424	0.0	0	435.2148264804855	1334.3999999999942	1	0	1	1.672519206488905
131364.5766811543	1000.0	969.8233188457475	0.0	0	0.0	1334.4000000000233	1	0	1	1.6725192064889034
132226.14890016054	1000.0	1108.2510998395167	0.0	0	0.0	1334.3999999999942	1	0	1	1.6725192064889045
133374.31017390674	1000.0	960.0898260933225	0.0	0	0.0	1334.3999999999942	1	0	1	1.672519206488905
134200.0	1000.0	1134.4000000000715	0.0	0	99.98425698143546	1334.3999999999942	1	0	1	1.672519206488905
135200.0	1000.0	1134.4000000000965	0.0	0	527.8422054382099	1334.3999999999942	1	0	1	1.672519206488905
136200.0	1000.0	1134.4000000001217	0.0	0	565.1933817436511	1334.3999999999942	1	0	1	1.672519206488905
137200.0	1000.0	1134.4000000001272	0.0	0	268.3537052801985	1334.3999999999942	1	0	1	1.672519206488905
138246.59170515178	1000.0	1087.8082948483689	0.0	0	0.0	1334.3999999999942	1	0	1	1.672519206488905
139455.49490122966	1000.0	878.9050987705239	0.0	0	0.0	1334.3999999999942	1	0	1	1.672519206488905
140691.05275264816	1000.0	643.3472473520183	0.0	0	0.0	1334.3999999999942	1	0	1	1.672519206488905
141200.0	500.0	1134.400000000163	0.0	0	97.22661046328722	1334.3999999999942	1	0	1	-0.06034874491095865
142200.0	1000.0	1134.4000000001447	0.0	0	178.87385218805866	1334.399999999965	1	0	1	0.9793720259289623
143220.82708857933	1000.0	1113.5729114208189	0.0	0	0.0	1334.399999999965	1	0	1	1.6725192064889076
144660.57422370435	1000.0	673.8257762958065	0.0	0	0.0	1334.3999999999942	1	0	1	1.672519206488905
145200.0	500.0	1134.400000000129	0.0	0	27.351060476503335	1334.3999999999942	1	0	1	-0.06034874491095865
146248.86125371774	1000.0	1085.5387462823956	0.0	0	0.0	1334.3999999999942	1	0	1	0.9793720259289596
147200.0	500.0	1134.400000000138	0.0	0	85.239858517627	1334.3999999999942	1	0	1	-0.06034874491095865
148200.0	500.0	1134.4000000001079	0.0	0	92.36615564872045	1334.3999999999942	1	0	1	0.6327984356489869
149200.0	500.0	1134.4000000000983	0.0	0	271.89178332549636	1334.3999999999942	1	0	1	0.6327984356489869
150200.0	500.0	1134.4000000001065	0.0	0	363.472578476707	1334.3999999999942	1	0	1	0.6327984356489869
151200.0	500.0	1134.4000000001354	0.0	0	427.2015639047313	1334.3999999999942	1	0	1	0.6327984356489869
152200.0	500.0	1134.40000000015	0.0	0	303.46762815339025	1334.3999999999942	1	0	1	0.6327984356489869
153200.0	500.0	1134.4000000001622	0.0	0	614.3042120927421	1334.4000000000233	1	0	1	0.632798435648984
154200.0	500.0	1134.4000000001856	0.0	0	622.9239031829347	1334.4000000000233	1	0	1	0.632798435648984
155200.0	500.0	1134.40000000021	0.0	0	564.4920146863733	1334.4000000000233	1	0	1	0.632798435648984
156200.0	1000.0	1134.4000000002138	0.0	0	301.521814699925	1334.4000000000233	1	0	1	0.9793720259289564
157200.0	1000.0	1134.400000000217	0.0	0	50.078257208748255	1334.4000000000524	1	0	1	1.6725192064888998
158200.0	1000.0	1134.400000000235	0.0	0	36.14061624661554	1334.4000000000233	1	0	1	1.6725192064889018
159200.0	1000.0	1134.4000000002543	0.0	0	152.45070311037125	1334.4000000000233	1	0	1	1.6725192064889018
160200.0	1000.0	1134.4000000002509	0.0	0	375.83557570981793	1334.4000000000233	1	0	1	1.6725192064889018
161288.3045091684	1000.0	1046.0954908318597	0.0	0	0.0	1334.4000000000524	1	0	1	1.6725192064888992
162557.36461304192	1000.0	777.0353869583256	0.0	0	0.0	1334.4000000000524	1	0	1	1.6725192064888992
163399.9256862689	500.0	934.47431373135	0.0	0	0.0	1334.4000000000233	1	0	1	-0.06034874491096148
164200.0	500.0	1134.400000000253	0.0	0	211.05554496569675	1334.4000000000233	1	0	1	0.632798435648984
165200.0	500.0	1134.4000000002627	0.0	0	550.7259496421902	1334.4000000000233	1	0	1	0.632798435648984
166200.0	500.0	1134.4000000002688	0.0	0	746.0484730344324	1334.4000000000233	1	0	1	0.632798435648984
167200.0	500.0	1134.4000000002732	0.0	0	687.1942864081939	1334.4000000000233	1	0	1	0.632798435648984
168278.70634235986	1000.0	1055.6936576404128	0.0	0	0.0	1334.4000000000233	1	0	1	0.9793720259289564
169250.1569200332	1000.0	1084.2430799670788	0.0	0	0.0	1334.4000000000233	1	0	1	1.6725192064889018
170200.0	1000.0	1134.400000000283	0.0	0	168.46734457102139	1334.4000000000233	1	0	1	1.6725192064889018
171375.3875730389	1000.0	959.0124269613776	0.0	0	0.0	1334.4000000000233	1	0	1	1.6725192064889018
172200.0	500.0	1134.400000000252	0.0	0	430.65455639958964	1334.4000000000233	1	0	1	-0.06034874491096148
173200.0	500.0	1134.4000000002907	0.0	0	488.5833798186504	1334.4000000000233	1	0	1	0.632798435648984
174200.0	500.0	1134.400000000318	0.0	0	191.82305399898905	1334.4000000000524	1	0	1	0.6327984356489822
175200.0	500.0	1134.4000000002814	0.0	0	326.5458984798752	1334.4000000000524	1	0	1	0.6327984356489811
176200.0	500.0	1134.4000000002818	0.0	0	357.7805214568216	1334.4000000000524	1	0	1	0.6327984356489815
177200.0	500.0	1134.4000000002588	0.0	0	551.2057238349225	1334.4000000000524	1	0	1	0.6327984356489811
178200.0	500.0	1134.4000000002568	0.0	0	605.1842136416526	1334.4000000000524	1	0	1	0.6327984356489811
179200.0	500.0	1134.4000000002527	0.0	0	655.452723848226	1334.4000000000524	1	0	1	0.6327984356489811
180200.0	1000.0	1134.4000000002368	0.0	0	7.155326591891935	1334.4000000000815	1	0	1	0.9793720259289507
181200.0	1000.0	1134.4000000002138	0.0	0	116.0748732543143	1334.4000000000524	1	0	1	1.6725192064888992
182274.5406839949	1000.0	1059.8593160053128	0.0	0	0.0	1334.4000000000524	1	0	1	1.6725192064888992
183200.0	1000.0	1134.4000000002484	0.0	0	50.92709813368856	1334.4000000000524	1	0	1	1.6725192064888992
184200.0	1000.0	1134.400000000229	0.0	0	197.82089445454767	1334.4000000000524	1	0	1	1.6725192064888992
185413.15056320842	1000.0	921.2494367918022	0.0	0	0.0	1334.4000000000524	1	0	1	1.6725192064888992
186200.0	500.0	1134.4000000002409	0.0	0	150.82052502629813	1334.4000000000815	1	0	1	-0.06034874491096737
187200.0	1000.0	1134.4000000002188	0.0	0	98.96169046798605	1334.4000000001106	1	0	1	0.9793720259289479
188200.0	1000.0	1134.4000000002172	0.0	0	124.25184706397704	1334.4000000001106	1	0	1	1.6725192064888934
189360.86123167945	1000.0	973.5387683207996	0.0	0	0.0	1334.4000000001106	1	0	1	1.6725192064888934
190200.0	500.0	1134.400000000261	0.0	0	343.9384291919705	1334.4000000001106	1	0	1	-0.06034874491097031
191200.0	1000.0	1134.400000000261	0.0	0	503.55757344089216	1334.4000000001106	1	0	1	0.9793720259289479
192200.0	1000.0	1134.400000000256	0.0	0	368.60748135196627	1334.4000000001106	1	0	1	1.6725192064888934
193200.0	1000.0	1134.4000000002745	0.0	0	216.5858936086006	1334.4000000001106	1	0	1	1.6725192064888934
194690.96672405011	1000.0	643.4332759501715	0.0	0	0.0	1334.4000000001106	1	0	1	1.6725192064888934
195310.25558010375	500.0	1024.1444198965405	0.0	0	0.0	1334.4000000001106	1	0	1	-0.06034874491097031
196200.0	500.0	1134.4000000002716	0.0	0	448.18283525586594	1334.4000000001106	1	0	1	0.6327984356489752
197200.0	500.0	1134.400000000291	0.0	0	549.1211055153399	1334.4000000001106	1	0	1	0.6327984356489752
198200.0	500.0	1134.4000000002886	0.0	0	529.3486408207682	1334.4000000000815	1	0	1	0.6327984356489781
199200.0	500.0	1134.4000000002804	0.0	0	408.11419079802	1334.4000000000524	1	0	1	0.6327984356489811
200972.06730159916	1000.0	362.33269840114565	0.0	0	0.0	1334.4000000000524	1	0	1	0.9793720259289538
201481.05282239008	300.0	853.34717761022	0.0	0	0.0	1334.4000000000233	1	0	1	-1.3374128043259386
202213.0882254658	500.0	1121.3117745345166	0.0	0	0.0	1334.4000000000233	1	0	1	0.12197281188299317
203200.0	500.0	1134.4000000002798	0.0	0	9.5534479994094	1334.3999999999942	1	0	1	0.6327984356489863
204209.58765334246	500.0	1124.8123466578277	0.0	0	0.0	1334.3999999999942	1	0	1	0.6327984356489869
205200.0	500.0	1134.4000000002793	0.0	0	169.86919806315564	1334.3999999999942	1	0	1	0.6327984356489869
206200.0	500.0	1134.4000000002698	0.0	0	231.2995043587871	1334.399999999965	1	0	1	0.6327984356489896
207200.0	500.0	1134.4000000003066	0.0	0	214.1431171167642	1334.3999999999942	1	0	1	0.6327984356489869
208200.0	500.0	1134.4000000003002	0.0	0	420.8150308440963	1334.4000000000233	1	0	1	0.632798435648984
209200.0	500.0	1134.4000000003314	0.0	0	398.46830968221184	1334.4000000000233	1	0	1	0.632798435648984
210200.0	500.0	1134.4000000003366	0.0	0	274.99958168526064	1334.4000000000524	1	0	1	0.6327984356489811
211200.0	500.0	1134.4000000003248	0.0	0	484.91248906819965	1334.4000000000524	1	0	1	0.6327984356489811
212200.0	500.0	1134.4000000003346	0.0	0	487.91561719655874	1334.4000000000524	1	0	1	0.6327984356489811
213200.0	500.0	1134.4000000003205	0.0	0	437.54505597945536	1334.4000000000233	1	0	1	0.632798435648984
214200.0	500.0	1134.4000000003205	0.0	0	681.5613276094664	1334.4000000000233	1	0	1	0.632798435648984
215200.0	500.0	1134.4000000003425	0.0	0	488.47700566536514	1334.4000000000233	1	0	1	0.632798435648984
216200.0	500.0	1134.400000000362	0.0	0	273.2718145310937	1334.3999999999942	1	0	1	0.6327984356489863
217200.0	500.0	1134.4000000003798	0.0	0	658.208231713681	1334.3999999999942	1	0	1	0.6327984356489869
218200.0	1000.0	1134.4000000003568	0.0	0	243.05619736851077	1334.3999999999942	1	0	1	0.9793720259289596
219200.0	1000.0	1134.4000000003603	0.0	0	408.9879966453591	1334.3999999999942	1	0	1	1.672519206488905
220252.83867743568	1000.0	1081.5613225646734	0.0	0	0.0	1334.399999999965	1	0	1	1.6725192064889076
221200.0	1000.0	1134.4000000003577	0.0	0	250.0019342607702	1334.399999999965	1	0	1	1.6725192064889076
222200.0	1000.0	1134.400000000337	0.0	0	111.57966864804621	1334.399999999965	1	0	1	1.6725192064889076
223463.47251830695	1000.0	870.9274816933615	0.0	0	0.0	1334.399999999965	1	0	1	1.6725192064889076
224200.0	500.0	1134.40000000032	0.0	0	280.17926712537883	1334.3999999999942	1	0	1	-0.06034874491095865
225200.0	500.0	1134.400000000296	0.0	0	532.672859154758	1334.399999999965	1	0	1	0.6327984356489896
226200.0	1000.0	1134.4000000002984	0.0	0	370.81006227075704	1334.399999999965	1	0	1	0.9793720259289623
227200.0	1000.0	1134.4000000003139	0.0	0	388.93624863386503	1334.3999999999942	1	0	1	1.672519206488905
228200.0	1000.0	1134.4000000003398	0.0	0	86.45121486412245	1334.4000000000233	1	0	1	1.6725192064889018
229200.0	1000.0	1134.4000000003587	0.0	0	422.4524850502203	1334.4000000000233	1	0	1	1.6725192064889018
230200.0	1000.0	1134.4000000003625	0.0	0	247.5432755939255	1334.4000000000233	1	0	1	1.6725192064889018
231200.0	1000.0	1134.4000000003784	0.0	0	374.0865606031439	1334.4000000000233	1	0	1	1.6725192064889018
232200.0	1000.0	1134.4000000004053	0.0	0	254.27372597312205	1334.4000000000524	1	0	1	1.6725192064889003
233247.63274077701	1000.0	1086.7672592233948	0.0	0	0.0	1334.4000000000233	1	0	1	1.6725192064889018
234226.41844474728	1000.0	1107.9815552531422	0.0	0	0.0	1334.4000000000233	1	0	1	1.6725192064889018
235200.0	1000.0	1134.400000000422	0.0	0	226.7001219621743	1334.3999999999942	1	0	1	1.6725192064889043
236200.0	1000.0	1134.400000000428	0.0	0	267.0114978358033	1334.4000000000233	1	0	1	1.672519206488903
237200.0	1000.0	1134.4000000004316	0.0	0	422.24931093651685	1334.3999999999942	1	0	1	1.672519206488905
238200.0	1000.0	1134.4000000004228	0.0	0	181.84718046477064	1334.3999999999942	1	0	1	1.672519206488905
239478.619034312	1000.0	855.7809656883807	0.0	0	0.0	1334.3999999999942	1	0	1	1.672519206488905
240200.0	500.0	1134.4000000003953	0.0	0	256.7090488023241	1334.3999999999942	1	0	1	-0.06034874491095865
241803.80614023787	1000.0	530.593859762536	0.0	0	0.0	1334.4000000000233	1	0	1	0.9793720259289564
242332.66264247964	300.0	1001.7373575207766	0.0	0	0.0	1334.4000000000233	1	0	1	-1.3374128043259386
243200.0	500.0	1134.4000000004417	0.0	0	343.8116581289214	1334.4000000000233	1	0	1	0.12197281188299317
244200.0	500.0	1134.400000000431	0.0	0	443.463317423244	1334.3999999999942	1	0	1	0.6327984356489869
245200.0	500.0	1134.4000000004316	0.0	0	348.76197157095885	1334.3999999999942	1	0	1	0.6327984356489869
246200.0	500.0	1134.4000000003944	0.0	0	492.71419408448855	1334.3999999999942	1	0	1	0.6327984356489869
247200.0	500.0	1134.400000000385	0.0	0	505.5204145759926	1334.3999999999942	1	0	1	0.6327984356489869
248200.0	500.0	1134.4000000003653	0.0	0	483.9020253220806	1334.3999999999942	1	0	1	0.6327984356489869
249200.0	500.0	1134.400000000388	0.0	0	498.4660099497414	1334.3999999999942	1	0	1	0.6327984356489869
250200.0	500.0	1134.4000000004175	0.0	0	363.7225548020797	1334.4000000000233	1	0	1	0.6327984356489852
251200.0	500.0	1134.4000000004494	0.0	0	558.1937142645475	1334.4000000000524	1	0	1	0.6327984356489811
252200.0	500.0	1134.4000000004357	0.0	0	531.2331751479942	1334.4000000000524	1	0	1	0.6327984356489811
253200.0	1000.0	1134.400000000434	0.0	0	52.76771980593912	1334.4000000000233	1	0	1	0.9793720259289564
255024.0617905283	1000.0	310.33820947214343	0.0	0	0.0	1334.4000000000233	1	0	1	1.6725192064889018
255340.98000867394	300.0	993.4199913264938	0.0	0	0.0	1334.4000000000233	1	0	1	-1.3374128043259386
256200.0	500.0	1134.4000000004057	0.0	0	62.65665772938519	1334.3999999999942	1	0	1	0.12197281188299613
257200.0	500.0	1134.400000000406	0.0	0	355.6625495852786	1334.4000000000233	1	0	1	0.632798435648984
258200.0	500.0	1134.4000000004237	0.0	0	273.3518669120094	1334.4000000000233	1	0	1	0.632798435648984
259200.0	500.0	1134.4000000004328	0.0	0	551.1158602738578	1334.4000000000233	1	0	1	0.632798435648984
260200.0	500.0	1134.4000000004194	0.0	0	580.4091200288094	1334.4000000000233	1	0	1	0.632798435648984
261200.0	500.0	1134.4000000004185	0.0	0	605.4611609446583	1334.4000000000233	1	0	1	0.632798435648984
262200.0	1000.0	1134.4000000004	0.0	0	359.1842334056564	1334.3999999999942	1	0	1	0.9793720259289596
263200.0	1000.0	1134.4000000004214	0.0	0	413.86076248803874	1334.4000000000233	1	0	1	1.672519206488903
264200.0	1000.0	1134.4000000003953	0.0	0	294.897952715226	1334.399999999965	1	0	1	1.6725192064889054
265248.18263974536	1000.0	1086.2173602550624	0.0	0	0.0	1334.399999999965	1	0	1	1.6725192064889076
266200.0	1000.0	1134.4000000004048	0.0	0	269.9464551003766	1334.399999999965	1	0	1	1.6725192064889076
267200.0	1000.0	1134.4000000004557	0.0	0	280.98926303727785	1334.399999999965	1	0	1	1.6725192064889076
268284.1609553393	1000.0	1050.2390446611917	0.0	0	0.0	1334.399999999965	1	0	1	1.6725192064889076
269232.82725047716	500.0	1101.572749523421	0.0	0	0.0	1334.399999999965	1	0	1	-0.060348744910955765
270200.0	500.0	1134.4000000005651	0.0	0	204.60312409990001	1334.3999999999069	1	0	1	0.6327984356489956
271200.0	500.0	1134.4000000006313	0.0	0	310.6436437484808	1334.399999999965	1	0	1	0.6327984356489921
272200.0	500.0	1134.4000000006363	0.0	0	420.0694293284323	1334.399999999965	1	0	1	0.6327984356489896
273200.0	500.0	1134.4000000006367	0.0	0	536.9224230006803	1334.399999999965	1	0	1	0.6327984356489896
274200.0	500.0	1134.4000000006129	0.0	0	504.4044498222065	1334.399999999965	1	0	1	0.6327984356489896
275200.0	500.0	1134.4000000006388	0.0	0	457.5850000837818	1334.399999999965	1	0	1	0.6327984356489896
276200.0	500.0	1134.4000000007063	0.0	0	437.74190253019333	1334.4000000000233	1	0	1	0.632798435648984
277200.0	500.0	1134.4000000006772	0.0	0	677.5341203644639	1334.4000000000233	1	0	1	0.632798435648984
278200.0	1000.0	1134.4000000006445	0.0	0	147.4271845439216	1334.4000000000233	1	0	1	0.9793720259289564
279200.0	1000.0	1134.4000000006522	0.0	0	214.8478243809077	1334.399999999965	1	0	1	1.6725192064889076
280224.1231439381	1000.0	1110.2768560626046	0.0	0	0.0	1334.3999999999069	1	0	1	1.6725192064889136
281338.15219730156	1000.0	996.2478026991281	0.0	0	0.0	1334.3999999998487	1	0	1	1.6725192064889194
282200.0	1000.0	1134.4000000006163	0.0	0	163.04485036246479	1334.3999999998487	1	0	1	1.6725192064889194
283200.0	1000.0	1134.4000000005913	0.0	0	292.5705552283325	1334.3999999997905	1	0	1	1.6725192064889238
284200.0	1000.0	1134.4000000005667	0.0	0	303.0607474613935	1334.3999999997322	1	0	1	1.6725192064889312
285200.0	1000.0	1134.400000000567	0.0	0	350.5833016326651	1334.3999999997322	1	0	1	1.6725192064889312
286200.0	1000.0	1134.4000000005778	0.0	0	325.6629396517528	1334.3999999997322	1	0	1	1.6725192064889312
287200.0	1000.0	1134.400000000548	0.0	0	74.11590685456758	1334.399999999674	1	0	1	1.672519206488937
288200.0	1000.0	1134.400000000605	0.0	0	178.2124433433055	1334.3999999996158	1	0	1	1.6725192064889405
289425.43393613945	1000.0	908.966063861111	0.0	0	0.0	1334.3999999996158	1	0	1	1.6725192064889427
290299.275244636	1000.0	1035.1247553645971	0.0	0	0.0	1334.3999999995576	1	0	1	1.6725192064889485
291200.2812668936	1000.0	1134.1187331070632	0.0	0	0.0	1334.3999999995576	1	0	1	1.6725192064889485
292200.0	1000.0	1134.4000000006176	0.0	0	153.5743761549238	1334.3999999995576	1	0	1	1.6725192064889496
293584.07811552106	1000.0	750.3218844796019	0.0	0	0.0	1334.3999999994994	1	0	1	1.6725192064889542
294200.0	500.0	1134.400000000628	0.0	0	149.61908698576735	1334.3999999994994	1	0	1	-0.060348744910909136
295369.3204078138	1000.0	965.0795921868107	0.0	0	0.0	1334.3999999994994	1	0	1	0.979372025929009
296200.0	500.0	1134.4000000006467	0.0	0	47.40245730528841	1334.3999999994994	1	0	1	-0.060348744910909136
297223.23279650725	500.0	1111.1672034933624	0.0	0	0.0	1334.3999999994994	1	0	1	0.6327984356490363
298200.0	500.0	1134.4000000005674	0.0	0	197.47643791965675	1334.3999999994994	1	0	1	0.6327984356490363
299200.0	500.0	1134.4000000005938	0.0	0	327.99346214614343	1334.3999999994994	1	0	1	0.6327984356490363
300200.0	500.0	1134.4000000006001	0.0	0	363.8513651996036	1334.3999999994412	1	0	1	0.6327984356490397
301200.0	500.0	1134.400000000679	0.0	0	371.76237089768983	1334.3999999994994	1	0	1	0.6327984356490363
302200.0	500.0	1134.4000000007036	0.0	0	523.1664885120117	1334.3999999994994	1	0	1	0.6327984356490363
1.44	1.39	1.52	1.24	1.07	1.37	1.42	1.6	0.79	1.01	0.72	1.2	1.66	1.66	1.42	0.81	1.19	0.9	1.16	1.1	0.89	0.73	0.79	1.4	1.42	1.37	0.95	1.03	1.37	1.09	1.36	1.25	1.04	1.04	1.61	1.31	0.83	1.74	1.44	1.59	0.65	0.8	1.02	1.14	1.26	1.17	1.01	0.5	0.71	0.7	0.52	0.73	0.6	0.86	0.65	0.93	0.9	0.71	0.9	1.03	1.26	1.27	0.79	1.2	1.9	1.63	0.89	0.96	1.18	0.56	1.29	1.45	1.33	1.62	1.16	1.53	1.3	1.51	1.09	0.9	0.93	1.32	1.68	1.42	1.23	1.27	0.95	0.83	0.61	0.75	0.97	0.71	0.98	0.75	1.01	0.96	1.07	1.22	1.44	1.16	0.78	0.66	0.83	0.74	0.57	1.3	1.6	2.11	1.42	1.33	1.69	1.08	1.04	1.49	1.01	0.56	0.65	0.98	1.1	0.94	1.24	1.07	0.86	1.47	1.29	1.92	1.09	1.26	1.16	1.19	1.67	2.06	2.1	1.12	1.22	0.96	1.07	1.61	1.49	0.97	0.81	1.2	1.05	0.6	0.63	0.88	0.83	0.93	0.98	1.7	1.44	1.39	1.52	1.24	1.07	1.37	1.42	1.6	0.79	1.01	0.72	1.2	1.66	1.66	1.42	0.81	1.19	0.9	1.16	1.1	0.89	0.73	0.79	1.4	1.42	1.37	0.95	1.03	1.37	1.09	1.36	1.25	1.04	1.04	1.61	1.31	0.83	1.74	1.44	1.59	0.65	0.8	1.02	1.14	1.26	1.17	1.01	0.5	0.71	0.7	0.52	0.73	0.6	0.86	0.65	0.93	0.9	0.71	0.9	1.03	1.26	1.27	0.79	1.2	1.9	1.63	0.89	0.96	1.18	0.56	1.29	1.45	1.33	1.62	1.16	1.53	1.3	1.51	1.09	0.9	0.93	1.32	1.68	1.42	1.23	1.27	0.95	0.83	0.61	0.75	0.97	0.71	0.98	0.75	1.01	0.96	1.07	1.22	1.44	1.16	0.78	0.66	0.83	0.74	0.57	1.3	1.6	2.11	1.42	1.33	1.69	1.08	1.04	1.49	1.01	0.56	0.65	0.98	1.1	0.94	1.24	1.07	0.86	1.47	1.29	1.92	1.09	1.26	1.16	1.19	1.67	2.06	2.1	1.12	1.22	0.96	1.07	1.61	1.49	0.97	0.81	1.2	1.05	0.6	0.63	0.88	0.83	0.93	0.98	1.7	1.44	1.39	1.52
1.0	2.0	3.0	4.0	5.0	6.0	7.0	8.0	9.0	10.0	11.0	12.0	13.0	14.0	15.0	16.0	17.0	18.0	19.0	20.0	21.0	22.0	23.0	24.0	25.0	26.0	27.0	28.0	29.0	30.0	31.0	32.0	33.0	34.0	35.0	36.0	37.0	38.0	39.0	40.0	41.0	42.0	43.0	44.0	45.0	46.0	47.0	48.0	49.0	50.0	51.0	52.0	53.0	54.0	55.0	56.0	57.0	58.0	59.0	60.0	61.0	62.0	63.0	64.0	65.0	66.0	67.0	68.0	69.0	70.0	71.0	72.0	73.0	74.0	75.0	76.0	77.0	78.0	79.0	80.0	81.0	82.0	83.0	84.0	85.0	86.0	87.0	88.0	89.0	90.0	91.0	92.0	93.0	94.0	95.0	96.0	97.0	98.0	99.0	100.0	101.0	102.0	103.0	104.0	105.0	106.0	107.0	108.0	109.0	110.0	111.0	112.0	113.0	114.0	115.0	116.0	117.0	118.0	119.0	120.0	121.0	122.0	123.0	124.0	125.0	126.0	127.0	128.0	129.0	130.0	131.0	132.0	133.0	134.0	135.0	136.0	137.0	138.0	139.0	140.0	141.0	142.0	143.0	144.0	145.0	146.0	147.0	148.0	149.0	149.0	150.0	151.0	152.0	153.0	154.0	155.0	156.0	157.0	158.0	159.0	160.0	161.0	162.0	163.0	164.0	165.0	166.0	167.0	168.0	169.0	170.0	171.0	172.0	173.0	174.0	175.0	176.0	177.0	178.0	179.0	180.0	181.0	182.0	183.0	184.0	185.0	186.0	187.0	188.0	189.0	190.0	191.0	192.0	193.0	194.0	195.0	196.0	197.0	198.0	199.0	200.0	201.0	202.0	203.0	204.0	205.0	206.0	207.0	208.0	209.0	210.0	211.0	212.0	213.0	214.0	215.0	216.0	217.0	218.0	219.0	220.0	221.0	222.0	223.0	224.0	225.0	226.0	227.0	228.0	229.0	230.0	231.0	232.0	233.0	234.0	235.0	236.0	237.0	238.0	239.0	240.0	241.0	242.0	243.0	244.0	245.0	246.0	247.0	248.0	249.0	250.0	251.0	252.0	253.0	254.0	255.0	256.0	257.0	258.0	259.0	260.0	261.0	262.0	263.0	264.0	265.0	266.0	267.0	268.0	269.0	270.0	271.0	272.0	273.0	274.0	275.0	276.0	277.0	278.0	279.0	280.0	281.0	282.0	283.0	284.0	285.0	286.0	287.0	288.0	289.0	290.0	291.0	292.0	293.0	294.0	295.0	296.0	297.0	298.0	298.0	299.0	300.0	301.0
2894.3184147686907
