3423.574787873435	300.0	2000.0	228.9441872455339	0	0.0	3423.574787873435	1	0	1	-1.7109272444182813
5636.333142397505	2000.0	643.6335433627436	0.0	0	0.0	1279.9666857602479	1	0	2	0.41690711266256053
6200.0	500.0	3136.3333715204985	0.0	0	116.11392773590433	3336.3333715204976	1	0	0	-1.3516793334882107
10983.97510106499	3000.0	200.0	1023.6720360463592	0	0.0	2183.975101064989	1	0	2	-5.2565605724005104
11297.748885496116	300.0	886.2262155688759	0.0	0	0.0	2183.975101064989	1	0	1	-2.7209826031005444
11682.638555087486	500.0	1462.847579018368	0.0	0	0.0	2145.4861341058513	1	0	2	-0.36006312098374993
13193.22089428115	1000.0	801.2070059053373	0.0	0	0.0	1994.4279001864852	1	0	2	0.7093589443923056
13786.396008642432	500.0	1148.714380107927	0.0	0	0.0	1935.110388750356	1	0	2	-0.3219938101563462
14635.23546444322	500.0	1214.990978727061	0.0	0	0.0	1850.226443170277	1	0	2	0.3791013074966727
15286.263562355643	500.0	1498.8600710233954	0.0	0	0.0	1785.1236333790366	1	0	2	0.38621500968918515
16200.0	500.0	1493.7499896146019	0.0	0	395.70213436839913	1693.7499896146	1	0	2	0.3932149581314053
17200.0	500.0	1493.7499896146032	0.0	0	593.3832509064996	1693.7499896146	1	0	1	0.3968634366875262
18200.0	500.0	1493.7499896146023	0.0	0	568.6894558261811	1693.7499896146037	1	0	1	0.5968634366875261
19200.0	1000.0	1493.749989614598	0.0	0	264.73321602302167	1693.7499896146037	1	0	1	0.9434370269674985
20340.05643819303	1000.0	1353.6935514215659	0.0	0	0.0	1693.7499896146037	1	0	1	1.636584207527444
22241.114660780466	1000.0	452.6353288341312	0.0	0	0.0	1693.7499896146	1	0	1	1.6365842075274442
22796.279463955067	300.0	897.4705256595323	0.0	0	0.0	1693.7499896146	1	0	1	-1.3733478032873963
23429.764196298893	500.0	1263.9857933157011	0.0	0	0.0	1693.7499896146	1	0	1	0.08603781292153548
24311.99128915516	500.0	1381.7587004594297	0.0	0	0.0	1693.7499896146	1	0	1	0.5968634366875263
25200.0	500.0	1493.74998961459	0.0	0	316.9799383338286	1693.7499896146037	1	0	1	0.5968634366875258
26200.0	500.0	1493.7499896145916	0.0	0	535.1246257604544	1693.7499896146037	1	0	1	0.5968634366875258
27200.0	500.0	1493.7499896145923	0.0	0	592.5724119268853	1693.7499896146037	1	0	1	0.5968634366875258
28200.0	500.0	1493.749989614592	0.0	0	582.9125155219263	1693.7499896146037	1	0	1	0.5968634366875258
29219.8207801197	1000.0	1473.9292094948946	0.0	0	0.0	1693.7499896146073	1	0	1	0.9434370269674983
30330.077028748652	1000.0	1363.6729608659389	0.0	0	0.0	1693.7499896146073	1	0	1	1.6365842075274437
31746.30122464192	1000.0	947.4487649726691	0.0	0	0.0	1693.7499896146073	1	0	1	1.6365842075274437
32200.0	500.0	1493.7499896145914	0.0	0	72.269175676749	1693.7499896146073	1	0	1	-0.0962837438724199
33200.0	1000.0	1493.749989614591	0.0	0	213.276254547367	1693.7499896146037	1	0	1	0.9434370269674984
34297.444192931514	1000.0	1396.3057966830793	0.0	0	0.0	1693.7499896146073	1	0	1	1.636584207527444
35200.0	500.0	1493.7499896146023	0.0	0	313.4677020080053	1693.749989614611	1	0	1	-0.09628374387242028
36200.0	1000.0	1493.7499896145973	0.0	0	302.88726782624144	1693.749989614611	1	0	1	0.943437026967498
37200.0	1000.0	1493.7499896145946	0.0	0	122.42295558618207	1693.749989614611	1	0	1	1.6365842075274433
38200.0	1000.0	1493.749989614597	0.0	0	77.81016080082918	1693.749989614611	1	0	1	1.6365842075274433
39200.0	1000.0	1493.7499896145914	0.0	0	38.60438713034091	1693.749989614611	1	0	1	1.6365842075274433
40200.0	1000.0	1493.7499896145857	0.0	0	206.54457147490757	1693.7499896146037	1	0	1	1.636584207527444
41200.0	1000.0	1493.749989614588	0.0	0	102.05999795663229	1693.7499896146037	1	0	1	1.636584207527444
42200.0	1000.0	1493.7499896145823	0.0	0	368.18131070382515	1693.7499896146037	1	0	1	1.636584207527444
43568.854481066424	1000.0	1124.8955085481525	0.0	0	0.0	1693.7499896146037	1	0	1	1.636584207527444
45119.096989942234	1000.0	574.6529996723449	0.0	0	0.0	1693.7499896146037	1	0	1	1.636584207527444
45527.57607672475	500.0	1166.173912889828	0.0	0	0.0	1693.7499896146037	1	0	1	-0.09628374387241956
46200.0	500.0	1493.7499896145719	0.0	0	267.48623428394785	1693.7499896146037	1	0	1	0.5968634366875258
47365.29008570352	1000.0	1328.4599039110553	0.0	0	0.0	1693.7499896146037	1	0	1	0.9434370269674985
48200.0	500.0	1493.7499896145746	0.0	0	325.83490478900785	1693.7499896146037	1	0	1	-0.09628374387241956
49391.03039984583	1000.0	1302.7195897687507	0.0	0	0.0	1693.7499896146037	1	0	1	0.9434370269674985
50282.99615815775	1000.0	1410.753831456841	0.0	0	0.0	1693.7499896146037	1	0	1	1.636584207527444
51200.0	1000.0	1493.7499896145819	0.0	0	186.75818528161471	1693.7499896146037	1	0	1	1.636584207527444
52200.0	1000.0	1493.7499896145753	0.0	0	284.7289041739059	1693.7499896146037	1	0	1	1.636584207527444
53287.23699620892	1000.0	1406.5129934056552	0.0	0	0.0	1693.7499896146037	1	0	1	1.636584207527444
54200.0	1000.0	1493.7499896145757	0.0	0	92.93452354877081	1693.7499896146037	1	0	1	1.636584207527444
55200.0	1000.0	1493.7499896145728	0.0	0	241.2660703799047	1693.7499896146037	1	0	1	1.636584207527444
56200.0	1000.0	1493.7499896145812	0.0	0	262.8807165798571	1693.7499896146037	1	0	1	1.636584207527444
57200.0	1000.0	1493.7499896145819	0.0	0	229.67021124850726	1693.7499896146037	1	0	1	1.636584207527444
58200.0	1000.0	1493.7499896145785	0.0	0	392.73590845623403	1693.7499896145964	1	0	1	1.6365842075274448
59200.0	1000.0	1493.7499896145823	0.0	0	45.114074708086264	1693.7499896146037	1	0	1	1.636584207527444
60200.0	1000.0	1493.74998961458	0.0	0	17.867637440336694	1693.7499896146037	1	0	1	1.636584207527444
61250.513278625425	1000.0	1443.2367109891557	0.0	0	0.0	1693.7499896146037	1	0	1	1.636584207527444
62200.0	1000.0	1493.7499896145887	0.0	0	18.057241184986196	1693.7499896146037	1	0	1	1.636584207527444
63200.0	1000.0	1493.7499896145978	0.0	0	249.9364497218412	1693.7499896146037	1	0	1	1.636584207527444
64200.0	1000.0	1493.7499896145898	0.0	0	260.55661260152556	1693.7499896146037	1	0	1	1.636584207527444
65200.0	1000.0	1493.749989614597	0.0	0	260.9369012251991	1693.7499896146037	1	0	1	1.636584207527444
66200.0	1000.0	1493.7499896146044	0.0	0	267.6949227310397	1693.749989614611	1	0	1	1.6365842075274433
67200.0	1000.0	1493.7499896146082	0.0	0	106.17183360370109	1693.7499896146182	1	0	1	1.6365842075274428
68200.0	1000.0	1493.7499896146164	0.0	0	39.350247590686195	1693.7499896146182	1	0	1	1.6365842075274426
69200.0	1000.0	1493.74998961463	0.0	0	428.2512971926917	1693.7499896146037	1	0	1	1.636584207527444
70200.0	1000.0	1493.7499896146253	0.0	0	260.85202598941396	1693.7499896146037	1	0	1	1.636584207527444
71200.0	1000.0	1493.7499896146182	0.0	0	12.919290963283856	1693.7499896146037	1	0	1	1.636584207527444
72200.0	1000.0	1493.7499896146244	0.0	0	289.98751009552507	1693.7499896146037	1	0	1	1.636584207527444
73200.0	1000.0	1493.7499896146353	0.0	0	145.21909411036177	1693.7499896146037	1	0	1	1.636584207527444
74218.69220323433	1000.0	1475.0577863802948	0.0	0	0.0	1693.7499896146037	1	0	1	1.636584207527444
75200.0	1000.0	1493.7499896146355	0.0	0	144.71246968820924	1693.7499896146037	1	0	1	1.636584207527444
76200.0	1000.0	1493.749989614629	0.0	0	396.2425278751325	1693.7499896145891	1	0	1	1.6365842075274453
77200.0	1000.0	1493.7499896146217	0.0	0	197.67012078039988	1693.7499896145891	1	0	1	1.6365842075274453
78227.9486222419	1000.0	1465.80136737273	0.0	0	0.0	1693.7499896145891	1	0	1	1.6365842075274453
79200.0	1000.0	1493.74998961462	0.0	0	115.52061738785414	1693.7499896145891	1	0	1	1.6365842075274453
81096.8201725086	1000.0	596.9298171060211	0.0	0	0.0	1693.7499896145891	1	0	1	1.6365842075274453
81844.7004550362	500.0	849.0495345784094	0.0	0	0.0	1693.7499896145891	1	0	1	-0.09628374387241821
82453.66422033451	500.0	1240.0857692801096	0.0	0	0.0	1693.7499896146037	1	0	1	0.5968634366875258
83200.0	500.0	1493.7499896146346	0.0	0	223.0335772432154	1693.7499896146037	1	0	1	0.5968634366875258
84200.0	500.0	1493.749989614634	0.0	0	420.62189488967124	1693.7499896146182	1	0	1	0.5968634366875244
85200.0	500.0	1493.7499896146464	0.0	0	377.17414851582726	1693.7499896146182	1	0	1	0.5968634366875244
86775.84769620831	1000.0	917.90229340634	0.0	0	0.0	1693.7499896146182	1	0	1	0.9434370269674972
87299.15568104	500.0	1394.59430857464	0.0	0	0.0	1693.7499896146182	1	0	1	-0.09628374387242102
88200.0	500.0	1493.7499896146562	0.0	0	434.11848580471997	1693.7499896146328	1	0	1	0.596863436687523
89275.30803002707	1000.0	1418.4419595875981	0.0	0	0.0	1693.7499896146328	1	0	1	0.9434370269674958
90200.0	500.0	1493.7499896146576	0.0	0	140.5159639518679	1693.7499896146182	1	0	1	-0.09628374387242102
91200.0	500.0	1493.749989614668	0.0	0	334.11550986733346	1693.7499896146328	1	0	1	0.596863436687523
92200.0	500.0	1493.7499896146796	0.0	0	408.823902790813	1693.7499896146328	1	0	1	0.596863436687523
93200.0	500.0	1493.7499896146705	0.0	0	517.9043877077784	1693.7499896146328	1	0	1	0.596863436687523
94200.0	500.0	1493.749989614648	0.0	0	470.92863600942655	1693.7499896146182	1	0	1	0.5968634366875244
95200.0	500.0	1493.749989614645	0.0	0	559.9979611084418	1693.7499896146037	1	0	1	0.5968634366875258
96200.0	500.0	1493.74998961466	0.0	0	319.22436241556716	1693.7499896146182	1	0	1	0.5968634366875244
97709.03180960672	1000.0	984.7181800079378	0.0	0	0.0	1693.7499896146182	1	0	1	0.9434370269674972
98200.0	500.0	1493.74998961466	0.0	0	149.9649261595623	1693.7499896146182	1	0	1	-0.09628374387242102
99200.0	1000.0	1493.7499896146612	0.0	0	292.47072887526883	1693.7499896146182	1	0	1	0.9434370269674972
100200.0	1000.0	1493.7499896146503	0.0	0	293.0963570097083	1693.7499896146182	1	0	1	1.6365842075274426
101200.0	1000.0	1493.7499896146455	0.0	0	349.4855072534847	1693.7499896146182	1	0	1	1.6365842075274426
102200.0	1000.0	1493.7499896146398	0.0	0	163.51042450606474	1693.7499896146182	1	0	1	1.6365842075274426
103200.0	1000.0	1493.7499896146355	0.0	0	252.20793521650194	1693.7499896146182	1	0	1	1.6365842075274426
104458.43975251372	1000.0	1235.3102371009072	0.0	0	0.0	1693.7499896146182	1	0	1	1.6365842075274426
105589.50780598621	1000.0	1104.2421836284084	0.0	0	0.0	1693.7499896146182	1	0	1	1.6365842075274426
106813.51267584082	1000.0	880.2373137738206	0.0	0	0.0	1693.7499896146182	1	0	1	1.6365842075274426
107270.7620923383	500.0	1422.9878972763468	0.0	0	0.0	1693.7499896146182	1	0	1	-0.09628374387242102
108200.0	1000.0	1493.7499896146453	0.0	0	263.85302835576294	1693.7499896146182	1	0	1	0.9434370269674972
109200.0	1000.0	1493.7499896146367	0.0	0	247.85775053432735	1693.7499896146182	1	0	1	1.6365842075274426
110200.0	1000.0	1493.7499896146446	0.0	0	275.791594224851	1693.7499896146182	1	0	1	1.6365842075274426
111200.0	1000.0	1493.7499896146505	0.0	0	68.99535458649916	1693.7499896146182	1	0	1	1.6365842075274426
112358.38078659134	2000.0	1335.3692030232894	0.0	0	0.0	1693.7499896146182	1	0	1	1.983157797807415
113200.0	1000.0	1493.7499896146219	0.0	0	190.08489779863157	1693.7499896146037	1	0	1	0.9434370269674988
114511.42968691025	2000.0	1182.3203027043633	0.0	0	0.0	1693.7499896146182	1	0	1	1.983157797807415
115200.0	1000.0	1493.7499896146182	0.0	0	105.90401744563133	1693.7499896146182	1	0	1	0.9434370269674974
116200.0	1000.0	1493.749989614629	0.0	0	330.7997503083898	1693.7499896146182	1	0	1	1.6365842075274426
117200.0	1000.0	1493.7499896146337	0.0	0	311.57473615411436	1693.7499896146182	1	0	1	1.6365842075274426
118200.0	1000.0	1493.7499896146285	0.0	0	270.4345365318004	1693.7499896146328	1	0	1	1.636584207527441
119200.0	1000.0	1493.7499896146276	0.0	0	456.69005510388524	1693.7499896146328	1	0	1	1.636584207527441
120200.0	1000.0	1493.7499896146287	0.0	0	13.630906950274948	1693.7499896146182	1	0	1	1.6365842075274415
122164.20534514851	2000.0	529.5446444661168	0.0	0	0.0	1693.7499896146182	1	0	1	1.983157797807415
122600.08032639537	500.0	1093.6696632192559	0.0	0	0.0	1693.7499896146182	1	0	1	-0.7894309244323663
123300.85828626384	1000.0	1392.891703350778	0.0	0	0.0	1693.7499896146037	1	0	1	0.9434370269674985
124304.31297964412	1000.0	1389.4370099705084	0.0	0	0.0	1693.7499896146037	1	0	1	1.636584207527444
125540.28850433369	1000.0	1153.4614852809298	0.0	0	0.0	1693.7499896146037	1	0	1	1.636584207527444
126430.438831693	1000.0	1263.3111579216227	0.0	0	0.0	1693.7499896146037	1	0	1	1.636584207527444
127561.75314769898	1000.0	1131.9968419156428	0.0	0	0.0	1693.7499896146037	1	0	1	1.636584207527444
128960.07105650999	1000.0	733.6789331046449	0.0	0	0.0	1693.7499896146037	1	0	1	1.636584207527444
129519.15404385776	500.0	1174.5959457568886	0.0	0	0.0	1693.7499896146182	1	0	1	-0.09628374387242102
130749.29565333846	1000.0	944.4543362761752	0.0	0	0.0	1693.7499896146182	1	0	1	0.9434370269674972
131200.0	500.0	1493.749989614623	0.0	0	82.06363949819934	1693.7499896146182	1	0	1	-0.09628374387242102
132200.0	1000.0	1493.7499896145966	0.0	0	338.9794370473828	1693.7499896145746	1	0	1	0.9434370269674985
133200.0	1000.0	1493.7499896145714	0.0	0	22.8318245477858	1693.74998961456	1	0	1	1.636584207527448
134200.0	1000.0	1493.749989614566	0.0	0	259.6736472491757	1693.74998961456	1	0	1	1.6365842075274484
135244.02568237454	1000.0	1449.7243072400195	0.0	0	0.0	1693.749989614531	1	0	1	1.63658420752745
136748.76558609682	1000.0	944.9844035177397	0.0	0	0.0	1693.749989614531	1	0	1	1.6365842075274513
137806.07426797182	500.0	887.6757216427438	0.0	0	0.0	1693.7499896145018	1	0	1	-0.09628374387240936
138483.72769621943	500.0	1210.0222933951434	0.0	0	0.0	1693.7499896145018	1	0	1	0.596863436687536
139200.0	500.0	1493.7499896145387	0.0	0	294.16612107187393	1693.7499896145018	1	0	1	0.596863436687536
140651.36211848626	1000.0	1042.3878711282625	0.0	0	0.0	1693.7499896145018	1	0	1	0.9434370269675088
141200.0	500.0	1493.749989614529	0.0	0	85.47450372914318	1693.7499896145018	1	0	1	-0.09628374387240936
142200.0	500.0	1493.7499896145473	0.0	0	649.3926832280995	1693.7499896145018	1	0	1	0.596863436687536
143200.0	1000.0	1493.7499896145655	0.0	0	176.88290619643521	1693.7499896145018	1	0	1	0.9434370269675088
144371.19020159176	1000.0	1322.559788022825	0.0	0	0.0	1693.7499896145018	1	0	1	1.6365842075274541
145208.69985753702	1000.0	1485.0501320775543	0.0	0	0.0	1693.7499896145018	1	0	1	1.6365842075274541
146469.96467858172	1000.0	1223.7853110328667	0.0	0	0.0	1693.7499896145018	1	0	1	1.6365842075274541
147279.32522642697	1000.0	1414.424763187576	0.0	0	0.0	1693.7499896145018	1	0	1	1.6365842075274541
148200.0	1000.0	1493.7499896145214	0.0	0	294.4244387624494	1693.7499896145018	1	0	1	1.6365842075274541
149200.0	1000.0	1493.7499896145468	0.0	0	551.3998840772256	1693.7499896145018	1	0	1	1.6365842075274541
150200.0	1000.0	1493.7499896145605	0.0	0	332.3205420857703	1693.7499896145018	1	0	1	1.6365842075274541
151200.0	1000.0	1493.7499896145396	0.0	0	113.92014043117524	1693.7499896145018	1	0	1	1.6365842075274541
152200.0	1000.0	1493.749989614559	0.0	0	222.33208780235145	1693.7499896145018	1	0	1	1.6365842075274541
153226.10016091712	1000.0	1467.6498286974409	0.0	0	0.0	1693.7499896145018	1	0	1	1.6365842075274541
154543.75586820254	1000.0	1149.9941214120195	0.0	0	0.0	1693.7499896145018	1	0	1	1.6365842075274541
155200.0	500.0	1493.7499896145214	0.0	0	257.49931943940464	1693.7499896145018	1	0	1	-0.09628374387240936
156200.0	1000.0	1493.7499896145207	0.0	0	318.8461004313431	1693.7499896145018	1	0	1	0.9434370269675076
157200.0	1000.0	1493.749989614517	0.0	0	453.44020932985586	1693.7499896144727	1	0	1	1.636584207527457
158204.77248149758	1000.0	1488.977508116942	0.0	0	0.0	1693.7499896144727	1	0	1	1.636584207527457
159519.70060327247	1000.0	1174.049386342052	0.0	0	0.0	1693.7499896145018	1	0	1	1.6365842075274541
160787.82152053172	1000.0	905.9284690828076	0.0	0	0.0	1693.7499896145018	1	0	1	1.6365842075274541
161672.99404028564	500.0	1020.7559493288531	0.0	0	0.0	1693.7499896145018	1	0	1	-0.09628374387240936
162541.57916695697	500.0	1152.1708226575083	0.0	0	0.0	1693.7499896144727	1	0	1	0.5968634366875389
163200.0	500.0	1493.7499896144648	0.0	0	52.768035854853224	1693.7499896144727	1	0	1	0.5968634366875389
164617.40716097207	1000.0	1076.342828642392	0.0	0	0.0	1693.7499896144436	1	0	1	0.9434370269675146
165200.0	500.0	1493.7499896144407	0.0	0	88.72326399059966	1693.7499896144145	1	0	1	-0.09628374387240068
166200.0	500.0	1493.7499896144452	0.0	0	427.89213970163837	1693.7499896144145	1	0	1	0.5968634366875447
167200.0	500.0	1493.7499896144443	0.0	0	636.7339275843115	1693.7499896144436	1	0	1	0.5968634366875418
168200.0	1000.0	1493.7499896144766	0.0	0	16.252481793635525	1693.7499896144727	1	0	1	0.9434370269675123
169200.0	1000.0	1493.7499896144984	0.0	0	24.406090008094907	1693.7499896145018	1	0	1	1.6365842075274541
170969.85045839025	1000.0	723.8995312242412	0.0	0	0.0	1693.7499896145018	1	0	1	1.6365842075274541
172009.73553186044	500.0	684.0144577540411	0.0	0	0.0	1693.7499896145018	1	0	1	-0.09628374387240936
172868.15893972458	500.0	825.591049889883	0.0	0	0.0	1693.7499896145018	1	0	1	0.596863436687536
173513.07250783956	500.0	1180.6774817748744	0.0	0	0.0	1693.7499896145018	1	0	1	0.596863436687536
174200.0	500.0	1493.7499896144616	0.0	0	58.1902019760455	1693.749989614531	1	0	1	0.5968634366875332
175200.0	500.0	1493.7499896144461	0.0	0	446.26787482359214	1693.749989614531	1	0	1	0.5968634366875332
176200.0	500.0	1493.7499896144416	0.0	0	291.3023681162158	1693.749989614531	1	0	1	0.5968634366875332
177200.0	500.0	1493.7499896144316	0.0	0	525.7540456735587	1693.749989614531	1	0	1	0.5968634366875332
178200.0	1000.0	1493.7499896144286	0.0	0	293.42898919724394	1693.749989614531	1	0	1	0.9434370269675058
179270.537966358	1000.0	1423.2120232564407	0.0	0	0.0	1693.749989614531	1	0	1	1.6365842075274513
180530.2196205148	1000.0	1163.5303690996593	0.0	0	0.0	1693.749989614531	1	0	1	1.6365842075274513
181200.0	500.0	1493.749989614483	0.0	0	254.76156033671577	1693.74998961456	1	0	1	-0.09628374387241524
182200.0	1000.0	1493.7499896144946	0.0	0	90.51038893326768	1693.74998961456	1	0	1	0.943437026967503
183359.74170976222	1000.0	1334.0082798522742	0.0	0	0.0	1693.749989614531	1	0	1	1.6365842075274508
184200.0	500.0	1493.749989614469	0.0	0	411.12613238347694	1693.749989614531	1	0	1	-0.09628374387241233
185200.0	1000.0	1493.7499896144327	0.0	0	21.111262038641144	1693.7499896145018	1	0	1	0.9434370269675081
186461.4238155363	1000.0	1232.32617407814	0.0	0	0.0	1693.7499896145018	1	0	1	1.6365842075274541
187597.38319491857	1000.0	1096.3667946958735	0.0	0	0.0	1693.7499896145018	1	0	1	1.6365842075274541
188200.0	500.0	1493.749989614447	0.0	0	203.21453852532431	1693.7499896145018	1	0	1	-0.09628374387240936
189200.0	1000.0	1493.749989614486	0.0	0	195.41015518284985	1693.7499896145018	1	0	1	0.9434370269675088
190225.7014237301	1000.0	1468.0485658843675	0.0	0	0.0	1693.7499896145018	1	0	1	1.6365842075274541
191200.0	1000.0	1493.7499896144639	0.0	0	139.824388048728	1693.749989614531	1	0	1	1.6365842075274513
192200.0	1000.0	1493.749989614489	0.0	0	0.9133054714766331	1693.749989614531	1	0	1	1.6365842075274513
193415.87043411096	1000.0	1277.8795555035174	0.0	0	0.0	1693.74998961456	1	0	1	1.6365842075274488
194209.71574063212	500.0	1484.0342489823358	0.0	0	0.0	1693.74998961456	1	0	1	-0.09628374387241524
195200.0	500.0	1493.749989614439	0.0	0	562.9531107736111	1693.74998961456	1	0	1	0.5968634366875302
196200.0	500.0	1493.749989614477	0.0	0	621.1972795787442	1693.7499896145891	1	0	1	0.5968634366875273
197200.0	500.0	1493.7499896144832	0.0	0	554.1241151235299	1693.7499896145891	1	0	1	0.5968634366875273
198200.0	1000.0	1493.7499896144775	0.0	0	12.656890776357614	1693.7499896145891	1	0	1	0.9434370269674999
199200.0	1000.0	1493.749989614482	0.0	0	145.55099906265968	1693.7499896145891	1	0	1	1.6365842075274453
200240.58799644336	1000.0	1453.1619931710884	0.0	0	0.0	1693.7499896145891	1	0	1	1.6365842075274453
201200.0	1000.0	1493.749989614465	0.0	0	459.6043041817029	1693.7499896145891	1	0	1	1.6365842075274453
202200.0	1000.0	1493.7499896144648	0.0	0	385.0932972105511	1693.74998961456	1	0	1	1.6365842075274484
203200.0	1000.0	1493.7499896144263	0.0	0	186.54722096238402	1693.749989614531	1	0	1	1.6365842075274513
204200.0	1000.0	1493.749989614424	0.0	0	165.21965259491117	1693.749989614531	1	0	1	1.6365842075274513
205200.0	1000.0	1493.7499896144336	0.0	0	40.287116460851394	1693.74998961456	1	0	1	1.6365842075274488
206200.0	1000.0	1493.7499896143966	0.0	0	12.663536902371561	1693.74998961456	1	0	1	1.6365842075274484
207245.64869391327	1000.0	1448.1012957011126	0.0	0	0.0	1693.74998961456	1	0	1	1.6365842075274484
208738.61495480232	1000.0	955.1350348120517	0.0	0	0.0	1693.74998961456	1	0	1	1.6365842075274484
209332.78816114285	500.0	1360.9618284715323	0.0	0	0.0	1693.74998961456	1	0	1	-0.09628374387241524
210339.4694455514	1000.0	1354.28054406302	0.0	0	0.0	1693.74998961456	1	0	1	0.943437026967503
211351.85299930858	1000.0	1341.8969903058585	0.0	0	0.0	1693.749989614531	1	0	1	1.6365842075274513
212200.0	500.0	1493.7499896144564	0.0	0	306.00076350563904	1693.7499896145018	1	0	1	-0.09628374387240991
213200.0	1000.0	1493.7499896144695	0.0	0	433.8149978398287	1693.749989614531	1	0	1	0.9434370269675058
214200.0	1000.0	1493.7499896144661	0.0	0	507.57066385325743	1693.749989614531	1	0	1	1.6365842075274513
215200.0	1000.0	1493.749989614465	0.0	0	42.62248362405808	1693.74998961456	1	0	1	1.6365842075274484
216200.0	1000.0	1493.7499896144495	0.0	0	433.22072726429906	1693.749989614531	1	0	1	1.6365842075274513
217200.0	1000.0	1493.7499896144693	0.0	0	54.64547016963479	1693.749989614531	1	0	1	1.6365842075274513
218200.0	1000.0	1493.7499896144898	0.0	0	439.2954141772934	1693.749989614531	1	0	1	1.6365842075274513
219200.0	1000.0	1493.7499896145061	0.0	0	248.1424667770043	1693.749989614531	1	0	1	1.6365842075274513
220321.86025303268	1000.0	1371.889736581857	0.0	0	0.0	1693.749989614531	1	0	1	1.6365842075274513
221200.0	1000.0	1493.74998961452	0.0	0	260.6158268159488	1693.74998961456	1	0	1	1.6365842075274488
222200.0	1000.0	1493.7499896145457	0.0	0	450.9908097971929	1693.74998961456	1	0	1	1.6365842075274484
223392.3051182349	1000.0	1301.4448713796894	0.0	0	0.0	1693.7499896145891	1	0	1	1.6365842075274453
224200.0	1000.0	1493.7499896145923	0.0	0	150.3149291369191	1693.7499896145891	1	0	1	1.6365842075274453
225200.0	1000.0	1493.749989614619	0.0	0	100.972185210936	1693.7499896145891	1	0	1	1.6365842075274453
226200.0	1000.0	1493.7499896146237	0.0	0	295.92724608030403	1693.7499896145891	1	0	1	1.6365842075274453
227200.0	1000.0	1493.7499896146203	0.0	0	256.05950312991627	1693.7499896145891	1	0	1	1.6365842075274453
228200.0	1000.0	1493.749989614658	0.0	0	106.74683488626033	1693.7499896146182	1	0	1	1.6365842075274426
229229.33002836688	1000.0	1464.4199612477673	0.0	0	0.0	1693.7499896146182	1	0	1	1.6365842075274426
230353.83687287426	1000.0	1339.9131167403557	0.0	0	0.0	1693.7499896145891	1	0	1	1.6365842075274453
231200.0	500.0	1493.7499896146437	0.0	0	122.67471006303094	1693.7499896145891	1	0	1	-0.09628374387241821
232200.0	500.0	1493.749989614618	0.0	0	387.2130419361056	1693.74998961456	1	0	1	0.5968634366875302
233200.0	500.0	1493.7499896146173	0.0	0	456.1195387308544	1693.74998961456	1	0	1	0.5968634366875302
234200.0	500.0	1493.749989614628	0.0	0	518.7848976499808	1693.74998961456	1	0	1	0.5968634366875302
235200.0	500.0	1493.74998961464	0.0	0	359.0168995640124	1693.7499896145891	1	0	1	0.5968634366875273
236765.0833501479	1000.0	928.6666394667182	0.0	0	0.0	1693.7499896146182	1	0	1	0.9434370269674972
237321.97719980875	500.0	1371.772789805851	0.0	0	0.0	1693.7499896146182	1	0	1	-0.09628374387242102
238200.0	500.0	1493.7499896145755	0.0	0	312.82508112024516	1693.7499896146182	1	0	1	0.5968634366875244
239707.7865604432	1000.0	985.9634291713536	0.0	0	0.0	1693.7499896146182	1	0	1	0.9434370269674972
240208.51238357494	500.0	1485.2376060396223	0.0	0	0.0	1693.7499896146182	1	0	1	-0.09628374387242102
241308.0545666008	1000.0	1385.6954230137796	0.0	0	0.0	1693.7499896146182	1	0	1	0.9434370269674972
242200.0	1000.0	1493.7499896146094	0.0	0	37.43233772797976	1693.7499896146182	1	0	1	1.6365842075274426
243482.73099677078	1000.0	1211.0189928438338	0.0	0	0.0	1693.7499896146473	1	0	1	1.6365842075274395
244338.6301520885	500.0	1355.1198375261501	0.0	0	0.0	1693.7499896146765	1	0	1	-0.09628374387242689
245200.0	500.0	1493.7499896146421	0.0	0	181.7106939641817	1693.7499896146473	1	0	1	0.5968634366875215
246243.47352206253	1000.0	1450.2764675521296	0.0	0	0.0	1693.7499896146473	1	0	1	0.9434370269674941
247200.0	500.0	1493.749989614649	0.0	0	291.5520547766646	1693.7499896146182	1	0	1	-0.09628374387242157
248221.47421127092	1000.0	1472.275778343726	0.0	0	0.0	1693.7499896146182	1	0	1	0.9434370269674972
249200.0	1000.0	1493.749989614627	0.0	0	66.25863487334573	1693.7499896146182	1	0	1	1.6365842075274426
250200.0	1000.0	1493.7499896146023	0.0	0	474.20320773185813	1693.7499896146182	1	0	1	1.6365842075274426
251200.0	1000.0	1493.7499896145964	0.0	0	56.315409662376624	1693.7499896146182	1	0	1	1.6365842075274426
252426.95739942088	1000.0	1266.7925901937294	0.0	0	0.0	1693.7499896145891	1	0	1	1.6365842075274453
253505.9670500421	1000.0	1187.7829395725416	0.0	0	0.0	1693.7499896146182	1	0	1	1.6365842075274426
254608.42082868313	1000.0	1085.329160931512	0.0	0	0.0	1693.7499896146473	1	0	1	1.6365842075274395
255807.73018721674	1000.0	886.0198023978676	0.0	0	0.0	1693.7499896146182	1	0	1	1.6365842075274426
256200.0	500.0	1493.7499896146394	0.0	0	6.40773545493721	1693.7499896146182	1	0	1	-0.09628374387242102
257200.0	1000.0	1493.7499896146305	0.0	0	347.64207958459156	1693.7499896146182	1	0	1	0.9434370269674972
258200.0	1000.0	1493.7499896146398	0.0	0	257.8641048735881	1693.7499896146473	1	0	1	1.6365842075274408
259200.0	1000.0	1493.7499896146157	0.0	0	388.7218242335657	1693.7499896146182	1	0	1	1.6365842075274426
260200.0	1000.0	1493.749989614631	0.0	0	14.787675959174521	1693.7499896146473	1	0	1	1.6365842075274402
261200.0	1000.0	1493.7499896146512	0.0	0	447.74516682172543	1693.7499896146765	1	0	1	1.6365842075274366
262200.0	1000.0	1493.7499896146421	0.0	0	399.4627353621763	1693.7499896146765	1	0	1	1.6365842075274366
263285.62587546895	1000.0	1408.1241141457083	0.0	0	0.0	1693.7499896146765	1	0	1	1.6365842075274362
264257.2592957698	1000.0	1436.4906938449235	0.0	0	0.0	1693.7499896147056	1	0	1	1.6365842075274337
265200.0	1000.0	1493.7499896147153	0.0	0	398.74137665878516	1693.7499896147056	1	0	1	1.6365842075274337
266200.0	1000.0	1493.7499896147397	0.0	0	415.7429007491446	1693.7499896147056	1	0	1	1.6365842075274337
267200.0	1000.0	1493.7499896147278	0.0	0	299.01561193488305	1693.7499896147056	1	0	1	1.6365842075274315
268200.0	1000.0	1493.749989614758	0.0	0	340.5502547439537	1693.7499896147638	1	0	1	1.6365842075274277
269200.0	1000.0	1493.7499896147724	0.0	0	353.3909085121704	1693.7499896147638	1	0	1	1.6365842075274277
271130.2173436157	2000.0	563.5326459989965	0.0	0	0.0	1693.7499896147056	1	0	1	1.983157797807404
271434.44188346056	500.0	1259.308106154148	0.0	0	0.0	1693.7499896147056	1	0	1	-0.7894309244323747
272218.37217542744	1000.0	1475.377814187272	0.0	0	0.0	1693.7499896147056	1	0	1	0.9434370269674883
273200.0	1000.0	1493.7499896146733	0.0	0	213.27506857051048	1693.7499896147056	1	0	1	1.6365842075274337
274240.6485758969	1000.0	1453.1014137176644	0.0	0	0.0	1693.7499896147056	1	0	1	1.6365842075274337
275200.0	1000.0	1493.7499896145441	0.0	0	163.63165889278753	1693.7499896147056	1	0	1	1.6365842075274337
276273.36524704733	1000.0	1420.3847425672218	0.0	0	0.0	1693.7499896147056	1	0	1	1.6365842075274337
277435.51354817406	1000.0	1258.2364414404656	0.0	0	0.0	1693.7499896147056	1	0	1	1.6365842075274337
278478.89738136623	1000.0	1214.8526082482717	0.0	0	0.0	1693.7499896147056	1	0	1	1.6365842075274337
279419.3489663836	1000.0	1274.401023230914	0.0	0	0.0	1693.7499896147056	1	0	1	1.6365842075274337
280200.0	1000.0	1493.7499896145348	0.0	0	107.54791142122122	1693.7499896147638	1	0	1	1.6365842075274277
281200.0	1000.0	1493.7499896145287	0.0	0	21.58467011153698	1693.7499896147056	1	0	1	1.6365842075274315
282200.0	1000.0	1493.7499896144884	0.0	0	42.331042797653936	1693.7499896147056	1	0	1	1.6365842075274337
283200.0	1000.0	1493.7499896144932	0.0	0	455.8470189096406	1693.7499896147056	1	0	1	1.6365842075274337
284479.9058820651	1000.0	1213.8441075493934	0.0	0	0.0	1693.7499896147056	1	0	1	1.6365842075274337
286189.7949846312	1000.0	503.95500498328875	0.0	0	0.0	1693.7499896146473	1	0	1	1.636584207527436
286722.9619500457	300.0	970.78803956878	0.0	0	0.0	1693.7499896145891	1	0	1	-1.3733478032873996
287392.08434936305	500.0	1301.6656402514386	0.0	0	0.0	1693.7499896145891	1	0	1	0.08603781292153653
288200.0	500.0	1493.7499896144293	0.0	0	136.4989604605944	1693.7499896145891	1	0	1	0.5968634366875273
289200.0	500.0	1493.7499896144523	0.0	0	395.4638946838095	1693.7499896145891	1	0	1	0.5968634366875273
290200.0	500.0	1493.7499896144757	0.0	0	417.04987533483654	1693.7499896145891	1	0	1	0.5968634366875273
291200.0	1000.0	1493.7499896144177	0.0	0	335.52952464611735	1693.7499896145891	1	0	1	0.9434370269674999
292200.0	1000.0	1493.749989614468	0.0	0	241.69283337483648	1693.7499896145891	1	0	1	1.6365842075274453
293282.5121019622	1000.0	1411.2378876522484	0.0	0	0.0	1693.7499896145891	1	0	1	1.6365842075274453
294304.0437865849	1000.0	1389.7062030295247	0.0	0	0.0	1693.7499896145891	1	0	1	1.6365842075274453
295403.6982949282	1000.0	1290.0516946863102	0.0	0	0.0	1693.7499896146473	1	0	1	1.6365842075274395
296200.0	1000.0	1493.7499896144818	0.0	0	193.53558461921057	1693.7499896146473	1	0	1	1.6365842075274395
297200.0	1000.0	1493.749989614571	0.0	0	211.66833557270002	1693.7499896147638	1	0	1	1.636584207527429
298200.0	1000.0	1493.7499896145478	0.0	0	386.8485220471048	1693.749989614822	1	0	1	1.636584207527422
299200.0	1000.0	1493.749989614554	0.0	0	396.58347324252827	1693.749989614822	1	0	1	1.636584207527422
300200.0	1000.0	1493.7499896145416	0.0	0	118.20207114639925	1693.7499896148802	1	0	1	1.6365842075274184
301200.0	1000.0	1493.7499896144652	0.0	0	44.69494459423004	1693.7499896148802	1	0	1	1.6365842075274162
302231.92071175686	1000.0	1461.8292778575935	0.0	0	0.0	1693.7499896148802	1	0	1	1.6365842075274162
303857.53018696856	1000.0	836.2198026459212	0.0	0	0.0	1693.7499896149384	1	0	1	1.6365842075274106
304200.0	500.0	1493.749989614475	0.0	0	18.024131730373483	1693.7499896149384	1	0	1	-0.09628374387245303
1.75	1.88	1.36	0.88	0.76	1.1	0.76	0.74	0.72	1.04	1.17	1.37	1.14	1.4	0.94	0.74	0.47	0.63	0.79	1.04	0.95	0.97	1.33	0.92	0.82	0.9	1.1	1.14	0.85	1.42	1.01	1.0	1.17	1.56	1.02	1.25	1.09	0.79	0.59	0.96	1.48	0.95	1.08	1.18	0.94	1.61	1.48	1.07	1.16	1.29	1.18	1.54	1.08	0.64	0.98	1.29	0.92	1.31	1.99	1.0	1.4	1.18	1.63	1.37	1.12	1.12	1.81	1.1	1.19	1.67	1.24	0.98	1.29	0.93	0.57	0.71	0.98	1.05	1.02	0.89	0.79	0.9	1.23	0.96	0.71	0.96	0.98	0.98	1.07	0.71	1.1	0.8	1.22	1.27	1.73	1.52	1.16	0.8	1.09	1.0	1.0	1.47	1.75	1.99	1.19	1.32	1.64	1.48	1.0	1.63	1.83	1.7	1.76	1.44	1.11	0.76	1.45	1.77	1.04	1.2	1.4	0.94	0.9	1.04	0.94	1.6	1.03	1.58	1.45	0.83	0.64	0.53	0.96	0.89	0.68	1.39	1.85	1.19	1.0	1.02	0.96	1.58	2.06	1.76	1.32	0.96	1.27	0.82	0.67	2.05	1.75	1.88	1.36	0.88	0.76	1.1	0.76	0.74	0.72	1.04	1.17	1.37	1.14	1.4	0.94	0.74	0.47	0.63	0.79	1.04	0.95	0.97	1.33	0.92	0.82	0.9	1.1	1.14	0.85	1.42	1.01	1.0	1.17	1.56	1.02	1.25	1.09	0.79	0.59	0.96	1.48	0.95	1.08	1.18	0.94	1.61	1.48	1.07	1.16	1.29	1.18	1.54	1.08	0.64	0.98	1.29	0.92	1.31	1.99	1.0	1.4	1.18	1.63	1.37	1.12	1.12	1.81	1.1	1.19	1.67	1.24	0.98	1.29	0.93	0.57	0.71	0.98	1.05	1.02	0.89	0.79	0.9	1.23	0.96	0.71	0.96	0.98	0.98	1.07	0.71	1.1	0.8	1.22	1.27	1.73	1.52	1.16	0.8	1.09	1.0	1.0	1.47	1.75	1.99	1.19	1.32	1.64	1.48	1.0	1.63	1.83	1.7	1.76	1.44	1.11	0.76	1.45	1.77	1.04	1.2	1.4	0.94	0.9	1.04	0.94	1.6	1.03	1.58	1.45	0.83	0.64	0.53	0.96	0.89	0.68	1.39	1.85	1.19	1.0	1.02	0.96	1.58	2.06	1.76	1.32	0.96	1.27	0.82	0.67	2.05	1.75	1.88	1.36	0.88	0.76
1.0	2.0	3.0	4.0	5.0	6.0	7.0	8.0	9.0	10.0	11.0	12.0	13.0	14.0	15.0	16.0	17.0	18.0	19.0	20.0	21.0	22.0	23.0	24.0	25.0	26.0	27.0	28.0	29.0	30.0	31.0	32.0	33.0	34.0	35.0	36.0	37.0	38.0	39.0	40.0	41.0	42.0	43.0	44.0	45.0	46.0	47.0	48.0	49.0	50.0	51.0	52.0	53.0	54.0	55.0	56.0	57.0	58.0	59.0	60.0	61.0	62.0	63.0	64.0	65.0	66.0	67.0	68.0	69.0	70.0	71.0	72.0	73.0	74.0	75.0	76.0	77.0	78.0	79.0	80.0	81.0	82.0	83.0	84.0	85.0	86.0	87.0	88.0	89.0	90.0	91.0	92.0	93.0	94.0	95.0	96.0	97.0	98.0	99.0	100.0	101.0	102.0	103.0	104.0	105.0	106.0	107.0	108.0	109.0	110.0	111.0	112.0	113.0	114.0	115.0	116.0	117.0	118.0	119.0	120.0	121.0	122.0	123.0	124.0	125.0	126.0	127.0	128.0	129.0	130.0	131.0	132.0	133.0	134.0	135.0	136.0	137.0	138.0	139.0	140.0	141.0	142.0	143.0	144.0	145.0	146.0	147.0	148.0	149.0	149.0	150.0	151.0	152.0	153.0	154.0	155.0	156.0	157.0	158.0	159.0	160.0	161.0	162.0	163.0	164.0	165.0	166.0	167.0	168.0	169.0	170.0	171.0	172.0	173.0	174.0	175.0	176.0	177.0	178.0	179.0	180.0	181.0	182.0	183.0	184.0	185.0	186.0	187.0	188.0	189.0	190.0	191.0	192.0	193.0	194.0	195.0	196.0	197.0	198.0	199.0	200.0	201.0	202.0	203.0	204.0	205.0	206.0	207.0	208.0	209.0	210.0	211.0	212.0	213.0	214.0	215.0	216.0	217.0	218.0	219.0	220.0	221.0	222.0	223.0	224.0	225.0	226.0	227.0	228.0	229.0	230.0	231.0	232.0	233.0	234.0	235.0	236.0	237.0	238.0	239.0	240.0	241.0	242.0	243.0	244.0	245.0	246.0	247.0	248.0	249.0	250.0	251.0	252.0	253.0	254.0	255.0	256.0	257.0	258.0	259.0	260.0	261.0	262.0	263.0	264.0	265.0	266.0	267.0	268.0	269.0	270.0	271.0	272.0	273.0	274.0	275.0	276.0	277.0	278.0	279.0	280.0	281.0	282.0	283.0	284.0	285.0	286.0	287.0	288.0	289.0	290.0	291.0	292.0	293.0	294.0	295.0	296.0	297.0	298.0	298.0	299.0	300.0	301.0	302.0	303.0
2943.9036612373848
