3604.195289107404	300.0	2000.0	501.71183112782506	0	0.0	3604.195289107404	1	0	1	-3.35887924760283
5200.0	500.0	1304.2000000000003	0.0	0	301.94412336948517	1504.2000000000003	1	0	2	-0.2986174810426977
6200.0	500.0	1304.200000000001	0.0	0	357.6246964081138	1504.2000000000007	1	0	1	0.4158184356489859
7200.0	500.0	1304.2000000000012	0.0	0	349.9701747877798	1504.2000000000007	1	0	1	0.6158184356489861
8202.182628327502	500.0	1302.017371672499	0.0	0	0.0	1504.2000000000007	1	0	1	0.6158184356489861
9365.225250002668	500.0	1138.9747499973328	0.0	0	0.0	1504.2000000000007	1	0	1	0.6158184356489861
10469.666953664266	500.0	1034.5330463357343	0.0	0	0.0	1504.2000000000007	1	0	1	0.6158184356489861
11200.0	500.0	1304.1999999999987	0.0	0	136.70554336384703	1504.2000000000007	1	0	1	0.6158184356489861
12200.0	500.0	1304.1999999999998	0.0	0	212.0442023283813	1504.199999999999	1	0	1	0.6158184356489863
13200.0	500.0	1304.2000000000007	0.0	0	391.5315321368489	1504.2000000000007	1	0	1	0.6158184356489861
14200.0	500.0	1304.2000000000014	0.0	0	677.3928870579366	1504.2000000000007	1	0	1	0.6158184356489861
15200.0	500.0	1304.1999999999996	0.0	0	640.9694866804075	1504.199999999999	1	0	1	0.6158184356489863
16200.0	1000.0	1304.2000000000007	0.0	0	212.85840165465015	1504.199999999999	1	0	1	0.9623920259289589
17200.0	1000.0	1304.2000000000048	0.0	0	125.85518749297262	1504.2000000000025	1	0	1	1.6555392064889043
18200.0	1000.0	1304.2000000000062	0.0	0	265.3121688221654	1504.2000000000044	1	0	1	1.655539206488904
19200.0	1000.0	1304.2000000000025	0.0	0	612.9883111657255	1504.2000000000044	1	0	1	1.6555392064889038
20440.707791662076	1000.0	1063.4922083379242	0.0	0	0.0	1504.2000000000044	1	0	1	1.6555392064889038
21200.0	1000.0	1304.2000000000003	0.0	0	9.8564928092419	1504.2000000000044	1	0	1	1.6555392064889038
22218.4408920807	1000.0	1285.7591079193003	0.0	0	0.0	1504.2000000000044	1	0	1	1.6555392064889038
23200.0	1000.0	1304.2000000000044	0.0	0	466.53374804605846	1504.2000000000044	1	0	1	1.6555392064889038
24200.0	1000.0	1304.2000000000025	0.0	0	630.039770375719	1504.2000000000044	1	0	1	1.6555392064889038
25200.0	1000.0	1304.2000000000035	0.0	0	468.19225743992865	1504.2000000000044	1	0	1	1.6555392064889038
26200.0	1000.0	1304.2000000000048	0.0	0	443.8441601024497	1504.200000000008	1	0	1	1.6555392064889034
27200.0	1000.0	1304.2000000000035	0.0	0	407.7993460643411	1504.2000000000044	1	0	1	1.6555392064889038
28215.277209332242	1000.0	1288.9227906677586	0.0	0	0.0	1504.2000000000044	1	0	1	1.6555392064889038
29432.789893131016	1000.0	1071.410106868983	0.0	0	0.0	1504.200000000008	1	0	1	1.6555392064889034
30200.0	1000.0	1304.1999999999969	0.0	0	236.94668101219577	1504.200000000008	1	0	1	1.6555392064889034
31200.0	1000.0	1304.2000000000003	0.0	0	257.7779937995474	1504.200000000008	1	0	1	1.6555392064889034
32200.0	1000.0	1304.2000000000014	0.0	0	398.11662414049715	1504.200000000008	1	0	1	1.6555392064889034
33544.951392558905	1000.0	959.2486074410909	0.0	0	0.0	1504.2000000000007	1	0	1	1.6555392064889038
34855.68985073891	1000.0	648.5101492610897	0.0	0	0.0	1504.2000000000044	1	0	1	1.655539206488904
35755.33734549316	500.0	748.8626545068452	0.0	0	0.0	1504.2000000000044	1	0	1	-0.07732874491095974
36320.33712544832	500.0	1183.86287455169	0.0	0	0.0	1504.2000000000116	1	0	1	0.615818435648985
37200.0	500.0	1304.2000000000098	0.0	0	290.0969755073311	1504.2000000000116	1	0	1	0.615818435648985
38200.0	500.0	1304.200000000012	0.0	0	581.3704832988005	1504.2000000000044	1	0	1	0.6158184356489858
39200.0	500.0	1304.2000000000103	0.0	0	680.21078671945	1504.2000000000044	1	0	1	0.6158184356489858
40200.0	500.0	1304.2000000000169	0.0	0	581.6041658989561	1504.2000000000044	1	0	1	0.6158184356489858
41200.0	1000.0	1304.2000000000091	0.0	0	168.63807226496283	1504.2000000000044	1	0	1	0.9623920259289585
42441.1391409532	1000.0	1063.0608590468125	0.0	0	0.0	1504.2000000000116	1	0	1	1.6555392064889032
43200.0	1000.0	1304.200000000015	0.0	0	152.47431277990836	1504.2000000000044	1	0	1	1.6555392064889038
44200.0	1000.0	1304.2000000000146	0.0	0	461.95707839044917	1504.2000000000044	1	0	1	1.6555392064889038
45705.20037651126	1000.0	798.9996234887537	0.0	0	0.0	1504.2000000000044	1	0	1	1.6555392064889038
46508.89140834091	500.0	995.3085916591058	0.0	0	0.0	1504.2000000000044	1	0	1	-0.07732874491095974
47426.523472387555	500.0	1077.6765276124588	0.0	0	0.0	1504.2000000000044	1	0	1	0.6158184356489858
48242.57637968654	500.0	1261.6236203134727	0.0	0	0.0	1504.2000000000044	1	0	1	0.6158184356489858
49685.11017177984	500.0	819.0898282201822	0.0	0	0.0	1504.2000000000044	1	0	1	0.6158184356489858
50220.367701500516	300.0	1283.8322984995098	0.0	0	0.0	1504.2000000000044	1	0	1	-0.6612456237659913
51200.0	500.0	1304.2000000000285	0.0	0	25.490281038713874	1504.2000000000116	1	0	1	0.10499281188299434
52200.0	500.0	1304.2000000000282	0.0	0	518.928583349174	1504.2000000000116	1	0	1	0.615818435648985
53200.0	500.0	1304.2000000000226	0.0	0	336.5630648177321	1504.2000000000116	1	0	1	0.615818435648985
54200.0	500.0	1304.2000000000241	0.0	0	611.2686223760247	1504.2000000000116	1	0	1	0.615818435648985
55200.0	500.0	1304.2000000000294	0.0	0	696.4005552035742	1504.200000000019	1	0	1	0.6158184356489843
56200.0	500.0	1304.2000000000253	0.0	0	561.4752077855737	1504.200000000019	1	0	1	0.6158184356489843
57200.0	1000.0	1304.2000000000317	0.0	0	10.835144458214927	1504.200000000019	1	0	1	0.962392025928957
58200.0	1000.0	1304.200000000032	0.0	0	377.86796372616664	1504.200000000019	1	0	1	1.6555392064889025
59200.0	1000.0	1304.2000000000266	0.0	0	483.917990757167	1504.200000000019	1	0	1	1.6555392064889025
60329.8490098483	1000.0	1174.350990151726	0.0	0	0.0	1504.200000000019	1	0	1	1.6555392064889025
61294.782989022504	1000.0	1209.417010977526	0.0	0	0.0	1504.200000000019	1	0	1	1.6555392064889025
62200.0	1000.0	1304.2000000000317	0.0	0	68.02855436745449	1504.200000000019	1	0	1	1.6555392064889025
63235.011581670675	1000.0	1269.18841832936	0.0	0	0.0	1504.200000000019	1	0	1	1.6555392064889025
64200.0	1000.0	1304.2000000000296	0.0	0	461.91214919370395	1504.2000000000116	1	0	1	1.6555392064889032
65200.0	1000.0	1304.2000000000344	0.0	0	162.32037337143265	1504.200000000019	1	0	1	1.6555392064889025
66200.0	1000.0	1304.2000000000255	0.0	0	147.59316850165487	1504.2000000000116	1	0	1	1.6555392064889034
67551.862492411	1000.0	952.3375075890219	0.0	0	0.0	1504.2000000000116	1	0	1	1.655539206488903
68225.72185145167	500.0	1278.4781485483484	0.0	0	0.0	1504.2000000000116	1	0	1	-0.07732874491096048
69480.08274742188	1000.0	1024.117252578154	0.0	0	0.0	1504.2000000000116	1	0	1	0.9623920259289578
70200.0	500.0	1304.200000000043	0.0	0	395.9023499050236	1504.2000000000116	1	0	1	-0.07732874491096048
71200.0	1000.0	1304.2000000000392	0.0	0	214.21502512705047	1504.2000000000116	1	0	1	0.9623920259289578
72200.0	1000.0	1304.2000000000269	0.0	0	96.63035172995296	1504.2000000000116	1	0	1	1.6555392064889032
73200.0	1000.0	1304.2000000000112	0.0	0	455.918229675779	1504.2000000000116	1	0	1	1.6555392064889032
74474.17358723991	1000.0	1030.026412760073	0.0	0	0.0	1504.2000000000116	1	0	1	1.6555392064889032
75767.69076025153	1000.0	736.5092397484483	0.0	0	0.0	1504.2000000000116	1	0	1	1.6555392064889032
76232.63678903649	500.0	1271.5632109634878	0.0	0	0.0	1504.2000000000262	1	0	1	-0.07732874491096181
77301.09885610394	1000.0	1203.1011438960309	0.0	0	0.0	1504.2000000000116	1	0	1	0.9623920259289578
78444.66122678651	1000.0	1059.5387732134723	0.0	0	0.0	1504.2000000000116	1	0	1	1.6555392064889032
79200.0	500.0	1304.199999999996	0.0	0	377.20837550997385	1504.2000000000116	1	0	1	-0.07732874491096048
80200.0	1000.0	1304.199999999986	0.0	0	188.46160243774648	1504.199999999997	1	0	1	0.9623920259289592
81328.32816842018	1000.0	1175.8718315797894	0.0	0	0.0	1504.199999999997	1	0	1	1.6555392064889047
82200.0	500.0	1304.1999999999464	0.0	0	349.160895493711	1504.199999999997	1	0	1	-0.07732874491095898
83200.0	500.0	1304.1999999999284	0.0	0	476.8353704455949	1504.199999999997	1	0	1	0.6158184356489865
84200.0	500.0	1304.1999999999214	0.0	0	527.6687108773913	1504.199999999997	1	0	1	0.6158184356489865
85200.0	1000.0	1304.199999999925	0.0	0	107.91365374244924	1504.199999999997	1	0	1	0.9623920259289592
86200.0	1000.0	1304.1999999999366	0.0	0	331.05027748824796	1504.199999999997	1	0	1	1.6555392064889047
87200.0	1000.0	1304.199999999928	0.0	0	412.69842180158594	1504.2000000000116	1	0	1	1.6555392064889032
88200.0	1000.0	1304.1999999999161	0.0	0	176.1509543969587	1504.2000000000116	1	0	1	1.6555392064889032
89200.0	1000.0	1304.199999999911	0.0	0	299.04229774861597	1504.2000000000116	1	0	1	1.6555392064889032
90200.0	1000.0	1304.1999999999173	0.0	0	160.18753513407137	1504.2000000000116	1	0	1	1.6555392064889032
91220.5746852886	1000.0	1283.6253147113375	0.0	0	0.0	1504.2000000000116	1	0	1	1.6555392064889032
92208.57745928082	1000.0	1295.6225407190989	0.0	0	0.0	1504.2000000000116	1	0	1	1.6555392064889032
93254.80682436547	1000.0	1249.3931756344573	0.0	0	0.0	1504.2000000000116	1	0	1	1.6555392064889032
94285.96043533059	1000.0	1218.2395646693358	0.0	0	0.0	1504.2000000000262	1	0	1	1.6555392064889016
95200.0	1000.0	1304.199999999907	0.0	0	82.86765185331751	1504.2000000000262	1	0	1	1.6555392064889016
96200.0	500.0	1304.199999999893	0.0	0	411.20356640823593	1504.2000000000262	1	0	1	-0.07732874491096181
97200.0	1000.0	1304.1999999998882	0.0	0	261.0686159954639	1504.2000000000262	1	0	1	0.9623920259289562
98240.42130706654	1000.0	1263.7786929333504	0.0	0	0.0	1504.2000000000262	1	0	1	1.6555392064889016
99322.86748157803	1000.0	1181.3325184218597	0.0	0	0.0	1504.2000000000262	1	0	1	1.6555392064889016
100200.0	1000.0	1304.1999999998832	0.0	0	125.73144867573865	1504.2000000000262	1	0	1	1.6555392064889016
101200.0	1000.0	1304.1999999998588	0.0	0	188.58458167506615	1504.2000000000262	1	0	1	1.6555392064889016
102200.0	1000.0	1304.1999999998457	0.0	0	155.64393847584142	1504.2000000000262	1	0	1	1.6555392064889016
103200.0	1000.0	1304.1999999998568	0.0	0	216.36601855575282	1504.2000000000262	1	0	1	1.6555392064889016
104200.0	1000.0	1304.1999999998507	0.0	0	183.36183860256278	1504.2000000000262	1	0	1	1.6555392064889016
105200.0	1000.0	1304.19999999985	0.0	0	393.6171078888001	1504.2000000000262	1	0	1	1.6555392064889016
106200.0	1000.0	1304.199999999857	0.0	0	426.4895136703708	1504.2000000000262	1	0	1	1.6555392064889016
107200.0	1000.0	1304.1999999998648	0.0	0	318.2370489977475	1504.2000000000262	1	0	1	1.6555392064889016
108200.0	1000.0	1304.1999999998668	0.0	0	156.77310829218186	1504.2000000000116	1	0	1	1.6555392064889032
109200.0	1000.0	1304.199999999871	0.0	0	154.05612754053436	1504.2000000000116	1	0	1	1.6555392064889032
110341.8491392926	1000.0	1162.3508607072788	0.0	0	0.0	1504.2000000000116	1	0	1	1.6555392064889032
111200.0	1000.0	1304.1999999998645	0.0	0	212.09919159888523	1504.2000000000116	1	0	1	1.6555392064889032
112200.0	1000.0	1304.1999999998575	0.0	0	354.7240816349513	1504.199999999997	1	0	1	1.6555392064889047
113200.0	1000.0	1304.199999999842	0.0	0	400.5565404363879	1504.199999999997	1	0	1	1.6555392064889047
114200.0	1000.0	1304.1999999998445	0.0	0	106.02715367024939	1504.1999999999825	1	0	1	1.655539206488906
116035.11058775203	1000.0	469.0894122478039	0.0	0	0.0	1504.1999999999825	1	0	1	1.655539206488906
116500.99490509713	300.0	1003.2050949026959	0.0	0	0.0	1504.1999999999825	1	0	1	-1.354392804325934
117200.0	500.0	1304.1999999998177	0.0	0	186.86114111481584	1504.1999999999825	1	0	1	0.10499281188299722
118200.0	1000.0	1304.1999999998113	0.0	0	64.17034929683723	1504.1999999999825	1	0	1	0.9623920259289607
119200.0	500.0	1304.1999999998054	0.0	0	496.78219637737493	1504.1999999999825	1	0	1	-0.07732874491095752
120200.0	500.0	1304.1999999997995	0.0	0	604.7385749008681	1504.1999999999825	1	0	1	0.615818435648988
121432.5123149872	1000.0	1071.6876850126055	0.0	0	0.0	1504.1999999999825	1	0	1	0.9623920259289607
122200.0	500.0	1304.199999999799	0.0	0	70.76564927891013	1504.1999999999825	1	0	1	-0.07732874491095752
123200.0	500.0	1304.1999999997947	0.0	0	511.39016808915767	1504.1999999999825	1	0	1	0.615818435648988
124200.0	500.0	1304.1999999998088	0.0	0	708.9430645703833	1504.1999999999825	1	0	1	0.615818435648988
125200.0	1000.0	1304.1999999998075	0.0	0	63.352852996074944	1504.1999999999825	1	0	1	0.9623920259289607
126200.0	1000.0	1304.1999999998063	0.0	0	498.87076314739534	1504.1999999999825	1	0	1	1.655539206488906
127258.76784064504	1000.0	1245.4321593547686	0.0	0	0.0	1504.1999999999825	1	0	1	1.655539206488906
129048.54919601968	1000.0	455.6508039801226	0.0	0	0.0	1504.1999999999825	1	0	1	1.655539206488906
129478.41857739756	300.0	1025.7814226022383	0.0	0	0.0	1504.1999999999825	1	0	1	-1.354392804325934
130303.19108534772	500.0	1201.0089146520625	0.0	0	0.0	1504.1999999999825	1	0	1	0.10499281188299722
131200.0	500.0	1304.199999999767	0.0	0	508.24341209953127	1504.1999999999825	1	0	1	0.615818435648988
132200.0	500.0	1304.1999999997854	0.0	0	517.9733778215013	1504.2000000000116	1	0	1	0.6158184356489859
133200.0	500.0	1304.199999999754	0.0	0	677.961504954379	1504.2000000000116	1	0	1	0.615818435648985
134200.0	500.0	1304.199999999756	0.0	0	466.3398317573592	1504.1999999999825	1	0	1	0.615818435648988
135200.0	500.0	1304.1999999997795	0.0	0	335.40973208021023	1504.1999999999825	1	0	1	0.615818435648988
136200.0	1000.0	1304.1999999997845	0.0	0	111.22137655710685	1504.1999999999825	1	0	1	0.9623920259289607
137367.59674176082	1000.0	1136.6032582390144	0.0	0	0.0	1504.2000000000116	1	0	1	1.6555392064889032
138200.0	500.0	1304.1999999998511	0.0	0	449.8458008930902	1504.2000000000116	1	0	1	-0.07732874491096048
139294.1669989715	1000.0	1210.0330010283724	0.0	0	0.0	1504.2000000000116	1	0	1	0.9623920259289578
140337.62753098024	1000.0	1166.5724690195862	0.0	0	0.0	1504.2000000000116	1	0	1	1.6555392064889032
141200.0	1000.0	1304.199999999846	0.0	0	195.41293268610025	1504.2000000000116	1	0	1	1.6555392064889032
142200.0	1000.0	1304.1999999998343	0.0	0	478.66310891107423	1504.2000000000116	1	0	1	1.6555392064889032
143200.0	1000.0	1304.1999999998368	0.0	0	227.76126030195155	1504.2000000000116	1	0	1	1.6555392064889032
144200.0	1000.0	1304.1999999998482	0.0	0	473.417187953135	1504.2000000000116	1	0	1	1.6555392064889032
145331.0369736177	1000.0	1173.163026382138	0.0	0	0.0	1504.2000000000116	1	0	1	1.6555392064889032
146307.73235148165	1000.0	1196.46764851818	0.0	0	0.0	1504.2000000000116	1	0	1	1.6555392064889032
147431.3519922983	1000.0	1072.848007701523	0.0	0	0.0	1504.2000000000116	1	0	1	1.6555392064889032
148491.62495738096	1000.0	1012.57504261887	0.0	0	0.0	1504.2000000000116	1	0	1	1.6555392064889032
149353.29916727098	1000.0	1150.9008327288398	0.0	0	0.0	1504.2000000000407	1	0	1	1.6555392064889003
150200.0	1000.0	1304.1999999998188	0.0	0	74.63935895444592	1504.2000000000698	1	0	1	1.6555392064888974
151200.0	1000.0	1304.199999999799	0.0	0	149.9701195996895	1504.2000000000698	1	0	1	1.6555392064888974
152663.1030424009	1000.0	841.0969575989005	0.0	0	0.0	1504.2000000000698	1	0	1	1.6555392064888974
153378.63920659796	500.0	1125.560793401875	0.0	0	0.0	1504.200000000099	1	0	1	-0.0773287449109674
154200.0	500.0	1304.1999999998104	0.0	0	367.8313332934631	1504.200000000099	1	0	1	0.6158184356489763
155200.0	500.0	1304.199999999828	0.0	0	414.7792551633902	1504.200000000099	1	0	1	0.6158184356489763
156200.0	500.0	1304.199999999845	0.0	0	510.2023374476703	1504.200000000099	1	0	1	0.6158184356489763
157200.0	500.0	1304.1999999998395	0.0	0	84.67464331391966	1504.200000000099	1	0	1	0.6158184356489763
158200.84271381696	500.0	1303.3572861828784	0.0	0	0.0	1504.200000000099	1	0	1	0.6158184356489763
159322.97095060872	500.0	1181.2290493911437	0.0	0	0.0	1504.200000000128	1	0	1	0.6158184356489758
160200.0	500.0	1304.1999999998498	0.0	0	155.8938173117931	1504.2000000001572	1	0	1	0.6158184356489705
161200.0	500.0	1304.1999999998347	0.0	0	256.7903101760894	1504.2000000001572	1	0	1	0.6158184356489705
162200.0	500.0	1304.1999999998422	0.0	0	490.3690161272243	1504.2000000001572	1	0	1	0.6158184356489705
163200.0	500.0	1304.199999999825	0.0	0	703.7103181277052	1504.2000000001572	1	0	1	0.6158184356489705
164200.0	500.0	1304.1999999998309	0.0	0	624.2098323064274	1504.2000000001572	1	0	1	0.6158184356489705
165399.31698585738	1000.0	1104.8830141424146	0.0	0	0.0	1504.200000000128	1	0	1	0.9623920259289462
166200.0	1000.0	1304.1999999997965	0.0	0	59.933101920149056	1504.200000000128	1	0	1	1.6555392064888916
167200.0	1000.0	1304.199999999781	0.0	0	465.6966852604528	1504.200000000128	1	0	1	1.6555392064888916
168200.0	1000.0	1304.1999999997845	0.0	0	569.3067330379272	1504.200000000128	1	0	1	1.6555392064888916
169314.77154521534	1000.0	1189.4284547844386	0.0	0	0.0	1504.200000000099	1	0	1	1.6555392064888943
170200.0	1000.0	1304.1999999997718	0.0	0	392.61826306403964	1504.200000000099	1	0	1	1.6555392064888943
171289.2616744278	1000.0	1214.9383255719795	0.0	0	0.0	1504.200000000099	1	0	1	1.6555392064888943
172200.0	1000.0	1304.1999999997888	0.0	0	234.97631169378292	1504.200000000099	1	0	1	1.6555392064888943
173200.0	1000.0	1304.1999999997859	0.0	0	444.3377162674151	1504.200000000099	1	0	1	1.6555392064888943
174200.0	1000.0	1304.1999999998122	0.0	0	296.79136547856615	1504.200000000099	1	0	1	1.6555392064888943
175200.0	1000.0	1304.1999999998147	0.0	0	323.5415447909036	1504.2000000000698	1	0	1	1.6555392064888974
176200.0	1000.0	1304.1999999998204	0.0	0	393.671063366055	1504.2000000000698	1	0	1	1.6555392064888974
177200.0	1000.0	1304.1999999998256	0.0	0	99.34099474130198	1504.2000000000698	1	0	1	1.6555392064888974
178262.16073581495	1000.0	1242.0392641848655	0.0	0	0.0	1504.2000000000407	1	0	1	1.6555392064889003
179200.0	1000.0	1304.199999999812	0.0	0	331.07252196691115	1504.2000000000116	1	0	1	1.6555392064889032
180200.0	1000.0	1304.1999999998595	0.0	0	434.4662944788288	1504.2000000000116	1	0	1	1.6555392064889032
181270.06046619266	1000.0	1234.1395338071993	0.0	0	0.0	1504.2000000000116	1	0	1	1.6555392064889032
182463.47873916526	1000.0	1040.7212608346067	0.0	0	0.0	1504.2000000000116	1	0	1	1.6555392064889032
183200.0	1000.0	1304.1999999999061	0.0	0	56.1185405109718	1504.2000000000116	1	0	1	1.6555392064889032
184261.8243446937	1000.0	1242.3756553061812	0.0	0	0.0	1504.2000000000116	1	0	1	1.6555392064889032
185710.40916484405	1000.0	793.7908351558676	0.0	0	0.0	1504.2000000000116	1	0	1	1.6555392064889032
186286.33230033878	500.0	1217.867699661172	0.0	0	0.0	1504.2000000000407	1	0	1	-0.0773287449109633
187200.0	500.0	1304.1999999999723	0.0	0	586.8551587253751	1504.2000000000407	1	0	1	0.6158184356489822
188200.0	500.0	1304.199999999964	0.0	0	629.1152213864843	1504.2000000000116	1	0	1	0.615818435648985
189200.0	500.0	1304.1999999999516	0.0	0	513.3023222287593	1504.2000000000116	1	0	1	0.615818435648985
190370.2107860118	1000.0	1133.98921398815	0.0	0	0.0	1504.2000000000116	1	0	1	0.9623920259289578
191200.0	500.0	1304.1999999999462	0.0	0	192.35559451533481	1504.2000000000116	1	0	1	-0.07732874491096048
192200.0	1000.0	1304.1999999999548	0.0	0	416.7952925747086	1504.2000000000116	1	0	1	0.9623920259289578
193200.0	1000.0	1304.1999999999302	0.0	0	487.9587929525296	1504.2000000000116	1	0	1	1.6555392064889032
194812.72220501778	1000.0	691.4777949821312	0.0	0	0.0	1504.2000000000407	1	0	1	1.6555392064889016
196006.31491349422	500.0	497.8850865056812	0.0	0	0.0	1504.2000000000407	1	0	1	-0.0773287449109633
196689.98707785166	300.0	814.2129221482492	0.0	0	0.0	1504.2000000000407	1	0	1	-0.6612456237659946
197796.4164388354	500.0	707.7835611644841	0.0	0	0.0	1504.2000000000407	1	0	1	0.1049928118829914
198507.3495623675	300.0	996.8504376323842	0.0	0	0.0	1504.2000000000116	1	0	1	-0.6612456237659918
199200.0	300.0	1304.1999999999198	0.0	0	99.5211031511717	1504.2000000000116	1	0	1	-0.15042000000000122
200200.0	500.0	1304.1999999999412	0.0	0	111.80511183154886	1504.2000000000116	1	0	1	0.10499281188299434
201200.0	500.0	1304.1999999999653	0.0	0	456.9031439865357	1504.2000000000116	1	0	1	0.615818435648985
202200.0	500.0	1304.1999999999764	0.0	0	543.9496426798287	1504.2000000000116	1	0	1	0.615818435648985
203200.0	500.0	1304.1999999999587	0.0	0	489.1418226247479	1504.2000000000116	1	0	1	0.615818435648985
204200.0	500.0	1304.1999999999546	0.0	0	703.9175606321078	1504.1999999999825	1	0	1	0.615818435648988
205200.0	500.0	1304.199999999941	0.0	0	585.7084474694566	1504.1999999999825	1	0	1	0.615818435648988
206200.0	1000.0	1304.1999999999625	0.0	0	154.78467236147844	1504.2000000000116	1	0	1	0.9623920259289578
207200.0	1000.0	1304.1999999999491	0.0	0	440.7377105660562	1504.2000000000116	1	0	1	1.6555392064889032
208200.0	1000.0	1304.1999999999387	0.0	0	229.71431534265867	1504.2000000000116	1	0	1	1.6555392064889032
209200.0	1000.0	1304.1999999999541	0.0	0	99.45993481989717	1504.2000000000407	1	0	1	1.6555392064889003
210200.0	1000.0	1304.1999999999105	0.0	0	268.061032074329	1504.2000000000407	1	0	1	1.6555392064889003
211377.543447604	1000.0	1126.656552395924	0.0	0	0.0	1504.2000000000698	1	0	1	1.6555392064888974
212200.0	1000.0	1304.1999999999068	0.0	0	69.823802382336	1504.2000000000407	1	0	1	1.6555392064889003
213200.0	1000.0	1304.1999999998845	0.0	0	320.62499156873673	1504.2000000000698	1	0	1	1.6555392064888974
214200.0	1000.0	1304.1999999998977	0.0	0	127.96113212051569	1504.200000000099	1	0	1	1.6555392064888943
215200.0	1000.0	1304.1999999998793	0.0	0	300.4725314882817	1504.200000000099	1	0	1	1.6555392064888943
216200.0	1000.0	1304.1999999998802	0.0	0	78.72822791489307	1504.200000000099	1	0	1	1.6555392064888943
217504.83726175234	1000.0	999.3627382475436	0.0	0	0.0	1504.200000000099	1	0	1	1.6555392064888943
218200.0	500.0	1304.1999999999198	0.0	0	56.43943481644965	1504.200000000099	1	0	1	-0.07732874491096918
219200.0	1000.0	1304.199999999927	0.0	0	150.1187542937405	1504.200000000099	1	0	1	0.9623920259289489
220254.80914515152	1000.0	1249.3908548484308	0.0	0	0.0	1504.200000000128	1	0	1	1.6555392064888916
221200.0	1000.0	1304.1999999999866	0.0	0	170.21515171977808	1504.2000000001572	1	0	1	1.6555392064888885
222200.0	1000.0	1304.1999999999762	0.0	0	400.85435325620347	1504.2000000001572	1	0	1	1.6555392064888885
223200.0	1000.0	1304.1999999999607	0.0	0	0.40993258700473234	1504.200000000128	1	0	1	1.6555392064888916
224304.82755686392	1000.0	1199.3724431360374	0.0	0	0.0	1504.2000000001572	1	0	1	1.6555392064888885
225200.0	1000.0	1304.199999999946	0.0	0	197.56836104611284	1504.2000000001572	1	0	1	1.6555392064888885
226453.45431824605	1000.0	1050.7456817538916	0.0	0	0.0	1504.2000000001572	1	0	1	1.6555392064888885
227200.0	500.0	1304.1999999999318	0.0	0	257.8843179186224	1504.2000000001572	1	0	1	-0.07732874491097495
228200.0	500.0	1304.1999999998793	0.0	0	362.3822005208058	1504.2000000001572	1	0	1	0.6158184356489705
229200.0	500.0	1304.199999999879	0.0	0	517.1964834988466	1504.2000000001572	1	0	1	0.6158184356489705
230433.04253045007	1000.0	1071.1574695498257	0.0	0	0.0	1504.2000000001572	1	0	1	0.9623920259289431
231200.0	500.0	1304.1999999999143	0.0	0	328.07999400640256	1504.200000000128	1	0	1	-0.07732874491097198
232200.0	500.0	1304.1999999998807	0.0	0	485.6759502674395	1504.200000000128	1	0	1	0.6158184356489734
233200.0	500.0	1304.199999999864	0.0	0	471.1908979398431	1504.200000000128	1	0	1	0.6158184356489734
234200.0	1000.0	1304.1999999998648	0.0	0	312.5559976846562	1504.2000000001572	1	0	1	0.9623920259289431
235200.0	1000.0	1304.1999999998602	0.0	0	179.20235618948936	1504.2000000001572	1	0	1	1.6555392064888885
236200.0	1000.0	1304.199999999861	0.0	0	522.8362971897295	1504.2000000001572	1	0	1	1.6555392064888885
237200.0	1000.0	1304.1999999998923	0.0	0	349.22338088974357	1504.2000000001572	1	0	1	1.6555392064888885
238200.0	1000.0	1304.1999999999202	0.0	0	381.5161301813205	1504.2000000001572	1	0	1	1.6555392064888885
239200.0	1000.0	1304.199999999933	0.0	0	208.21816378665972	1504.2000000001572	1	0	1	1.6555392064888885
240465.28868788976	1000.0	1038.911312110186	0.0	0	0.0	1504.2000000001572	1	0	1	1.6555392064888885
241559.94292708256	1000.0	944.2570729173627	0.0	0	0.0	1504.2000000001863	1	0	1	1.6555392064888874
242200.0	500.0	1304.1999999999139	0.0	0	81.35043661558302	1504.2000000001863	1	0	1	-0.07732874491097787
243223.84126177718	1000.0	1280.358738222721	0.0	0	0.0	1504.2000000001863	1	0	1	0.9623920259289404
244317.8754420236	1000.0	1186.3245579763345	0.0	0	0.0	1504.2000000002445	1	0	1	1.655539206488882
245200.0	500.0	1304.1999999999364	0.0	0	431.394322416716	1504.2000000002445	1	0	1	-0.07732874491098364
246200.0	500.0	1304.1999999999173	0.0	0	502.8738934576686	1504.2000000002736	1	0	1	0.6158184356489589
247213.60256917108	1000.0	1290.5974308288346	0.0	0	0.0	1504.2000000002736	1	0	1	0.9623920259289315
248200.0	1000.0	1304.199999999934	0.0	0	31.094053868437186	1504.2000000003027	1	0	1	1.655539206488874
249200.0	1000.0	1304.1999999999468	0.0	0	167.25610293715727	1504.2000000003027	1	0	1	1.655539206488874
250200.0	1000.0	1304.1999999999425	0.0	0	201.15985997146345	1504.2000000003027	1	0	1	1.655539206488874
251200.0	1000.0	1304.19999999997	0.0	0	434.0912687496457	1504.2000000003027	1	0	1	1.655539206488874
252200.0	1000.0	1304.199999999989	0.0	0	68.26469373234431	1504.2000000002736	1	0	1	1.6555392064888768
253200.0	1000.0	1304.2000000000153	0.0	0	410.9115233757475	1504.2000000002736	1	0	1	1.6555392064888768
254200.0	1000.0	1304.2000000000162	0.0	0	559.1442189589725	1504.2000000002736	1	0	1	1.6555392064888768
255200.0	1000.0	1304.2000000000442	0.0	0	479.507246671943	1504.2000000002736	1	0	1	1.6555392064888768
256200.0	1000.0	1304.2000000000357	0.0	0	295.43502289868775	1504.2000000003027	1	0	1	1.655539206488874
257200.0	1000.0	1304.2000000000473	0.0	0	181.18091956607532	1504.2000000003027	1	0	1	1.655539206488874
258204.8334701322	1000.0	1299.3665298678588	0.0	0	0.0	1504.2000000003027	1	0	1	1.655539206488874
259200.0	1000.0	1304.2000000000764	0.0	0	28.723996821558103	1504.2000000003318	1	0	1	1.655539206488871
260200.0	1000.0	1304.2000000000914	0.0	0	170.52630095015047	1504.2000000003027	1	0	1	1.655539206488874
261200.0	1000.0	1304.2000000001026	0.0	0	442.9750936982455	1504.2000000003318	1	0	1	1.655539206488871
262200.0	1000.0	1304.2000000001233	0.0	0	139.3862496575166	1504.2000000003318	1	0	1	1.655539206488871
263535.8376829103	1000.0	968.3623170898004	0.0	0	0.0	1504.200000000361	1	0	1	1.6555392064888694
264722.2417766241	1000.0	781.9582233760225	0.0	0	0.0	1504.200000000361	1	0	1	1.6555392064888683
265458.9179206787	500.0	1045.2820793214773	0.0	0	0.0	1504.200000000361	1	0	1	-0.07732874491099767
266200.0	500.0	1304.2000000001283	0.0	0	248.60063688713126	1504.200000000419	1	0	1	0.6158184356489443
267200.0	500.0	1304.200000000159	0.0	0	603.660108553886	1504.200000000361	1	0	1	0.6158184356489502
268200.0	500.0	1304.2000000001644	0.0	0	537.309367077658	1504.200000000419	1	0	1	0.6158184356489443
269200.0	500.0	1304.2000000001722	0.0	0	491.8993649305776	1504.200000000361	1	0	1	0.6158184356489502
270200.0	500.0	1304.2000000001813	0.0	0	209.86087093048263	1504.200000000419	1	0	1	0.6158184356489443
271200.0	500.0	1304.2000000001856	0.0	0	460.1002182024531	1504.200000000419	1	0	1	0.6158184356489443
272200.0	500.0	1304.2000000001785	0.0	0	448.3247080731089	1504.200000000419	1	0	1	0.6158184356489443
273200.0	500.0	1304.200000000158	0.0	0	596.5933839853387	1504.200000000419	1	0	1	0.6158184356489443
274200.0	1000.0	1304.2000000001813	0.0	0	112.04693494696403	1504.200000000419	1	0	1	0.962392025928917
275200.0	1000.0	1304.2000000001995	0.0	0	361.9030587456655	1504.200000000419	1	0	1	1.6555392064888625
276245.58748500206	1000.0	1258.6125149981162	0.0	0	0.0	1504.200000000419	1	0	1	1.6555392064888625
277594.99992732453	1000.0	909.2000726756633	0.0	0	0.0	1504.200000000361	1	0	1	1.6555392064888648
278604.9387544429	500.0	899.261245557306	0.0	0	0.0	1504.200000000361	1	0	1	-0.07732874491099528
279505.8471010915	500.0	998.3528989087208	0.0	0	0.0	1504.200000000419	1	0	1	0.6158184356489467
280200.0	500.0	1304.2000000001963	0.0	0	317.26628314552363	1504.200000000361	1	0	1	0.6158184356489502
281200.0	500.0	1304.2000000002438	0.0	0	572.9631710512913	1504.200000000361	1	0	1	0.6158184356489502
282200.0	500.0	1304.2000000002347	0.0	0	568.4063068792457	1504.200000000361	1	0	1	0.6158184356489502
283200.0	500.0	1304.2000000002395	0.0	0	528.585407455801	1504.200000000419	1	0	1	0.6158184356489443
284200.0	1000.0	1304.2000000002386	0.0	0	198.72751894727116	1504.2000000004773	1	0	1	0.9623920259289112
285200.0	1000.0	1304.2000000003106	0.0	0	113.77602682379074	1504.2000000004773	1	0	1	1.6555392064888566
286200.0	1000.0	1304.2000000003043	0.0	0	182.1785376255866	1504.200000000419	1	0	1	1.6555392064888625
287200.0	1000.0	1304.2000000002386	0.0	0	391.7511326135136	1504.200000000419	1	0	1	1.6555392064888625
288200.0	1000.0	1304.2000000002208	0.0	0	34.15783208241919	1504.200000000419	1	0	1	1.6555392064888625
289395.59461429954	1000.0	1108.6053857007464	0.0	0	0.0	1504.200000000361	1	0	1	1.6555392064888683
290200.0	1000.0	1304.2000000003154	0.0	0	290.894630881201	1504.200000000361	1	0	1	1.6555392064888683
291200.0	1000.0	1304.2000000002838	0.0	0	633.4336793480907	1504.200000000361	1	0	1	1.6555392064888683
292200.0	1000.0	1304.2000000002859	0.0	0	347.1586865198333	1504.2000000003027	1	0	1	1.655539206488874
293200.0	1000.0	1304.2000000002488	0.0	0	298.5794455016148	1504.2000000003027	1	0	1	1.655539206488874
294200.0	1000.0	1304.2000000002645	0.0	0	36.73141094407765	1504.2000000003027	1	0	1	1.655539206488874
295383.1498768728	1000.0	1121.050123127577	0.0	0	0.0	1504.2000000003027	1	0	1	1.655539206488874
296248.9146797439	1000.0	1255.2853202564677	0.0	0	0.0	1504.2000000003027	1	0	1	1.655539206488874
297316.6111113373	1000.0	1187.5888886629718	0.0	0	0.0	1504.2000000003027	1	0	1	1.655539206488874
298239.9571576864	1000.0	1264.2428423138394	0.0	0	0.0	1504.200000000361	1	0	1	1.6555392064888683
299200.0	1000.0	1304.2000000002718	0.0	0	316.29897811065894	1504.2000000003027	1	0	1	1.655539206488874
300313.1879767391	1000.0	1191.0120232611866	0.0	0	0.0	1504.2000000002445	1	0	1	1.6555392064888799
301437.1990712492	1000.0	1067.0009287510422	0.0	0	0.0	1504.2000000001863	1	0	1	1.6555392064888812
302621.28260928125	1000.0	882.9173907191127	0.0	0	0.0	1504.2000000001863	1	0	1	1.6555392064888856
0.75	0.94	1.07	0.81	0.63	0.43	0.53	0.87	0.82	1.14	1.54	1.24	1.12	1.26	1.9	2.42	0.86	1.63	0.96	2.0	2.21	1.7	1.54	1.55	1.31	1.07	1.49	1.53	1.25	0.85	1.25	0.72	0.75	0.82	1.3	1.39	1.26	0.94	0.92	1.45	1.56	0.73	0.67	0.41	0.59	0.46	0.53	0.63	1.04	0.94	1.39	1.33	0.98	1.38	1.93	1.66	1.08	1.37	1.07	1.11	1.81	1.48	1.2	0.89	0.8	0.94	1.58	1.23	1.45	1.52	1.0	0.68	1.2	1.08	0.95	1.11	1.17	0.74	0.93	1.22	1.27	1.36	1.54	1.66	1.49	1.22	1.49	0.89	1.15	0.88	1.03	0.95	1.08	1.3	1.03	1.24	1.39	1.05	1.54	1.36	1.42	2.1	1.54	1.75	1.58	1.03	1.1	1.3	1.52	1.6	0.97	0.74	0.71	1.11	1.12	0.88	1.12	0.67	0.92	1.18	1.9	1.41	2.19	1.17	0.66	0.74	0.61	1.1	1.47	1.23	0.76	1.09	1.23	1.01	1.34	1.11	1.08	1.95	2.35	1.49	1.62	1.07	1.02	1.07	0.92	1.54	1.32	1.15	0.95	0.86	0.75	0.94	1.07	0.81	0.63	0.43	0.53	0.87	0.82	1.14	1.54	1.24	1.12	1.26	1.9	2.42	0.86	1.63	0.96	2.0	2.21	1.7	1.54	1.55	1.31	1.07	1.49	1.53	1.25	0.85	1.25	0.72	0.75	0.82	1.3	1.39	1.26	0.94	0.92	1.45	1.56	0.73	0.67	0.41	0.59	0.46	0.53	0.63	1.04	0.94	1.39	1.33	0.98	1.38	1.93	1.66	1.08	1.37	1.07	1.11	1.81	1.48	1.2	0.89	0.8	0.94	1.58	1.23	1.45	1.52	1.0	0.68	1.2	1.08	0.95	1.11	1.17	0.74	0.93	1.22	1.27	1.36	1.54	1.66	1.49	1.22	1.49	0.89	1.15	0.88	1.03	0.95	1.08	1.3	1.03	1.24	1.39	1.05	1.54	1.36	1.42	2.1	1.54	1.75	1.58	1.03	1.1	1.3	1.52	1.6	0.97	0.74	0.71	1.11	1.12	0.88	1.12	0.67	0.92	1.18	1.9	1.41	2.19	1.17	0.66	0.74	0.61	1.1	1.47	1.23	0.76	1.09	1.23	1.01	1.34	1.11	1.08	1.95	2.35	1.49	1.62	1.07	1.02	1.07	0.92	1.54	1.32	1.15	0.95	0.86	0.75	0.94	1.07
1.0	2.0	3.0	4.0	5.0	6.0	7.0	8.0	9.0	10.0	11.0	12.0	13.0	14.0	15.0	16.0	17.0	18.0	19.0	20.0	21.0	22.0	23.0	24.0	25.0	26.0	27.0	28.0	29.0	30.0	31.0	32.0	33.0	34.0	35.0	36.0	37.0	38.0	39.0	40.0	41.0	42.0	43.0	44.0	45.0	46.0	47.0	48.0	49.0	50.0	51.0	52.0	53.0	54.0	55.0	56.0	57.0	58.0	59.0	60.0	61.0	62.0	63.0	64.0	65.0	66.0	67.0	68.0	69.0	70.0	71.0	72.0	73.0	74.0	75.0	76.0	77.0	78.0	79.0	80.0	81.0	82.0	83.0	84.0	85.0	86.0	87.0	88.0	89.0	90.0	91.0	92.0	93.0	94.0	95.0	96.0	97.0	98.0	99.0	100.0	101.0	102.0	103.0	104.0	105.0	106.0	107.0	108.0	109.0	110.0	111.0	112.0	113.0	114.0	115.0	116.0	117.0	118.0	119.0	120.0	121.0	122.0	123.0	124.0	125.0	126.0	127.0	128.0	129.0	130.0	131.0	132.0	133.0	134.0	135.0	136.0	137.0	138.0	139.0	140.0	141.0	142.0	143.0	144.0	145.0	146.0	147.0	148.0	149.0	149.0	150.0	151.0	152.0	153.0	154.0	155.0	156.0	157.0	158.0	159.0	160.0	161.0	162.0	163.0	164.0	165.0	166.0	167.0	168.0	169.0	170.0	171.0	172.0	173.0	174.0	175.0	176.0	177.0	178.0	179.0	180.0	181.0	182.0	183.0	184.0	185.0	186.0	187.0	188.0	189.0	190.0	191.0	192.0	193.0	194.0	195.0	196.0	197.0	198.0	199.0	200.0	201.0	202.0	203.0	204.0	205.0	206.0	207.0	208.0	209.0	210.0	211.0	212.0	213.0	214.0	215.0	216.0	217.0	218.0	219.0	220.0	221.0	222.0	223.0	224.0	225.0	226.0	227.0	228.0	229.0	230.0	231.0	232.0	233.0	234.0	235.0	236.0	237.0	238.0	239.0	240.0	241.0	242.0	243.0	244.0	245.0	246.0	247.0	248.0	249.0	250.0	251.0	252.0	253.0	254.0	255.0	256.0	257.0	258.0	259.0	260.0	261.0	262.0	263.0	264.0	265.0	266.0	267.0	268.0	269.0	270.0	271.0	272.0	273.0	274.0	275.0	276.0	277.0	278.0	279.0	280.0	281.0	282.0	283.0	284.0	285.0	286.0	287.0	288.0	289.0	290.0	291.0	292.0	293.0	294.0	295.0	296.0	297.0	298.0	298.0	299.0	300.0	301.0
2695.9713954113313
