2704.21203219736	300.0	2000.0	226.46322529625726	0	0.0	2704.21203219736	1	0	1	-1.624126567461865
5200.0	1000.0	404.20000000000056	0.0	0	349.2919730155754	604.1999999999998	1	0	2	0.13774804171004684
6200.0	500.0	2504.2	0.0	0	702.8453350957379	2704.199999999999	1	0	0	-0.5933287449109592
9816.419524103581	2000.0	200.0	430.78316046721767	0	0.0	1016.4195241035814	1	0	2	-1.8196769983173964
10295.320728854791	500.0	2768.988915723909	0.0	0	0.0	3064.3096445786996	1	0	0	-1.3252700212274673
14793.013280159785	2000.0	200.0	1080.023356774413	0	0.0	1993.0132801597847	1	0	2	-5.775339204811397
15162.240727102395	300.0	832.6084398501323	1.8358867927422011	0	0.0	1994.8491669525265	1	0	1	-2.3076202223375866
15586.793277788125	500.0	1365.6006340958281	0.0	0	0.0	1952.3939118839535	1	0	2	-0.34092264835972325
16366.89869257754	1000.0	1507.4846778274725	0.0	0	0.0	1874.383370405012	1	0	2	0.7233562324637348
17689.1269014519	1000.0	1053.0336480656822	0.0	0	0.0	1742.1605495175809	1	0	2	1.4281250179355864
18221.214077044657	500.0	1467.7377549136497	0.0	0	0.0	1688.9518319583076	1	0	2	-0.2972240792652339
19200.0	1000.0	1488.9518319583033	0.0	0	94.31349503541423	1688.951831958304	1	0	1	0.7439168427331283
20200.0	1000.0	1488.9518319583044	0.0	0	314.6974225025915	1688.9518319583003	1	0	1	1.6370640232930744
21200.0	1000.0	1488.9518319583085	0.0	0	103.35766820455319	1688.9518319583003	1	0	1	1.6370640232930744
22773.36466694222	1000.0	915.58716501609	0.0	0	0.0	1688.9518319583003	1	0	1	1.6370640232930744
23200.0	500.0	1488.9518319583126	0.0	0	22.157506508683582	1688.9518319583003	1	0	1	-0.09580392810678923
24200.0	1000.0	1488.9518319583083	0.0	0	113.67151938788083	1688.9518319583003	1	0	1	0.943916842733129
25430.718367033765	1000.0	1258.2334649245427	0.0	0	0.0	1688.9518319583003	1	0	1	1.6370640232930744
26200.0	500.0	1488.9518319583117	0.0	0	366.51591073369855	1688.9518319583003	1	0	1	-0.09580392810678923
27200.0	1000.0	1488.951831958313	0.0	0	147.70014327430545	1688.951831958304	1	0	1	0.9439168427331285
28696.726530825923	1000.0	992.2253011323955	0.0	0	0.0	1688.951831958304	1	0	1	1.6370640232930738
29519.949592041354	500.0	1169.0022399169666	0.0	0	0.0	1688.951831958304	1	0	1	-0.09580392810678962
30200.0	500.0	1488.9518319583199	0.0	0	141.6224605718453	1688.9518319583003	1	0	1	0.5973432524531562
31200.0	500.0	1488.9518319583187	0.0	0	495.1605181510604	1688.9518319583003	1	0	1	0.5973432524531562
32200.0	1000.0	1488.9518319583165	0.0	0	58.089136201469955	1688.9518319583003	1	0	1	0.943916842733129
33493.3616442813	1000.0	1195.5901876770226	0.0	0	0.0	1688.9518319583003	1	0	1	1.6370640232930744
34201.76925278376	500.0	1487.1825791745605	0.0	0	0.0	1688.951831958293	1	0	1	-0.09580392810678842
35200.0	1000.0	1488.9518319583196	0.0	0	25.296516149952367	1688.951831958293	1	0	1	0.9439168427331296
36200.0	1000.0	1488.9518319583242	0.0	0	76.81719094169966	1688.9518319583003	1	0	1	1.6370640232930744
37200.0	1000.0	1488.9518319583256	0.0	0	171.1240418393645	1688.9518319583003	1	0	1	1.6370640232930744
38200.0	1000.0	1488.951831958322	0.0	0	263.63016069676814	1688.9518319583003	1	0	1	1.6370640232930744
39200.0	1000.0	1488.951831958324	0.0	0	256.1980057159453	1688.9518319583003	1	0	1	1.6370640232930744
40200.0	1000.0	1488.9518319583196	0.0	0	276.4115292935603	1688.9518319583003	1	0	1	1.6370640232930744
41200.0	1000.0	1488.9518319583296	0.0	0	214.7981813738661	1688.9518319583076	1	0	1	1.6370640232930735
42200.0	1000.0	1488.9518319583267	0.0	0	283.50081182424765	1688.9518319583076	1	0	1	1.6370640232930735
43200.0	1000.0	1488.9518319583378	0.0	0	87.32303390699963	1688.9518319583076	1	0	1	1.6370640232930735
44424.426382928694	1000.0	1264.5254490296438	0.0	0	0.0	1688.9518319583076	1	0	1	1.6370640232930735
45272.673807218795	1000.0	1416.2780247395415	0.0	0	0.0	1688.9518319583149	1	0	1	1.6370640232930729
46200.0	1000.0	1488.9518319583362	0.0	0	231.64028765123658	1688.9518319583149	1	0	1	1.6370640232930729
47200.0	1000.0	1488.9518319583383	0.0	0	268.1458634580995	1688.9518319583149	1	0	1	1.6370640232930729
48200.0	1000.0	1488.9518319583387	0.0	0	227.69540178344323	1688.9518319583149	1	0	1	1.6370640232930729
49200.0	1000.0	1488.9518319583408	0.0	0	128.84560887355474	1688.9518319583149	1	0	1	1.6370640232930729
50200.0	1000.0	1488.9518319583403	0.0	0	214.19050775172946	1688.9518319583149	1	0	1	1.6370640232930729
51200.0	1000.0	1488.951831958342	0.0	0	411.983106573447	1688.9518319583149	1	0	1	1.6370640232930729
52200.0	1000.0	1488.9518319583349	0.0	0	19.544807573460275	1688.9518319583076	1	0	1	1.6370640232930735
53200.0	1000.0	1488.9518319583306	0.0	0	331.3425317584697	1688.9518319583076	1	0	1	1.6370640232930735
54400.56059948099	1000.0	1288.3912324773478	0.0	0	0.0	1688.9518319583076	1	0	1	1.6370640232930735
55200.0	1000.0	1488.9518319583344	0.0	0	166.71578182191297	1688.9518319583076	1	0	1	1.6370640232930735
56200.0	1000.0	1488.9518319583374	0.0	0	404.4301354702329	1688.9518319583149	1	0	1	1.6370640232930729
57200.0	1000.0	1488.951831958338	0.0	0	351.3910802086393	1688.9518319583149	1	0	1	1.6370640232930729
58200.0	1000.0	1488.9518319583349	0.0	0	45.424918873352	1688.9518319583149	1	0	1	1.6370640232930729
59291.36870792125	1000.0	1397.5831240370808	0.0	0	0.0	1688.9518319583149	1	0	1	1.6370640232930729
60473.874756217025	1000.0	1215.0770757412981	0.0	0	0.0	1688.9518319583149	1	0	1	1.6370640232930729
61311.10073814193	1000.0	1377.8510938163895	0.0	0	0.0	1688.9518319583149	1	0	1	1.6370640232930729
62310.064420691466	1000.0	1378.8874112668539	0.0	0	0.0	1688.9518319583149	1	0	1	1.6370640232930729
63200.0	1000.0	1488.9518319583244	0.0	0	304.3263502583941	1688.9518319583149	1	0	1	1.6370640232930729
64238.90327932134	1000.0	1450.0485526369848	0.0	0	0.0	1688.9518319583149	1	0	1	1.6370640232930729
65355.7496408153	1000.0	1333.2021911430152	0.0	0	0.0	1688.9518319583076	1	0	1	1.6370640232930735
66200.0	1000.0	1488.9518319583185	0.0	0	52.694361768546514	1688.9518319583149	1	0	1	1.6370640232930729
67200.0	1000.0	1488.951831958322	0.0	0	226.40299410140142	1688.9518319583149	1	0	1	1.6370640232930729
68324.21699424465	1000.0	1364.7348377136793	0.0	0	0.0	1688.9518319583149	1	0	1	1.6370640232930729
69200.0	1000.0	1488.9518319583165	0.0	0	82.86777225280821	1688.9518319583294	1	0	1	1.6370640232930713
70200.0	1000.0	1488.9518319583183	0.0	0	209.2280469856487	1688.9518319583149	1	0	1	1.6370640232930724
71200.0	1000.0	1488.9518319583217	0.0	0	191.6928860455082	1688.9518319583149	1	0	1	1.6370640232930729
72286.81739823149	1000.0	1402.1344337268285	0.0	0	0.0	1688.9518319583149	1	0	1	1.6370640232930729
73200.0	1000.0	1488.9518319583385	0.0	0	169.40440812446468	1688.9518319583149	1	0	1	1.6370640232930729
74200.0	1000.0	1488.9518319583522	0.0	0	406.4912802897161	1688.9518319583149	1	0	1	1.6370640232930729
75200.0	1000.0	1488.9518319583538	0.0	0	200.93658529508684	1688.9518319583149	1	0	1	1.6370640232930729
76319.37254594815	1000.0	1369.57928601022	0.0	0	0.0	1688.9518319583294	1	0	1	1.6370640232930713
77200.0	1000.0	1488.9518319583703	0.0	0	128.47066486728727	1688.9518319583294	1	0	1	1.6370640232930713
78200.0	1000.0	1488.9518319583606	0.0	0	444.76222569051606	1688.9518319583294	1	0	1	1.6370640232930713
79200.0	1000.0	1488.9518319583567	0.0	0	168.8846585744468	1688.9518319583294	1	0	1	1.6370640232930713
80200.0	1000.0	1488.9518319583547	0.0	0	433.66184006306867	1688.9518319583294	1	0	1	1.6370640232930713
81200.0	1000.0	1488.951831958339	0.0	0	85.2123812429636	1688.9518319583294	1	0	1	1.6370640232930713
82200.0	1000.0	1488.9518319583067	0.0	0	231.5063465329149	1688.9518319583294	1	0	1	1.6370640232930713
83404.753673637	2000.0	1284.198158321314	0.0	0	0.0	1688.9518319583149	1	0	1	1.9836376135730456
84200.0	1000.0	1488.9518319583276	0.0	0	84.36811940331245	1688.9518319583149	1	0	1	0.9439168427331276
85356.95884990852	2000.0	1331.9929820498153	0.0	0	0.0	1688.9518319583149	1	0	1	1.9836376135730456
86243.07017935725	1000.0	1445.881652601099	0.0	0	0.0	1688.9518319583149	1	0	1	0.9439168427331276
87571.56127791773	2000.0	1117.3905540406124	0.0	0	0.0	1688.9518319583149	1	0	1	1.9836376135730456
88598.9657579245	1000.0	1089.9860740338522	0.0	0	0.0	1688.9518319583149	1	0	1	0.9439168427331276
89336.48065076435	1000.0	1352.4711811939749	0.0	0	0.0	1688.9518319583003	1	0	1	1.6370640232930744
90626.15122886749	1000.0	1062.8006030908437	0.0	0	0.0	1688.9518319583149	1	0	1	1.6370640232930729
91425.50120322735	500.0	1263.4506287309837	0.0	0	0.0	1688.9518319583149	1	0	1	-0.09580392810679071
92255.26929603763	500.0	1433.6825359207103	0.0	0	0.0	1688.9518319583149	1	0	1	0.5973432524531548
93200.0	500.0	1488.9518319583397	0.0	0	154.96190748282243	1688.9518319583003	1	0	1	0.5973432524531562
94200.0	500.0	1488.9518319583317	0.0	0	573.7726163938496	1688.9518319582858	1	0	1	0.5973432524531577
95200.0	1000.0	1488.95183195834	0.0	0	376.8776656275004	1688.9518319582712	1	0	1	0.9439168427331318
96200.0	500.0	1488.951831958342	0.0	0	472.2748401905992	1688.9518319582712	1	0	1	-0.0958039281067864
97595.5727595013	1000.0	1093.3790724570254	0.0	0	0.0	1688.9518319582858	1	0	1	0.9439168427331304
98875.934428916	1000.0	813.0174030423104	0.0	0	0.0	1688.9518319582858	1	0	1	1.6370640232930758
99395.92300292889	500.0	1293.0288290294357	0.0	0	0.0	1688.9518319582858	1	0	1	-0.09580392810678774
100527.24108314113	1000.0	1161.7107488171891	0.0	0	0.0	1688.9518319583003	1	0	1	0.943916842733129
101200.0	500.0	1488.9518319583285	0.0	0	74.23965067090467	1688.9518319583003	1	0	1	-0.09580392810678923
102200.0	1000.0	1488.9518319583378	0.0	0	85.13453869400837	1688.9518319583003	1	0	1	0.943916842733129
103290.33016686399	1000.0	1398.6216650943475	0.0	0	0.0	1688.9518319583003	1	0	1	1.6370640232930744
104200.0	1000.0	1488.9518319583378	0.0	0	227.36102144194592	1688.9518319583003	1	0	1	1.6370640232930744
105200.0	1000.0	1488.9518319583312	0.0	0	435.2665713219758	1688.9518319583003	1	0	1	1.6370640232930744
106200.0	1000.0	1488.9518319583208	0.0	0	191.44285690793185	1688.9518319583003	1	0	1	1.6370640232930744
107200.0	1000.0	1488.9518319583296	0.0	0	50.69135558477137	1688.9518319583003	1	0	1	1.6370640232930744
108200.0	1000.0	1488.951831958325	0.0	0	259.8726486696687	1688.9518319583003	1	0	1	1.6370640232930744
109200.0	1000.0	1488.9518319583176	0.0	0	378.39295944692276	1688.9518319582858	1	0	1	1.6370640232930758
110200.0	1000.0	1488.9518319583217	0.0	0	181.3062114835484	1688.9518319582858	1	0	1	1.6370640232930758
111200.0	1000.0	1488.9518319583146	0.0	0	304.24992950612796	1688.9518319582858	1	0	1	1.6370640232930758
112715.48531388919	1000.0	973.4665180691159	0.0	0	0.0	1688.9518319582858	1	0	1	1.6370640232930758
113200.0	500.0	1488.951831958318	0.0	0	140.01012002656353	1688.9518319583003	1	0	1	-0.09580392810678923
114200.0	1000.0	1488.9518319583137	0.0	0	217.98661001361324	1688.9518319583003	1	0	1	0.943916842733129
115200.0	1000.0	1488.9518319582994	0.0	0	131.6809799249313	1688.9518319583003	1	0	1	1.6370640232930744
116200.0	1000.0	1488.9518319583117	0.0	0	309.18878764941473	1688.9518319583003	1	0	1	1.6370640232930744
117200.0	1000.0	1488.9518319583217	0.0	0	410.76352002081694	1688.9518319583149	1	0	1	1.6370640232930733
119209.48988087662	2000.0	479.46195108171264	0.0	0	0.0	1688.9518319583149	1	0	1	1.9836376135730456
119850.36581528577	500.0	838.5860166725579	0.0	0	0.0	1688.9518319583149	1	0	1	-0.7889511086667358
120294.11806005036	500.0	1394.8337719079668	0.0	0	0.0	1688.9518319583149	1	0	1	0.5973432524531548
121490.78505557547	1000.0	1198.1667763828527	0.0	0	0.0	1688.9518319583149	1	0	1	0.9439168427331274
122915.18899463468	1000.0	773.7628373236388	0.0	0	0.0	1688.9518319583003	1	0	1	1.6370640232930744
123482.72758027208	500.0	1206.2242516862254	0.0	0	0.0	1688.9518319583003	1	0	1	-0.09580392810678923
124427.53938985351	1000.0	1261.412442104821	0.0	0	0.0	1688.9518319583003	1	0	1	0.943916842733129
125200.0	1000.0	1488.9518319583372	0.0	0	26.677225463165087	1688.9518319583003	1	0	1	1.6370640232930744
126200.0	1000.0	1488.951831958337	0.0	0	65.02286549340351	1688.9518319583003	1	0	1	1.6370640232930744
127843.50562743898	1000.0	845.4462045193466	0.0	0	0.0	1688.9518319583003	1	0	1	1.6370640232930744
128508.22388289752	500.0	1180.7279490608094	0.0	0	0.0	1688.9518319583003	1	0	1	-0.09580392810678923
129200.0	500.0	1488.951831958336	0.0	0	96.54405965504702	1688.9518319583003	1	0	1	0.5973432524531562
130200.0	500.0	1488.9518319583315	0.0	0	558.422717860376	1688.9518319582858	1	0	1	0.5973432524531577
131200.0	500.0	1488.9518319583456	0.0	0	650.9927264001017	1688.9518319582858	1	0	1	0.5973432524531577
132200.0	500.0	1488.951831958328	0.0	0	429.058544625208	1688.9518319582567	1	0	1	0.5973432524531591
133200.0	500.0	1488.9518319583285	0.0	0	573.5218772662047	1688.9518319582567	1	0	1	0.59734325245316
134200.0	1000.0	1488.9518319583349	0.0	0	334.035587487102	1688.9518319582858	1	0	1	0.9439168427331304
135200.0	1000.0	1488.9518319583158	0.0	0	460.7614990750153	1688.9518319582858	1	0	1	1.6370640232930758
136200.0	1000.0	1488.951831958319	0.0	0	472.6775617019157	1688.9518319582858	1	0	1	1.6370640232930758
137200.0	1000.0	1488.9518319583137	0.0	0	419.18515824669157	1688.9518319582567	1	0	1	1.6370640232930787
138200.0	1000.0	1488.951831958283	0.0	0	75.50291301653488	1688.9518319582567	1	0	1	1.6370640232930787
139221.84786059856	1000.0	1467.103971359736	0.0	0	0.0	1688.9518319582567	1	0	1	1.6370640232930787
140200.0	1000.0	1488.9518319582858	0.0	0	382.60938476008596	1688.9518319582567	1	0	1	1.6370640232930787
141200.0	1000.0	1488.9518319583256	0.0	0	180.44945509341778	1688.9518319582567	1	0	1	1.6370640232930787
142200.0	1000.0	1488.9518319583472	0.0	0	91.10060093121137	1688.9518319582567	1	0	1	1.6370640232930787
143201.73212056528	1000.0	1487.2197113930595	0.0	0	235.4111450847413	1688.9518319582567	1	0	1	1.6370640232930787
144373.9530761073	1000.0	1314.9987558510102	0.0	0	0.0	1688.9518319582567	1	0	1	1.6370640232930787
145343.45497190396	1000.0	1345.496860054378	0.0	0	0.0	1688.9518319582567	1	0	1	1.6370640232930787
146210.87354797593	1000.0	1478.0782839823835	0.0	0	0.0	1688.9518319582567	1	0	1	1.6370640232930787
147200.0	1000.0	1488.951831958284	0.0	0	244.59721206472022	1688.9518319582276	1	0	1	1.6370640232930818
148441.25414028723	1000.0	1247.6976916710619	0.0	0	0.0	1688.9518319582276	1	0	1	1.6370640232930818
149535.31839987368	1000.0	1153.63343208461	0.0	0	0.0	1688.9518319581985	1	0	1	1.6370640232930844
150486.35110342866	1000.0	1202.6007285296196	0.0	0	0.0	1688.9518319581985	1	0	1	1.6370640232930844
151200.0	1000.0	1488.951831958282	0.0	0	124.50162056280533	1688.9518319582276	1	0	1	1.6370640232930818
152200.0	1000.0	1488.951831958291	0.0	0	194.14003571643843	1688.9518319582276	1	0	1	1.6370640232930818
153200.0	1000.0	1488.951831958248	0.0	0	48.38642719719792	1688.9518319582276	1	0	1	1.6370640232930818
154200.0	1000.0	1488.9518319582546	0.0	0	276.0892389594228	1688.9518319582276	1	0	1	1.6370640232930818
155200.0	1000.0	1488.951831958266	0.0	0	386.7714995747956	1688.9518319582276	1	0	1	1.6370640232930818
156200.0	1000.0	1488.9518319582805	0.0	0	314.9572545112751	1688.9518319582276	1	0	1	1.6370640232930818
157200.0	1000.0	1488.9518319582576	0.0	0	62.7179656540975	1688.9518319582276	1	0	1	1.6370640232930818
158200.0	1000.0	1488.9518319582278	0.0	0	406.67890964788967	1688.9518319582276	1	0	1	1.6370640232930818
159200.0	1000.0	1488.9518319582417	0.0	0	178.77365438538254	1688.9518319582276	1	0	1	1.6370640232930818
160200.0	1000.0	1488.9518319582521	0.0	0	11.657476276508532	1688.9518319582276	1	0	1	1.6370640232930818
161200.0	1000.0	1488.9518319582558	0.0	0	44.648929197428515	1688.9518319582276	1	0	1	1.6370640232930818
162200.0	1000.0	1488.9518319582926	0.0	0	287.38436208685744	1688.9518319582276	1	0	1	1.6370640232930818
163372.1300109419	1000.0	1316.8218210164148	0.0	0	0.0	1688.9518319582567	1	0	1	1.6370640232930793
164200.0	1000.0	1488.951831958321	0.0	0	62.28609842513106	1688.9518319582567	1	0	1	1.6370640232930787
165200.0	1000.0	1488.951831958342	0.0	0	173.49861379654612	1688.9518319582276	1	0	1	1.6370640232930804
166200.0	1000.0	1488.9518319583433	0.0	0	137.87061224214267	1688.9518319582567	1	0	1	1.6370640232930787
167200.0	1000.0	1488.9518319583485	0.0	0	308.3295707240468	1688.9518319582858	1	0	1	1.6370640232930769
168200.0	1000.0	1488.9518319583465	0.0	0	337.57149148674216	1688.9518319582858	1	0	1	1.6370640232930758
169232.15540456038	1000.0	1456.796427397969	0.0	0	0.0	1688.9518319582858	1	0	1	1.6370640232930758
170200.0	1000.0	1488.9518319583663	0.0	0	57.0528915640316	1688.9518319582858	1	0	1	1.6370640232930758
171200.0	1000.0	1488.9518319583906	0.0	0	95.81297595825163	1688.9518319582858	1	0	1	1.6370640232930758
172200.0	1000.0	1488.9518319584083	0.0	0	198.17682001693174	1688.9518319582858	1	0	1	1.6370640232930758
173200.0	1000.0	1488.9518319584074	0.0	0	1.0582541064650286	1688.9518319582858	1	0	1	1.6370640232930758
174233.24116571186	1000.0	1455.7106662465367	0.0	0	0.0	1688.9518319582858	1	0	1	1.6370640232930758
175527.39808752193	1000.0	1161.5537444364718	0.0	0	0.0	1688.9518319582858	1	0	1	1.6370640232930758
176200.0	500.0	1488.9518319583774	0.0	0	119.82339143214631	1688.9518319582858	1	0	1	-0.09580392810678774
177433.66333825298	1000.0	1255.288493705402	0.0	0	0.0	1688.9518319582858	1	0	1	0.9439168427331304
178200.0	500.0	1488.9518319583835	0.0	0	160.94492995139444	1688.9518319582567	1	0	1	-0.09580392810678494
179200.0	500.0	1488.9518319583367	0.0	0	520.3374350577651	1688.9518319582567	1	0	1	0.5973432524531606
180200.0	500.0	1488.9518319583299	0.0	0	492.57277408996015	1688.9518319582276	1	0	1	0.5973432524531634
181200.0	500.0	1488.9518319583456	0.0	0	633.3529822361597	1688.9518319582276	1	0	1	0.5973432524531634
182200.0	500.0	1488.951831958329	0.0	0	420.3170912806818	1688.9518319582276	1	0	1	0.5973432524531634
183343.62390683312	1000.0	1345.3279251251724	0.0	0	0.0	1688.9518319581985	1	0	1	0.943916842733139
184200.0	1000.0	1488.9518319582758	0.0	0	127.09488488151692	1688.9518319581985	1	0	1	1.6370640232930844
185306.58650615707	1000.0	1382.365325801206	0.0	0	0.0	1688.9518319581985	1	0	1	1.6370640232930844
186200.0	1000.0	1488.9518319582878	0.0	0	136.92391427294933	1688.9518319582276	1	0	1	1.6370640232930818
187205.45340173523	1000.0	1483.4984302230737	0.0	0	0.0	1688.9518319582567	1	0	1	1.6370640232930787
188200.0	1000.0	1488.9518319583156	0.0	0	309.78575126017677	1688.9518319582567	1	0	1	1.6370640232930787
189200.0	1000.0	1488.9518319582703	0.0	0	322.92045607510954	1688.9518319582567	1	0	1	1.6370640232930787
190200.0	1000.0	1488.951831958296	0.0	0	233.82935554275173	1688.9518319582858	1	0	1	1.6370640232930769
191200.0	1000.0	1488.9518319583294	0.0	0	17.984621032344876	1688.9518319582858	1	0	1	1.6370640232930758
192200.0	1000.0	1488.9518319583349	0.0	0	219.98549540378735	1688.9518319583149	1	0	1	1.6370640232930729
193292.8582245444	1000.0	1396.0936074139415	0.0	0	0.0	1688.9518319583149	1	0	1	1.6370640232930729
194201.07298935187	1000.0	1487.8788426064875	0.0	0	0.0	1688.951831958344	1	0	1	1.63706402329307
195200.0	1000.0	1488.9518319583515	0.0	0	436.8769821149763	1688.951831958344	1	0	1	1.63706402329307
196200.0	1000.0	1488.9518319583647	0.0	0	354.9544327306212	1688.9518319583149	1	0	1	1.6370640232930715
197200.0	1000.0	1488.9518319583876	0.0	0	318.306956677814	1688.9518319583149	1	0	1	1.6370640232930715
198200.0	1000.0	1488.9518319583924	0.0	0	251.93558982468676	1688.9518319583149	1	0	1	1.6370640232930729
199200.0	1000.0	1488.951831958375	0.0	0	83.06595167412888	1688.9518319583149	1	0	1	1.6370640232930729
200200.0	1000.0	1488.9518319583922	0.0	0	418.16517697728705	1688.9518319583149	1	0	1	1.6370640232930729
201200.0	1000.0	1488.9518319583879	0.0	0	290.1833721465082	1688.9518319583149	1	0	1	1.6370640232930729
202222.47495482315	1000.0	1466.476877135252	0.0	0	0.0	1688.9518319583149	1	0	1	1.6370640232930729
203307.2167933735	1000.0	1381.7350385849252	0.0	0	0.0	1688.9518319583149	1	0	1	1.6370640232930729
204200.0	1000.0	1488.9518319584301	0.0	0	193.11005572933936	1688.9518319582858	1	0	1	1.6370640232930758
205200.0	1000.0	1488.9518319584342	0.0	0	358.57647123976494	1688.9518319582567	1	0	1	1.6370640232930775
206200.0	1000.0	1488.951831958451	0.0	0	453.84618962733657	1688.9518319582567	1	0	1	1.6370640232930787
207272.31989220277	1000.0	1416.6319397557102	0.0	0	0.0	1688.9518319582276	1	0	1	1.6370640232930809
208426.58378489644	1000.0	1262.368047062051	0.0	0	0.0	1688.9518319582276	1	0	1	1.6370640232930818
209230.210266166	1000.0	1458.741565792466	0.0	0	0.0	1688.9518319582276	1	0	1	1.6370640232930818
210200.0	1000.0	1488.9518319584488	0.0	0	182.8221375735011	1688.9518319582276	1	0	1	1.6370640232930818
211200.0	1000.0	1488.9518319584135	0.0	0	174.35750440441188	1688.9518319582276	1	0	1	1.6370640232930818
212200.0	1000.0	1488.9518319584113	0.0	0	337.6280838274397	1688.9518319582567	1	0	1	1.63706402329308
213200.0	1000.0	1488.9518319584317	0.0	0	120.76863706321456	1688.9518319582858	1	0	1	1.6370640232930769
214200.0	1000.0	1488.951831958431	0.0	0	118.82743332578684	1688.9518319582858	1	0	1	1.6370640232930758
215200.0	1000.0	1488.9518319584279	0.0	0	232.90281026047887	1688.9518319582858	1	0	1	1.6370640232930758
216443.17288796787	1000.0	1245.7789439905248	0.0	0	0.0	1688.9518319582858	1	0	1	1.6370640232930758
217495.2455725796	1000.0	1193.7062593787862	0.0	0	0.0	1688.9518319582858	1	0	1	1.6370640232930758
218211.98959886775	1000.0	1476.9622330906354	0.0	0	0.0	1688.9518319582858	1	0	1	1.6370640232930758
219200.0	1000.0	1488.9518319584072	0.0	0	251.89969462773297	1688.9518319582858	1	0	1	1.6370640232930758
220200.0	1000.0	1488.9518319583754	0.0	0	263.15093756624265	1688.9518319582567	1	0	1	1.6370640232930775
221507.1688322701	1000.0	1181.782999688255	0.0	0	0.0	1688.9518319582276	1	0	1	1.6370640232930818
222236.62485732825	1000.0	1452.3269746300996	0.0	0	0.0	1688.9518319582276	1	0	1	1.6370640232930818
223200.0	1000.0	1488.951831958369	0.0	0	311.67248515677056	1688.9518319582276	1	0	1	1.6370640232930818
224200.0	1000.0	1488.9518319583424	0.0	0	284.69538531731814	1688.9518319581985	1	0	1	1.6370640232930844
225280.89454364395	1000.0	1408.057288314361	0.0	0	0.0	1688.9518319581985	1	0	1	1.6370640232930844
226200.0	1000.0	1488.9518319583435	0.0	0	64.38292475460912	1688.9518319581694	1	0	1	1.6370640232930875
227200.0	1000.0	1488.9518319583217	0.0	0	505.01266752619995	1688.9518319581694	1	0	1	1.6370640232930875
228200.0	1000.0	1488.9518319583306	0.0	0	321.5280070026929	1688.9518319581694	1	0	1	1.6370640232930875
229200.0	1000.0	1488.951831958336	0.0	0	140.41003523857216	1688.9518319581111	1	0	1	1.6370640232930926
230200.0	1000.0	1488.9518319583105	0.0	0	270.11393000822864	1688.9518319581111	1	0	1	1.6370640232930933
231200.0	1000.0	1488.9518319583187	0.0	0	422.6146767428145	1688.9518319581111	1	0	1	1.6370640232930933
232200.0	1000.0	1488.9518319583055	0.0	0	582.3557602637447	1688.951831958082	1	0	1	1.637064023293096
233200.0	2000.0	1488.9518319583362	0.0	0	45.183897124254145	1688.9518319581111	1	0	1	1.9836376135730656
234316.0243844665	2000.0	1372.9274474918357	0.0	0	0.0	1688.9518319581111	1	0	1	2.676784794133011
235200.0	1000.0	1488.9518319583487	0.0	0	302.11044568684883	1688.9518319581111	1	0	1	0.9439168427331481
236200.0	1000.0	1488.951831958353	0.0	0	77.208818566025	1688.9518319581402	1	0	1	1.6370640232930902
237200.0	1000.0	1488.9518319583576	0.0	0	124.80310000860482	1688.9518319581111	1	0	1	1.6370640232930933
238200.0	1000.0	1488.9518319583842	0.0	0	361.4609754495905	1688.9518319581111	1	0	1	1.6370640232930933
239200.0	1000.0	1488.9518319583924	0.0	0	242.1138697519491	1688.9518319581111	1	0	1	1.6370640232930933
241069.88461465953	1000.0	619.0672172988898	0.0	0	0.0	1688.9518319581111	1	0	1	1.6370640232930933
241759.21317514806	500.0	929.738656810371	0.0	0	0.0	1688.9518319581402	1	0	1	-0.0958039281067733
242453.73659960972	500.0	1235.215232348699	0.0	0	0.0	1688.9518319581402	1	0	1	0.5973432524531721
243200.0	500.0	1488.9518319584508	0.0	0	205.27239817287773	1688.9518319581402	1	0	1	0.5973432524531721
244200.0	1000.0	1488.9518319584465	0.0	0	228.57303974113893	1688.9518319581111	1	0	1	0.9439168427331472
245239.19786555125	1000.0	1449.7539664072349	0.0	0	0.0	1688.9518319581402	1	0	1	1.6370640232930902
246338.15657233045	1000.0	1350.7952596280616	0.0	0	0.0	1688.9518319581402	1	0	1	1.6370640232930902
247215.99169889206	1000.0	1472.960133066464	0.0	0	0.0	1688.9518319581402	1	0	1	1.6370640232930902
248200.0	1000.0	1488.951831958525	0.0	0	113.57523420260986	1688.9518319581402	1	0	1	1.6370640232930895
249200.0	1000.0	1488.9518319584965	0.0	0	60.212781747599365	1688.9518319581402	1	0	1	1.6370640232930902
250200.0	1000.0	1488.9518319585266	0.0	0	229.17159454119974	1688.9518319581111	1	0	1	1.6370640232930926
251200.0	1000.0	1488.9518319585022	0.0	0	158.94239493069472	1688.9518319581111	1	0	1	1.6370640232930933
252200.0	1000.0	1488.9518319584988	0.0	0	161.92133147086133	1688.9518319581402	1	0	1	1.6370640232930902
253200.0	1000.0	1488.951831958527	0.0	0	44.38606322929263	1688.9518319581111	1	0	1	1.6370640232930933
254200.0	1000.0	1488.951831958513	0.0	0	379.8336376649095	1688.9518319581111	1	0	1	1.6370640232930933
255200.0	1000.0	1488.9518319585102	0.0	0	399.45617478495114	1688.951831958082	1	0	1	1.637064023293096
256200.0	1000.0	1488.9518319585081	0.0	0	107.17909894275363	1688.951831958082	1	0	1	1.637064023293096
257200.0	1000.0	1488.9518319585254	0.0	0	118.71714894461911	1688.951831958082	1	0	1	1.6370640232930964
258200.0	1000.0	1488.951831958505	0.0	0	212.63733931764727	1688.9518319580238	1	0	1	1.6370640232931015
259200.0	1000.0	1488.951831958497	0.0	0	139.12985850431141	1688.9518319580238	1	0	1	1.637064023293102
260200.0	1000.0	1488.9518319585184	0.0	0	26.966362499573734	1688.9518319580238	1	0	1	1.6370640232931015
261763.15192050938	1000.0	925.7999114490963	0.0	0	0.0	1688.9518319579947	1	0	1	1.6370640232931049
262200.0	500.0	1488.951831958481	0.0	0	133.22528447204968	1688.9518319579947	1	0	1	-0.0958039281067587
263200.0	1000.0	1488.9518319585175	0.0	0	157.52800452092197	1688.951831958053	1	0	1	0.9439168427331571
264200.0	1000.0	1488.9518319584856	0.0	0	285.18901189632015	1688.9518319580238	1	0	1	1.6370640232931009
265200.0	1000.0	1488.9518319584633	0.0	0	232.58531894598855	1688.9518319580238	1	0	1	1.637064023293102
266200.0	1000.0	1488.9518319584959	0.0	0	334.93875276338076	1688.9518319580238	1	0	1	1.637064023293102
269002.84889333154	2000.0	200.0	513.8970613730512	0	0.0	2202.8488933315384	1	0	1	-1.1320911922059922
269225.5987457858	300.0	977.2501475456454	0.0	0	0.0	2202.8488933315384	1	0	1	-2.117404874219035
271200.0	1000.0	259.64014547817294	324.3545435750726	0	293.8310937950155	459.64014547818806	1	0	2	-1.793848445599533
272200.0	300.0	2359.6401454782053	0.0	0	612.9214129280299	2559.6401454782463	1	0	0	-1.8559368188737586
276249.03856914	2000.0	200.0	994.8202550689086	0	0.0	1449.0385691400152	1	0	2	-5.753737670578842
276539.9089697594	300.0	909.1295993805838	0.0	0	0.0	1449.0385691400152	1	0	1	-2.242023841799882
277200.0	500.0	1249.0385691400015	0.0	0	242.9226814743015	1449.0385691400152	1	0	1	0.11050895496899399
278217.8279145682	1000.0	1231.21065457179	0.0	0	0.0	1449.0385691400152	1	0	1	0.9679081690149562
279200.0	1000.0	1249.038569139984	0.0	0	55.92096124193631	1449.0385691400152	1	0	1	1.6610553495749028
280982.25643389917	1000.0	466.7821352408848	0.0	0	0.0	1449.0385691400734	1	0	1	1.661055349574897
281334.8062570838	300.0	1114.2323120562442	0.0	0	0.0	1449.0385691400734	1	0	1	-1.3488766612399432
282200.0	500.0	1249.0385691400224	0.0	0	390.3837431994034	1449.0385691400734	1	0	1	0.11050895496898816
283200.0	500.0	1249.0385691400077	0.0	0	540.6823583711521	1449.0385691401316	1	0	1	0.6213345787349753
284200.0	500.0	1249.0385691399235	0.0	0	482.3248880949686	1449.0385691401316	1	0	1	0.6213345787349731
285200.0	500.0	1249.0385691399738	0.0	0	335.8628595400369	1449.0385691401316	1	0	1	0.6213345787349731
286200.0	1000.0	1249.0385691399572	0.0	0	105.85870194685413	1449.0385691401898	1	0	1	0.9679081690149399
287200.0	1000.0	1249.0385691399456	0.0	0	391.31185074930545	1449.0385691401316	1	0	1	1.661055349574889
288200.0	1000.0	1249.038569139969	0.0	0	245.74751899036346	1449.0385691400734	1	0	1	1.6610553495748959
289200.0	1000.0	1249.0385691399806	0.0	0	13.71002807613695	1449.0385691401316	1	0	1	1.6610553495748912
290200.0	1000.0	1249.038569139962	0.0	0	11.919981945422478	1449.0385691401898	1	0	1	1.6610553495748865
291200.0	1000.0	1249.0385691399142	0.0	0	36.12641150224954	1449.0385691401898	1	0	1	1.6610553495748852
292200.0	1000.0	1249.038569139894	0.0	0	135.4386080058175	1449.0385691401898	1	0	1	1.6610553495748852
293200.0	1000.0	1249.0385691398387	0.0	0	386.7977965520113	1449.0385691401898	1	0	1	1.6610553495748852
294200.0	1000.0	1249.0385691397864	0.0	0	61.6997609618702	1449.0385691401898	1	0	1	1.6610553495748852
295689.91096868727	1000.0	759.1276004525672	0.0	0	0.0	1449.0385691401898	1	0	1	1.6610553495748888
296200.0	500.0	1249.038569139866	0.0	0	25.133822912641335	1449.038569140248	1	0	1	-0.07181260182498406
297200.0	1000.0	1249.0385691399056	0.0	0	90.47080706426641	1449.038569140248	1	0	1	0.967908169014934
298200.0	1000.0	1249.0385691399272	0.0	0	207.9135411796742	1449.038569140248	1	0	1	1.6610553495748794
299713.40091662895	1000.0	735.6376525109713	0.0	0	0.0	1449.038569140248	1	0	1	1.6610553495748748
300423.1368237973	500.0	1025.901745342665	0.0	0	0.0	1449.038569140248	1	0	1	-0.07181260182498406
301200.0	500.0	1249.038569139968	0.0	0	78.12275623966707	1449.0385691403062	1	0	1	0.6213345787349556
302219.8451060808	1000.0	1229.1934630591215	0.0	0	0.0	1449.0385691403062	1	0	1	0.9679081690149283
303200.0	500.0	1249.038569139905	0.0	0	595.6703673123266	1449.0385691403062	1	0	1	-0.07181260182498983
304200.0	500.0	1249.0385691398621	0.0	0	592.5480743019143	1449.0385691403062	1	0	1	0.6213345787349556
305200.0	1000.0	1249.038569139755	0.0	0	12.777398622303735	1449.038569140248	1	0	1	0.967908169014934
306200.0	1000.0	1249.0385691397723	0.0	0	277.80262848042184	1449.038569140248	1	0	1	1.6610553495748794
307200.0	1000.0	1249.0385691397678	0.0	0	129.3896503954311	1449.0385691401898	1	0	1	1.6610553495748843
308263.4759895204	1000.0	1185.5625796193863	0.0	0	0.0	1449.038569140248	1	0	1	1.6610553495748794
309200.0	1000.0	1249.0385691397214	0.0	0	274.53115468961187	1449.038569140248	1	0	1	1.6610553495748794
310200.0	1000.0	1249.03856913973	0.0	0	369.38050383894006	1449.038569140248	1	0	1	1.6610553495748794
1.64	1.36	1.51	1.16	1.1	1.25	0.74	1.14	1.03	1.05	1.31	1.69	0.98	0.81	0.9	1.04	0.93	1.11	0.9	1.14	0.6	0.79	1.24	1.09	1.23	0.92	0.94	1.29	1.14	1.11	1.27	1.52	1.82	1.67	1.03	1.14	0.66	1.74	1.32	1.37	1.49	1.22	1.41	1.34	1.11	1.37	1.05	1.81	2.33	1.64	1.05	0.97	1.16	1.36	1.34	1.54	0.96	1.04	1.25	1.04	1.05	1.25	1.59	0.96	0.7	1.45	1.58	1.11	1.32	1.55	1.83	1.46	1.3	1.49	2.14	1.68	1.68	1.62	1.25	1.11	1.18	1.4	0.61	0.66	0.79	0.98	1.41	1.71	0.81	0.89	1.03	0.87	0.82	1.27	1.33	1.05	1.49	1.27	1.51	1.2	1.45	1.73	1.23	0.89	0.68	1.66	1.41	1.64	1.74	1.25	0.53	0.97	1.29	0.87	0.81	1.12	1.26	1.63	0.94	0.78	0.63	0.98	1.31	1.1	0.88	1.14	1.54	1.99	1.72	1.1	0.71	1.33	1.39	1.16	1.71	0.5	1.12	1.53	1.27	0.71	0.88	1.0	1.3	1.47	1.49	1.34	1.59	1.26	1.04	1.59	1.64	1.36	1.51	1.16	1.1	1.25	0.74	1.14	1.03	1.05	1.31	1.69	0.98	0.81	0.9	1.04	0.93	1.11	0.9	1.14	0.6	0.79	1.24	1.09	1.23	0.92	0.94	1.29	1.14	1.11	1.27	1.52	1.82	1.67	1.03	1.14	0.66	1.74	1.32	1.37	1.49	1.22	1.41	1.34	1.11	1.37	1.05	1.81	2.33	1.64	1.05	0.97	1.16	1.36	1.34	1.54	0.96	1.04	1.25	1.04	1.05	1.25	1.59	0.96	0.7	1.45	1.58	1.11	1.32	1.55	1.83	1.46	1.3	1.49	2.14	1.68	1.68	1.62	1.25	1.11	1.18	1.4	0.61	0.66	0.79	0.98	1.41	1.71	0.81	0.89	1.03	0.87	0.82	1.27	1.33	1.05	1.49	1.27	1.51	1.2	1.45	1.73	1.23	0.89	0.68	1.66	1.41	1.64	1.74	1.25	0.53	0.97	1.29	0.87	0.81	1.12	1.26	1.63	0.94	0.78	0.63	0.98	1.31	1.1	0.88	1.14	1.54	1.99	1.72	1.1	0.71	1.33	1.39	1.16	1.71	0.5	1.12	1.53	1.27	0.71	0.88	1.0	1.3	1.47	1.49	1.34	1.59	1.26	1.04	1.59	1.64	1.36	1.51	1.16	1.1	1.25	0.74	1.14	1.03	1.05	1.31	1.69
1.0	2.0	3.0	4.0	5.0	6.0	7.0	8.0	9.0	10.0	11.0	12.0	13.0	14.0	15.0	16.0	17.0	18.0	19.0	20.0	21.0	22.0	23.0	24.0	25.0	26.0	27.0	28.0	29.0	30.0	31.0	32.0	33.0	34.0	35.0	36.0	37.0	38.0	39.0	40.0	41.0	42.0	43.0	44.0	45.0	46.0	47.0	48.0	49.0	50.0	51.0	52.0	53.0	54.0	55.0	56.0	57.0	58.0	59.0	60.0	61.0	62.0	63.0	64.0	65.0	66.0	67.0	68.0	69.0	70.0	71.0	72.0	73.0	74.0	75.0	76.0	77.0	78.0	79.0	80.0	81.0	82.0	83.0	84.0	85.0	86.0	87.0	88.0	89.0	90.0	91.0	92.0	93.0	94.0	95.0	96.0	97.0	98.0	99.0	100.0	101.0	102.0	103.0	104.0	105.0	106.0	107.0	108.0	109.0	110.0	111.0	112.0	113.0	114.0	115.0	116.0	117.0	118.0	119.0	120.0	121.0	122.0	123.0	124.0	125.0	126.0	127.0	128.0	129.0	130.0	131.0	132.0	133.0	134.0	135.0	136.0	137.0	138.0	139.0	140.0	141.0	142.0	143.0	144.0	145.0	146.0	147.0	148.0	149.0	149.0	150.0	151.0	152.0	153.0	154.0	155.0	156.0	157.0	158.0	159.0	160.0	161.0	162.0	163.0	164.0	165.0	166.0	167.0	168.0	169.0	170.0	171.0	172.0	173.0	174.0	175.0	176.0	177.0	178.0	179.0	180.0	181.0	182.0	183.0	184.0	185.0	186.0	187.0	188.0	189.0	190.0	191.0	192.0	193.0	194.0	195.0	196.0	197.0	198.0	199.0	200.0	201.0	202.0	203.0	204.0	205.0	206.0	207.0	208.0	209.0	210.0	211.0	212.0	213.0	214.0	215.0	216.0	217.0	218.0	219.0	220.0	221.0	222.0	223.0	224.0	225.0	226.0	227.0	228.0	229.0	230.0	231.0	232.0	233.0	234.0	235.0	236.0	237.0	238.0	239.0	240.0	241.0	242.0	243.0	244.0	245.0	246.0	247.0	248.0	249.0	250.0	251.0	252.0	253.0	254.0	255.0	256.0	257.0	258.0	259.0	260.0	261.0	262.0	263.0	264.0	265.0	266.0	267.0	268.0	269.0	270.0	271.0	272.0	273.0	274.0	275.0	276.0	277.0	278.0	279.0	280.0	281.0	282.0	283.0	284.0	285.0	286.0	287.0	288.0	289.0	290.0	291.0	292.0	293.0	294.0	295.0	296.0	297.0	298.0	298.0	299.0	300.0	301.0	302.0	303.0	304.0	305.0	306.0	307.0	308.0	309.0	310.0
2278.305041268476
