2631.728388049855	300.0	2000.0	233.49966402408558	0	0.0	2631.728388049855	1	0	1	-1.6586749155197409
5200.0	1000.0	331.6999999999999	0.0	0	266.41187825936686	531.6999999999989	1	0	2	0.14505030851085093
6200.0	300.0	2431.7	0.0	0	676.6286697782161	2631.699999999999	1	0	0	-1.8631428043259362
9502.925932081742	2000.0	388.36276584129723	354.43753739201344	0	0.0	891.2886979230389	1	0	2	-1.8699549348196451
10200.0	300.0	2760.9961047148645	0.0	0	506.7477588242291	2960.9961047148645	1	0	0	-2.589730564208477
13200.0	2000.0	660.996104714865	0.0	0	2.1230117517134204	860.9961047148608	1	0	2	0.2596967431115329
14200.0	500.0	2760.996104714866	0.0	0	698.8103452007981	2960.996104714861	1	0	0	-1.3121555359423906
18104.6794654996	2000.0	200.0	485.5920975769928	0	0.0	1304.679465499601	1	0	2	-2.1675819129743505
18331.994751808445	300.0	972.6847136911557	0.0	0	0.0	1304.679465499601	1	0	1	-2.227587931435841
19677.49537029234	1000.0	627.1840952072588	0.0	0	0.0	1304.679465499601	1	0	1	0.4715184556130081
20200.0	500.0	1104.6794654996008	0.0	0	99.74646907476563	1304.679465499601	1	0	1	-0.05737669146091934
21292.738805228677	1000.0	1011.9406602709246	0.0	0	0.0	1304.679465499601	1	0	1	0.9823440793789989
22200.0	500.0	1104.6794654996033	0.0	0	565.9498285079317	1304.679465499601	1	0	1	-0.05737669146091934
23200.0	500.0	1104.679465499604	0.0	0	687.2001660679525	1304.6794654995974	1	0	1	0.6357704890990266
24200.0	1000.0	1104.679465499606	0.0	0	253.31096239873295	1304.6794654995974	1	0	1	0.9823440793789993
25200.0	1000.0	1104.6794654996077	0.0	0	630.9020415753403	1304.679465499601	1	0	1	1.6754912599389442
26200.0	1000.0	1104.6794654996106	0.0	0	274.71455320675886	1304.679465499601	1	0	1	1.6754912599389442
27283.958492603044	1000.0	1020.7209728965634	0.0	0	0.0	1304.679465499601	1	0	1	1.6754912599389442
28200.0	1000.0	1104.679465499607	0.0	0	372.18532915505784	1304.6794654995974	1	0	1	1.6754912599389447
29200.0	1000.0	1104.6794654996058	0.0	0	520.6890251490586	1304.679465499601	1	0	1	1.6754912599389442
30200.0	1000.0	1104.6794654996045	0.0	0	399.12205151460876	1304.679465499601	1	0	1	1.6754912599389442
31200.0	1000.0	1104.6794654996029	0.0	0	258.5432973111783	1304.6794654995974	1	0	1	1.6754912599389447
32200.0	1000.0	1104.6794654996083	0.0	0	116.84220479647774	1304.679465499601	1	0	1	1.6754912599389442
33200.0	1000.0	1104.6794654996122	0.0	0	87.10522636839596	1304.679465499601	1	0	1	1.6754912599389442
34200.0	1000.0	1104.679465499615	0.0	0	216.04442195945012	1304.6794654995974	1	0	1	1.6754912599389447
35200.0	1000.0	1104.6794654996202	0.0	0	456.859435856888	1304.6794654996047	1	0	1	1.6754912599389438
36200.0	1000.0	1104.6794654996206	0.0	0	353.87471236313286	1304.6794654996047	1	0	1	1.6754912599389438
37200.0	1000.0	1104.6794654996208	0.0	0	373.4456369394611	1304.6794654996047	1	0	1	1.6754912599389438
38200.0	1000.0	1104.6794654996331	0.0	0	65.02085590820934	1304.6794654996047	1	0	1	1.6754912599389438
39200.0	1000.0	1104.679465499636	0.0	0	244.9149125197291	1304.6794654996047	1	0	1	1.6754912599389438
40200.0	1000.0	1104.6794654996397	0.0	0	456.5299566526155	1304.6794654996047	1	0	1	1.6754912599389438
41200.0	1000.0	1104.6794654996281	0.0	0	627.5221625317572	1304.6794654995974	1	0	1	1.6754912599389447
42200.0	1000.0	1104.6794654996243	0.0	0	383.3951914501886	1304.6794654995902	1	0	1	1.6754912599389455
43200.0	1000.0	1104.6794654996309	0.0	0	272.30694278897863	1304.6794654995902	1	0	1	1.6754912599389455
44462.44270355112	1000.0	842.2367619485217	0.0	0	0.0	1304.6794654995902	1	0	1	1.6754912599389455
45200.0	1000.0	1104.6794654996334	0.0	0	109.24845097588695	1304.6794654995902	1	0	1	1.6754912599389455
46200.0	1000.0	1104.6794654996286	0.0	0	382.6925596331421	1304.6794654995902	1	0	1	1.6754912599389455
47200.0	1000.0	1104.6794654996193	0.0	0	249.03606547148956	1304.6794654995902	1	0	1	1.6754912599389455
48200.0	1000.0	1104.6794654996165	0.0	0	383.93543896949996	1304.6794654995829	1	0	1	1.675491259938946
49200.0	1000.0	1104.6794654996127	0.0	0	35.72664296727453	1304.6794654995756	1	0	1	1.6754912599389469
50323.59298238418	1000.0	981.0864831154486	0.0	0	0.0	1304.6794654995829	1	0	1	1.675491259938946
51200.0	1000.0	1104.679465499632	0.0	0	83.64693024777807	1304.6794654995829	1	0	1	1.675491259938946
52200.0	1000.0	1104.679465499625	0.0	0	312.8000799316942	1304.6794654995829	1	0	1	1.675491259938946
53200.0	1000.0	1104.6794654996154	0.0	0	424.31335397277144	1304.6794654995829	1	0	1	1.675491259938946
54200.0	1000.0	1104.679465499616	0.0	0	232.5149213461409	1304.6794654995902	1	0	1	1.6754912599389455
55200.0	1000.0	1104.6794654996202	0.0	0	429.2930514405307	1304.6794654995902	1	0	1	1.6754912599389455
56200.0	1000.0	1104.6794654996213	0.0	0	461.3167955666504	1304.6794654995902	1	0	1	1.6754912599389455
57200.0	1000.0	1104.6794654996204	0.0	0	272.6412950013764	1304.6794654995902	1	0	1	1.6754912599389455
58200.0	1000.0	1104.6794654996288	0.0	0	181.8621801002737	1304.6794654995902	1	0	1	1.6754912599389455
59200.0	1000.0	1104.6794654996331	0.0	0	372.29497698564955	1304.6794654995974	1	0	1	1.6754912599389447
60200.0	1000.0	1104.679465499632	0.0	0	122.68313977661455	1304.6794654995974	1	0	1	1.6754912599389447
61200.0	1000.0	1104.6794654996283	0.0	0	380.79875528071716	1304.6794654996047	1	0	1	1.6754912599389438
62200.0	1000.0	1104.679465499628	0.0	0	214.3084137062251	1304.6794654996047	1	0	1	1.6754912599389438
63200.0	1000.0	1104.6794654996297	0.0	0	339.11695829829114	1304.6794654996047	1	0	1	1.6754912599389438
64200.0	1000.0	1104.6794654996293	0.0	0	405.3159455455607	1304.6794654996047	1	0	1	1.6754912599389438
65200.0	1000.0	1104.6794654996359	0.0	0	380.9945216874985	1304.6794654996047	1	0	1	1.6754912599389438
66200.0	1000.0	1104.6794654996295	0.0	0	635.2568927474567	1304.6794654995902	1	0	1	1.6754912599389447
67200.0	1000.0	1104.6794654996381	0.0	0	569.5209931683785	1304.6794654995902	1	0	1	1.675491259938946
68200.0	1000.0	1104.679465499644	0.0	0	199.50642456678906	1304.6794654996047	1	0	1	1.6754912599389438
69200.0	1000.0	1104.679465499641	0.0	0	494.14234360890987	1304.6794654996047	1	0	1	1.6754912599389438
70200.0	1000.0	1104.6794654996215	0.0	0	273.2785226513806	1304.6794654996047	1	0	1	1.6754912599389438
71200.0	1000.0	1104.6794654996165	0.0	0	297.6544008089113	1304.6794654996047	1	0	1	1.6754912599389438
72200.0	1000.0	1104.679465499611	0.0	0	460.3122866854392	1304.6794654996047	1	0	1	1.6754912599389438
73200.0	1000.0	1104.679465499611	0.0	0	55.494581243925495	1304.6794654996047	1	0	1	1.6754912599389438
74200.0	1000.0	1104.67946549961	0.0	0	228.76433300385543	1304.6794654996047	1	0	1	1.6754912599389438
75200.0	1000.0	1104.6794654996027	0.0	0	128.29507823454333	1304.6794654995902	1	0	1	1.675491259938945
76200.0	1000.0	1104.6794654996088	0.0	0	351.67957666754955	1304.6794654995756	1	0	1	1.6754912599389469
77200.0	1000.0	1104.6794654996006	0.0	0	320.7638450821105	1304.6794654995756	1	0	1	1.6754912599389469
78200.0	1000.0	1104.679465499603	0.0	0	395.90214414682123	1304.6794654995756	1	0	1	1.6754912599389469
79200.0	1000.0	1104.6794654996113	0.0	0	420.96767024828296	1304.6794654995902	1	0	1	1.6754912599389455
80200.0	1000.0	1104.679465499618	0.0	0	585.5834542341181	1304.6794654995902	1	0	1	1.6754912599389455
81200.0	1000.0	1104.6794654996254	0.0	0	370.1172859323269	1304.6794654995902	1	0	1	1.6754912599389455
82200.0	1000.0	1104.6794654996106	0.0	0	77.67235805235396	1304.6794654995902	1	0	1	1.6754912599389455
83291.51216724118	1000.0	1013.1672982584322	0.0	0	0.0	1304.6794654996047	1	0	1	1.6754912599389438
84215.18584323951	1000.0	1089.4936222600907	0.0	0	0.0	1304.6794654995902	1	0	1	1.6754912599389455
85200.0	1000.0	1104.6794654996072	0.0	0	260.58019347114896	1304.6794654995902	1	0	1	1.6754912599389455
86200.0	1000.0	1104.6794654996106	0.0	0	116.19886666256934	1304.6794654995902	1	0	1	1.6754912599389455
87200.0	1000.0	1104.679465499612	0.0	0	173.62801108672284	1304.6794654995902	1	0	1	1.6754912599389455
88200.0	1000.0	1104.6794654996168	0.0	0	502.22584248635394	1304.6794654995756	1	0	1	1.6754912599389469
89200.0	1000.0	1104.6794654996293	0.0	0	291.8676704493555	1304.6794654995756	1	0	1	1.6754912599389469
90200.0	1000.0	1104.679465499608	0.0	0	35.21373549399141	1304.6794654995756	1	0	1	1.6754912599389469
91200.0	1000.0	1104.6794654996063	0.0	0	363.4678960786114	1304.6794654995756	1	0	1	1.6754912599389469
92200.0	1000.0	1104.679465499612	0.0	0	522.3997124885791	1304.6794654995756	1	0	1	1.6754912599389469
93200.0	1000.0	1104.6794654996042	0.0	0	565.0523641560576	1304.6794654995756	1	0	1	1.6754912599389469
94200.0	1000.0	1104.6794654996056	0.0	0	338.10087098889926	1304.6794654995756	1	0	1	1.6754912599389469
95200.0	1000.0	1104.6794654996163	0.0	0	106.46317549084779	1304.6794654995756	1	0	1	1.6754912599389469
96200.0	1000.0	1104.679465499623	0.0	0	110.24216090980917	1304.6794654995756	1	0	1	1.6754912599389469
97200.0	1000.0	1104.6794654996356	0.0	0	400.8800143709959	1304.679465499561	1	0	1	1.6754912599389482
98200.0	1000.0	1104.6794654996359	0.0	0	441.50016768748173	1304.679465499561	1	0	1	1.6754912599389482
99200.0	1000.0	1104.6794654996406	0.0	0	166.93319331314706	1304.679465499561	1	0	1	1.6754912599389482
100200.0	1000.0	1104.6794654996313	0.0	0	332.1888376990537	1304.679465499561	1	0	1	1.6754912599389482
101200.0	1000.0	1104.6794654996327	0.0	0	592.5812806768517	1304.6794654995756	1	0	1	1.6754912599389469
102200.0	1000.0	1104.6794654996486	0.0	0	595.8499273419147	1304.6794654995756	1	0	1	1.6754912599389469
103200.0	1000.0	1104.6794654996513	0.0	0	629.6364095078461	1304.6794654995756	1	0	1	1.6754912599389469
104386.02795464733	2000.0	918.6515108523168	0.0	0	0.0	1304.6794654995756	1	0	1	2.0220648502189196
105200.0	1000.0	1104.6794654996372	0.0	0	297.7828144693776	1304.679465499561	1	0	1	0.982344079379003
106200.0	1000.0	1104.6794654996374	0.0	0	430.42236775899073	1304.679465499561	1	0	1	1.6754912599389482
107200.0	1000.0	1104.6794654996388	0.0	0	76.56629243661882	1304.6794654995465	1	0	1	1.6754912599389495
108200.0	1000.0	1104.6794654996327	0.0	0	375.5235842485272	1304.6794654995465	1	0	1	1.6754912599389495
109200.0	1000.0	1104.6794654996254	0.0	0	356.85690115189936	1304.6794654995465	1	0	1	1.6754912599389495
110200.0	1000.0	1104.6794654996206	0.0	0	65.18258819506445	1304.6794654995465	1	0	1	1.6754912599389495
111200.0	1000.0	1104.6794654996193	0.0	0	348.5298082752852	1304.679465499532	1	0	1	1.6754912599389509
112200.0	1000.0	1104.6794654996181	0.0	0	354.74117802661203	1304.679465499532	1	0	1	1.6754912599389509
113200.0	1000.0	1104.679465499623	0.0	0	562.9338801663689	1304.679465499532	1	0	1	1.6754912599389509
114200.0	1000.0	1104.6794654996265	0.0	0	680.2284655709955	1304.679465499532	1	0	1	1.6754912599389509
115200.0	1000.0	1104.6794654996297	0.0	0	738.6192512853158	1304.679465499532	1	0	1	1.6754912599389509
116200.0	2000.0	1104.6794654996324	0.0	0	137.44657009327784	1304.679465499532	1	0	1	2.022064850218924
117200.0	2000.0	1104.6794654996288	0.0	0	104.8227987967548	1304.679465499532	1	0	1	2.715212030778869
118200.0	2000.0	1104.6794654996384	0.0	0	302.84170764288865	1304.679465499532	1	0	1	2.715212030778869
119200.0	2000.0	1104.6794654996424	0.0	0	192.46556903401506	1304.679465499532	1	0	1	2.715212030778869
120200.0	2000.0	1104.6794654996645	0.0	0	592.0443419963703	1304.679465499532	1	0	1	2.715212030778869
121200.0	2000.0	1104.6794654996788	0.0	0	294.7303031097981	1304.6794654995465	1	0	1	2.7152120307788676
122200.0	3000.0	1104.6794654996966	0.0	0	18.847526921599638	1304.6794654995465	1	0	1	2.91794458483295
123538.2220678378	2000.0	766.4573976618822	0.0	0	0.0	1304.679465499532	1	0	1	2.3097469226707044
124200.0	1000.0	1104.6794654996966	0.0	0	63.74801994812151	1304.679465499532	1	0	1	0.9823440793790058
125290.54396758923	2000.0	1014.1354979104728	0.0	0	0.0	1304.6794654995174	1	0	1	2.0220648502189253
126200.0	2000.0	1104.6794654996875	0.0	0	62.469796378863975	1304.6794654995028	1	0	1	2.715212030778872
127200.0	1000.0	1104.679465499683	0.0	0	619.7120165203087	1304.6794654995174	1	0	1	0.9823440793790075
128200.0	1000.0	1104.6794654996957	0.0	0	577.7887136639765	1304.6794654995174	1	0	1	1.6754912599389526
129200.0	1000.0	1104.6794654997038	0.0	0	573.6519515077525	1304.679465499532	1	0	1	1.6754912599389509
130200.0	2000.0	1104.6794654996997	0.0	0	269.65380138898036	1304.679465499532	1	0	1	2.022064850218924
131200.0	2000.0	1104.6794654996754	0.0	0	115.18116608528362	1304.6794654995174	1	0	1	2.7152120307788703
132200.0	2000.0	1104.6794654996556	0.0	0	171.38755812731688	1304.6794654995028	1	0	1	2.715212030778871
133254.2749429809	2000.0	1050.404522518743	0.0	0	0.0	1304.6794654995028	1	0	1	2.715212030778872
134252.82783427948	2000.0	1051.8516312201632	0.0	0	0.0	1304.6794654995028	1	0	1	2.715212030778872
135200.0	2000.0	1104.6794654996565	0.0	0	390.89514814471477	1304.6794654995028	1	0	1	2.715212030778872
136200.0	2000.0	1104.679465499677	0.0	0	271.57899227624875	1304.6794654995028	1	0	1	2.715212030778872
137200.0	2000.0	1104.6794654997013	0.0	0	308.1158566091326	1304.679465499532	1	0	1	2.7152120307788707
138200.0	2000.0	1104.6794654997168	0.0	0	537.2794989028771	1304.679465499532	1	0	1	2.715212030778869
139502.36123913922	3000.0	802.3182263604837	0.0	0	0.0	1304.679465499532	1	0	1	2.9179445848329504
140369.06783463544	2000.0	935.6116308642779	0.0	0	0.0	1304.679465499561	1	0	1	2.3097469226707017
141738.4985921879	2000.0	566.1808733118191	0.0	0	0.0	1304.6794654995902	1	0	1	2.715212030778863
142583.06633123607	1000.0	721.6131342636817	0.0	0	0.0	1304.6794654995902	1	0	1	0.9823440793790003
143400.41743785996	1000.0	904.2620276397533	0.0	0	0.0	1304.6794654995902	1	0	1	1.6754912599389455
144412.7046302496	1000.0	891.9748352501532	0.0	0	0.0	1304.6794654995902	1	0	1	1.6754912599389455
145200.0	1000.0	1104.6794654997711	0.0	0	102.20894032306387	1304.6794654995902	1	0	1	1.6754912599389455
146200.0	1000.0	1104.679465499747	0.0	0	453.48274750550627	1304.6794654995902	1	0	1	1.6754912599389455
147200.0	1000.0	1104.679465499757	0.0	0	363.25610320465057	1304.6794654995902	1	0	1	1.6754912599389455
148200.0	1000.0	1104.6794654997307	0.0	0	428.59925196442055	1304.6794654995902	1	0	1	1.6754912599389455
149200.0	1000.0	1104.6794654997352	0.0	0	303.6626325715042	1304.6794654995902	1	0	1	1.6754912599389455
150200.0	1000.0	1104.6794654997382	0.0	0	512.5319550528657	1304.6794654996193	1	0	1	1.6754912599389424
151200.0	1000.0	1104.679465499741	0.0	0	450.4684010313649	1304.6794654996193	1	0	1	1.6754912599389424
152200.0	1000.0	1104.679465499741	0.0	0	605.6101361621404	1304.6794654996193	1	0	1	1.6754912599389424
153200.0	1000.0	1104.6794654997207	0.0	0	697.6091571514553	1304.6794654996193	1	0	1	1.6754912599389424
154200.0	2000.0	1104.6794654997236	0.0	0	191.57856446670485	1304.6794654996193	1	0	1	2.022064850218915
155321.02034247754	2000.0	983.6591230221771	0.0	0	0.0	1304.6794654996193	1	0	1	2.71521203077886
156200.0	1000.0	1104.6794654997075	0.0	0	3.3786127856583335	1304.6794654995902	1	0	1	0.9823440793790003
157200.0	1000.0	1104.6794654996786	0.0	0	299.69560589440516	1304.6794654995902	1	0	1	1.6754912599389455
158200.0	1000.0	1104.6794654996647	0.0	0	242.05814103153534	1304.6794654995902	1	0	1	1.6754912599389455
159200.0	1000.0	1104.6794654996665	0.0	0	368.0596565371379	1304.6794654996193	1	0	1	1.6754912599389424
160200.0	1000.0	1104.679465499696	0.0	0	433.9368580059963	1304.6794654996193	1	0	1	1.6754912599389424
161200.0	1000.0	1104.6794654996795	0.0	0	13.677700814674608	1304.6794654996484	1	0	1	1.6754912599389407
162200.0	1000.0	1104.679465499676	0.0	0	46.46123387024272	1304.6794654996484	1	0	1	1.6754912599389395
163200.0	1000.0	1104.679465499685	0.0	0	569.1097299948451	1304.6794654996484	1	0	1	1.6754912599389395
164200.0	1000.0	1104.6794654997254	0.0	0	520.863328419684	1304.6794654996484	1	0	1	1.6754912599389395
165200.0	1000.0	1104.6794654997361	0.0	0	367.6857701750123	1304.6794654996484	1	0	1	1.6754912599389395
166200.0	1000.0	1104.6794654997384	0.0	0	113.82756208529463	1304.6794654996775	1	0	1	1.675491259938938
167200.0	1000.0	1104.6794654997198	0.0	0	324.3426371694368	1304.6794654996484	1	0	1	1.6754912599389395
168687.7061688016	1000.0	616.973296698128	0.0	0	0.0	1304.6794654996775	1	0	1	1.6754912599389375
169200.0	500.0	1104.6794654997723	0.0	0	120.01226232713088	1304.6794654996775	1	0	1	-0.05737669146092694
170200.0	1000.0	1104.6794654997811	0.0	0	170.66830736483098	1304.6794654996775	1	0	1	0.9823440793789912
171200.0	1000.0	1104.6794654998023	0.0	0	256.0304870234395	1304.6794654996775	1	0	1	1.6754912599389367
172200.0	1000.0	1104.6794654998416	0.0	0	243.88426967160194	1304.6794654996775	1	0	1	1.6754912599389367
173200.0	1000.0	1104.6794654998455	0.0	0	365.24036419118056	1304.6794654996775	1	0	1	1.6754912599389367
174200.0	1000.0	1104.6794654998564	0.0	0	471.71984276737203	1304.6794654997066	1	0	1	1.6754912599389338
175200.0	1000.0	1104.6794654998112	0.0	0	410.52860584738664	1304.6794654996775	1	0	1	1.6754912599389367
176200.0	1000.0	1104.679465499817	0.0	0	35.07544455648167	1304.6794654996775	1	0	1	1.6754912599389367
177200.0	1000.0	1104.6794654998264	0.0	0	443.21137389395153	1304.6794654997066	1	0	1	1.6754912599389338
178200.0	1000.0	1104.6794654998328	0.0	0	567.6775392517156	1304.6794654997357	1	0	1	1.6754912599389307
179200.0	1000.0	1104.679465499852	0.0	0	560.9190882024413	1304.6794654997648	1	0	1	1.675491259938928
180415.16752230132	1000.0	889.511943198557	0.0	0	0.0	1304.6794654997648	1	0	1	1.675491259938928
181288.925708198	1000.0	1015.7537573018932	0.0	0	0.0	1304.6794654997648	1	0	1	1.675491259938928
182200.0	1000.0	1104.6794654998341	0.0	0	89.89388143227552	1304.6794654997648	1	0	1	1.675491259938928
183200.0	1000.0	1104.679465499827	0.0	0	304.6212465003482	1304.6794654997648	1	0	1	1.675491259938928
184200.0	1000.0	1104.6794654998248	0.0	0	429.6792565717187	1304.6794654997648	1	0	1	1.675491259938928
185200.0	1000.0	1104.6794654998523	0.0	0	193.3773785607773	1304.6794654997939	1	0	1	1.675491259938925
186200.0	1000.0	1104.6794654998566	0.0	0	454.5976532495115	1304.6794654997939	1	0	1	1.675491259938925
187200.0	1000.0	1104.679465499854	0.0	0	334.4150195749535	1304.6794654997939	1	0	1	1.675491259938925
188200.0	1000.0	1104.6794654998457	0.0	0	250.14600484861876	1304.6794654997939	1	0	1	1.675491259938925
189200.0	1000.0	1104.6794654998382	0.0	0	482.1074875969207	1304.6794654997939	1	0	1	1.675491259938925
190200.0	1000.0	1104.6794654998066	0.0	0	420.58897503319895	1304.6794654997939	1	0	1	1.675491259938925
191200.0	1000.0	1104.6794654998087	0.0	0	242.02826849455596	1304.6794654997939	1	0	1	1.675491259938925
192200.0	1000.0	1104.6794654998187	0.0	0	324.2064850590541	1304.6794654997939	1	0	1	1.675491259938925
193200.0	1000.0	1104.6794654998178	0.0	0	47.20139317782014	1304.679465499823	1	0	1	1.675491259938923
194200.0	1000.0	1104.6794654998303	0.0	0	137.45811753891758	1304.679465499823	1	0	1	1.675491259938922
195200.0	1000.0	1104.6794654998398	0.0	0	218.37426595808938	1304.6794654998812	1	0	1	1.6754912599389173
196200.0	1000.0	1104.67946549984	0.0	0	467.36311293017934	1304.679465499852	1	0	1	1.6754912599389191
197200.0	1000.0	1104.6794654998318	0.0	0	340.1006571095204	1304.679465499852	1	0	1	1.6754912599389191
198293.8590396151	1000.0	1010.820425884724	0.0	0	0.0	1304.679465499852	1	0	1	1.6754912599389191
199271.3597507418	1000.0	1033.319714758028	0.0	0	0.0	1304.679465499852	1	0	1	1.6754912599389191
200200.0	1000.0	1104.6794654998178	0.0	0	179.12612921075197	1304.679465499852	1	0	1	1.6754912599389191
201200.0	1000.0	1104.6794654997957	0.0	0	163.83273010741686	1304.679465499852	1	0	1	1.6754912599389191
202200.0	1000.0	1104.6794654997748	0.0	0	142.86499225732405	1304.6794654998812	1	0	1	1.6754912599389173
203200.0	1000.0	1104.6794654997477	0.0	0	161.91946600849042	1304.6794654998812	1	0	1	1.6754912599389162
204200.0	1000.0	1104.679465499722	0.0	0	252.24965441066888	1304.6794654998812	1	0	1	1.6754912599389162
205200.0	1000.0	1104.6794654997175	0.0	0	561.6542626164737	1304.6794654998812	1	0	1	1.6754912599389162
206200.0	1000.0	1104.679465499723	0.0	0	336.16323041610303	1304.6794654999103	1	0	1	1.6754912599389131
207200.0	1000.0	1104.6794654997047	0.0	0	125.50032053361065	1304.6794654999394	1	0	1	1.6754912599389105
208200.0	1000.0	1104.6794654996804	0.0	0	309.52459672943223	1304.6794654999394	1	0	1	1.6754912599389105
209200.0	1000.0	1104.6794654996677	0.0	0	321.38964747590944	1304.6794654999394	1	0	1	1.6754912599389105
210200.0	1000.0	1104.6794654996752	0.0	0	219.79264403131674	1304.6794654999103	1	0	1	1.6754912599389131
211200.0	1000.0	1104.679465499654	0.0	0	514.4778427002311	1304.6794654999103	1	0	1	1.6754912599389131
212200.0	1000.0	1104.679465499646	0.0	0	150.3995788806933	1304.6794654999103	1	0	1	1.6754912599389131
213200.0	1000.0	1104.679465499626	0.0	0	243.59968193797977	1304.6794654998812	1	0	1	1.6754912599389162
214200.0	1000.0	1104.679465499611	0.0	0	371.05803804736934	1304.6794654998812	1	0	1	1.6754912599389162
215200.0	1000.0	1104.6794654996163	0.0	0	565.399615656439	1304.6794654998812	1	0	1	1.6754912599389162
216200.0	1000.0	1104.6794654996056	0.0	0	564.0280972705223	1304.679465499852	1	0	1	1.6754912599389191
217200.0	1000.0	1104.6794654996277	0.0	0	464.5302836825431	1304.679465499852	1	0	1	1.6754912599389191
218200.0	1000.0	1104.679465499637	0.0	0	303.24542991639464	1304.679465499852	1	0	1	1.6754912599389191
219200.0	1000.0	1104.6794654995904	0.0	0	456.8206720072194	1304.679465499823	1	0	1	1.675491259938922
220200.0	1000.0	1104.679465499598	0.0	0	476.0831887842505	1304.679465499823	1	0	1	1.675491259938922
221200.0	1000.0	1104.6794654996122	0.0	0	377.64777798144496	1304.679465499823	1	0	1	1.675491259938922
222200.0	1000.0	1104.679465499615	0.0	0	26.401290547044482	1304.679465499823	1	0	1	1.675491259938922
223310.02121911987	1000.0	994.6582463797574	0.0	0	0.0	1304.679465499823	1	0	1	1.675491259938922
224236.436759249	1000.0	1068.242706250637	0.0	0	0.0	1304.679465499823	1	0	1	1.675491259938922
225200.0	1000.0	1104.6794654996281	0.0	0	464.6430240907648	1304.679465499823	1	0	1	1.675491259938922
226200.0	1000.0	1104.6794654996445	0.0	0	155.26471129237325	1304.679465499823	1	0	1	1.675491259938922
227200.0	1000.0	1104.679465499656	0.0	0	124.12311012620921	1304.679465499823	1	0	1	1.675491259938922
228200.0	1000.0	1104.6794654996647	0.0	0	362.0789326632803	1304.679465499852	1	0	1	1.6754912599389191
229200.0	1000.0	1104.6794654996513	0.0	0	323.3453969208931	1304.679465499852	1	0	1	1.6754912599389191
230200.0	1000.0	1104.6794654996334	0.0	0	437.01614721119404	1304.679465499852	1	0	1	1.6754912599389191
231200.0	1000.0	1104.6794654996606	0.0	0	483.07760745016276	1304.679465499852	1	0	1	1.6754912599389191
232200.0	1000.0	1104.6794654996686	0.0	0	294.00211527603096	1304.6794654998812	1	0	1	1.6754912599389162
233200.0	1000.0	1104.6794654997193	0.0	0	192.97363568487344	1304.6794654999103	1	0	1	1.6754912599389145
234200.0	1000.0	1104.6794654997323	0.0	0	350.74165635945974	1304.6794654999103	1	0	1	1.6754912599389131
235200.0	1000.0	1104.67946549975	0.0	0	88.94844639924122	1304.6794654999103	1	0	1	1.6754912599389131
236200.0	1000.0	1104.6794654997507	0.0	0	391.14425021296483	1304.6794654999394	1	0	1	1.6754912599389105
237200.0	1000.0	1104.6794654997786	0.0	0	276.16593541720067	1304.6794654999394	1	0	1	1.6754912599389105
238200.0	1000.0	1104.6794654997852	0.0	0	262.6340042948723	1304.6794654999394	1	0	1	1.6754912599389105
239334.6263806389	1000.0	970.0530848608772	0.0	0	0.0	1304.6794654999103	1	0	1	1.6754912599389131
240200.0	1000.0	1104.6794654997168	0.0	0	43.76272927201353	1304.6794654999103	1	0	1	1.6754912599389131
241200.0	1000.0	1104.6794654997175	0.0	0	438.8511044170009	1304.6794654999394	1	0	1	1.6754912599389105
242200.0	1000.0	1104.679465499708	0.0	0	500.23777076098486	1304.6794654999394	1	0	1	1.6754912599389105
243200.0	1000.0	1104.6794654996902	0.0	0	491.7370603880845	1304.6794654999394	1	0	1	1.6754912599389105
244200.0	1000.0	1104.6794654996916	0.0	0	162.4225168764533	1304.6794654999394	1	0	1	1.6754912599389105
245200.0	1000.0	1104.6794654997002	0.0	0	62.693464161566226	1304.6794654999394	1	0	1	1.6754912599389105
246200.0	1000.0	1104.6794654996752	0.0	0	305.6517834512633	1304.6794654999103	1	0	1	1.6754912599389131
247200.0	1000.0	1104.6794654996525	0.0	0	237.67498155575595	1304.6794654999103	1	0	1	1.6754912599389131
248200.0	1000.0	1104.6794654996183	0.0	0	414.16750598765793	1304.6794654999103	1	0	1	1.6754912599389131
249200.0	1000.0	1104.6794654996322	0.0	0	489.6976488085347	1304.6794654999103	1	0	1	1.6754912599389131
250200.0	1000.0	1104.6794654996202	0.0	0	629.2025582249626	1304.6794654999103	1	0	1	1.6754912599389131
251200.0	1000.0	1104.679465499608	0.0	0	635.6239201696299	1304.6794654999103	1	0	1	1.6754912599389131
252200.0	1000.0	1104.6794654996047	0.0	0	429.88642372505274	1304.6794654999394	1	0	1	1.6754912599389105
253717.51778588915	2000.0	587.1616796104463	0.0	0	0.0	1304.6794654999685	1	0	1	2.02206485021888
254276.81478312286	1000.0	1027.864682376764	0.0	0	0.0	1304.6794654999685	1	0	1	0.9823440793789622
255200.0	1000.0	1104.6794654995974	0.0	0	190.25012650107965	1304.6794654999685	1	0	1	1.6754912599389074
256200.0	1000.0	1104.6794654995838	0.0	0	453.81554589635925	1304.6794654999685	1	0	1	1.6754912599389074
257200.0	1000.0	1104.679465499557	0.0	0	510.2246886836656	1304.6794654999685	1	0	1	1.6754912599389074
258200.0	1000.0	1104.6794654995456	0.0	0	529.4170674277993	1304.6794654999685	1	0	1	1.6754912599389074
259200.0	1000.0	1104.6794654995524	0.0	0	117.25249463508953	1304.6794654999394	1	0	1	1.6754912599389091
260200.0	1000.0	1104.6794654995585	0.0	0	149.5254777140217	1304.6794654999394	1	0	1	1.6754912599389105
261200.0	1000.0	1104.6794654996027	0.0	0	361.31937755382387	1304.6794654999685	1	0	1	1.6754912599389074
262200.0	1000.0	1104.679465499617	0.0	0	440.5116583327763	1304.6794654999685	1	0	1	1.6754912599389074
263200.0	1000.0	1104.679465499566	0.0	0	706.2607122045592	1304.6794654999103	1	0	1	1.6754912599389131
264200.0	1000.0	1104.679465499591	0.0	0	744.8907216988155	1304.6794654999394	1	0	1	1.6754912599389105
265200.0	2000.0	1104.6794654995601	0.0	0	159.62150047678733	1304.6794654999394	1	0	1	2.0220648502188827
266200.0	2000.0	1104.6794654995938	0.0	0	213.20693081239006	1304.6794654998812	1	0	1	2.715212030778834
267200.0	2000.0	1104.6794654996531	0.0	0	187.3162860723096	1304.679465499823	1	0	1	2.7152120307788374
268200.0	2000.0	1104.6794654996572	0.0	0	419.3816882703104	1304.679465499823	1	0	1	2.7152120307788397
269200.0	2000.0	1104.6794654996158	0.0	0	393.05234124534763	1304.679465499823	1	0	1	2.7152120307788397
270200.0	2000.0	1104.679465499576	0.0	0	593.251979536959	1304.6794654997648	1	0	1	2.715212030778846
271334.9103579919	3000.0	969.7691075077269	0.0	0	0.0	1304.6794654997648	1	0	1	2.917944584832928
272455.0791152111	2000.0	849.600350288482	0.0	0	0.0	1304.6794654997648	1	0	1	2.3097469226706813
273676.35432259244	2000.0	628.3251429071871	0.0	0	0.0	1304.6794654997648	1	0	1	2.715212030778846
274329.0028959038	1000.0	975.6765695957836	0.0	0	0.0	1304.6794654997648	1	0	1	0.9823440793789828
275200.0	1000.0	1104.6794654995244	0.0	0	435.0103575717658	1304.6794654997648	1	0	1	1.675491259938928
276200.0	1000.0	1104.6794654995476	0.0	0	373.3562134033418	1304.679465499823	1	0	1	1.675491259938922
277200.0	1000.0	1104.6794654995895	0.0	0	432.2824383768602	1304.6794654998812	1	0	1	1.6754912599389162
278200.0	1000.0	1104.6794654995986	0.0	0	572.1776606451022	1304.679465499823	1	0	1	1.675491259938922
279200.0	2000.0	1104.6794654996029	0.0	0	75.4441835002508	1304.679465499823	1	0	1	2.0220648502188947
280200.0	2000.0	1104.679465499615	0.0	0	318.15313965117093	1304.679465499823	1	0	1	2.7152120307788397
281286.3846688437	2000.0	1018.2947966559078	0.0	0	0.0	1304.679465499823	1	0	1	2.7152120307788397
282200.0	2000.0	1104.6794654995706	0.0	0	49.36831822124077	1304.679465499823	1	0	1	2.7152120307788397
283200.0	2000.0	1104.6794654995551	0.0	0	149.31313711823896	1304.6794654997648	1	0	1	2.715212030778846
284200.0	2000.0	1104.6794654995238	0.0	0	267.318923990184	1304.6794654997648	1	0	1	2.715212030778846
285200.0	2000.0	1104.6794654995738	0.0	0	570.6279935874627	1304.679465499823	1	0	1	2.7152120307788397
286200.0	2000.0	1104.6794654995201	0.0	0	328.90727124438854	1304.679465499823	1	0	1	2.7152120307788397
287200.0	2000.0	1104.6794654995322	0.0	0	491.45630970882485	1304.679465499823	1	0	1	2.7152120307788397
288200.0	2000.0	1104.6794654995924	0.0	0	247.8935373253771	1304.6794654998812	1	0	1	2.715212030778834
289509.00265131926	3000.0	795.6768141803194	0.0	0	0.0	1304.6794654998812	1	0	1	2.9179445848329166
290200.0	1000.0	1104.6794654996067	0.0	0	230.18240488599986	1304.6794654998812	1	0	1	0.5768789712708065
291200.0	2000.0	1104.679465499592	0.0	0	48.40827639744384	1304.6794654998812	1	0	1	2.022064850218889
292200.0	1000.0	1104.679465499685	0.0	0	184.7136716255336	1304.6794654999394	1	0	1	0.9823440793789653
293452.2587691449	1000.0	852.4206963547437	0.0	0	0.0	1304.6794654999394	1	0	1	1.6754912599389105
294200.0	1000.0	1104.6794654996377	0.0	0	69.42025306529831	1304.6794654999394	1	0	1	1.6754912599389105
295200.0	1000.0	1104.6794654996636	0.0	0	422.8124068342149	1304.6794654999394	1	0	1	1.6754912599389105
296200.0	1000.0	1104.679465499682	0.0	0	544.1925669577322	1304.6794654998812	1	0	1	1.6754912599389162
297200.0	1000.0	1104.6794654996918	0.0	0	240.22708340140525	1304.6794654998812	1	0	1	1.6754912599389162
298200.0	1000.0	1104.67946549966	0.0	0	434.6161023702007	1304.6794654998812	1	0	1	1.6754912599389162
299200.0	1000.0	1104.67946549961	0.0	0	306.81766479305224	1304.6794654998812	1	0	1	1.6754912599389162
300200.0	1000.0	1104.6794654995663	0.0	0	485.1491240586038	1304.6794654998812	1	0	1	1.6754912599389162
301200.0	1000.0	1104.6794654995958	0.0	0	667.4067658824497	1304.6794654998812	1	0	1	1.6754912599389162
302200.0	1000.0	1104.6794654995583	0.0	0	651.8238513802062	1304.6794654998812	1	0	1	1.6754912599389162
303200.0	2000.0	1104.6794654995547	0.0	0	253.1797957760864	1304.6794654998812	1	0	1	2.022064850218889
304828.36674003856	2000.0	476.3127254609268	0.0	0	0.0	1304.6794654998812	1	0	1	2.715212030778834
305219.69215384463	500.0	1084.9873116548747	0.0	0	0.0	1304.6794654999394	1	0	1	-0.7505238720208982
306200.0	1000.0	1104.679465499465	0.0	0	313.56369902403094	1304.6794654998812	1	0	1	0.9823440793789708
307200.0	1000.0	1104.679465499554	0.0	0	382.0972553140018	1304.6794654998812	1	0	1	1.6754912599389162
308200.0	1000.0	1104.6794654996	0.0	0	478.4453922720859	1304.6794654999394	1	0	1	1.6754912599389105
1.64	1.12	1.0	1.84	2.32	2.03	1.55	1.39	1.32	0.61	1.08	1.36	1.45	1.7	2.49	1.96	0.74	1.54	2.2	2.41	1.4	0.87	0.95	1.42	1.63	1.55	1.75	1.25	1.61	2.33	2.32	1.78	1.51	0.96	0.87	1.58	1.78	2.18	1.32	0.97	1.2	1.62	1.59	1.53	1.47	2.27	1.86	1.26	1.25	1.25	1.83	1.84	1.38	1.56	2.13	2.68	2.35	1.61	1.97	1.83	1.95	1.74	1.38	1.22	1.29	1.67	1.8	1.26	1.81	1.77	2.25	1.66	1.16	1.07	1.92	1.41	1.47	2.02	1.53	0.87	1.31	1.91	2.68	1.95	1.56	1.22	1.66	1.65	1.53	1.9	2.61	2.61	3.37	1.46	1.63	1.69	1.39	1.49	2.19	1.45	1.33	1.85	2.61	2.75	3.79	3.38	2.47	2.92	3.13	3.83	4.45	3.13	1.68	1.98	2.34	1.81	2.13	2.36	3.03	2.51	2.72	2.83	1.96	2.03	2.79	3.65	3.88	3.98	3.14	1.9	1.64	1.99	1.61	0.93	0.93	1.53	2.27	1.53	1.45	1.98	2.22	2.83	2.83	3.28	1.64	1.18	1.71	1.17	1.67	1.82	1.64	1.12	1.0	1.84	2.32	2.03	1.55	1.39	1.32	0.61	1.08	1.36	1.45	1.7	2.49	1.96	0.74	1.54	2.2	2.41	1.4	0.87	0.95	1.42	1.63	1.55	1.75	1.25	1.61	2.33	2.32	1.78	1.51	0.96	0.87	1.58	1.78	2.18	1.32	0.97	1.2	1.62	1.59	1.53	1.47	2.27	1.86	1.26	1.25	1.25	1.83	1.84	1.38	1.56	2.13	2.68	2.35	1.61	1.97	1.83	1.95	1.74	1.38	1.22	1.29	1.67	1.8	1.26	1.81	1.77	2.25	1.66	1.16	1.07	1.92	1.41	1.47	2.02	1.53	0.87	1.31	1.91	2.68	1.95	1.56	1.22	1.66	1.65	1.53	1.9	2.61	2.61	3.37	1.46	1.63	1.69	1.39	1.49	2.19	1.45	1.33	1.85	2.61	2.75	3.79	3.38	2.47	2.92	3.13	3.83	4.45	3.13	1.68	1.98	2.34	1.81	2.13	2.36	3.03	2.51	2.72	2.83	1.96	2.03	2.79	3.65	3.88	3.98	3.14	1.9	1.64	1.99	1.61	0.93	0.93	1.53	2.27	1.53	1.45	1.98	2.22	2.83	2.83	3.28	1.64	1.18	1.71	1.17	1.67	1.82	1.64	1.12	1.0	1.84	2.32	2.03	1.55	1.39	1.32	0.61
1.0	2.0	3.0	4.0	5.0	6.0	7.0	8.0	9.0	10.0	11.0	12.0	13.0	14.0	15.0	16.0	17.0	18.0	19.0	20.0	21.0	22.0	23.0	24.0	25.0	26.0	27.0	28.0	29.0	30.0	31.0	32.0	33.0	34.0	35.0	36.0	37.0	38.0	39.0	40.0	41.0	42.0	43.0	44.0	45.0	46.0	47.0	48.0	49.0	50.0	51.0	52.0	53.0	54.0	55.0	56.0	57.0	58.0	59.0	60.0	61.0	62.0	63.0	64.0	65.0	66.0	67.0	68.0	69.0	70.0	71.0	72.0	73.0	74.0	75.0	76.0	77.0	78.0	79.0	80.0	81.0	82.0	83.0	84.0	85.0	86.0	87.0	88.0	89.0	90.0	91.0	92.0	93.0	94.0	95.0	96.0	97.0	98.0	99.0	100.0	101.0	102.0	103.0	104.0	105.0	106.0	107.0	108.0	109.0	110.0	111.0	112.0	113.0	114.0	115.0	116.0	117.0	118.0	119.0	120.0	121.0	122.0	123.0	124.0	125.0	126.0	127.0	128.0	129.0	130.0	131.0	132.0	133.0	134.0	135.0	136.0	137.0	138.0	139.0	140.0	141.0	142.0	143.0	144.0	145.0	146.0	147.0	148.0	149.0	149.0	150.0	151.0	152.0	153.0	154.0	155.0	156.0	157.0	158.0	159.0	160.0	161.0	162.0	163.0	164.0	165.0	166.0	167.0	168.0	169.0	170.0	171.0	172.0	173.0	174.0	175.0	176.0	177.0	178.0	179.0	180.0	181.0	182.0	183.0	184.0	185.0	186.0	187.0	188.0	189.0	190.0	191.0	192.0	193.0	194.0	195.0	196.0	197.0	198.0	199.0	200.0	201.0	202.0	203.0	204.0	205.0	206.0	207.0	208.0	209.0	210.0	211.0	212.0	213.0	214.0	215.0	216.0	217.0	218.0	219.0	220.0	221.0	222.0	223.0	224.0	225.0	226.0	227.0	228.0	229.0	230.0	231.0	232.0	233.0	234.0	235.0	236.0	237.0	238.0	239.0	240.0	241.0	242.0	243.0	244.0	245.0	246.0	247.0	248.0	249.0	250.0	251.0	252.0	253.0	254.0	255.0	256.0	257.0	258.0	259.0	260.0	261.0	262.0	263.0	264.0	265.0	266.0	267.0	268.0	269.0	270.0	271.0	272.0	273.0	274.0	275.0	276.0	277.0	278.0	279.0	280.0	281.0	282.0	283.0	284.0	285.0	286.0	287.0	288.0	289.0	290.0	291.0	292.0	293.0	294.0	295.0	296.0	297.0	298.0	298.0	299.0	300.0	301.0	302.0	303.0	304.0	305.0	306.0	307.0	308.0
2229.514224709384
