2595.8862587443887	300.0	2000.0	143.3125130159379	0	0.0	2595.8862587443887	1	0	1	-1.1168419997674033
5200.0	3000.0	380.592421241243	76.9931102193126	0	122.14472366146038	580.5924212412428	1	0	2	0.2281691622651405
6200.0	1000.0	2480.5924212412438	0.0	0	735.3647620412985	2680.5924212412438	1	0	0	0.043287675696670025
9650.208278032014	6000.0	223.32612760202358	307.2389201781775	0	0.0	873.5344056340382	1	0	2	0.1676534202201414
10200.0	500.0	2728.5135778308377	0.0	0	415.96137905406977	2928.5135778308386	1	0	0	-2.408439500581588
14448.868826389937	6000.0	200.0	859.3110283619034	0	0.0	1648.8688263899367	1	0	2	-3.8831888498349354
14663.609122412283	500.0	985.2597039776533	0.0	0	0.0	1648.8688263899367	1	0	1	-2.0835550967780074
15366.725670883076	2000.0	1282.143155506859	0.0	0	0.0	1648.8688263899348	1	0	1	1.2944987335699378
16200.0	2000.0	1448.868826389933	0.0	0	254.0981962123642	1648.868826389933	1	0	1	2.680793094689829
17200.0	2000.0	1448.8688263899323	0.0	0	504.7618402234111	1648.8688263899312	1	0	1	2.680793094689829
18200.0	2000.0	1448.8688263899314	0.0	0	387.9900685531793	1648.8688263899312	1	0	1	2.680793094689829
19200.0	3000.0	1448.868826389934	0.0	0	276.32498837194726	1648.8688263899312	1	0	1	2.8835256487439116
20427.583402929136	3000.0	1221.2854234607926	0.0	0	0.0	1648.8688263899312	1	0	1	3.288990756852076
21200.0	3000.0	1448.8688263899273	0.0	0	21.542650717652577	1648.8688263899312	1	0	1	3.288990756852076
22616.21186533316	3000.0	1032.6569610567653	0.0	0	0.0	1648.8688263899312	1	0	1	3.288990756852076
23389.582078260893	2000.0	1259.2867481290289	0.0	0	0.0	1648.8688263899276	1	0	1	2.275327986581665
24200.0	2000.0	1448.8688263899228	0.0	0	79.7660314540517	1648.8688263899276	1	0	1	2.6807930946898297
25242.721626539686	3000.0	1406.1471998502384	0.0	0	0.0	1648.8688263899276	1	0	1	2.883525648743912
26200.0	2000.0	1448.86882638992	0.0	0	9.873542202123645	1648.8688263899276	1	0	1	2.275327986581665
27200.0	2000.0	1448.8688263899191	0.0	0	207.67564795980434	1648.8688263899276	1	0	1	2.6807930946898297
28200.0	2000.0	1448.8688263899187	0.0	0	501.146849438519	1648.8688263899276	1	0	1	2.6807930946898297
29200.0	3000.0	1448.8688263899232	0.0	0	103.38671164232801	1648.8688263899276	1	0	1	2.883525648743912
30200.0	3000.0	1448.8688263899203	0.0	0	263.40684833029445	1648.8688263899312	1	0	1	3.288990756852076
32241.97407777438	3000.0	406.8947486155406	0.0	0	0.0	1648.8688263899312	1	0	1	3.288990756852076
32612.39524787754	1000.0	1036.4735785123808	0.0	0	0.0	1648.8688263899312	1	0	1	0.5424600351818013
33434.01825021285	2000.0	1214.8505761770664	0.0	0	0.0	1648.8688263899276	1	0	1	1.9876459141298843
34200.0	2000.0	1448.868826389916	0.0	0	137.51566689021274	1648.868826389924	1	0	1	2.6807930946898297
35316.30036511602	3000.0	1332.568461273899	0.0	0	0.0	1648.868826389924	1	0	1	2.883525648743912
36317.49732291511	2000.0	1331.371503474816	0.0	0	0.0	1648.8688263899385	1	0	1	2.2753279865816642
37525.41548754733	3000.0	1123.4533388425887	0.0	0	0.0	1648.8688263899385	1	0	1	2.8835256487439107
38710.42329466994	2000.0	938.4455317199788	0.0	0	0.0	1648.8688263899385	1	0	1	2.275327986581664
39486.09057702291	2000.0	1162.778249367013	0.0	0	0.0	1648.8688263899385	1	0	1	2.6807930946898284
40253.348077195085	2000.0	1395.5207491948274	0.0	0	0.0	1648.8688263899385	1	0	1	2.6807930946898284
41200.0	3000.0	1448.8688263899157	0.0	0	362.34700981412607	1648.8688263899385	1	0	1	2.8835256487439107
42200.0	2000.0	1448.8688263899148	0.0	0	563.3738801214931	1648.8688263899385	1	0	1	2.275327986581664
43200.0	3000.0	1448.8688263899146	0.0	0	297.56687542011787	1648.8688263899385	1	0	1	2.8835256487439107
44200.0	3000.0	1448.8688263899155	0.0	0	163.97763569171366	1648.8688263899385	1	0	1	3.2889907568520753
45200.0	3000.0	1448.8688263899098	0.0	0	244.3709945070732	1648.8688263899312	1	0	1	3.288990756852076
46200.0	3000.0	1448.8688263899082	0.0	0	285.9875261438501	1648.868826389924	1	0	1	3.2889907568520766
48167.31579406429	3000.0	481.55303232562176	0.0	0	0.0	1648.868826389924	1	0	1	3.2889907568520766
48890.97612015679	1000.0	757.8927062331268	0.0	0	0.0	1648.868826389924	1	0	1	0.5424600351818021
49321.61442712231	1000.0	1327.2543992676065	0.0	0	0.0	1648.8688263899312	1	0	1	1.6410723238499112
50200.0	2000.0	1448.8688263899196	0.0	0	304.3028551760217	1648.8688263899312	1	0	1	1.987645914129884
51200.648137935554	2000.0	1448.2206884543666	0.0	0	145.97160178515333	1648.8688263899312	1	0	1	2.680793094689829
52441.28145080008	2000.0	1207.5873755898406	0.0	0	0.0	1648.8688263899312	1	0	1	2.680793094689829
53375.697476538306	2000.0	1273.1713498516135	0.0	0	0.0	1648.8688263899312	1	0	1	2.680793094689829
54380.09823627037	2000.0	1268.7705901195445	0.0	0	0.0	1648.8688263899312	1	0	1	2.680793094689829
55200.0	2000.0	1448.8688263899194	0.0	0	45.43653219321277	1648.8688263899385	1	0	1	2.6807930946898284
56200.0	2000.0	1448.8688263899214	0.0	0	456.3511859414939	1648.8688263899385	1	0	1	2.6807930946898284
58580.82156594697	3000.0	200.0	131.9527395570509	0	0.0	1780.8215659470006	1	0	1	2.0887320320035228
58782.14026559645	300.0	978.5494303855714	0.0	0	0.0	1760.6896959820515	1	0	2	-2.8790908368989396
59398.058965014665	1000.0	1301.0388610255259	0.0	0	0.0	1699.0978260402335	1	0	2	0.23046543005073938
60755.10949775924	2000.0	943.9883282809487	0.0	0	0.0	1699.0978260402262	1	0	1	1.7826230141648542
61368.2214480487	1000.0	1330.8763779914811	0.0	0	0.0	1699.0978260402262	1	0	1	0.9429022433249364
62200.0	1000.0	1499.0978260401796	0.0	0	158.59779940882436	1699.0978260402262	1	0	1	1.6360494238848817
63200.0	1000.0	1499.0978260401866	0.0	0	558.4335864034365	1699.0978260402335	1	0	1	1.636049423884881
64236.9073075649	2000.0	1462.1905184752854	0.0	0	0.0	1699.0978260402335	1	0	1	1.9826230141648535
66073.88596047764	2000.0	625.2118655625378	0.0	0	0.0	1699.0978260402262	1	0	1	2.675770194724799
66439.37735381414	500.0	1259.7204722260226	0.0	0	0.0	1699.097826040219	1	0	1	-0.7899657080749265
67200.0	1000.0	1499.097826040166	0.0	0	116.71270016416383	1699.0978260402335	1	0	1	0.9429022433249359
68200.0	1000.0	1499.0978260401794	0.0	0	148.15548099730222	1699.0978260402335	1	0	1	1.636049423884881
69200.0	2000.0	1499.0978260401932	0.0	0	24.62706364353653	1699.0978260402335	1	0	1	1.9826230141648535
70200.0	1000.0	1499.0978260401919	0.0	0	648.1615493756544	1699.0978260402335	1	0	1	0.9429022433249359
71200.0	1000.0	1499.0978260401903	0.0	0	670.8248831663805	1699.097826040248	1	0	1	1.6360494238848795
72200.0	2000.0	1499.097826040188	0.0	0	558.8756106190413	1699.097826040248	1	0	1	1.9826230141648522
73427.28250790054	3000.0	1271.8153181396617	0.0	0	0.0	1699.0978260402771	1	0	1	2.8785027487788764
74200.0	3000.0	1499.097826040208	0.0	0	106.42101262095093	1699.0978260402771	1	0	1	3.283967856887041
75200.0	3000.0	1499.0978260402094	0.0	0	424.92252060641476	1699.0978260402771	1	0	1	3.283967856887041
76200.0	3000.0	1499.097826040215	0.0	0	466.41261943549034	1699.0978260402771	1	0	1	3.283967856887041
77200.0	3000.0	1499.0978260402212	0.0	0	177.72745940806635	1699.0978260402771	1	0	1	3.283967856887041
78308.06462235555	3000.0	1391.033203684668	0.0	0	0.0	1699.0978260402771	1	0	1	3.283967856887041
79692.32123541796	3000.0	1006.7765906222751	0.0	0	0.0	1699.0978260402771	1	0	1	3.283967856887041
80544.6177032578	2000.0	1154.4801227824496	0.0	0	0.0	1699.0978260402626	1	0	1	2.270305086616631
81531.54448523546	2000.0	1167.553340804785	0.0	0	0.0	1699.0978260402626	1	0	1	2.675770194724796
82735.34438103673	2000.0	963.7534450034946	0.0	0	0.0	1699.097826040248	1	0	1	2.6757701947247976
83200.0	1000.0	1499.097826040223	0.0	0	106.14251797819452	1699.097826040248	1	0	1	0.9429022433249342
84205.49483010713	2000.0	1493.6029959330997	0.0	0	0.0	1699.097826040248	1	0	1	1.9826230141648522
85200.0	2000.0	1499.097826040227	0.0	0	354.73088427691255	1699.097826040248	1	0	1	2.6757701947247976
86404.49670548014	2000.0	1294.6011205600753	0.0	0	0.0	1699.097826040248	1	0	1	2.6757701947247976
87394.90264616413	2000.0	1304.1951798760913	0.0	0	0.0	1699.0978260402626	1	0	1	2.675770194724796
88421.25554972263	2000.0	1277.8422763176175	0.0	0	0.0	1699.0978260402771	1	0	1	2.675770194724794
89805.29613915658	2000.0	893.8016868836834	0.0	0	0.0	1699.0978260402917	1	0	1	2.675770194724793
90200.0	1000.0	1499.0978260402646	0.0	0	17.089761938274023	1699.0978260402917	1	0	1	0.9429022433249301
91282.1851226705	2000.0	1416.9127033697641	0.0	0	0.0	1699.0978260403062	1	0	1	1.9826230141648462
92200.0	2000.0	1499.0978260402876	0.0	0	49.98741682864784	1699.0978260403062	1	0	1	2.6757701947247914
93200.0	2000.0	1499.0978260402899	0.0	0	256.1417130201444	1699.0978260403062	1	0	1	2.6757701947247914
94228.44582544337	3000.0	1470.652000596921	0.0	0	0.0	1699.0978260403062	1	0	1	2.8785027487788737
95200.0	2000.0	1499.0978260403065	0.0	0	2.7346532169322018	1699.0978260403208	1	0	1	2.2703050866166254
96228.63366305314	2000.0	1470.4641629871542	0.0	0	0.0	1699.0978260403062	1	0	1	2.6757701947247914
97200.0	2000.0	1499.0978260402853	0.0	0	356.830619870394	1699.0978260403062	1	0	1	2.6757701947247914
98200.0	2000.0	1499.0978260403012	0.0	0	30.085698887647595	1699.0978260403208	1	0	1	2.67577019472479
99886.60558545418	3000.0	812.49224058613	0.0	0	0.0	1699.0978260403208	1	0	1	2.878502748778873
100364.84616809842	1000.0	1334.2516579418862	0.0	0	0.0	1699.0978260403208	1	0	1	0.5374371352167624
101410.79311683365	2000.0	1288.304709206655	0.0	0	0.0	1699.0978260403208	1	0	1	1.982623014164845
102398.28347671435	2000.0	1300.8143493259606	0.0	0	0.0	1699.0978260403353	1	0	1	2.6757701947247887
103200.0	2000.0	1499.0978260403097	0.0	0	252.56357916344132	1699.0978260403208	1	0	1	2.67577019472479
104200.0	3000.0	1499.0978260403122	0.0	0	62.42329912380956	1699.0978260403208	1	0	1	2.878502748778873
105200.0	2000.0	1499.0978260403247	0.0	0	298.3072735673486	1699.0978260403353	1	0	1	2.270305086616624
106200.0	3000.0	1499.0978260403244	0.0	0	245.7643657077133	1699.0978260403353	1	0	1	2.878502748778871
107655.1804252473	3000.0	1043.9174007930387	0.0	0	0.0	1699.0978260403353	1	0	1	3.2839678568870356
108240.92565229202	2000.0	1458.172173748311	0.0	0	0.0	1699.0978260403208	1	0	1	2.2703050866166254
109457.87698413114	3000.0	1241.2208419091962	0.0	0	0.0	1699.0978260403208	1	0	1	2.878502748778873
110560.66211767397	2000.0	1138.4357083663613	0.0	0	0.0	1699.0978260403208	1	0	1	2.2703050866166254
112109.13994920487	2000.0	589.9578768354665	0.0	0	0.0	1699.0978260403208	1	0	1	2.67577019472479
112883.07653685015	1000.0	816.0212891901875	0.0	0	0.0	1699.0978260403353	1	0	1	0.9429022433249257
113368.53177111545	1000.0	1330.5660549248732	0.0	0	0.0	1699.0978260403208	1	0	1	1.6360494238848722
114200.0	2000.0	1499.0978260403165	0.0	0	14.051574621829786	1699.0978260403062	1	0	1	1.9826230141648462
115200.0	2000.0	1499.0978260403272	0.0	0	444.1235694176721	1699.0978260402917	1	0	1	2.675770194724793
116200.0	2000.0	1499.0978260403308	0.0	0	269.63514352093625	1699.0978260402917	1	0	1	2.675770194724793
117876.94289713746	3000.0	822.1549289028878	0.0	0	0.0	1699.0978260402917	1	0	1	2.8785027487788755
118211.20308788911	1000.0	1487.8947381512232	0.0	0	0.0	1699.0978260402917	1	0	1	0.5374371352167654
119382.43638424808	3000.0	1316.661441792255	0.0	0	0.0	1699.0978260402917	1	0	1	2.18535556821893
120464.51164926044	3000.0	1234.5861767799197	0.0	0	0.0	1699.0978260402917	1	0	1	3.28396785688704
121200.0	2000.0	1499.097826040376	0.0	0	267.5704997317662	1699.0978260402917	1	0	1	2.2703050866166286
122200.0	3000.0	1499.097826040375	0.0	0	440.30841817721375	1699.0978260402771	1	0	1	2.8785027487788764
123335.6025841951	3000.0	1363.4952418452626	0.0	0	0.0	1699.0978260402771	1	0	1	3.283967856887041
124218.48989082503	3000.0	1480.6079352153445	0.0	0	0.0	1699.0978260402771	1	0	1	3.283967856887041
125653.39986396559	3000.0	1045.6979620747907	0.0	0	0.0	1699.0978260402771	1	0	1	3.283967856887041
126666.60275594579	2000.0	1032.4950700945737	0.0	0	0.0	1699.0978260402771	1	0	1	2.2703050866166294
127758.8646588374	2000.0	940.2331672029636	0.0	0	0.0	1699.0978260402771	1	0	1	2.675770194724794
128265.01943013223	1000.0	1434.0783959081252	0.0	0	0.0	1699.0978260402771	1	0	1	0.9429022433249314
129261.88640541106	2000.0	1437.2114206293008	0.0	0	0.0	1699.0978260402771	1	0	1	1.982623014164849
130200.0	2000.0	1499.0978260403651	0.0	0	25.143098271932104	1699.0978260402771	1	0	1	2.675770194724794
131200.0	2000.0	1499.0978260403485	0.0	0	106.19807596245664	1699.0978260402771	1	0	1	2.675770194724794
132739.07190443037	3000.0	960.0259216099439	0.0	0	0.0	1699.097826040248	1	0	1	2.8785027487788772
134173.89448143565	2000.0	525.203344604655	0.0	0	0.0	1699.0978260402335	1	0	1	2.270305086616634
134455.00866081638	500.0	1244.089165223965	0.0	0	0.0	1699.0978260402335	1	0	1	-0.7899657080749276
135200.0	1000.0	1499.097826040356	0.0	0	119.8652607993572	1699.0978260402044	1	0	1	0.9429022433249373
136200.0	2000.0	1499.0978260403363	0.0	0	35.82507267955225	1699.0978260402044	1	0	1	1.9826230141648566
137200.0	2000.0	1499.0978260403142	0.0	0	391.8479478385998	1699.0978260402044	1	0	1	2.675770194724802
138200.0	2000.0	1499.0978260403208	0.0	0	392.3354080930876	1699.0978260402044	1	0	1	2.675770194724802
139200.0	3000.0	1499.097826040318	0.0	0	220.69301146475482	1699.0978260402044	1	0	1	2.8785027487788843
140225.82837000288	3000.0	1473.2694560374061	0.0	0	0.0	1699.0978260402044	1	0	1	3.283967856887049
141298.57275055192	3000.0	1400.5250754883853	0.0	0	0.0	1699.0978260402044	1	0	1	3.283967856887049
142200.0	3000.0	1499.0978260402828	0.0	0	157.77626028755913	1699.0978260402044	1	0	1	3.283967856887049
143200.0	3000.0	1499.0978260402817	0.0	0	158.06368828672566	1699.0978260402044	1	0	1	3.283967856887049
144200.0	3000.0	1499.0978260402799	0.0	0	185.59865208601695	1699.0978260402044	1	0	1	3.283967856887049
145298.26287480834	3000.0	1400.8349512319514	0.0	0	0.0	1699.0978260402335	1	0	1	3.2839678568870454
146356.18160795092	3000.0	1342.916218089402	0.0	0	0.0	1699.0978260402335	1	0	1	3.2839678568870454
147473.5170268519	3000.0	1225.5807991884208	0.0	0	0.0	1699.0978260402044	1	0	1	3.283967856887049
148277.22481033957	3000.0	1421.8730157007974	0.0	0	0.0	1699.0978260402335	1	0	1	3.2839678568870454
149200.0	3000.0	1499.097826040354	0.0	0	409.28558330613305	1699.0978260402335	1	0	1	3.2839678568870454
150200.0	3000.0	1499.0978260403729	0.0	0	116.81795590542606	1699.0978260402335	1	0	1	3.2839678568870454
151372.64088747057	3000.0	1326.4569385698092	0.0	0	0.0	1699.0978260402335	1	0	1	3.2839678568870454
153102.18528221545	3000.0	596.9125438249393	0.0	0	0.0	1699.0978260402335	1	0	1	3.2839678568870454
153462.56143955924	1000.0	1236.5363864811598	0.0	0	0.0	1699.0978260402335	1	0	1	0.5374371352167712
154200.0	2000.0	1499.0978260404256	0.0	0	151.67200385895558	1699.0978260402335	1	0	1	1.9826230141648535
155200.0	2000.0	1499.097826040418	0.0	0	203.9703885910567	1699.0978260402335	1	0	1	2.6757701947247985
156453.84749375374	3000.0	1245.2503322866626	0.0	0	0.0	1699.0978260402335	1	0	1	2.878502748778881
157275.65167554497	2000.0	1423.4461504954238	0.0	0	0.0	1699.0978260402335	1	0	1	2.270305086616634
158200.0	3000.0	1499.097826040437	0.0	0	143.2611322843877	1699.0978260402335	1	0	1	2.878502748778881
159200.0	3000.0	1499.0978260404117	0.0	0	292.5081004445092	1699.0978260402335	1	0	1	3.2839678568870454
160200.0	3000.0	1499.0978260404281	0.0	0	199.34228884105687	1699.0978260402335	1	0	1	3.2839678568870454
161200.0	3000.0	1499.0978260403742	0.0	0	196.42478401362314	1699.0978260402335	1	0	1	3.2839678568870454
162567.23932988654	3000.0	1131.8584961538488	0.0	0	0.0	1699.0978260402626	1	0	1	3.2839678568870427
163837.60526905526	3000.0	861.4925569851284	0.0	0	0.0	1699.0978260402626	1	0	1	3.2839678568870427
164745.53468289375	2000.0	953.563143146583	0.0	0	0.0	1699.0978260402626	1	0	1	2.270305086616631
165484.90825136134	2000.0	1214.1895746790296	0.0	0	0.0	1699.0978260402626	1	0	1	2.675770194724796
166200.0	2000.0	1499.0978260403722	0.0	0	186.21805853792466	1699.0978260402626	1	0	1	2.675770194724796
167200.0	3000.0	1499.0978260403638	0.0	0	320.4528911281377	1699.0978260402335	1	0	1	2.878502748778881
168275.8614789386	3000.0	1423.2363471017788	0.0	0	0.0	1699.0978260402335	1	0	1	3.2839678568870454
169509.598254518	3000.0	1189.4995715223931	0.0	0	0.0	1699.0978260402335	1	0	1	3.2839678568870454
170743.9549526524	3000.0	955.142873388027	0.0	0	0.0	1699.0978260402044	1	0	1	3.283967856887049
171506.42219960628	2000.0	1192.6756264341475	0.0	0	0.0	1699.0978260402044	1	0	1	2.2703050866166374
172915.36400069567	3000.0	783.7338253447532	0.0	0	0.0	1699.0978260402044	1	0	1	2.8785027487788843
173258.6702416026	1000.0	1440.4275844377848	0.0	0	0.0	1699.0978260402044	1	0	1	0.537437135216774
174200.0	2000.0	1499.0978260404065	0.0	0	188.88299250177806	1699.0978260402335	1	0	1	1.9826230141648535
175200.0	2000.0	1499.0978260403915	0.0	0	129.43193130299915	1699.0978260402335	1	0	1	2.6757701947247985
176200.0	2000.0	1499.0978260403735	0.0	0	316.1551278063562	1699.0978260402335	1	0	1	2.6757701947247985
177200.0	2000.0	1499.0978260403676	0.0	0	466.4094787519716	1699.0978260402335	1	0	1	2.6757701947247985
178200.0	3000.0	1499.0978260403613	0.0	0	405.46432528540026	1699.0978260402335	1	0	1	2.878502748778881
179200.0	3000.0	1499.097826040343	0.0	0	243.20637602970237	1699.0978260402335	1	0	1	3.2839678568870454
180730.3301607524	3000.0	968.7676652879161	0.0	0	0.0	1699.0978260402044	1	0	1	3.283967856887049
181754.1217166116	2000.0	944.976109428727	0.0	0	0.0	1699.0978260402044	1	0	1	2.2703050866166374
182631.59022070814	2000.0	1067.5076053322084	0.0	0	0.0	1699.0978260402044	1	0	1	2.675770194724802
183349.64729941933	2000.0	1349.4505266209997	0.0	0	0.0	1699.0978260402044	1	0	1	2.675770194724802
184200.0	2000.0	1499.0978260403667	0.0	0	155.93849759545992	1699.0978260402044	1	0	1	2.675770194724802
185200.0	3000.0	1499.09782604036	0.0	0	125.59180984276463	1699.0978260402044	1	0	1	2.8785027487788843
186296.28400590157	2000.0	1402.8138201387856	0.0	0	0.0	1699.0978260402626	1	0	1	2.2703050866166317
188000.3486342277	3000.0	698.749191812681	0.0	0	0.0	1699.0978260402917	1	0	1	2.8785027487788755
188430.79706547724	1000.0	1268.3007605631358	0.0	0	0.0	1699.0978260402917	1	0	1	0.5374371352167654
189200.0	2000.0	1499.097826040374	0.0	0	186.98028240696294	1699.0978260402917	1	0	1	1.9826230141648478
190200.0	3000.0	1499.0978260403774	0.0	0	258.9217664678872	1699.0978260402917	1	0	1	2.8785027487788755
191200.0	2000.0	1499.0978260403758	0.0	0	453.4308744597365	1699.0978260403208	1	0	1	2.2703050866166254
192200.0	3000.0	1499.0978260403922	0.0	0	362.14318833567086	1699.0978260402917	1	0	1	2.8785027487788755
193200.0	3000.0	1499.0978260403588	0.0	0	527.4889842829143	1699.0978260402917	1	0	1	3.28396785688704
194200.0	3000.0	1499.0978260403574	0.0	0	332.7176144690893	1699.0978260402917	1	0	1	3.28396785688704
195255.6726244272	3000.0	1443.4252016131363	0.0	0	9.086308162019122	1699.0978260402917	1	0	1	3.28396785688704
197463.1352168019	3000.0	235.96260923843158	0.0	0	0.0	1699.0978260402626	1	0	1	3.2839678568870414
197832.07927746748	500.0	867.0185485728358	0.0	0	0.0	1699.0978260402626	1	0	1	-1.1954308161830955
198313.82384379156	1000.0	1385.273982248779	0.0	0	0.0	1699.0978260402626	1	0	1	0.9429022433249326
199200.0	2000.0	1499.0978260403447	0.0	0	247.68505685497075	1699.0978260402626	1	0	1	1.9826230141648506
200200.0	2000.0	1499.097826040346	0.0	0	56.3327207317634	1699.0978260402917	1	0	1	2.675770194724793
201467.5127321879	2000.0	1231.5850938524422	0.0	0	0.0	1699.0978260403208	1	0	1	2.67577019472479
202471.73950554227	2000.0	1227.3583204980744	0.0	0	0.0	1699.0978260403208	1	0	1	2.67577019472479
203317.15622287354	2000.0	1381.9416031668065	0.0	0	0.0	1699.09782604035	1	0	1	2.675770194724787
204200.0	2000.0	1499.0978260403401	0.0	0	355.08631920206244	1699.09782604035	1	0	1	2.675770194724787
205424.3472116803	3000.0	1274.7506143600315	0.0	0	0.0	1699.09782604035	1	0	1	2.8785027487788692
206652.75629323904	2000.0	1046.341532801237	0.0	0	0.0	1699.09782604035	1	0	1	2.2703050866166223
207740.94913842293	2000.0	958.1486876173523	0.0	0	0.0	1699.09782604035	1	0	1	2.675770194724787
208219.73286205833	1000.0	1479.364963981957	0.0	0	0.0	1699.09782604035	1	0	1	0.9429022433249242
209200.0	2000.0	1499.0978260402649	0.0	0	150.41980063618394	1699.0978260403208	1	0	1	1.982623014164845
210594.3710651564	2000.0	1104.7267608838888	0.0	0	0.0	1699.0978260403208	1	0	1	2.67577019472479
211200.0	1000.0	1499.0978260403128	0.0	0	112.33325674023945	1699.0978260403208	1	0	1	0.942902243324927
212200.0	2000.0	1499.0978260403147	0.0	0	94.20432320123655	1699.0978260403208	1	0	1	1.982623014164845
213200.0	2000.0	1499.0978260403203	0.0	0	101.63969432079466	1699.0978260403208	1	0	1	2.67577019472479
215126.11862496895	2000.0	572.9792010713152	0.0	0	0.0	1699.0978260402626	1	0	1	2.675770194724793
215617.76613465475	500.0	1081.33169138553	0.0	0	0.0	1699.0978260402626	1	0	1	-0.7899657080749307
216200.0	1000.0	1499.0978260402921	0.0	0	61.050410933064995	1699.0978260402917	1	0	1	0.9429022433249299
217200.0	1000.0	1499.0978260403062	0.0	0	116.01776893131319	1699.0978260403208	1	0	1	1.6360494238848722
218200.0	2000.0	1499.0978260402874	0.0	0	102.39624298919807	1699.0978260403208	1	0	1	1.982623014164845
219200.0	2000.0	1499.0978260403015	0.0	0	314.9498686668521	1699.0978260403208	1	0	1	2.67577019472479
220200.0	1000.0	1499.097826040323	0.0	0	737.9767587120004	1699.0978260403208	1	0	1	0.942902243324927
221200.0	2000.0	1499.0978260403078	0.0	0	304.388469157333	1699.0978260402917	1	0	1	1.9826230141648478
222361.31950212776	3000.0	1337.7783239125388	0.0	0	0.0	1699.0978260402626	1	0	1	2.878502748778878
223200.0	3000.0	1499.0978260402806	0.0	0	74.18424608148052	1699.0978260402335	1	0	1	3.2839678568870454
224200.0	3000.0	1499.0978260402883	0.0	0	126.56693389613065	1699.0978260402335	1	0	1	3.2839678568870454
225200.0	3000.0	1499.0978260402626	0.0	0	291.6247484764026	1699.0978260402335	1	0	1	3.2839678568870454
226200.0	3000.0	1499.0978260402687	0.0	0	427.60575612974935	1699.0978260402626	1	0	1	3.2839678568870427
227669.51044095634	3000.0	1029.587385083954	0.0	0	0.0	1699.0978260402917	1	0	1	3.2839678568870405
229508.8056632776	3000.0	200.0	9.707837237329898	0	0.0	1708.8056632775988	1	0	1	3.2255266767183146
229751.42525596672	500.0	957.3804073108844	0.0	0	0.0	1708.8056632775988	1	0	1	-1.1964015999068285
231265.2467445925	2000.0	443.558918685144	0.0	0	0.0	1708.805663277657	1	0	1	1.288505049881167
231535.38879831508	500.0	1173.4168649625708	0.0	0	0.0	1708.805663277628	1	0	1	-0.790936491798667
232200.0	1000.0	1508.805663277606	0.0	0	285.51178389252163	1708.805663277628	1	0	1	0.9419314596011963
233200.64464306837	2000.0	1508.161020209266	0.0	0	0.0	1708.805663277657	1	0	1	1.9816522304411124
234200.0	2000.0	1508.8056632776402	0.0	0	155.96425060965703	1708.805663277686	1	0	1	2.674799411001054
235200.0	2000.0	1508.805663277648	0.0	0	117.74551337247249	1708.805663277686	1	0	1	2.674799411001054
236200.0	2000.0	1508.8056632776393	0.0	0	143.39170762512367	1708.805663277686	1	0	1	2.674799411001054
237460.31450400958	2000.0	1248.4911592680646	0.0	0	0.0	1708.805663277686	1	0	1	2.674799411001054
238493.92052455628	2000.0	1214.8851387213817	0.0	0	0.0	1708.805663277686	1	0	1	2.674799411001054
239200.0	1000.0	1508.8056632776545	0.0	0	141.25015821261331	1708.805663277686	1	0	1	0.9419314596011904
240315.7322548466	2000.0	1393.0734084310475	0.0	0	0.0	1708.805663277657	1	0	1	1.9816522304411113
241200.0	2000.0	1508.805663277666	0.0	0	133.116681486601	1708.805663277686	1	0	1	2.674799411001054
242200.0	2000.0	1508.805663277678	0.0	0	471.96966564815375	1708.805663277686	1	0	1	2.674799411001054
243200.0	3000.0	1508.8056632776893	0.0	0	87.29248739648028	1708.805663277686	1	0	1	2.877531965055136
244973.29870964732	3000.0	735.5069536303688	0.0	0	0.0	1708.805663277686	1	0	1	3.2829970731633007
245503.41254181848	1000.0	1205.3931214591926	0.0	0	0.0	1708.805663277686	1	0	1	0.5364663514930258
246380.4502828579	2000.0	1328.3553804197463	0.0	0	0.0	1708.805663277657	1	0	1	1.9816522304411113
247412.90251791154	3000.0	1295.903145366098	0.0	0	0.0	1708.805663277657	1	0	1	2.8775319650551388
248570.22969385394	2000.0	1138.5759694237104	0.0	0	0.0	1708.805663277657	1	0	1	2.269334302892892
249732.91934718745	2000.0	975.886316090229	0.0	0	0.0	1708.805663277657	1	0	1	2.6747994110010564
250669.58737902145	2000.0	1039.2182842562643	0.0	0	0.0	1708.805663277657	1	0	1	2.6747994110010564
251474.02192102818	2000.0	1234.783742249534	0.0	0	0.0	1708.805663277657	1	0	1	2.6747994110010564
252463.1024988843	2000.0	1245.703164393401	0.0	0	0.0	1708.805663277686	1	0	1	2.674799411001054
253215.32593765052	2000.0	1493.4797256271895	0.0	0	0.0	1708.805663277628	1	0	1	2.6747994110010582
254200.0	2000.0	1508.8056632777323	0.0	0	116.75115848789574	1708.805663277628	1	0	1	2.674799411001059
255460.1729619512	3000.0	1248.6327013265052	0.0	0	0.0	1708.8056632775988	1	0	1	2.8775319650551436
256326.4347115536	2000.0	1382.3709517241455	0.0	0	0.0	1708.8056632775988	1	0	1	2.269334302892897
257225.43696355613	2000.0	1483.3686997215893	0.0	0	0.0	1708.8056632775697	1	0	1	2.6747994110010653
258200.0	3000.0	1508.8056632777239	0.0	0	79.8011239314219	1708.8056632775697	1	0	1	2.8775319650551476
259691.58384747984	3000.0	1017.2218157979091	0.0	0	0.0	1708.8056632775697	1	0	1	3.2829970731633122
261172.14289346736	2000.0	536.6627698103856	0.0	0	0.0	1708.8056632775988	1	0	1	2.2693343028928994
261721.9631374128	1000.0	986.8425258649662	0.0	0	0.0	1708.8056632775988	1	0	1	0.9419314596011993
262285.0908496227	1000.0	1423.714813655113	0.0	0	0.0	1708.805663277657	1	0	1	1.6350786401611428
263200.0	2000.0	1508.805663277831	0.0	0	166.63534146302845	1708.8056632777443	1	0	1	1.9816522304411048
264200.0	2000.0	1508.805663277896	0.0	0	144.91303398029413	1708.8056632777443	1	0	1	2.674799411001047
265200.0	2000.0	1508.8056632779076	0.0	0	195.28046386374626	1708.8056632778025	1	0	1	2.6747994110010422
266826.1078460545	3000.0	882.6978172234565	0.0	0	0.0	1708.8056632777443	1	0	1	2.87753196505513
267665.72293299116	2000.0	1043.082730286765	0.0	0	0.0	1708.8056632777443	1	0	1	2.269334302892883
268447.69270886004	2000.0	1261.1129544178314	0.0	0	0.0	1708.805663277686	1	0	1	2.674799411001054
269200.0	2000.0	1508.8056632778157	0.0	0	155.36545433703577	1708.805663277686	1	0	1	2.674799411001054
270200.0	3000.0	1508.805663277769	0.0	0	155.16243359068176	1708.805663277686	1	0	1	2.8775319650551325
271200.0	3000.0	1508.8056632776934	0.0	0	165.36717875115573	1708.805663277686	1	0	1	3.2829970731633007
272295.2907986629	3000.0	1413.514864614749	0.0	0	0.0	1708.805663277686	1	0	1	3.2829970731633007
273440.29892213887	3000.0	1268.5067411387865	0.0	0	0.0	1708.805663277686	1	0	1	3.2829970731632994
275477.2547318347	3000.0	231.55093144297334	0.0	0	0.0	1708.805663277686	1	0	1	3.282997073163298
275700.3272407088	500.0	1008.4784225688422	0.0	0	0.0	1708.805663277686	1	0	1	-1.1964015999068374
276636.5555235962	2000.0	1072.2501396814405	0.0	0	0.0	1708.805663277628	1	0	1	1.2885050498811688
277412.4212280006	2000.0	1296.3844352770136	0.0	0	0.0	1708.805663277628	1	0	1	2.674799411001059
278241.84715940116	2000.0	1466.9585038764342	0.0	0	0.0	1708.805663277628	1	0	1	2.674799411001059
279245.77001559443	2000.0	1463.035647683147	0.0	0	0.0	1708.805663277686	1	0	1	2.674799411001056
280200.0	2000.0	1508.805663277652	0.0	0	211.30021538655274	1708.805663277686	1	0	1	2.674799411001054
281200.0	3000.0	1508.8056632775902	0.0	0	57.02693155105226	1708.805663277628	1	0	1	2.8775319650551383
282578.92495893396	3000.0	1129.8807043436752	0.0	0	0.0	1708.805663277686	1	0	1	3.282997073163303
283762.0929099521	2000.0	946.7127533255004	0.0	0	0.0	1708.805663277686	1	0	1	2.269334302892889
284200.0	1000.0	1508.8056632775751	0.0	0	47.924448505218606	1708.8056632777443	1	0	1	0.9419314596011849
285200.0	2000.0	1508.8056632776074	0.0	0	191.26854440604802	1708.8056632778025	1	0	1	1.9816522304410968
286200.0	2000.0	1508.8056632776143	0.0	0	425.82290956861107	1708.8056632778025	1	0	1	2.6747994110010422
287200.0	2000.0	1508.805663277573	0.0	0	362.04329165717354	1708.8056632778025	1	0	1	2.6747994110010422
288200.0	3000.0	1508.8056632775726	0.0	0	53.72508942935383	1708.8056632777443	1	0	1	2.8775319650551263
289229.88608148147	3000.0	1478.9195817961602	0.0	0	0.0	1708.8056632777443	1	0	1	3.2829970731632945
290323.67568411864	3000.0	1385.129979158984	0.0	0	0.0	1708.8056632777443	1	0	1	3.2829970731632945
291200.0	3000.0	1508.8056632776572	0.0	0	211.20905270904768	1708.8056632777443	1	0	1	3.2829970731632945
292200.0	3000.0	1508.8056632776804	0.0	0	458.63060542655876	1708.805663277686	1	0	1	3.2829970731633007
293200.0	3000.0	1508.805663277688	0.0	0	265.3623976378003	1708.805663277686	1	0	1	3.2829970731633007
294603.9765943491	3000.0	1104.8290689286164	0.0	0	0.0	1708.805663277686	1	0	1	3.2829970731633007
295779.9635313621	3000.0	928.8421319155746	0.0	0	0.0	1708.805663277686	1	0	1	3.2829970731633007
296387.9468572556	2000.0	1320.8588060221077	0.0	0	0.0	1708.8056632777443	1	0	1	2.269334302892883
297258.2461420483	3000.0	1450.5595212293865	0.0	0	0.0	1708.8056632777443	1	0	1	2.87753196505513
298200.0	3000.0	1508.8056632776184	0.0	0	53.887968035181984	1708.8056632777443	1	0	1	3.2829970731632945
299200.0	3000.0	1508.805663277671	0.0	0	422.8144393025432	1708.8056632777443	1	0	1	3.2829970731632945
300200.0	3000.0	1508.805663277646	0.0	0	52.810857668169774	1708.8056632777443	1	0	1	3.2829970731632945
301948.8795288997	3000.0	759.9261343778999	0.0	0	0.0	1708.8056632777443	1	0	1	3.2829970731632945
302510.39710713906	2000.0	1198.4085561384497	0.0	0	0.0	1708.805663277686	1	0	1	2.269334302892889
303371.69891199854	2000.0	1337.1067512789602	0.0	0	0.0	1708.805663277628	1	0	1	2.674799411001059
304490.82127431914	3000.0	1217.9843889583838	0.0	0	0.0	1708.805663277628	1	0	1	2.877531965055142
305200.0	2000.0	1508.8056632775204	0.0	0	189.79280028748326	1708.805663277628	1	0	1	2.2693343028928945
306200.0	2000.0	1508.8056632774947	0.0	0	339.1879729301436	1708.8056632775697	1	0	1	2.6747994110010653
3.22	3.35	3.67	4.24	2.94	2.49	2.1	2.9	3.74	4.53	4.11	2.65	3.5	3.02	2.4	2.54	2.99	2.71	2.76	3.17	4.19	4.12	2.35	1.41	2.58	2.36	2.92	3.29	1.89	2.17	2.25	2.95	3.81	4.24	4.43	4.9	5.1	3.9	1.6	1.3	1.9	2.8	2.86	1.51	1.6	2.28	3.12	3.46	2.1	1.1	1.7	2.33	1.52	1.59	2.4	3.05	1.9	0.95	1.46	1.45	1.95	2.97	3.52	4.02	2.85	3.32	4.24	4.81	4.39	2.82	2.04	2.27	1.76	1.52	2.22	2.31	2.53	1.95	2.09	2.19	2.07	1.85	2.11	2.86	3.37	2.79	2.65	1.91	2.69	2.77	2.15	2.17	2.43	2.77	2.86	2.44	2.99	3.66	2.27	3.12	2.9	3.0	1.69	1.58	1.69	2.61	2.95	3.14	3.14	1.54	2.53	3.13	4.03	5.07	3.86	2.77	2.65	1.48	1.98	2.13	2.65	2.35	2.32	2.9	2.33	1.23	1.73	2.13	3.14	3.81	3.8	3.52	3.31	4.19	4.32	3.73	2.72	3.12	2.98	3.76	4.58	4.75	2.53	2.09	2.18	2.79	2.94	2.97	2.84	2.97	3.22	3.35	3.67	4.24	2.94	2.49	2.1	2.9	3.74	4.53	4.11	2.65	3.5	3.02	2.4	2.54	2.99	2.71	2.76	3.17	4.19	4.12	2.35	1.41	2.58	2.36	2.92	3.29	1.89	2.17	2.25	2.95	3.81	4.24	4.43	4.9	5.1	3.9	1.6	1.3	1.9	2.8	2.86	1.51	1.6	2.28	3.12	3.46	2.1	1.1	1.7	2.33	1.52	1.59	2.4	3.05	1.9	0.95	1.46	1.45	1.95	2.97	3.52	4.02	2.85	3.32	4.24	4.81	4.39	2.82	2.04	2.27	1.76	1.52	2.22	2.31	2.53	1.95	2.09	2.19	2.07	1.85	2.11	2.86	3.37	2.79	2.65	1.91	2.69	2.77	2.15	2.17	2.43	2.77	2.86	2.44	2.99	3.66	2.27	3.12	2.9	3.0	1.69	1.58	1.69	2.61	2.95	3.14	3.14	1.54	2.53	3.13	4.03	5.07	3.86	2.77	2.65	1.48	1.98	2.13	2.65	2.35	2.32	2.9	2.33	1.23	1.73	2.13	3.14	3.81	3.8	3.52	3.31	4.19	4.32	3.73	2.72	3.12	2.98	3.76	4.58	4.75	2.53	2.09	2.18	2.79	2.94	2.97	2.84	2.97	3.22	3.35	3.67	4.24	2.94	2.49	2.1	2.9
1.0	2.0	3.0	4.0	5.0	6.0	7.0	8.0	9.0	10.0	11.0	12.0	13.0	14.0	15.0	16.0	17.0	18.0	19.0	20.0	21.0	22.0	23.0	24.0	25.0	26.0	27.0	28.0	29.0	30.0	31.0	32.0	33.0	34.0	35.0	36.0	37.0	38.0	39.0	40.0	41.0	42.0	43.0	44.0	45.0	46.0	47.0	48.0	49.0	50.0	51.0	52.0	53.0	54.0	55.0	56.0	57.0	58.0	59.0	60.0	61.0	62.0	63.0	64.0	65.0	66.0	67.0	68.0	69.0	70.0	71.0	72.0	73.0	74.0	75.0	76.0	77.0	78.0	79.0	80.0	81.0	82.0	83.0	84.0	85.0	86.0	87.0	88.0	89.0	90.0	91.0	92.0	93.0	94.0	95.0	96.0	97.0	98.0	99.0	100.0	101.0	102.0	103.0	104.0	105.0	106.0	107.0	108.0	109.0	110.0	111.0	112.0	113.0	114.0	115.0	116.0	117.0	118.0	119.0	120.0	121.0	122.0	123.0	124.0	125.0	126.0	127.0	128.0	129.0	130.0	131.0	132.0	133.0	134.0	135.0	136.0	137.0	138.0	139.0	140.0	141.0	142.0	143.0	144.0	145.0	146.0	147.0	148.0	149.0	149.0	150.0	151.0	152.0	153.0	154.0	155.0	156.0	157.0	158.0	159.0	160.0	161.0	162.0	163.0	164.0	165.0	166.0	167.0	168.0	169.0	170.0	171.0	172.0	173.0	174.0	175.0	176.0	177.0	178.0	179.0	180.0	181.0	182.0	183.0	184.0	185.0	186.0	187.0	188.0	189.0	190.0	191.0	192.0	193.0	194.0	195.0	196.0	197.0	198.0	199.0	200.0	201.0	202.0	203.0	204.0	205.0	206.0	207.0	208.0	209.0	210.0	211.0	212.0	213.0	214.0	215.0	216.0	217.0	218.0	219.0	220.0	221.0	222.0	223.0	224.0	225.0	226.0	227.0	228.0	229.0	230.0	231.0	232.0	233.0	234.0	235.0	236.0	237.0	238.0	239.0	240.0	241.0	242.0	243.0	244.0	245.0	246.0	247.0	248.0	249.0	250.0	251.0	252.0	253.0	254.0	255.0	256.0	257.0	258.0	259.0	260.0	261.0	262.0	263.0	264.0	265.0	266.0	267.0	268.0	269.0	270.0	271.0	272.0	273.0	274.0	275.0	276.0	277.0	278.0	279.0	280.0	281.0	282.0	283.0	284.0	285.0	286.0	287.0	288.0	289.0	290.0	291.0	292.0	293.0	294.0	295.0	296.0	297.0	298.0	298.0	299.0	300.0	301.0	302.0	303.0	304.0	305.0	306.0
2322.456426039083
