3368.3374286643248	300.0	2000.0	212.61446285035842	0	0.0	3368.3374286643248	1	0	1	-1.6075667418436794
5440.982475779372	2000.0	803.219276642691	0.0	0	0.0	1244.2017524220637	1	0	2	0.421377787994621
6200.0	1000.0	3120.103504844125	0.0	0	352.34181519117647	3320.1035048441254	1	0	0	0.3840453029360939
9254.51474452855	3000.0	960.1372858627176	0.0	0	0.0	1214.6520303912666	1	0	2	1.6307925100967686
10200.0	1000.0	3109.2005559384115	0.0	0	467.88121296594	3309.2005559384106	1	0	0	-0.019737995171087874
13689.046028600744	3000.0	471.2499244775919	0.0	0	0.0	1160.2959530783355	1	0	2	1.6351463861778257
14200.0	500.0	3011.391350218262	0.0	0	242.13739756036557	3211.3913502182622	1	0	0	-1.744303716539679
17248.80207006543	3000.0	857.7090731462885	0.0	0	0.0	1106.5111432117174	1	0	2	0.9488894166851383
18200.0	1000.0	3001.630936205177	0.0	0	550.694543353231	3201.630936205178	1	0	0	-0.00889000735836043
21712.57967867948	3000.0	337.79328965774755	0.0	0	0.0	1050.3729683372294	1	0	2	1.6464744461033454
22200.0	500.0	2899.115000469279	0.0	0	168.28508826587495	3099.1150004692754	1	0	0	-1.733268487005542
25675.721622637357	3000.0	275.82121556818885	0.0	0	0.0	951.542838205547	1	0	2	0.9631441924429951
26200.0	500.0	2803.9706759418104	0.0	0	244.55734590903376	3003.970675941815	1	0	0	-1.723429404081543
29535.917143353337	3000.0	334.4618182531399	0.0	0	0.0	870.3789616064823	1	0	2	0.971810687132418
30200.0	500.0	2736.787247271147	0.0	0	319.8245659458007	2936.7872472711533	1	0	0	-1.716166129555403
33670.53815076172	3000.0	210.309057845172	82.83070582901722	0	0.0	880.8472086069014	1	0	2	0.47340525155497215
34200.0	300.0	2733.793393530719	0.0	0	370.148092107469	2933.793393530723	1	0	0	-2.993059626317302
37900.24829758185	3000.0	200.0	305.89066709937447	0	0.0	1100.2482975818493	1	0	2	-1.3864573357141936
38200.0	300.0	2930.2234678236614	0.0	0	159.2129821647177	3130.2234678236564	1	0	0	-3.0140494021229123
42036.183865087565	3000.0	200.0	263.2534397933266	0	0.0	1236.183865087558	1	0	2	-1.1443614857699898
42200.0	300.0	3052.565478578808	0.0	0	0.32657236205704976	3252.565478578792	1	0	0	-3.0274558323040406
46320.75980214333	3000.0	200.0	436.6093670716869	0	0.0	1520.7598021433296	1	0	2	-2.2052248386074162
46471.55980029746	300.0	1049.2000018458716	0.0	0	0.0	1520.7598021433296	1	0	1	-2.6546610732083784
47200.0	1000.0	1320.7598021433291	0.0	0	72.38179522579594	1520.7598021433223	1	0	1	0.4499104219486358
48200.0	1000.0	1320.7598021433314	0.0	0	468.85323904132383	1520.759802143315	1	0	1	1.6538832262745724
49200.0	1000.0	1320.7598021433314	0.0	0	328.7509198091793	1520.759802143315	1	0	1	1.6538832262745728
50200.0	1000.0	1320.7598021433296	0.0	0	343.04235310096556	1520.759802143315	1	0	1	1.6538832262745728
51200.0	1000.0	1320.759802143335	0.0	0	633.9748986600534	1520.7598021433078	1	0	1	1.6538832262745728
52200.0	1000.0	1320.7598021433391	0.0	0	497.20691327341046	1520.759802143315	1	0	1	1.6538832262745728
53200.0	1000.0	1320.7598021433332	0.0	0	460.64151209956617	1520.759802143315	1	0	1	1.6538832262745728
54200.0	2000.0	1320.7598021433366	0.0	0	126.80108186502184	1520.759802143315	1	0	1	2.0004568165545455
55200.0	2000.0	1320.75980214334	0.0	0	575.0985114738069	1520.7598021433223	1	0	1	2.69360399711449
56219.272861844525	3000.0	1301.4869402988138	0.0	0	0.0	1520.7598021433223	1	0	1	2.8963365511685724
57200.0	2000.0	1320.7598021433334	0.0	0	274.52087126073457	1520.7598021433223	1	0	1	2.2881388890063254
58248.74674926173	3000.0	1272.0130528816067	0.0	0	0.0	1520.7598021433223	1	0	1	2.8963365511685724
59308.012134230536	2000.0	1212.7476679128063	0.0	0	0.0	1520.7598021433223	1	0	1	2.2881388890063254
60200.0	2000.0	1320.7598021433437	0.0	0	272.9485548389275	1520.7598021433223	1	0	1	2.69360399711449
61923.356567809904	3000.0	597.4032343334483	0.0	0	0.0	1520.7598021433223	1	0	1	2.8963365511685724
62614.92152264127	1000.0	905.8382795020851	0.0	0	0.0	1520.7598021433223	1	0	1	0.5552709376064622
63200.0	1000.0	1320.7598021433487	0.0	0	189.43297154868196	1520.7598021433223	1	0	1	1.653883226274572
64200.0	2000.0	1320.759802143355	0.0	0	254.01497216313146	1520.7598021433223	1	0	1	2.0004568165545447
65200.0	2000.0	1320.7598021433598	0.0	0	208.20785142899695	1520.7598021433223	1	0	1	2.69360399711449
66223.79239982174	2000.0	1296.967402321623	0.0	0	0.0	1520.7598021433369	1	0	1	2.693603997114489
67200.0	2000.0	1320.7598021433703	0.0	0	168.1904081726243	1520.7598021433369	1	0	1	2.6936039971144883
68200.0	2000.0	1320.7598021433641	0.0	0	327.1346937702765	1520.7598021433369	1	0	1	2.6936039971144887
69200.0	2000.0	1320.7598021433525	0.0	0	145.55643060385773	1520.7598021433223	1	0	1	2.693603997114489
70200.0	2000.0	1320.7598021433444	0.0	0	418.59595184192585	1520.7598021433369	1	0	1	2.6936039971144896
71200.0	2000.0	1320.7598021433416	0.0	0	63.74696524915635	1520.7598021433223	1	0	1	2.693603997114489
72200.0	2000.0	1320.75980214334	0.0	0	162.96543837874196	1520.7598021433223	1	0	1	2.69360399711449
73200.0	3000.0	1320.7598021433334	0.0	0	223.83112805127166	1520.7598021433369	1	0	1	2.8963365511685706
74422.83024291456	3000.0	1097.9295592287979	0.0	0	0.0	1520.7598021433514	1	0	1	3.301801659276734
75200.0	2000.0	1320.7598021433378	0.0	0	16.049949758365983	1520.7598021433514	1	0	1	2.2881388890063223
76200.0	2000.0	1320.759802143338	0.0	0	197.95761943129764	1520.759802143366	1	0	1	2.6936039971144856
77200.0	2000.0	1320.7598021433264	0.0	0	325.2835317634308	1520.759802143366	1	0	1	2.6936039971144856
78200.0	3000.0	1320.7598021433112	0.0	0	94.92789313354297	1520.7598021433514	1	0	1	2.8963365511685693
79232.56113041367	3000.0	1288.1986717296459	0.0	0	0.0	1520.7598021433514	1	0	1	3.301801659276734
80200.0	2000.0	1320.7598021433066	0.0	0	245.53540500311647	1520.759802143366	1	0	1	2.288138889006321
81266.25282012277	3000.0	1254.5069820205251	0.0	0	0.0	1520.759802143366	1	0	1	2.896336551168568
82200.0	2000.0	1320.7598021433037	0.0	0	125.13548009526858	1520.759802143366	1	0	1	2.288138889006321
83531.039527965	3000.0	989.7202741782995	0.0	0	0.0	1520.759802143366	1	0	1	2.896336551168568
84425.1096109467	2000.0	1095.6501911965966	0.0	0	0.0	1520.759802143366	1	0	1	2.288138889006321
85976.85806354594	2000.0	543.9017385973503	0.0	0	0.0	1520.7598021433514	1	0	1	2.6936039971144856
86258.90512913073	500.0	1261.8546730125556	0.0	0	0.0	1520.7598021433514	1	0	1	-0.7721319056852396
87200.0	1000.0	1320.759802143288	0.0	0	364.0936417750345	1520.7598021433514	1	0	1	0.9607360457146239
88200.0	1000.0	1320.759802143287	0.0	0	423.07374076682026	1520.7598021433514	1	0	1	1.6538832262745693
89200.0	1000.0	1320.7598021432752	0.0	0	505.5257100794115	1520.7598021433369	1	0	1	1.6538832262745706
90200.0	1000.0	1320.759802143282	0.0	0	566.4423589687358	1520.7598021433369	1	0	1	1.6538832262745706
91200.0	2000.0	1320.7598021432811	0.0	0	402.2404499389522	1520.7598021433369	1	0	1	2.0004568165545438
92200.0	2000.0	1320.7598021432598	0.0	0	502.66681627344224	1520.7598021433223	1	0	1	2.69360399711449
93200.0	2000.0	1320.7598021432689	0.0	0	429.17403584376734	1520.7598021433223	1	0	1	2.69360399711449
94391.20102322978	3000.0	1129.5587789135025	0.0	0	0.0	1520.7598021433223	1	0	1	2.8963365511685724
95200.0	2000.0	1320.7598021432916	0.0	0	113.48409226880176	1520.7598021433223	1	0	1	2.2881388890063254
96200.0	3000.0	1320.7598021432902	0.0	0	205.46541062698816	1520.7598021433223	1	0	1	2.8963365511685724
97316.00462949216	3000.0	1204.7551726511438	0.0	0	0.0	1520.7598021433223	1	0	1	3.301801659276737
98200.0	3000.0	1320.75980214331	0.0	0	69.06996067428554	1520.7598021433223	1	0	1	3.301801659276737
99200.0	3000.0	1320.7598021433132	0.0	0	183.6088332978834	1520.7598021433223	1	0	1	3.301801659276737
100200.0	3000.0	1320.7598021433012	0.0	0	328.10311276874563	1520.7598021433223	1	0	1	3.301801659276737
101200.0	3000.0	1320.7598021432964	0.0	0	238.83155374322087	1520.7598021433223	1	0	1	3.301801659276737
102200.0	3000.0	1320.7598021432916	0.0	0	435.8172014912125	1520.7598021433223	1	0	1	3.301801659276737
103563.63339601061	3000.0	957.1264061326636	0.0	0	0.0	1520.7598021433369	1	0	1	3.301801659276735
104951.58290558403	3000.0	569.1768965592581	0.0	0	0.0	1520.7598021433369	1	0	1	3.301801659276735
105673.13164328823	1000.0	847.6281588550675	0.0	0	0.0	1520.7598021433369	1	0	1	0.5552709376064608
106393.41447479994	1000.0	1127.3453273433538	0.0	0	0.0	1520.7598021433369	1	0	1	1.6538832262745706
107302.64466694208	1000.0	1218.115135201209	0.0	0	0.0	1520.7598021433514	1	0	1	1.6538832262745693
108200.0	1000.0	1320.7598021432802	0.0	0	376.0555530057318	1520.7598021433514	1	0	1	1.6538832262745693
109200.0	1000.0	1320.7598021432798	0.0	0	546.3632152144128	1520.7598021433514	1	0	1	1.6538832262745693
110200.0	1000.0	1320.759802143276	0.0	0	651.0771922883723	1520.7598021433514	1	0	1	1.6538832262745693
111200.0	1000.0	1320.7598021432727	0.0	0	648.0015498665452	1520.7598021433514	1	0	1	1.6538832262745693
112200.0	2000.0	1320.759802143279	0.0	0	253.46163933185744	1520.7598021433514	1	0	1	2.000456816554542
113652.46709697174	2000.0	868.2927051715368	0.0	0	0.0	1520.7598021433514	1	0	1	2.693603997114487
114259.85468180172	1000.0	1260.905120341583	0.0	0	0.0	1520.759802143366	1	0	1	0.9607360457146227
115200.0	2000.0	1320.7598021432955	0.0	0	46.868795279064216	1520.759802143366	1	0	1	2.00045681655454
116200.0	2000.0	1320.7598021432927	0.0	0	147.35211177753808	1520.759802143366	1	0	1	2.6936039971144856
117200.0	2000.0	1320.7598021432916	0.0	0	11.05277594398649	1520.7598021433514	1	0	1	2.693603997114487
118200.0	2000.0	1320.7598021433082	0.0	0	314.9438062099216	1520.7598021433514	1	0	1	2.693603997114487
119549.33744183122	3000.0	971.4223603120981	0.0	0	0.0	1520.7598021433514	1	0	1	2.8963365511685693
120489.0319401512	2000.0	1031.727861992118	0.0	0	0.0	1520.7598021433369	1	0	1	2.288138889006324
121403.26354765517	2000.0	1117.4962544881405	0.0	0	0.0	1520.7598021433223	1	0	1	2.69360399711449
122638.47151273901	2000.0	882.2882894042963	0.0	0	0.0	1520.7598021433223	1	0	1	2.69360399711449
123200.0	1000.0	1320.759802143296	0.0	0	48.209599181616795	1520.7598021433223	1	0	1	0.9607360457146268
124200.0	2000.0	1320.7598021432943	0.0	0	24.739975029035122	1520.7598021433223	1	0	1	2.0004568165545447
125228.76416047657	2000.0	1291.995641666732	0.0	0	0.0	1520.7598021433078	1	0	1	2.6936039971144914
126200.0	2000.0	1320.7598021433046	0.0	0	130.68674769772042	1520.7598021433078	1	0	1	2.6936039971144914
127200.0	2000.0	1320.759802143302	0.0	0	470.15542006806936	1520.7598021433078	1	0	1	2.6936039971144914
128590.01263172438	3000.0	930.7471704189186	0.0	0	0.0	1520.7598021433223	1	0	1	2.8963365511685724
129200.0	2000.0	1320.7598021433075	0.0	0	27.486278433643747	1520.7598021433223	1	0	1	2.2881388890063254
130200.0	2000.0	1320.7598021433027	0.0	0	81.93197792382853	1520.7598021433223	1	0	1	2.69360399711449
131200.0	2000.0	1320.7598021433193	0.0	0	83.0576432479429	1520.7598021433223	1	0	1	2.693603997114491
132433.2329496369	3000.0	1087.526852506408	0.0	0	0.0	1520.7598021433369	1	0	1	2.8963365511685715
133619.11883247248	2000.0	901.6409696708649	0.0	0	0.0	1520.7598021433223	1	0	1	2.2881388890063254
134200.0	1000.0	1320.759802143367	0.0	0	48.008286627038615	1520.7598021433514	1	0	1	0.9607360457146241
135281.70234344451	2000.0	1239.0574586988253	0.0	0	0.0	1520.7598021432932	1	0	1	2.000456816554547
136200.0	2000.0	1320.7598021433196	0.0	0	267.25597673346056	1520.7598021432932	1	0	1	2.6936039971144927
137200.0	2000.0	1320.75980214333	0.0	0	58.41975464267307	1520.7598021432932	1	0	1	2.6936039971144927
138651.71531732442	2000.0	869.0444848189055	0.0	0	0.0	1520.7598021432932	1	0	1	2.6936039971144927
139316.73523474968	1000.0	1204.0245673936424	0.0	0	0.0	1520.7598021432932	1	0	1	0.9607360457146299
140279.44227431083	2000.0	1241.3175278324948	0.0	0	0.0	1520.7598021432932	1	0	1	2.0004568165545478
141200.0	1000.0	1320.7598021433273	0.0	0	132.93622490784037	1520.7598021432932	1	0	1	0.9607360457146299
142200.0	1000.0	1320.7598021433125	0.0	0	179.79844626234262	1520.7598021432932	1	0	1	1.653883226274575
143200.0	1000.0	1320.7598021433296	0.0	0	326.2786101643869	1520.7598021432932	1	0	1	1.653883226274575
144200.0	1000.0	1320.7598021433198	0.0	0	660.7300903921423	1520.7598021432932	1	0	1	1.653883226274575
145200.0	1000.0	1320.7598021433216	0.0	0	659.6751014026231	1520.7598021432932	1	0	1	1.653883226274575
146200.0	1000.0	1320.7598021433225	0.0	0	569.6808145965042	1520.7598021433223	1	0	1	1.653883226274572
147200.0	2000.0	1320.7598021433391	0.0	0	336.8366879617388	1520.7598021433223	1	0	1	2.0004568165545447
148200.0	2000.0	1320.7598021433846	0.0	0	286.44171060883673	1520.7598021433514	1	0	1	2.693603997114487
149200.0	2000.0	1320.7598021434135	0.0	0	517.5421601747221	1520.7598021433514	1	0	1	2.693603997114487
150200.0	3000.0	1320.7598021433846	0.0	0	61.231309347000206	1520.7598021433223	1	0	1	2.8963365511685724
151200.0	3000.0	1320.7598021433737	0.0	0	33.38811718899524	1520.7598021433514	1	0	1	3.3018016592767347
152202.8789808607	3000.0	1317.8808212826814	0.0	0	158.370099315478	1520.7598021433223	1	0	1	3.301801659276737
154037.07444216628	3000.0	483.68535997709955	0.0	0	0.0	1520.7598021433223	1	0	1	3.301801659276737
154518.7833340188	1000.0	1001.9764681245855	0.0	0	0.0	1520.7598021433223	1	0	1	0.5552709376064622
155618.7191592096	2000.0	902.0406429338288	0.0	0	0.0	1520.7598021433223	1	0	1	2.0004568165545447
156200.0	1000.0	1320.7598021434553	0.0	0	68.07876085219323	1520.7598021433514	1	0	1	0.9607360457146241
157277.39404155966	2000.0	1243.3657605837614	0.0	0	0.0	1520.7598021433514	1	0	1	2.000456816554542
158453.09106436852	2000.0	1067.6687377748972	0.0	0	0.0	1520.7598021433514	1	0	1	2.693603997114487
159200.0	1000.0	1320.75980214342	0.0	0	302.8153161467344	1520.7598021433805	1	0	1	0.960736045714621
160301.92913168605	2000.0	1218.8306704574095	0.0	0	0.0	1520.7598021433805	1	0	1	2.0004568165545393
161431.7143287939	2000.0	1089.0454733495305	0.0	0	0.0	1520.7598021433805	1	0	1	2.6936039971144843
162200.0	1000.0	1320.7598021434526	0.0	0	392.4860086971603	1520.7598021433805	1	0	1	0.960736045714621
163200.0	2000.0	1320.7598021434603	0.0	0	389.9956849598966	1520.7598021433805	1	0	1	2.0004568165545393
164200.0	2000.0	1320.7598021434292	0.0	0	444.0868451168644	1520.7598021433805	1	0	1	2.6936039971144843
165200.0	2000.0	1320.7598021434228	0.0	0	280.417789759842	1520.7598021433805	1	0	1	2.6936039971144843
166200.0	3000.0	1320.759802143426	0.0	0	12.374279737239704	1520.7598021433805	1	0	1	2.8963365511685666
167200.0	3000.0	1320.759802143422	0.0	0	244.11635004694108	1520.7598021433514	1	0	1	3.301801659276734
168200.0	3000.0	1320.7598021434528	0.0	0	211.91236405615928	1520.7598021433805	1	0	1	3.301801659276731
169200.0	3000.0	1320.7598021434885	0.0	0	411.38518945281976	1520.7598021433805	1	0	1	3.301801659276731
170581.48313143253	3000.0	939.276670710952	0.0	0	0.0	1520.7598021433805	1	0	1	3.301801659276731
171298.1851940244	2000.0	1222.574608119046	0.0	0	0.0	1520.7598021433805	1	0	1	2.2881388890063197
172540.156798118	3000.0	980.6030040254856	0.0	0	0.0	1520.7598021433805	1	0	1	2.8963365511685666
173300.91059847228	2000.0	1219.8492036711584	0.0	0	0.0	1520.7598021433805	1	0	1	2.2881388890063197
174493.87348115697	2000.0	1026.8863209864635	0.0	0	0.0	1520.7598021433805	1	0	1	2.6936039971144843
175200.0	1000.0	1320.7598021434403	0.0	0	253.76310339028714	1520.7598021434387	1	0	1	0.9607360457146163
176200.0	2000.0	1320.759802143445	0.0	0	128.02652126771864	1520.7598021434678	1	0	1	2.0004568165545304
177200.0	2000.0	1320.7598021434503	0.0	0	237.20192664125352	1520.7598021434387	1	0	1	2.693603997114478
178200.0	2000.0	1320.759802143467	0.0	0	197.7987149936671	1520.7598021434387	1	0	1	2.693603997114478
179200.0	2000.0	1320.7598021434926	0.0	0	126.10023704112973	1520.7598021434678	1	0	1	2.6936039971144754
180200.0	2000.0	1320.7598021434999	0.0	0	273.88984178035753	1520.759802143497	1	0	1	2.6936039971144727
181200.0	2000.0	1320.7598021435058	0.0	0	32.42291295976611	1520.759802143497	1	0	1	2.6936039971144727
182200.0	2000.0	1320.7598021434806	0.0	0	64.7108478861046	1520.759802143497	1	0	1	2.6936039971144727
183310.10404282023	2000.0	1210.6557593232394	0.0	0	0.0	1520.759802143497	1	0	1	2.6936039971144727
184449.5458882778	2000.0	1071.2139138656926	0.0	0	0.0	1520.759802143497	1	0	1	2.6936039971144727
185818.36764531274	2000.0	702.3921568307451	0.0	0	0.0	1520.759802143526	1	0	1	2.693603997114472
186282.1191584921	1000.0	1238.6406436513996	0.0	0	0.0	1520.759802143526	1	0	1	0.9607360457146066
187200.0	1000.0	1320.7598021435122	0.0	0	182.11101818774478	1520.759802143526	1	0	1	1.6538832262745504
188200.0	1000.0	1320.7598021435238	0.0	0	427.1094996382308	1520.7598021435551	1	0	1	1.6538832262745486
189200.0	1000.0	1320.7598021435178	0.0	0	384.198051867279	1520.759802143526	1	0	1	1.6538832262745518
190200.0	1000.0	1320.7598021435026	0.0	0	619.5363023119571	1520.759802143526	1	0	1	1.6538832262745518
191200.0	2000.0	1320.7598021434897	0.0	0	182.64294378052	1520.759802143497	1	0	1	2.0004568165545273
192200.0	2000.0	1320.7598021434885	0.0	0	44.21596787223825	1520.759802143497	1	0	1	2.6936039971144727
193347.59390157976	2000.0	1173.1659005637184	0.0	0	0.0	1520.7598021434678	1	0	1	2.693603997114475
194822.7281920662	2000.0	698.0316100773059	0.0	0	0.0	1520.759802143497	1	0	1	2.6936039971144727
195460.70050168678	1000.0	1060.0593004567136	0.0	0	0.0	1520.759802143497	1	0	1	0.9607360457146094
196200.0	1000.0	1320.7598021434553	0.0	0	162.01184225463658	1520.759802143497	1	0	1	1.6538832262745546
197200.0	1000.0	1320.7598021434517	0.0	0	159.9153262800828	1520.7598021434678	1	0	1	1.6538832262745558
198200.0	1000.0	1320.7598021434064	0.0	0	243.44726046780124	1520.7598021434678	1	0	1	1.6538832262745575
199200.0	1000.0	1320.7598021434083	0.0	0	580.1212767947	1520.7598021434678	1	0	1	1.6538832262745575
200200.0	1000.0	1320.7598021434046	0.0	0	620.8189784817223	1520.7598021434387	1	0	1	1.6538832262745589
201200.0	1000.0	1320.7598021434187	0.0	0	484.9755031687382	1520.7598021434387	1	0	1	1.6538832262745604
202200.0	1000.0	1320.7598021434367	0.0	0	617.4929615969886	1520.7598021434678	1	0	1	1.6538832262745575
203200.0	2000.0	1320.759802143454	0.0	0	438.15618806736893	1520.7598021434678	1	0	1	2.0004568165545304
204200.0	2000.0	1320.7598021434706	0.0	0	445.6812899412762	1520.759802143497	1	0	1	2.6936039971144727
205200.0	3000.0	1320.7598021435113	0.0	0	137.23215489750146	1520.759802143497	1	0	1	2.896336551168555
206200.0	2000.0	1320.7598021435122	0.0	0	209.80878604017198	1520.759802143497	1	0	1	2.288138889006308
207709.7866428385	3000.0	810.9731593050279	0.0	0	0.0	1520.759802143497	1	0	1	2.896336551168555
208439.8583931228	2000.0	1080.9014090207631	0.0	0	0.0	1520.759802143526	1	0	1	2.2881388890063046
209200.0	2000.0	1320.7598021435783	0.0	0	92.6949787272024	1520.7598021435551	1	0	1	2.6936039971144665
211507.6888122667	3000.0	200.0	186.92901012309977	0	0.0	1707.6888122666278	1	0	1	1.7697398200143453
211765.59145667366	300.0	942.0973555930135	0.0	0	0.0	1707.6888122666278	1	0	1	-2.47335397422071
212200.0	1000.0	1507.6888122666828	0.0	0	11.800428115617251	1707.6888122666278	1	0	1	0.43121752093630533
213200.0	2000.0	1507.6888122666758	0.0	0	155.66565606018412	1707.688812266657	1	0	1	1.9817639155422127
214276.09764120064	2000.0	1431.5911710660203	0.0	0	0.0	1707.688812266686	1	0	1	2.6749110961021536
215200.0	2000.0	1507.6888122666892	0.0	0	29.042115744319744	1707.6888122667442	1	0	1	2.674911096102149
216200.0	2000.0	1507.6888122666612	0.0	0	55.095843146089464	1707.6888122667442	1	0	1	2.674911096102148
217305.35006040084	3000.0	1402.3387518658456	0.0	0	0.0	1707.6888122667442	1	0	1	2.87764365015623
218200.0	2000.0	1507.688812266693	0.0	0	360.5415217161353	1707.6888122667442	1	0	1	2.2694459879939832
219389.02610241814	3000.0	1318.662709848535	0.0	0	0.0	1707.6888122667442	1	0	1	2.87764365015623
220599.85663541034	2000.0	1107.8321768563553	0.0	0	0.0	1707.6888122667733	1	0	1	2.26944598799398
221456.1319144707	2000.0	1251.5568977960072	0.0	0	0.0	1707.6888122667733	1	0	1	2.6749110961021447
222208.5169004068	2000.0	1499.1719118598908	0.0	0	0.0	1707.6888122668024	1	0	1	2.6749110961021416
223232.50169640902	2000.0	1475.1871158576503	0.0	0	0.0	1707.6888122668024	1	0	1	2.6749110961021416
224281.04084796982	2000.0	1426.6479642968886	0.0	0	0.0	1707.6888122668606	1	0	1	2.6749110961021367
225358.33261222334	3000.0	1349.3562000433599	0.0	0	0.0	1707.6888122668606	1	0	1	2.8776436501562186
226281.98435212183	3000.0	1425.7044601449027	0.0	0	0.0	1707.6888122668606	1	0	1	3.283108758264383
227200.0	2000.0	1507.6888122666994	0.0	0	346.4286950863607	1707.6888122668606	1	0	1	2.2694459879939712
228200.0	3000.0	1507.688812266698	0.0	0	91.11586345950491	1707.6888122668606	1	0	1	2.8776436501562186
229775.218924642	3000.0	932.4698876247244	0.0	0	0.0	1707.6888122668606	1	0	1	3.283108758264383
230745.96554401808	2000.0	961.7232682486547	0.0	0	0.0	1707.6888122668606	1	0	1	2.2694459879939712
231473.90653093273	2000.0	1233.7822813340108	0.0	0	0.0	1707.6888122668315	1	0	1	2.674911096102139
232200.0	2000.0	1507.6888122667515	0.0	0	42.17052536626579	1707.6888122668606	1	0	1	2.674911096102136
233719.4957323928	3000.0	988.1930798739339	0.0	0	0.0	1707.6888122668315	1	0	1	2.8776436501562213
235167.52539505335	2000.0	540.1634172133967	0.0	0	0.0	1707.6888122668606	1	0	1	2.2694459879939726
235494.97698389762	500.0	1212.711828369116	0.0	0	0.0	1707.6888122668606	1	0	1	-0.7908248066975907
236200.0	1000.0	1507.6888122667178	0.0	0	67.88976143253967	1707.6888122668897	1	0	1	0.9420431447022698
237262.2868284795	2000.0	1445.4019837872033	0.0	0	0.0	1707.6888122668897	1	0	1	1.9817639155421882
238200.0	2000.0	1507.6888122667128	0.0	0	119.64265504750074	1707.6888122668897	1	0	1	2.674911096102133
239200.0	2000.0	1507.688812266754	0.0	0	343.90446331488783	1707.6888122668897	1	0	1	2.674911096102133
240331.30044511933	3000.0	1376.3883671474123	0.0	0	0.0	1707.6888122668606	1	0	1	2.877643650156218
241200.0	2000.0	1507.6888122667851	0.0	0	58.26383069623262	1707.6888122668606	1	0	1	2.2694459879939712
242200.0	3000.0	1507.6888122668197	0.0	0	172.6145534333773	1707.6888122668897	1	0	1	2.877643650156217
243450.2033791195	3000.0	1257.4854331473389	0.0	0	0.0	1707.6888122668897	1	0	1	3.2831087582643805
244777.66509993095	3000.0	930.0237123359208	0.0	0	0.0	1707.6888122668897	1	0	1	3.2831087582643805
245428.01450467942	2000.0	1279.6743075874667	0.0	0	0.0	1707.6888122668606	1	0	1	2.2694459879939712
246414.21371903166	3000.0	1293.4750932352244	0.0	0	0.0	1707.6888122668897	1	0	1	2.877643650156216
247429.53698601667	3000.0	1278.1518262502063	0.0	0	0.0	1707.6888122669188	1	0	1	3.283108758264377
248200.0	3000.0	1507.6888122668545	0.0	0	231.03422190013225	1707.6888122669188	1	0	1	3.283108758264377
249200.0	3000.0	1507.6888122668456	0.0	0	511.85813960118685	1707.6888122669188	1	0	1	3.283108758264377
250200.0	3000.0	1507.688812266859	0.0	0	492.04327954747714	1707.688812266948	1	0	1	3.2831087582643743
251200.0	3000.0	1507.688812266849	0.0	0	36.898262884205906	1707.688812266948	1	0	1	3.2831087582643734
252200.0	3000.0	1507.6888122668415	0.0	0	211.11790734474198	1707.688812266948	1	0	1	3.2831087582643743
254689.91092667787	3000.0	200.0	182.22211441099824	0	0.0	1889.9109266779851	1	0	1	2.186131629510162
255131.94979040592	500.0	763.4759640038665	45.1988310042991	0	0.0	1895.4257544098946	1	0	2	-1.8873289593456135
256083.02567738108	1000.0	717.2924883312182	0.0	0	0.0	1800.3181657124078	1	0	2	0.731051803861897
256551.3371638979	1000.0	1202.1498531626812	0.0	0	0.0	1753.4870170606882	1	0	2	1.4294308607338537
257200.0	1000.0	1488.6207334503588	0.0	0	236.6665702732571	1688.620733450487	1	0	2	1.4345699086401749
258200.0	1000.0	1488.6207334503524	0.0	0	662.7410409827717	1688.620733450458	1	0	1	1.4370971331438585
259200.0	1000.0	1488.62073345035	0.0	0	610.4765882202773	1688.620733450458	1	0	1	1.6370971331438586
260200.0	2000.0	1488.620733450349	0.0	0	437.5017754675064	1688.620733450458	1	0	1	1.983670723423831
261315.80909981136	3000.0	1372.8116336389867	0.0	0	0.0	1688.6207334504288	1	0	1	2.879550458037861
262903.90244562156	3000.0	784.718287828768	0.0	0	0.0	1688.6207334504288	1	0	1	3.285015566146024
263422.75785115384	1000.0	1265.8628822965068	0.0	0	0.0	1688.620733450458	1	0	1	0.5384848444757498
264200.0	2000.0	1488.6207334503863	0.0	0	153.00241551315412	1688.620733450458	1	0	1	1.983670723423832
265595.5521767626	3000.0	1093.0685566878083	0.0	0	0.0	1688.620733450458	1	0	1	2.879550458037859
266253.19398447394	2000.0	1435.4267489765257	0.0	0	0.0	1688.620733450458	1	0	1	2.271352795875612
267499.07202635263	3000.0	1189.5487070978838	0.0	0	0.0	1688.620733450458	1	0	1	2.879550458037859
268200.0	2000.0	1488.6207334505498	0.0	0	195.11505404033232	1688.620733450458	1	0	1	2.271352795875612
269453.7166894418	3000.0	1234.9040440087474	0.0	0	0.0	1688.620733450458	1	0	1	2.879550458037859
270548.3503668087	2000.0	1140.2703666418618	0.0	0	0.0	1688.620733450458	1	0	1	2.271352795875612
271871.89195249474	2000.0	816.7287809558183	0.0	0	0.0	1688.620733450458	1	0	1	2.6768179039837765
272394.37184819253	1000.0	1294.2488852580184	0.0	0	0.0	1688.620733450458	1	0	1	0.9439499525839135
273200.0	2000.0	1488.6207334505166	0.0	0	115.04782537877327	1688.620733450458	1	0	1	1.983670723423831
274217.394227359	2000.0	1471.2265060915265	0.0	0	0.0	1688.620733450458	1	0	1	2.6768179039837765
275200.0	2000.0	1488.6207334505013	0.0	0	178.9023867023643	1688.6207334505161	1	0	1	2.6768179039837703
276200.0	3000.0	1488.620733450471	0.0	0	77.06723605957814	1688.6207334505743	1	0	1	2.8795504580378495
277200.0	2000.0	1488.620733450552	0.0	0	181.49877960816957	1688.6207334506325	1	0	1	2.271352795875594
278206.67866980424	3000.0	1481.9420636462642	0.0	0	0.0	1688.6207334506325	1	0	1	2.8795504580378437
279662.70620882156	3000.0	1025.9145246289113	0.0	0	0.0	1688.6207334505743	1	0	1	3.285015566146012
280567.37404542085	2000.0	1121.2466880296715	0.0	0	0.0	1688.6207334505161	1	0	1	2.2713527958756057
281200.0	2000.0	1488.6207334504481	0.0	0	20.34392871853197	1688.6207334505161	1	0	1	2.6768179039837703
282200.0	2000.0	1488.6207334504147	0.0	0	348.45749749883544	1688.620733450458	1	0	1	2.676817903983773
283953.6811707672	3000.0	734.9395626832419	0.0	0	0.0	1688.6207334505161	1	0	1	2.8795504580378526
284276.14701675944	1000.0	1412.4737166909752	0.0	0	0.0	1688.6207334505161	1	0	1	0.5384848444757429
285217.2675567399	3000.0	1471.3531767104998	0.0	0	0.0	1688.6207334505743	1	0	1	2.186403277477903
286934.89408926136	3000.0	753.7266441890437	0.0	0	0.0	1688.6207334505743	1	0	1	3.285015566146013
287675.53405057115	1000.0	1013.0866828792855	0.0	0	0.0	1688.6207334505743	1	0	1	0.5384848444757371
288335.82566502114	1000.0	1352.795068429315	0.0	0	0.0	1688.6207334505743	1	0	1	1.6370971331438469
289393.63498867844	2000.0	1294.9857447720071	0.0	0	0.0	1688.6207334506325	1	0	1	1.9836707234238147
290250.4087208078	1000.0	1438.2120126426355	0.0	0	0.0	1688.6207334506325	1	0	1	0.9439499525838959
291471.20937587507	2000.0	1217.4113575753947	0.0	0	0.0	1688.6207334506908	1	0	1	1.983670723423808
292200.0	1000.0	1488.6207334503918	0.0	0	70.01747244765284	1688.6207334506908	1	0	1	0.9439499525838901
293200.0	2000.0	1488.6207334503713	0.0	0	199.56955457065487	1688.6207334506908	1	0	1	1.983670723423808
294200.0	2000.0	1488.6207334504202	0.0	0	90.98230311862426	1688.6207334506325	1	0	1	2.6768179039837565
295200.0	1000.0	1488.6207334504318	0.0	0	676.8107447441434	1688.6207334506325	1	0	1	0.9439499525838959
296200.0	2000.0	1488.6207334503915	0.0	0	212.67513052769937	1688.6207334505743	1	0	1	1.983670723423816
297200.0	2000.0	1488.6207334503865	0.0	0	495.75136074225884	1688.6207334505743	1	0	1	2.676817903983765
298277.95970731153	3000.0	1410.6610261389023	0.0	0	0.0	1688.6207334505743	1	0	1	2.8795504580378473
299200.0	3000.0	1488.6207334504475	0.0	0	249.9287812206312	1688.6207334506325	1	0	1	3.285015566146009
300200.0	3000.0	1488.6207334505325	0.0	0	235.9343233492109	1688.620733450749	1	0	1	3.2850155661459977
301667.5138074185	3000.0	1021.1069260320348	0.0	0	0.0	1688.6207334506325	1	0	1	3.2850155661460034
302928.8654320844	2000.0	759.7553013660892	0.0	0	0.0	1688.6207334505743	1	0	1	2.2713527958756003
303297.86182920524	1000.0	1390.7589042453285	0.0	0	0.0	1688.6207334505743	1	0	1	0.9439499525839017
304708.75353814795	3000.0	979.8671953026344	0.0	0	0.0	1688.6207334505743	1	0	1	2.186403277477902
305934.11797369807	2000.0	754.5027597525169	0.0	0	0.0	1688.6207334505743	1	0	1	2.2713527958756003
306523.36660017475	1000.0	1165.254133275878	0.0	0	0.0	1688.6207334505743	1	0	1	0.9439499525839017
307203.76716420223	1000.0	1484.8535692483779	0.0	0	0.0	1688.6207334506325	1	0	1	1.637097133143841
308200.0	2000.0	1488.6207334505698	0.0	0	147.97509951423854	1688.6207334506908	1	0	1	1.9836707234238102
309200.0	2000.0	1488.6207334505475	0.0	0	216.55745011247927	1688.6207334506908	1	0	1	2.676817903983753
310212.4570039382	2000.0	1476.1637295123494	0.0	0	0.0	1688.620733450749	1	0	1	2.676817903983747
311200.0	2000.0	1488.6207334505737	0.0	0	233.18946482246974	1688.6207334506908	1	0	1	2.676817903983753
312200.0	2000.0	1488.6207334506134	0.0	0	428.17104930465575	1688.620733450749	1	0	1	2.6768179039837507
313200.0	3000.0	1488.6207334505639	0.0	0	117.81223178334767	1688.620733450749	1	0	1	2.8795504580378295
314200.0	2000.0	1488.6207334505536	0.0	0	351.8491786312079	1688.620733450749	1	0	1	2.2713527958755826
315204.21781375346	3000.0	1484.4029196970987	0.0	0	0.0	1688.6207334506908	1	0	1	2.8795504580378326
316207.550631303	3000.0	1481.0701021475588	0.0	0	0.0	1688.6207334506908	1	0	1	3.285015566146
317200.0	3000.0	1488.6207334505384	0.0	0	393.52113722247304	1688.6207334506325	1	0	1	3.285015566146002
318200.0	3000.0	1488.6207334505573	0.0	0	352.91826246283017	1688.6207334506325	1	0	1	3.2850155661460056
319200.0	3000.0	1488.6207334506403	0.0	0	78.7614875366562	1688.6207334506908	1	0	1	3.285015566146
320366.6615538088	3000.0	1321.9591796418504	0.0	0	0.0	1688.6207334506908	1	0	1	3.285015566146
321775.5284527132	3000.0	913.092280737356	0.0	0	0.0	1688.6207334506325	1	0	1	3.2850155661460056
322739.5638855323	2000.0	949.0568479182781	0.0	0	0.0	1688.6207334506325	1	0	1	2.271352795875594
1.87	2.28	3.24	2.86	2.05	1.9	2.35	2.9	2.54	2.54	2.04	2.09	1.7	1.82	2.19	2.18	2.36	2.26	2.34	2.22	1.95	1.44	2.03	1.77	1.24	1.93	2.44	2.36	2.24	3.0	3.65	4.32	2.86	2.22	2.33	2.76	2.75	1.33	1.74	2.54	2.73	2.4	1.95	2.48	2.75	3.34	2.15	2.33	2.88	3.22	1.93	2.28	3.12	3.97	3.53	2.88	2.49	1.91	2.86	2.25	2.31	1.38	1.74	2.33	2.72	3.06	3.31	3.56	2.97	3.17	3.29	2.83	3.57	3.32	4.12	4.83	5.03	4.69	3.43	2.49	1.47	1.14	1.07	1.7	2.61	3.39	3.01	2.57	2.12	1.61	2.47	2.95	2.86	2.64	3.43	2.56	3.08	1.82	1.85	2.33	2.37	2.66	3.35	3.23	2.81	2.58	2.39	2.78	2.81	1.99	2.27	2.53	3.13	1.62	1.81	2.0	1.36	1.16	1.47	2.18	2.95	2.76	3.45	3.37	3.43	3.65	4.01	4.12	1.66	1.4	2.58	1.96	2.26	2.25	1.95	2.22	2.14	2.62	2.94	3.82	3.66	3.78	3.45	4.44	5.26	2.94	2.13	2.5	2.43	1.93	1.87	2.28	3.24	2.86	2.05	1.9	2.35	2.9	2.54	2.54	2.04	2.09	1.7	1.82	2.19	2.18	2.36	2.26	2.34	2.22	1.95	1.44	2.03	1.77	1.24	1.93	2.44	2.36	2.24	3.0	3.65	4.32	2.86	2.22	2.33	2.76	2.75	1.33	1.74	2.54	2.73	2.4	1.95	2.48	2.75	3.34	2.15	2.33	2.88	3.22	1.93	2.28	3.12	3.97	3.53	2.88	2.49	1.91	2.86	2.25	2.31	1.38	1.74	2.33	2.72	3.06	3.31	3.56	2.97	3.17	3.29	2.83	3.57	3.32	4.12	4.83	5.03	4.69	3.43	2.49	1.47	1.14	1.07	1.7	2.61	3.39	3.01	2.57	2.12	1.61	2.47	2.95	2.86	2.64	3.43	2.56	3.08	1.82	1.85	2.33	2.37	2.66	3.35	3.23	2.81	2.58	2.39	2.78	2.81	1.99	2.27	2.53	3.13	1.62	1.81	2.0	1.36	1.16	1.47	2.18	2.95	2.76	3.45	3.37	3.43	3.65	4.01	4.12	1.66	1.4	2.58	1.96	2.26	2.25	1.95	2.22	2.14	2.62	2.94	3.82	3.66	3.78	3.45	4.44	5.26	2.94	2.13	2.5	2.43	1.93	1.87	2.28	3.24	2.86	2.05	1.9	2.35	2.9	2.54	2.54	2.04	2.09	1.7	1.82	2.19	2.18	2.36	2.26	2.34	2.22	1.95	1.44	2.03
1.0	2.0	3.0	4.0	5.0	6.0	7.0	8.0	9.0	10.0	11.0	12.0	13.0	14.0	15.0	16.0	17.0	18.0	19.0	20.0	21.0	22.0	23.0	24.0	25.0	26.0	27.0	28.0	29.0	30.0	31.0	32.0	33.0	34.0	35.0	36.0	37.0	38.0	39.0	40.0	41.0	42.0	43.0	44.0	45.0	46.0	47.0	48.0	49.0	50.0	51.0	52.0	53.0	54.0	55.0	56.0	57.0	58.0	59.0	60.0	61.0	62.0	63.0	64.0	65.0	66.0	67.0	68.0	69.0	70.0	71.0	72.0	73.0	74.0	75.0	76.0	77.0	78.0	79.0	80.0	81.0	82.0	83.0	84.0	85.0	86.0	87.0	88.0	89.0	90.0	91.0	92.0	93.0	94.0	95.0	96.0	97.0	98.0	99.0	100.0	101.0	102.0	103.0	104.0	105.0	106.0	107.0	108.0	109.0	110.0	111.0	112.0	113.0	114.0	115.0	116.0	117.0	118.0	119.0	120.0	121.0	122.0	123.0	124.0	125.0	126.0	127.0	128.0	129.0	130.0	131.0	132.0	133.0	134.0	135.0	136.0	137.0	138.0	139.0	140.0	141.0	142.0	143.0	144.0	145.0	146.0	147.0	148.0	149.0	149.0	150.0	151.0	152.0	153.0	154.0	155.0	156.0	157.0	158.0	159.0	160.0	161.0	162.0	163.0	164.0	165.0	166.0	167.0	168.0	169.0	170.0	171.0	172.0	173.0	174.0	175.0	176.0	177.0	178.0	179.0	180.0	181.0	182.0	183.0	184.0	185.0	186.0	187.0	188.0	189.0	190.0	191.0	192.0	193.0	194.0	195.0	196.0	197.0	198.0	199.0	200.0	201.0	202.0	203.0	204.0	205.0	206.0	207.0	208.0	209.0	210.0	211.0	212.0	213.0	214.0	215.0	216.0	217.0	218.0	219.0	220.0	221.0	222.0	223.0	224.0	225.0	226.0	227.0	228.0	229.0	230.0	231.0	232.0	233.0	234.0	235.0	236.0	237.0	238.0	239.0	240.0	241.0	242.0	243.0	244.0	245.0	246.0	247.0	248.0	249.0	250.0	251.0	252.0	253.0	254.0	255.0	256.0	257.0	258.0	259.0	260.0	261.0	262.0	263.0	264.0	265.0	266.0	267.0	268.0	269.0	270.0	271.0	272.0	273.0	274.0	275.0	276.0	277.0	278.0	279.0	280.0	281.0	282.0	283.0	284.0	285.0	286.0	287.0	288.0	289.0	290.0	291.0	292.0	293.0	294.0	295.0	296.0	297.0	298.0	298.0	299.0	300.0	301.0	302.0	303.0	304.0	305.0	306.0	307.0	308.0	309.0	310.0	311.0	312.0	313.0	314.0	315.0	316.0	317.0	318.0	319.0	320.0	321.0
2983.8150692057025
